X              Y         Z      JointType 
-0.09505334 -0.4959621 1.52226 0 SpineBase
-0.09362378 -0.1843181 1.543947 1 SpineMid
-0.09129976 0.1165974 1.549053 2 Neck
-0.2590212 0.00120429 1.525319 4 ShoulderLeft
-0.3297545 -0.2692995 1.478899 5 ElbowLeft
-0.3372561 -0.4826238 1.387009 6 WristLeft
-0.3288527 -0.5123602 1.377978 7 HandLeft
0.06015317 -0.002933771 1.516252 8 ShoulderRight
0.1309845 -0.2555948 1.470826 9 ElbowRight
-0.166299 -0.4837769 1.491396 12 HipLeft
-0.2433076 -0.763032 1.238257 13 KneeLeft
-0.01951184 -0.4859347 1.484943 16 HipRight
0.3395109 -0.6610666 1.571226 17 KneeRight
0.540639 -0.602107 1.181808 19 FootRight
-0.09201985 0.04287544 1.550331 20 SpineShoulder
-0.3166716 -0.5561174 1.360443 21 HandTipLeft
-0.2801692 -0.4924144 1.346134 22 ThumbLeft
-0.1106592 -0.4926496 1.490331 0 SpineBase
-0.1054344 -0.1832217 1.537837 1 SpineMid
-0.1047099 0.1165727 1.562208 2 Neck
-0.2638901 -0.002792912 1.530523 4 ShoulderLeft
-0.3365218 -0.2677455 1.492707 5 ElbowLeft
-0.3568072 -0.4803422 1.419806 6 WristLeft
-0.3544864 -0.49754 1.422449 7 HandLeft
0.05520139 -0.00838433 1.527727 8 ShoulderRight
0.1102463 -0.2435845 1.499736 9 ElbowRight
-0.1815597 -0.4801843 1.458017 12 HipLeft
-0.1975546 -0.8585603 1.40035 13 KneeLeft
-0.03466307 -0.4825826 1.454444 16 HipRight
-0.04018164 -0.8614824 1.412644 17 KneeRight
-0.1040313 0.0431368 1.558022 20 SpineShoulder
-0.3624325 -0.5738725 1.412413 21 HandTipLeft
-0.3008124 -0.5131217 1.3842 22 ThumbLeft
-0.1180656 -0.493129 1.493912 0 SpineBase
-0.1174893 -0.1827872 1.54336 1 SpineMid
-0.118648 0.1171831 1.573679 2 Neck
-0.2757109 -0.007666084 1.540315 4 ShoulderLeft
-0.3419055 -0.2678347 1.49853 5 ElbowLeft
-0.361549 -0.4782813 1.424834 6 WristLeft
-0.3610133 -0.4975347 1.424924 7 HandLeft
0.04610793 -0.01335351 1.54266 8 ShoulderRight
0.1059514 -0.2439181 1.50503 9 ElbowRight
-0.1886476 -0.4806104 1.46104 12 HipLeft
-0.204713 -0.8642563 1.410423 13 KneeLeft
-0.04206911 -0.4831035 1.458484 16 HipRight
-0.04065278 -0.8672414 1.411719 17 KneeRight
-0.1186045 0.04373708 1.568585 20 SpineShoulder
-0.3693461 -0.5719118 1.415751 21 HandTipLeft
-0.3077872 -0.491821 1.391029 22 ThumbLeft
-0.1325561 -0.4947979 1.503167 0 SpineBase
-0.1322703 -0.1839582 1.551455 1 SpineMid
-0.1315011 0.1159894 1.581685 2 Neck
-0.2866728 -0.007735153 1.547679 4 ShoulderLeft
-0.3502903 -0.2668129 1.502772 5 ElbowLeft
-0.3640631 -0.4753927 1.426019 6 WristLeft
-0.3627639 -0.4984685 1.417622 7 HandLeft
0.03482637 -0.01480796 1.554491 8 ShoulderRight
0.09265725 -0.245137 1.517564 9 ElbowRight
0.1356312 -0.4407441 1.416549 10 WristRight
0.1279491 -0.4623909 1.406775 11 HandRight
-0.2027343 -0.4818721 1.469493 12 HipLeft
-0.2221909 -0.8687721 1.42424 13 KneeLeft
-0.05632843 -0.4852286 1.468482 16 HipRight
-0.05411889 -0.8726441 1.409575 17 KneeRight
-0.1319025 0.04253601 1.576651 20 SpineShoulder
-0.3666941 -0.5679932 1.408647 21 HandTipLeft
-0.3120621 -0.5075602 1.382185 22 ThumbLeft
0.1340236 -0.52761 1.381837 23 HandTipRight
0.1040616 -0.4637089 1.381326 24 ThumbRight
-0.1521029 -0.4927053 1.518397 0 SpineBase
-0.1476484 -0.1832795 1.561577 1 SpineMid
-0.1425515 0.1153809 1.5883 2 Neck
-0.2917528 -0.008948633 1.549041 4 ShoulderLeft
-0.3674674 -0.2657165 1.506769 5 ElbowLeft
-0.3719674 -0.4676511 1.41616 6 WristLeft
-0.3686767 -0.489678 1.393962 7 HandLeft
0.02454495 -0.01702252 1.563615 8 ShoulderRight
0.07166911 -0.2425575 1.535547 9 ElbowRight
0.116714 -0.4352828 1.434524 10 WristRight
0.1088898 -0.4679839 1.416623 11 HandRight
-0.2217158 -0.4796406 1.48267 12 HipLeft
-0.2370565 -0.8696499 1.443492 13 KneeLeft
-0.07559653 -0.4835993 1.48577 16 HipRight
-0.07050674 -0.872729 1.405119 17 KneeRight
-0.1439888 0.04219782 1.584107 20 SpineShoulder
-0.361071 -0.5532078 1.371917 21 HandTipLeft
-0.3259823 -0.4916746 1.4205 22 ThumbLeft
0.1146909 -0.5349001 1.392424 23 HandTipRight
0.08602232 -0.4671146 1.39151 24 ThumbRight
-0.1663836 -0.4935655 1.532589 0 SpineBase
-0.1691789 -0.1855424 1.575519 1 SpineMid
-0.1713563 0.1113801 1.601802 2 Neck
-0.3304183 -0.02048817 1.564048 4 ShoulderLeft
-0.3829398 -0.258206 1.50662 5 ElbowLeft
-0.3837744 -0.4455619 1.39254 6 WristLeft
-0.377728 -0.470817 1.366594 7 HandLeft
-0.002612503 -0.02307778 1.583761 8 ShoulderRight
0.05208544 -0.2456253 1.547318 9 ElbowRight
0.09103404 -0.4379356 1.45078 10 WristRight
0.08640212 -0.4867196 1.423386 11 HandRight
-0.2358448 -0.4833029 1.495095 12 HipLeft
-0.251307 -0.8762971 1.457849 13 KneeLeft
-0.08991472 -0.4818995 1.502219 16 HipRight
-0.08792116 -0.8696521 1.3862 17 KneeRight
-0.1709862 0.03864454 1.59778 20 SpineShoulder
-0.3655634 -0.5330731 1.346258 21 HandTipLeft
-0.3337596 -0.4687935 1.399004 22 ThumbLeft
0.09066439 -0.5465879 1.402478 23 HandTipRight
0.05568214 -0.4788454 1.43325 24 ThumbRight
-0.1719027 -0.4928882 1.536195 0 SpineBase
-0.1700036 -0.1853114 1.576092 1 SpineMid
-0.1708893 0.1115365 1.601637 2 Neck
-0.3319384 -0.02072111 1.564482 4 ShoulderLeft
-0.3908319 -0.2535709 1.502031 5 ElbowLeft
-0.3902126 -0.4363399 1.382707 6 WristLeft
-0.3872505 -0.4650348 1.352314 7 HandLeft
-0.001689091 -0.02253628 1.583163 8 ShoulderRight
0.04099621 -0.2465297 1.553163 9 ElbowRight
0.0759719 -0.4392936 1.459525 10 WristRight
0.07021636 -0.489065 1.431456 11 HandRight
-0.2410009 -0.4838427 1.497673 12 HipLeft
-0.245789 -0.878677 1.454788 13 KneeLeft
-0.09544554 -0.4799045 1.506837 16 HipRight
-0.09233103 -0.8653374 1.372427 17 KneeRight
-0.1708842 0.03871989 1.597747 20 SpineShoulder
-0.3692656 -0.5306285 1.333772 21 HandTipLeft
-0.3546627 -0.4451164 1.346583 22 ThumbLeft
0.07260175 -0.5497808 1.410507 23 HandTipRight
0.0499461 -0.4895046 1.444308 24 ThumbRight
-0.1773613 -0.492043 1.539033 0 SpineBase
-0.1830729 -0.1848647 1.583667 1 SpineMid
-0.1882669 0.1110458 1.612796 2 Neck
-0.339513 -0.02114939 1.567567 4 ShoulderLeft
-0.3964225 -0.2526308 1.495422 5 ElbowLeft
-0.3963696 -0.4326111 1.375484 6 WristLeft
-0.395252 -0.4617444 1.349949 7 HandLeft
-0.01625074 -0.02208594 1.596989 8 ShoulderRight
0.03212535 -0.2465718 1.559325 9 ElbowRight
0.06920395 -0.4351224 1.462221 10 WristRight
0.05774205 -0.4869222 1.437151 11 HandRight
-0.2465701 -0.4841616 1.49969 12 HipLeft
-0.2235879 -0.8809265 1.440211 13 KneeLeft
-0.1005025 -0.4779806 1.51043 16 HipRight
-0.09412751 -0.8612894 1.358224 17 KneeRight
-0.1872367 0.03852583 1.608001 20 SpineShoulder
-0.3819742 -0.5321391 1.333046 21 HandTipLeft
-0.3551786 -0.4412489 1.347871 22 ThumbLeft
0.06156591 -0.5438878 1.41294 23 HandTipRight
0.02683051 -0.4791864 1.440125 24 ThumbRight
-0.1790061 -0.4915914 1.539733 0 SpineBase
-0.1871944 -0.1841479 1.586476 1 SpineMid
-0.1945192 0.1120415 1.618088 2 Neck
-0.3438705 -0.0217395 1.569597 4 ShoulderLeft
-0.3983286 -0.252958 1.491352 5 ElbowLeft
-0.4020918 -0.4311025 1.371394 6 WristLeft
-0.4019777 -0.4613155 1.350715 7 HandLeft
-0.02062524 -0.02260337 1.601203 8 ShoulderRight
0.02769583 -0.2464323 1.562395 9 ElbowRight
0.06368894 -0.4330623 1.464235 10 WristRight
0.0521217 -0.4857648 1.439948 11 HandRight
-0.2480914 -0.4841268 1.49977 12 HipLeft
-0.2226542 -0.8824465 1.438521 13 KneeLeft
-0.1022282 -0.4770626 1.511816 16 HipRight
-0.1010047 -0.861823 1.358267 17 KneeRight
-0.1929671 0.03945554 1.612638 20 SpineShoulder
-0.3948196 -0.5320507 1.332694 21 HandTipLeft
-0.3633266 -0.4650833 1.349133 22 ThumbLeft
0.0526989 -0.5452345 1.414773 23 HandTipRight
0.01901612 -0.474283 1.449727 24 ThumbRight
-0.1792955 -0.4916222 1.539347 0 SpineBase
-0.1884388 -0.1840981 1.587386 1 SpineMid
-0.1973812 0.1122929 1.621742 2 Neck
-0.3459836 -0.02145718 1.571221 4 ShoulderLeft
-0.3996526 -0.2531327 1.490343 5 ElbowLeft
-0.4062781 -0.4294801 1.369666 6 WristLeft
-0.4053251 -0.4596467 1.351395 7 HandLeft
-0.02258406 -0.02299759 1.603654 8 ShoulderRight
0.0253451 -0.2477576 1.562721 9 ElbowRight
0.06147815 -0.4329115 1.463973 10 WristRight
0.05592291 -0.4884549 1.438001 11 HandRight
-0.2483851 -0.484279 1.498999 12 HipLeft
-0.2525535 -0.8844332 1.455701 13 KneeLeft
-0.1025069 -0.4770465 1.511531 16 HipRight
-0.1048911 -0.8651942 1.365375 17 KneeRight
-0.1954108 0.03964958 1.615497 20 SpineShoulder
-0.3969881 -0.5323339 1.334155 21 HandTipLeft
-0.3576653 -0.4266795 1.354348 22 ThumbLeft
0.05382345 -0.5531434 1.419132 23 HandTipRight
0.09209947 -0.4789515 1.461 24 ThumbRight
-0.1805417 -0.4926912 1.536993 0 SpineBase
-0.189186 -0.1843362 1.587828 1 SpineMid
-0.1982025 0.1123881 1.624734 2 Neck
-0.3467188 -0.02119365 1.572977 4 ShoulderLeft
-0.4013829 -0.2528611 1.491657 5 ElbowLeft
-0.4084911 -0.4278744 1.370328 6 WristLeft
-0.4093504 -0.4571526 1.355518 7 HandLeft
-0.0231944 -0.02336771 1.604376 8 ShoulderRight
0.02519139 -0.2491919 1.562066 9 ElbowRight
0.06170058 -0.4334212 1.463344 10 WristRight
0.06474836 -0.4702398 1.441266 11 HandRight
-0.2493006 -0.4848028 1.496913 12 HipLeft
-0.2519925 -0.8860778 1.456717 13 KneeLeft
-0.1039814 -0.4787102 1.508785 16 HipRight
-0.1056009 -0.8739312 1.389903 17 KneeRight
-0.1962699 0.03962649 1.617687 20 SpineShoulder
-0.4025156 -0.5278208 1.333063 21 HandTipLeft
-0.3582795 -0.4295824 1.360529 22 ThumbLeft
0.06740992 -0.5486242 1.419956 23 HandTipRight
0.09950316 -0.4649799 1.447467 24 ThumbRight
-0.1810147 -0.4929184 1.535635 0 SpineBase
-0.1893588 -0.1843505 1.587943 1 SpineMid
-0.1982863 0.1125788 1.626146 2 Neck
-0.3464802 -0.02036584 1.574703 4 ShoulderLeft
-0.4024841 -0.2530604 1.493419 5 ElbowLeft
-0.4100288 -0.4273797 1.371528 6 WristLeft
-0.4122382 -0.4571775 1.358772 7 HandLeft
-0.02308795 -0.02343908 1.604604 8 ShoulderRight
0.02600774 -0.2501101 1.561021 9 ElbowRight
0.06239075 -0.4342248 1.462637 10 WristRight
0.07008605 -0.4678928 1.440368 11 HandRight
-0.2496697 -0.4847642 1.495837 12 HipLeft
-0.2520649 -0.8795384 1.456957 13 KneeLeft
-0.1045002 -0.4792279 1.507064 16 HipRight
-0.1025048 -0.8706423 1.40558 17 KneeRight
-0.1964222 0.03974981 1.618682 20 SpineShoulder
-0.405944 -0.5261288 1.33431 21 HandTipLeft
-0.3597301 -0.4227766 1.367259 22 ThumbLeft
0.07580185 -0.543167 1.416652 23 HandTipRight
0.1035947 -0.4612434 1.446111 24 ThumbRight
-0.1803142 -0.492649 1.532545 0 SpineBase
-0.1891991 -0.1842262 1.588073 1 SpineMid
-0.1971802 0.1130428 1.628808 2 Neck
-0.3444964 -0.01869435 1.576815 4 ShoulderLeft
-0.4020907 -0.250693 1.500134 5 ElbowLeft
-0.4148386 -0.4255808 1.3805 6 WristLeft
-0.4185714 -0.4590564 1.370657 7 HandLeft
-0.02193864 -0.02329542 1.604757 8 ShoulderRight
0.03052838 -0.2517036 1.557686 9 ElbowRight
0.07021369 -0.4348121 1.459635 10 WristRight
0.08170572 -0.4650874 1.436066 11 HandRight
-0.2491025 -0.484289 1.493607 12 HipLeft
-0.2522497 -0.8677594 1.456119 13 KneeLeft
-0.1035739 -0.4791384 1.502936 16 HipRight
-0.08669031 -0.8620182 1.431877 17 KneeRight
-0.1955909 0.04014757 1.620584 20 SpineShoulder
-0.4133087 -0.5290584 1.342358 21 HandTipLeft
-0.3592615 -0.4299183 1.360114 22 ThumbLeft
0.08808356 -0.5420811 1.412857 23 HandTipRight
0.1186833 -0.4697843 1.447 24 ThumbRight
-0.1776677 -0.4927499 1.529503 0 SpineBase
-0.1833319 -0.1841515 1.583917 1 SpineMid
-0.1861277 0.1132706 1.622188 2 Neck
-0.3413173 -0.01913238 1.575847 4 ShoulderLeft
-0.3998293 -0.2518311 1.504588 5 ElbowLeft
-0.4205095 -0.4299965 1.392611 6 WristLeft
-0.4229316 -0.46726 1.385535 7 HandLeft
-0.01222948 -0.02192405 1.596977 8 ShoulderRight
0.03720856 -0.2517241 1.55395 9 ElbowRight
0.08083431 -0.4325459 1.453847 10 WristRight
0.0917182 -0.4630606 1.429371 11 HandRight
-0.2468471 -0.4841517 1.491474 12 HipLeft
-0.2527215 -0.8581331 1.454578 13 KneeLeft
-0.1005684 -0.4794196 1.498853 16 HipRight
-0.08008947 -0.8534027 1.444298 17 KneeRight
-0.1859256 0.04037185 1.614966 20 SpineShoulder
-0.4170541 -0.5380166 1.357575 21 HandTipLeft
-0.3642505 -0.4272333 1.3879 22 ThumbLeft
0.09844193 -0.5388015 1.406471 23 HandTipRight
0.1253503 -0.4475275 1.434368 24 ThumbRight
-0.1725335 -0.4931316 1.525795 0 SpineBase
-0.1782945 -0.1844159 1.582006 1 SpineMid
-0.1806739 0.1129974 1.622601 2 Neck
-0.3359029 -0.01868053 1.576558 4 ShoulderLeft
-0.3964647 -0.2551506 1.508823 5 ElbowLeft
-0.4219561 -0.4391986 1.410302 6 WristLeft
-0.4224788 -0.480252 1.403481 7 HandLeft
-0.008000827 -0.0221814 1.594216 8 ShoulderRight
0.04563068 -0.250225 1.550226 9 ElbowRight
0.09153727 -0.4283492 1.446704 10 WristRight
0.1030216 -0.4571697 1.418161 11 HandRight
-0.2419971 -0.4841484 1.488356 12 HipLeft
-0.2521602 -0.8463022 1.450585 13 KneeLeft
-0.09533201 -0.4800616 1.494568 16 HipRight
-0.07585225 -0.8424494 1.448592 17 KneeRight
-0.1804092 0.04013028 1.614651 20 SpineShoulder
-0.4231239 -0.5517244 1.380349 21 HandTipLeft
-0.3796192 -0.4751582 1.401429 22 ThumbLeft
0.1103294 -0.5289333 1.389469 23 HandTipRight
0.1377945 -0.4512906 1.424667 24 ThumbRight
-0.1701469 -0.4934627 1.524348 0 SpineBase
-0.17569 -0.1846672 1.580657 1 SpineMid
-0.1784024 0.1128127 1.621207 2 Neck
-0.3349697 -0.01910639 1.576148 4 ShoulderLeft
-0.3938991 -0.2578073 1.511256 5 ElbowLeft
-0.4187294 -0.4435242 1.416347 6 WristLeft
-0.4163426 -0.4851397 1.410368 7 HandLeft
-0.006114856 -0.02201603 1.593146 8 ShoulderRight
0.04830348 -0.2491883 1.549072 9 ElbowRight
0.09403468 -0.427032 1.445073 10 WristRight
0.1062769 -0.455525 1.415276 11 HandRight
-0.2399027 -0.4844758 1.487472 12 HipLeft
-0.2380947 -0.8485973 1.446334 13 KneeLeft
-0.09270423 -0.4803275 1.492472 16 HipRight
-0.07312629 -0.8442268 1.448758 17 KneeRight
-0.1780691 0.03993513 1.613364 20 SpineShoulder
-0.413441 -0.5588704 1.388181 21 HandTipLeft
-0.3747655 -0.4842025 1.405571 22 ThumbLeft
0.1131983 -0.5271525 1.387165 23 HandTipRight
0.1413835 -0.4518383 1.4226 24 ThumbRight
-0.1642047 -0.4941418 1.521236 0 SpineBase
-0.170584 -0.1851896 1.578503 1 SpineMid
-0.1746198 0.1123806 1.619614 2 Neck
-0.3326553 -0.0197376 1.575551 4 ShoulderLeft
-0.3874777 -0.2603638 1.515281 5 ElbowLeft
-0.4054095 -0.446993 1.420728 6 WristLeft
-0.3985223 -0.4893486 1.404863 7 HandLeft
-0.002532888 -0.02221962 1.590946 8 ShoulderRight
0.0543252 -0.2490278 1.545711 9 ElbowRight
0.0993984 -0.4255229 1.439108 10 WristRight
0.1071433 -0.4562969 1.411261 11 HandRight
-0.2340033 -0.4852718 1.485085 12 HipLeft
-0.2311652 -0.8521906 1.443232 13 KneeLeft
-0.08695756 -0.4807719 1.488676 16 HipRight
-0.06901277 -0.8474584 1.44892 17 KneeRight
-0.1739512 0.03948693 1.611737 20 SpineShoulder
-0.3851629 -0.5599586 1.383007 21 HandTipLeft
-0.3570768 -0.4818884 1.396412 22 ThumbLeft
0.1138276 -0.5271289 1.384577 23 HandTipRight
0.1412206 -0.4521554 1.419052 24 ThumbRight
-0.1621335 -0.4944592 1.520347 0 SpineBase
-0.168742 -0.1854314 1.577896 1 SpineMid
-0.1731485 0.1121947 1.619176 2 Neck
-0.3312875 -0.02013929 1.575262 4 ShoulderLeft
-0.3838456 -0.260941 1.516912 5 ElbowLeft
-0.3930515 -0.4471249 1.419864 6 WristLeft
-0.3854321 -0.488457 1.39707 7 HandLeft
-0.001469063 -0.02196112 1.590518 8 ShoulderRight
0.0560944 -0.2484146 1.54468 9 ElbowRight
0.1003601 -0.4250292 1.438052 10 WristRight
0.1072868 -0.4558994 1.411677 11 HandRight
-0.2319604 -0.4856636 1.484544 12 HipLeft
-0.2321954 -0.8537921 1.442756 13 KneeLeft
-0.08491773 -0.4809745 1.48742 16 HipRight
-0.06449007 -0.8488052 1.448101 17 KneeRight
-0.1723753 0.03928849 1.611285 20 SpineShoulder
-0.367167 -0.5570743 1.373328 21 HandTipLeft
-0.3280777 -0.4605286 1.393625 22 ThumbLeft
0.1139183 -0.5272079 1.383399 23 HandTipRight
0.1440486 -0.4601301 1.42625 24 ThumbRight
-0.1581218 -0.4949521 1.518541 0 SpineBase
-0.1657075 -0.1856566 1.576746 1 SpineMid
-0.1711367 0.1121485 1.618469 2 Neck
-0.3292565 -0.02010371 1.57501 4 ShoulderLeft
-0.3790479 -0.2611775 1.517966 5 ElbowLeft
-0.3809699 -0.4450592 1.415704 6 WristLeft
-0.3695763 -0.4784985 1.389739 7 HandLeft
0.0003325986 -0.02177051 1.589472 8 ShoulderRight
0.05887362 -0.2479902 1.542223 9 ElbowRight
0.1019206 -0.4245116 1.435127 10 WristRight
0.1081703 -0.4553214 1.411016 11 HandRight
-0.2280256 -0.4865215 1.483507 12 HipLeft
-0.2328998 -0.8568328 1.442437 13 KneeLeft
-0.08094765 -0.4810225 1.484802 16 HipRight
-0.06003185 -0.8511309 1.446537 17 KneeRight
-0.1701059 0.03920512 1.61051 20 SpineShoulder
-0.3558669 -0.5468823 1.357955 21 HandTipLeft
-0.3176427 -0.4684869 1.382736 22 ThumbLeft
0.1142963 -0.526588 1.382127 23 HandTipRight
0.1434977 -0.4541458 1.420968 24 ThumbRight
-0.1559711 -0.4949724 1.517767 0 SpineBase
-0.1643368 -0.1856123 1.576292 1 SpineMid
-0.1704397 0.1122181 1.618237 2 Neck
-0.3283038 -0.02020403 1.574772 4 ShoulderLeft
-0.3772056 -0.2606464 1.517817 5 ElbowLeft
-0.3781977 -0.4430229 1.412666 6 WristLeft
-0.3698288 -0.4761797 1.383379 7 HandLeft
0.0009770042 -0.02164665 1.589055 8 ShoulderRight
0.06031943 -0.2479995 1.541408 9 ElbowRight
0.102773 -0.4244659 1.434087 10 WristRight
0.1090296 -0.4556175 1.410068 11 HandRight
-0.2259993 -0.4866349 1.48272 12 HipLeft
-0.2324347 -0.8579513 1.442407 13 KneeLeft
-0.07881006 -0.4809361 1.484088 16 HipRight
-0.05927259 -0.8521745 1.446035 17 KneeRight
-0.1692525 0.03927164 1.610237 20 SpineShoulder
-0.3573679 -0.5434517 1.353136 21 HandTipLeft
-0.3147703 -0.4585771 1.379357 22 ThumbLeft
0.115167 -0.5270759 1.382243 23 HandTipRight
0.1250909 -0.4230703 1.388435 24 ThumbRight
-0.1547157 -0.4949813 1.517466 0 SpineBase
-0.1633899 -0.1856304 1.576049 1 SpineMid
-0.1698501 0.1121979 1.618049 2 Neck
-0.3277692 -0.02028728 1.574669 4 ShoulderLeft
-0.3759396 -0.2602408 1.51739 5 ElbowLeft
-0.3772623 -0.4419365 1.411082 6 WristLeft
-0.3698019 -0.4757867 1.381202 7 HandLeft
0.001511576 -0.02151158 1.588722 8 ShoulderRight
0.06116523 -0.247606 1.540871 9 ElbowRight
0.1034824 -0.4239577 1.433424 10 WristRight
0.109419 -0.4554257 1.4094 11 HandRight
-0.2247261 -0.4867058 1.482474 12 HipLeft
-0.2323222 -0.858992 1.44214 13 KneeLeft
-0.07764097 -0.4808806 1.483757 16 HipRight
-0.05803427 -0.8531289 1.445726 17 KneeRight
-0.1685697 0.03925108 1.610042 20 SpineShoulder
-0.3583816 -0.5439334 1.352361 21 HandTipLeft
-0.3159277 -0.477467 1.380707 22 ThumbLeft
0.1159283 -0.5259783 1.380558 23 HandTipRight
0.1444523 -0.4556065 1.4188 24 ThumbRight
-0.1537716 -0.4950447 1.517142 0 SpineBase
-0.1626307 -0.1856553 1.575783 1 SpineMid
-0.1693304 0.112204 1.617839 2 Neck
-0.3272282 -0.02024385 1.574628 4 ShoulderLeft
-0.3749971 -0.259115 1.516842 5 ElbowLeft
-0.3772916 -0.4400775 1.409327 6 WristLeft
-0.3751886 -0.4756971 1.378077 7 HandLeft
0.002008621 -0.0214891 1.588245 8 ShoulderRight
0.06239457 -0.2477909 1.539983 9 ElbowRight
0.1045133 -0.4240568 1.432451 10 WristRight
0.1114426 -0.455799 1.408937 11 HandRight
-0.2238025 -0.4867879 1.48212 12 HipLeft
-0.2318211 -0.8600123 1.441907 13 KneeLeft
-0.07673041 -0.4809178 1.483479 16 HipRight
-0.05687974 -0.8541221 1.44503 17 KneeRight
-0.1679846 0.03925025 1.609824 20 SpineShoulder
-0.3626878 -0.5436663 1.349316 21 HandTipLeft
-0.3155163 -0.4739718 1.381539 22 ThumbLeft
0.1174243 -0.5263567 1.381094 23 HandTipRight
0.1461906 -0.4540122 1.418261 24 ThumbRight
-0.1529165 -0.4950777 1.516852 0 SpineBase
-0.1619353 -0.1856543 1.57552 1 SpineMid
-0.1688374 0.1122325 1.617603 2 Neck
-0.3264445 -0.02005043 1.574523 4 ShoulderLeft
-0.3742998 -0.2584009 1.516311 5 ElbowLeft
-0.3779702 -0.4388385 1.408046 6 WristLeft
-0.3779636 -0.4730965 1.3793 7 HandLeft
0.00268787 -0.02163975 1.587782 8 ShoulderRight
0.06289337 -0.2476085 1.539617 9 ElbowRight
0.1054873 -0.4235598 1.431883 10 WristRight
0.1123552 -0.4566166 1.407485 11 HandRight
-0.2230955 -0.4868548 1.481936 12 HipLeft
-0.2313207 -0.8609764 1.441823 13 KneeLeft
-0.07575705 -0.4809035 1.483083 16 HipRight
-0.05617834 -0.8550287 1.444565 17 KneeRight
-0.1674364 0.0392726 1.609585 20 SpineShoulder
-0.3714172 -0.5412341 1.353898 21 HandTipLeft
-0.3169094 -0.4669821 1.382151 22 ThumbLeft
0.1190854 -0.5257646 1.3792 23 HandTipRight
0.147151 -0.4556456 1.416696 24 ThumbRight
-0.1512328 -0.4955858 1.516057 0 SpineBase
-0.1606008 -0.1858937 1.574921 1 SpineMid
-0.1678936 0.1122086 1.617161 2 Neck
-0.3258759 -0.02016648 1.574286 4 ShoulderLeft
-0.3731991 -0.2584236 1.514783 5 ElbowLeft
-0.3803456 -0.4390805 1.407488 6 WristLeft
-0.3830954 -0.4772953 1.387314 7 HandLeft
0.003793125 -0.02180334 1.587046 8 ShoulderRight
0.06475508 -0.2481464 1.538525 9 ElbowRight
0.1072195 -0.4236839 1.430277 10 WristRight
0.1137683 -0.4573294 1.406873 11 HandRight
-0.2215149 -0.4873441 1.48109 12 HipLeft
-0.2209103 -0.8634112 1.43938 13 KneeLeft
-0.0740587 -0.4813973 1.482372 16 HipRight
-0.05516732 -0.8572306 1.44365 17 KneeRight
-0.1663889 0.03920056 1.609114 20 SpineShoulder
-0.375978 -0.5516695 1.361255 21 HandTipLeft
-0.3183213 -0.4663209 1.384266 22 ThumbLeft
0.1210613 -0.5257259 1.379514 23 HandTipRight
0.1293278 -0.4240302 1.385459 24 ThumbRight
-0.1501266 -0.4961187 1.515352 0 SpineBase
-0.1596227 -0.1861596 1.574404 1 SpineMid
-0.1670867 0.1121645 1.616787 2 Neck
-0.3247252 -0.02037534 1.573904 4 ShoulderLeft
-0.3720191 -0.2599673 1.513538 5 ElbowLeft
-0.3810363 -0.4408175 1.407054 6 WristLeft
-0.3811272 -0.4817578 1.389045 7 HandLeft
0.004731814 -0.02207621 1.586725 8 ShoulderRight
0.06527752 -0.2478621 1.538405 9 ElbowRight
0.1074051 -0.4234244 1.430274 10 WristRight
0.1130925 -0.4574225 1.407988 11 HandRight
-0.2204876 -0.4877844 1.480364 12 HipLeft
-0.2140653 -0.8654347 1.438334 13 KneeLeft
-0.07292244 -0.481995 1.481714 16 HipRight
-0.05450862 -0.8593695 1.44305 17 KneeRight
-0.1655322 0.03910528 1.608714 20 SpineShoulder
-0.3740489 -0.553441 1.366263 21 HandTipLeft
-0.3178579 -0.4781762 1.378823 22 ThumbLeft
0.1199079 -0.5253126 1.378777 23 HandTipRight
0.129264 -0.4266903 1.386135 24 ThumbRight
-0.1496175 -0.4964425 1.515028 0 SpineBase
-0.1591265 -0.1863641 1.574193 1 SpineMid
-0.1666273 0.1120694 1.616669 2 Neck
-0.324193 -0.02047519 1.573684 4 ShoulderLeft
-0.3716609 -0.2599666 1.513433 5 ElbowLeft
-0.3806475 -0.4410039 1.407411 6 WristLeft
-0.3802106 -0.4836332 1.388258 7 HandLeft
0.005107914 -0.02228321 1.586523 8 ShoulderRight
0.06548132 -0.2477264 1.538357 9 ElbowRight
0.107474 -0.4233011 1.430298 10 WristRight
0.1124696 -0.4574413 1.40803 11 HandRight
-0.2200455 -0.4880549 1.480036 12 HipLeft
-0.2156663 -0.8664048 1.438468 13 KneeLeft
-0.0723671 -0.4823572 1.481407 16 HipRight
-0.05444944 -0.8604657 1.442618 17 KneeRight
-0.1650593 0.03898356 1.608576 20 SpineShoulder
-0.3724256 -0.5542527 1.36679 21 HandTipLeft
-0.3165121 -0.4865972 1.374187 22 ThumbLeft
0.1198993 -0.5252672 1.378661 23 HandTipRight
0.1484201 -0.4654449 1.422 24 ThumbRight
-0.1479744 -0.4974906 1.513885 0 SpineBase
-0.1576145 -0.1870178 1.5735 1 SpineMid
-0.165281 0.11176 1.616335 2 Neck
-0.3229672 -0.02139139 1.573077 4 ShoulderLeft
-0.3694088 -0.261314 1.512866 5 ElbowLeft
-0.3761168 -0.4429822 1.408105 6 WristLeft
-0.3668049 -0.4823033 1.387468 7 HandLeft
0.006002719 -0.02272139 1.586079 8 ShoulderRight
0.06759482 -0.2487337 1.536909 9 ElbowRight
0.1077988 -0.4247614 1.429206 10 WristRight
0.1110219 -0.4585603 1.406905 11 HandRight
-0.2186306 -0.4890362 1.478924 12 HipLeft
-0.2170793 -0.8693284 1.437423 13 KneeLeft
-0.07055037 -0.4834173 1.480227 16 HipRight
-0.05463079 -0.8635551 1.441999 17 KneeRight
-0.1636646 0.03859226 1.608166 20 SpineShoulder
-0.3564919 -0.5536787 1.358899 21 HandTipLeft
-0.3158468 -0.4693912 1.381789 22 ThumbLeft
0.118492 -0.52601 1.378797 23 HandTipRight
0.1280166 -0.4269412 1.386203 24 ThumbRight
-0.1474253 -0.4977007 1.513277 0 SpineBase
-0.1571106 -0.1871734 1.573169 1 SpineMid
-0.1648247 0.111652 1.616214 2 Neck
-0.3224503 -0.02145407 1.573003 4 ShoulderLeft
-0.368172 -0.2621158 1.512053 5 ElbowLeft
-0.3738664 -0.4438988 1.40749 6 WristLeft
-0.3622147 -0.484695 1.3856 7 HandLeft
0.006294197 -0.02289672 1.585957 8 ShoulderRight
0.06791046 -0.248697 1.536728 9 ElbowRight
0.1078061 -0.4246286 1.42878 10 WristRight
0.110751 -0.4582101 1.405976 11 HandRight
-0.2181621 -0.4892469 1.478447 12 HipLeft
-0.2146005 -0.8701762 1.436533 13 KneeLeft
-0.06994495 -0.4836031 1.479489 16 HipRight
-0.05457018 -0.864354 1.441819 17 KneeRight
-0.1631961 0.03847297 1.607998 20 SpineShoulder
-0.350182 -0.5525423 1.356736 21 HandTipLeft
-0.3141181 -0.4778461 1.377596 22 ThumbLeft
0.1179639 -0.5251451 1.376882 23 HandTipRight
0.1498657 -0.4652858 1.4192 24 ThumbRight
-0.1464442 -0.4984799 1.512449 0 SpineBase
-0.1562778 -0.1876354 1.572678 1 SpineMid
-0.1641579 0.1114438 1.615991 2 Neck
-0.3216906 -0.0220071 1.572772 4 ShoulderLeft
-0.366031 -0.2637239 1.510384 5 ElbowLeft
-0.3697887 -0.4456502 1.406056 6 WristLeft
-0.3593405 -0.4875453 1.384028 7 HandLeft
0.006907881 -0.02325657 1.585782 8 ShoulderRight
0.06831814 -0.248586 1.536566 9 ElbowRight
0.1077122 -0.4246189 1.428682 10 WristRight
0.1105546 -0.458068 1.406573 11 HandRight
-0.2172499 -0.4900941 1.477771 12 HipLeft
-0.2098837 -0.8721887 1.435039 13 KneeLeft
-0.0689353 -0.48427 1.478525 16 HipRight
-0.05478346 -0.8662062 1.4408 17 KneeRight
-0.1624857 0.03820805 1.607718 20 SpineShoulder
-0.3493301 -0.552009 1.35821 21 HandTipLeft
-0.308074 -0.4797694 1.372438 22 ThumbLeft
0.1171742 -0.5248005 1.375958 23 HandTipRight
0.1487142 -0.4662441 1.417995 24 ThumbRight
-0.145337 -0.4996378 1.511185 0 SpineBase
-0.1552531 -0.1884551 1.571931 1 SpineMid
-0.1632509 0.1109232 1.615665 2 Neck
-0.3211958 -0.02221218 1.572615 4 ShoulderLeft
-0.3643579 -0.2657533 1.508824 5 ElbowLeft
-0.3668669 -0.4475952 1.404292 6 WristLeft
-0.3567575 -0.4897797 1.383624 7 HandLeft
0.00754569 -0.02369805 1.585581 8 ShoulderRight
0.06982154 -0.2497222 1.535556 9 ElbowRight
0.1077819 -0.4261903 1.427919 10 WristRight
0.1098725 -0.4616819 1.407512 11 HandRight
-0.2162275 -0.4912466 1.476615 12 HipLeft
-0.213515 -0.8743716 1.434792 13 KneeLeft
-0.06779077 -0.4853667 1.477171 16 HipRight
-0.05561031 -0.8684064 1.439995 17 KneeRight
-0.1615452 0.03761742 1.607299 20 SpineShoulder
-0.3426818 -0.5540327 1.353988 21 HandTipLeft
-0.3064777 -0.496308 1.362709 22 ThumbLeft
0.1165881 -0.5287127 1.376805 23 HandTipRight
0.1294919 -0.4332806 1.386218 24 ThumbRight
-0.1445031 -0.5002476 1.510396 0 SpineBase
-0.1544569 -0.1890416 1.571315 1 SpineMid
-0.1625328 0.1104052 1.61525 2 Neck
-0.3209802 -0.02239327 1.57252 4 ShoulderLeft
-0.3638957 -0.2663804 1.508376 5 ElbowLeft
-0.3657074 -0.4481884 1.40372 6 WristLeft
-0.3548805 -0.492781 1.382609 7 HandLeft
0.007944887 -0.0239405 1.585536 8 ShoulderRight
0.07040655 -0.250652 1.534971 9 ElbowRight
0.1078754 -0.4273422 1.427531 10 WristRight
0.1092468 -0.4649205 1.406274 11 HandRight
-0.2153799 -0.4919155 1.475666 12 HipLeft
-0.2157816 -0.8754778 1.4349 13 KneeLeft
-0.06701317 -0.4858855 1.476546 16 HipRight
-0.05575893 -0.8694514 1.439335 17 KneeRight
-0.1608021 0.03707797 1.606834 20 SpineShoulder
-0.338441 -0.559965 1.354382 21 HandTipLeft
-0.3069096 -0.4814538 1.383838 22 ThumbLeft
0.1144695 -0.5329263 1.378396 23 HandTipRight
0.1447075 -0.4724307 1.414167 24 ThumbRight
-0.1432705 -0.5015006 1.509538 0 SpineBase
-0.1534743 -0.1899639 1.570667 1 SpineMid
-0.1618047 0.1098052 1.614812 2 Neck
-0.3207034 -0.02282262 1.572403 4 ShoulderLeft
-0.3632236 -0.2674288 1.507326 5 ElbowLeft
-0.3640157 -0.4497077 1.403524 6 WristLeft
-0.3539833 -0.4991158 1.383578 7 HandLeft
0.008725963 -0.02459342 1.585337 8 ShoulderRight
0.07093878 -0.2511671 1.5347 9 ElbowRight
0.1074058 -0.4283371 1.427728 10 WristRight
0.1076491 -0.4702945 1.408374 11 HandRight
-0.2141168 -0.4931772 1.474581 12 HipLeft
-0.2134266 -0.8772315 1.433472 13 KneeLeft
-0.06586248 -0.4870708 1.475923 16 HipRight
-0.054902 -0.8711326 1.43802 17 KneeRight
-0.1600088 0.03639935 1.606344 20 SpineShoulder
-0.3358003 -0.5677648 1.356583 21 HandTipLeft
-0.3071752 -0.4895433 1.383721 22 ThumbLeft
0.1121344 -0.5379747 1.382093 23 HandTipRight
0.1433211 -0.4752783 1.413854 24 ThumbRight
-0.1420847 -0.5036373 1.508097 0 SpineBase
-0.1502501 -0.193499 1.570752 1 SpineMid
-0.1549315 0.1037604 1.617809 2 Neck
-0.3136626 -0.02896482 1.573664 4 ShoulderLeft
-0.3616162 -0.2693074 1.50475 5 ElbowLeft
-0.3601621 -0.4532121 1.404301 6 WristLeft
-0.3523098 -0.5053079 1.385578 7 HandLeft
0.01531625 -0.03045722 1.586045 8 ShoulderRight
0.07143503 -0.2520611 1.533931 9 ElbowRight
0.1065126 -0.4300247 1.428032 10 WristRight
0.1046966 -0.474315 1.409781 11 HandRight
-0.2131307 -0.4950481 1.472951 12 HipLeft
-0.2172376 -0.8793839 1.432326 13 KneeLeft
-0.06451455 -0.489394 1.474712 16 HipRight
-0.05495512 -0.8738629 1.4368 17 KneeRight
-0.154192 0.03105659 1.608435 20 SpineShoulder
-0.3296593 -0.5753562 1.354313 21 HandTipLeft
-0.3096163 -0.4901481 1.380671 22 ThumbLeft
0.1090889 -0.5429094 1.385812 23 HandTipRight
0.1278313 -0.4514732 1.386757 24 ThumbRight
-0.1395229 -0.5069253 1.505512 0 SpineBase
-0.1458187 -0.1974767 1.569941 1 SpineMid
-0.1493583 0.09969707 1.618479 2 Neck
-0.3086075 -0.03210742 1.574522 4 ShoulderLeft
-0.3591586 -0.2718114 1.502137 5 ElbowLeft
-0.3545817 -0.4566943 1.404083 6 WristLeft
-0.3447003 -0.5051 1.38204 7 HandLeft
0.02119533 -0.03585506 1.586036 8 ShoulderRight
0.07239757 -0.2537851 1.532837 9 ElbowRight
0.1032079 -0.433234 1.428563 10 WristRight
0.09822131 -0.4771667 1.406877 11 HandRight
-0.2108275 -0.4980817 1.470014 12 HipLeft
-0.2169649 -0.8830997 1.429983 13 KneeLeft
-0.06181043 -0.4927614 1.472539 16 HipRight
-0.05481197 -0.8780121 1.434669 17 KneeRight
-0.1487875 0.02693537 1.608799 20 SpineShoulder
-0.3249823 -0.5760515 1.354566 21 HandTipLeft
-0.3075695 -0.4835557 1.385159 22 ThumbLeft
0.1004598 -0.5451146 1.380927 23 HandTipRight
0.1327674 -0.4886586 1.41975 24 ThumbRight
-0.1388178 -0.5080944 1.504465 0 SpineBase
-0.1443619 -0.1990079 1.569392 1 SpineMid
-0.1472745 0.09790964 1.61834 2 Neck
-0.3062441 -0.03288501 1.574931 4 ShoulderLeft
-0.3574128 -0.2723507 1.501242 5 ElbowLeft
-0.3513166 -0.4571413 1.403247 6 WristLeft
-0.3407983 -0.5036467 1.380158 7 HandLeft
0.02334412 -0.03788789 1.586043 8 ShoulderRight
0.07249116 -0.2539125 1.53271 9 ElbowRight
0.1005979 -0.4341499 1.429295 10 WristRight
0.09573431 -0.4798177 1.405572 11 HandRight
-0.210277 -0.4989588 1.468812 12 HipLeft
-0.21842 -0.8842531 1.43001 13 KneeLeft
-0.06095531 -0.4942086 1.471658 16 HipRight
-0.05552443 -0.8798055 1.434693 17 KneeRight
-0.146844 0.0252001 1.608574 20 SpineShoulder
-0.3227667 -0.5697171 1.350676 21 HandTipLeft
-0.3069428 -0.4747592 1.370475 22 ThumbLeft
0.09627541 -0.5474413 1.377929 23 HandTipRight
0.1325757 -0.4886467 1.419286 24 ThumbRight
-0.1380268 -0.508862 1.503634 0 SpineBase
-0.1431052 -0.2000642 1.569062 1 SpineMid
-0.1456968 0.09664066 1.618442 2 Neck
-0.3045565 -0.03344776 1.574836 4 ShoulderLeft
-0.356451 -0.2722299 1.500872 5 ElbowLeft
-0.3491462 -0.4568196 1.402723 6 WristLeft
-0.3388629 -0.5036711 1.380303 7 HandLeft
0.02459075 -0.03904735 1.585869 8 ShoulderRight
0.0727459 -0.2542575 1.532138 9 ElbowRight
0.09968344 -0.4347426 1.429067 10 WristRight
0.0947702 -0.4806605 1.404815 11 HandRight
-0.2096366 -0.4995174 1.468052 12 HipLeft
-0.2138667 -0.8853154 1.42864 13 KneeLeft
-0.06005085 -0.4951432 1.470781 16 HipRight
-0.05517605 -0.8810873 1.434136 17 KneeRight
-0.1453313 0.02397748 1.608579 20 SpineShoulder
-0.3203931 -0.5676114 1.343937 21 HandTipLeft
-0.3083127 -0.4738809 1.3642 22 ThumbLeft
0.09479537 -0.5486448 1.380344 23 HandTipRight
0.1317715 -0.4884364 1.416581 24 ThumbRight
-0.1358083 -0.5103095 1.502056 0 SpineBase
-0.1408533 -0.2015215 1.568431 1 SpineMid
-0.1437559 0.0953579 1.618431 2 Neck
-0.3024957 -0.03392944 1.574867 4 ShoulderLeft
-0.3544432 -0.2729789 1.498957 5 ElbowLeft
-0.3466038 -0.4570272 1.400111 6 WristLeft
-0.3386053 -0.5019044 1.375765 7 HandLeft
0.02658679 -0.04088937 1.585778 8 ShoulderRight
0.07369372 -0.2555556 1.529986 9 ElbowRight
0.09847344 -0.4362979 1.427216 10 WristRight
0.09371978 -0.4830444 1.401495 11 HandRight
-0.207399 -0.5007706 1.465973 12 HipLeft
-0.219459 -0.8869464 1.427856 13 KneeLeft
-0.05794123 -0.4966787 1.469679 16 HipRight
-0.0559288 -0.8833132 1.433383 17 KneeRight
-0.1432944 0.02264586 1.608445 20 SpineShoulder
-0.317262 -0.5704688 1.351957 21 HandTipLeft
-0.3066789 -0.4710788 1.362014 22 ThumbLeft
0.09485231 -0.5508197 1.376198 23 HandTipRight
0.1312913 -0.4928366 1.414333 24 ThumbRight
-0.1345854 -0.5107332 1.50103 0 SpineBase
-0.1398444 -0.2020647 1.567989 1 SpineMid
-0.1429905 0.09476887 1.618357 2 Neck
-0.3017537 -0.03399069 1.574694 4 ShoulderLeft
-0.3535768 -0.2733179 1.497933 5 ElbowLeft
-0.3457455 -0.4571322 1.398785 6 WristLeft
-0.3382261 -0.5019079 1.373694 7 HandLeft
0.02717998 -0.04145452 1.58569 8 ShoulderRight
0.07406184 -0.2558029 1.52937 9 ElbowRight
0.0984454 -0.4360514 1.425704 10 WristRight
0.09456656 -0.4838584 1.39844 11 HandRight
-0.2062552 -0.5011763 1.464915 12 HipLeft
-0.2204598 -0.8875567 1.427907 13 KneeLeft
-0.05671646 -0.4970721 1.468716 16 HipRight
-0.05607819 -0.8840212 1.43311 17 KneeRight
-0.1424703 0.02206687 1.608295 20 SpineShoulder
-0.3151099 -0.5726165 1.34743 21 HandTipLeft
-0.2920316 -0.4692558 1.401429 22 ThumbLeft
0.09443257 -0.5530809 1.373097 23 HandTipRight
0.1326063 -0.4777816 1.407819 24 ThumbRight
-0.1326966 -0.5113941 1.49962 0 SpineBase
-0.1384 -0.20248 1.567511 1 SpineMid
-0.1420267 0.09457888 1.618449 2 Neck
-0.2999937 -0.03383731 1.574397 4 ShoulderLeft
-0.3518633 -0.2738002 1.495556 5 ElbowLeft
-0.345131 -0.45765 1.396747 6 WristLeft
-0.3393112 -0.504791 1.370734 7 HandLeft
0.02826597 -0.04231627 1.585889 8 ShoulderRight
0.07506309 -0.2566162 1.527658 9 ElbowRight
0.09829745 -0.4369472 1.424172 10 WristRight
0.0971726 -0.4845091 1.397716 11 HandRight
-0.2043825 -0.5017613 1.463174 12 HipLeft
-0.222013 -0.8885638 1.427959 13 KneeLeft
-0.05490126 -0.4977423 1.467629 16 HipRight
-0.05608765 -0.8853452 1.432026 17 KneeRight
-0.1413956 0.02182742 1.608275 20 SpineShoulder
-0.3181213 -0.5699095 1.337758 21 HandTipLeft
-0.3037323 -0.4870966 1.359448 22 ThumbLeft
0.097725 -0.5528077 1.372655 23 HandTipRight
0.1331409 -0.4815276 1.407877 24 ThumbRight
-0.1317672 -0.511624 1.498628 0 SpineBase
-0.137684 -0.2025974 1.567114 1 SpineMid
-0.1415676 0.09456783 1.618428 2 Neck
-0.2995045 -0.0339313 1.573938 4 ShoulderLeft
-0.3516216 -0.2741975 1.494452 5 ElbowLeft
-0.3445931 -0.4577727 1.395338 6 WristLeft
-0.3390249 -0.5028468 1.369119 7 HandLeft
0.02903204 -0.04288574 1.585826 8 ShoulderRight
0.07591149 -0.2578854 1.526301 9 ElbowRight
0.09865078 -0.438282 1.423077 10 WristRight
0.09770297 -0.483774 1.397951 11 HandRight
-0.20342 -0.5020119 1.461928 12 HipLeft
-0.2120902 -0.8899559 1.424706 13 KneeLeft
-0.05405782 -0.4979222 1.466887 16 HipRight
-0.05574404 -0.8861815 1.430896 17 KneeRight
-0.1408781 0.02179159 1.608179 20 SpineShoulder
-0.3203236 -0.5653045 1.342508 21 HandTipLeft
-0.3081416 -0.4716337 1.358156 22 ThumbLeft
0.09985875 -0.5525519 1.372935 23 HandTipRight
0.1361909 -0.4837756 1.408302 24 ThumbRight
-0.1313435 -0.5117581 1.498013 0 SpineBase
-0.1374207 -0.2026468 1.566921 1 SpineMid
-0.1414427 0.09457222 1.618449 2 Neck
-0.2988383 -0.03391924 1.573513 4 ShoulderLeft
-0.3511963 -0.2741789 1.493915 5 ElbowLeft
-0.3441438 -0.4576433 1.39468 6 WristLeft
-0.3384199 -0.5033287 1.368096 7 HandLeft
0.02919123 -0.0431105 1.585771 8 ShoulderRight
0.07616765 -0.2583665 1.525777 9 ElbowRight
0.09890942 -0.4386094 1.422366 10 WristRight
0.09805254 -0.4845258 1.397527 11 HandRight
-0.2030157 -0.502075 1.461112 12 HipLeft
-0.2144072 -0.8902043 1.42447 13 KneeLeft
-0.05363678 -0.4980988 1.46645 16 HipRight
-0.05559638 -0.8866582 1.430733 17 KneeRight
-0.1407291 0.02178615 1.608163 20 SpineShoulder
-0.3143289 -0.5709706 1.337275 21 HandTipLeft
-0.3076364 -0.4659956 1.359943 22 ThumbLeft
0.1006384 -0.553279 1.373325 23 HandTipRight
0.1361216 -0.4838606 1.40885 24 ThumbRight
-0.1304646 -0.5118347 1.497077 0 SpineBase
-0.1367874 -0.2027028 1.566517 1 SpineMid
-0.1411071 0.09456442 1.618431 2 Neck
-0.2985743 -0.03397753 1.573335 4 ShoulderLeft
-0.3508399 -0.2741847 1.493072 5 ElbowLeft
-0.3435828 -0.4574843 1.393719 6 WristLeft
-0.3372498 -0.5031259 1.369433 7 HandLeft
0.02951743 -0.04336339 1.585624 8 ShoulderRight
0.07644334 -0.2583186 1.525309 9 ElbowRight
0.1009247 -0.4368621 1.41928 10 WristRight
0.09890897 -0.4844216 1.397273 11 HandRight
-0.2021837 -0.502143 1.460158 12 HipLeft
-0.214541 -0.8908769 1.423506 13 KneeLeft
-0.05276012 -0.4981618 1.465565 16 HipRight
-0.05530392 -0.8873541 1.430156 17 KneeRight
-0.1403242 0.02176792 1.608069 20 SpineShoulder
-0.3147139 -0.5717503 1.348164 21 HandTipLeft
-0.2942743 -0.469173 1.386769 22 ThumbLeft
0.101043 -0.5533649 1.373522 23 HandTipRight
0.1374553 -0.4794425 1.405527 24 ThumbRight
-0.1300372 -0.5119491 1.496209 0 SpineBase
-0.136362 -0.202752 1.566036 1 SpineMid
-0.1408109 0.09458774 1.618312 2 Neck
-0.2983641 -0.03410086 1.572973 4 ShoulderLeft
-0.3506305 -0.2740444 1.492343 5 ElbowLeft
-0.343239 -0.4571417 1.392792 6 WristLeft
-0.3375019 -0.5043621 1.366836 7 HandLeft
0.02987513 -0.04364297 1.58542 8 ShoulderRight
0.07654331 -0.2580886 1.524853 9 ElbowRight
0.1006517 -0.4369559 1.419541 10 WristRight
0.09856838 -0.4844291 1.396428 11 HandRight
-0.2018003 -0.5022305 1.459283 12 HipLeft
-0.2173097 -0.8913674 1.423139 13 KneeLeft
-0.05230983 -0.4982814 1.464725 16 HipRight
-0.05485982 -0.8880373 1.429676 17 KneeRight
-0.1399876 0.02177434 1.60787 20 SpineShoulder
-0.3093716 -0.5686833 1.332757 21 HandTipLeft
-0.3018663 -0.4745778 1.364929 22 ThumbLeft
0.100357 -0.5529236 1.372951 23 HandTipRight
0.1356988 -0.4815311 1.40494 24 ThumbRight
-0.1297857 -0.5120833 1.495492 0 SpineBase
-0.1360961 -0.2027867 1.565652 1 SpineMid
-0.1406019 0.09462438 1.618214 2 Neck
-0.2979856 -0.0341362 1.572442 4 ShoulderLeft
-0.3503901 -0.2739947 1.491402 5 ElbowLeft
-0.3429881 -0.4570358 1.391946 6 WristLeft
-0.3379379 -0.5041397 1.3664 7 HandLeft
0.03013046 -0.04386462 1.585105 8 ShoulderRight
0.07661758 -0.2580028 1.524534 9 ElbowRight
0.100543 -0.4369012 1.419433 10 WristRight
0.09834513 -0.4837358 1.395189 11 HandRight
-0.2015571 -0.5023608 1.458423 12 HipLeft
-0.2201998 -0.8918507 1.422752 13 KneeLeft
-0.05206348 -0.4983988 1.464147 16 HipRight
-0.0543334 -0.8887026 1.429275 17 KneeRight
-0.139761 0.02179589 1.607712 20 SpineShoulder
-0.3124872 -0.572708 1.340595 21 HandTipLeft
-0.2868782 -0.457379 1.394333 22 ThumbLeft
0.1000148 -0.5518363 1.370826 23 HandTipRight
0.1354657 -0.4830258 1.406611 24 ThumbRight
-0.1294911 -0.5120841 1.494996 0 SpineBase
-0.1358613 -0.2027379 1.565364 1 SpineMid
-0.1404699 0.09470977 1.618146 2 Neck
-0.2975144 -0.03358402 1.57194 4 ShoulderLeft
-0.3504562 -0.2742289 1.49046 5 ElbowLeft
-0.3431396 -0.456973 1.390577 6 WristLeft
-0.3374934 -0.5034792 1.366185 7 HandLeft
0.03026956 -0.04393003 1.584911 8 ShoulderRight
0.07673211 -0.2577033 1.524278 9 ElbowRight
0.1003084 -0.4367011 1.419453 10 WristRight
0.09834987 -0.4836057 1.394769 11 HandRight
-0.2012918 -0.5023751 1.457935 12 HipLeft
-0.2216693 -0.8922886 1.422064 13 KneeLeft
-0.05174712 -0.4983823 1.463651 16 HipRight
-0.05449297 -0.8891935 1.429273 17 KneeRight
-0.1396005 0.02187429 1.607594 20 SpineShoulder
-0.3125479 -0.5687377 1.34086 21 HandTipLeft
-0.3054149 -0.4700348 1.363062 22 ThumbLeft
0.1001447 -0.5516663 1.369837 23 HandTipRight
0.1354118 -0.4832616 1.407006 24 ThumbRight
-0.1292917 -0.5121586 1.494377 0 SpineBase
-0.1356269 -0.202706 1.564823 1 SpineMid
-0.1402646 0.09485121 1.6178 2 Neck
-0.297489 -0.03361885 1.571182 4 ShoulderLeft
-0.3504848 -0.2740499 1.489689 5 ElbowLeft
-0.3434502 -0.4563791 1.38911 6 WristLeft
-0.3392375 -0.5031579 1.364908 7 HandLeft
0.0303684 -0.04401257 1.584374 8 ShoulderRight
0.07707325 -0.2581349 1.523 9 ElbowRight
0.09967518 -0.4375557 1.418915 10 WristRight
0.09799794 -0.4832614 1.393919 11 HandRight
-0.2011136 -0.5024194 1.457244 12 HipLeft
-0.2207079 -0.8928899 1.421318 13 KneeLeft
-0.05153661 -0.4984721 1.463105 16 HipRight
-0.05454192 -0.8897886 1.428558 17 KneeRight
-0.1393778 0.02199099 1.607189 20 SpineShoulder
-0.3170808 -0.5696936 1.342807 21 HandTipLeft
-0.2878528 -0.4594484 1.393 22 ThumbLeft
0.100053 -0.5511337 1.368523 23 HandTipRight
0.1360097 -0.4819424 1.404608 24 ThumbRight
-0.1293821 -0.5122089 1.493913 0 SpineBase
-0.1356077 -0.2026958 1.564496 1 SpineMid
-0.1402002 0.09491668 1.617642 2 Neck
-0.2974449 -0.03359225 1.570534 4 ShoulderLeft
-0.3504851 -0.2737684 1.489216 5 ElbowLeft
-0.3434686 -0.4559929 1.388584 6 WristLeft
-0.3385077 -0.5038178 1.364698 7 HandLeft
0.0301456 -0.0439532 1.583928 8 ShoulderRight
0.07697023 -0.2579804 1.522629 9 ElbowRight
0.09902884 -0.43752 1.4188 10 WristRight
0.0970406 -0.4854956 1.392897 11 HandRight
-0.2012621 -0.5024645 1.456637 12 HipLeft
-0.2169619 -0.8936465 1.42075 13 KneeLeft
-0.05157106 -0.4985142 1.46277 16 HipRight
-0.05493224 -0.8903015 1.428423 17 KneeRight
-0.1393162 0.02204457 1.606987 20 SpineShoulder
-0.312621 -0.5703216 1.343382 21 HandTipLeft
-0.288691 -0.4621127 1.3925 22 ThumbLeft
0.09714609 -0.5539442 1.366779 23 HandTipRight
0.133297 -0.4760284 1.400714 24 ThumbRight
-0.1294412 -0.5121467 1.49361 0 SpineBase
-0.1356239 -0.2026039 1.564238 1 SpineMid
-0.1401915 0.09504075 1.617465 2 Neck
-0.2974697 -0.03323867 1.570257 4 ShoulderLeft
-0.3508131 -0.2738618 1.488592 5 ElbowLeft
-0.3438783 -0.4559173 1.387686 6 WristLeft
-0.339057 -0.502867 1.363807 7 HandLeft
0.03010382 -0.04394762 1.583772 8 ShoulderRight
0.07689563 -0.2579889 1.52237 9 ElbowRight
0.09870211 -0.4375725 1.418635 10 WristRight
0.09650054 -0.4856378 1.392664 11 HandRight
-0.2013429 -0.5022953 1.456056 12 HipLeft
-0.2187809 -0.8935879 1.42106 13 KneeLeft
-0.05160501 -0.4985118 1.462661 16 HipRight
-0.0549899 -0.8905315 1.42834 17 KneeRight
-0.1393102 0.02216071 1.606787 20 SpineShoulder
-0.3133003 -0.5735826 1.340485 21 HandTipLeft
-0.287164 -0.458349 1.389667 22 ThumbLeft
0.09610245 -0.554953 1.369166 23 HandTipRight
0.1338914 -0.4808994 1.403512 24 ThumbRight
-0.1296143 -0.5121869 1.493114 0 SpineBase
-0.1359192 -0.2025103 1.563593 1 SpineMid
-0.1406564 0.09534562 1.616729 2 Neck
-0.2979675 -0.03347524 1.569175 4 ShoulderLeft
-0.3512527 -0.273734 1.487854 5 ElbowLeft
-0.3441311 -0.4557421 1.387009 6 WristLeft
-0.3396126 -0.503027 1.363048 7 HandLeft
0.02983082 -0.04395878 1.583244 8 ShoulderRight
0.07652648 -0.2577339 1.521731 9 ElbowRight
0.09855187 -0.4374639 1.418476 10 WristRight
0.09583122 -0.4857436 1.392371 11 HandRight
-0.2015646 -0.5023561 1.455469 12 HipLeft
-0.2186626 -0.8940937 1.421214 13 KneeLeft
-0.05171943 -0.4985296 1.462284 16 HipRight
-0.05552442 -0.8909842 1.428281 17 KneeRight
-0.1397225 0.02240455 1.606064 20 SpineShoulder
-0.3160324 -0.567573 1.329129 21 HandTipLeft
-0.3107776 -0.4665167 1.354243 22 ThumbLeft
0.09607598 -0.5547105 1.368572 23 HandTipRight
0.1328245 -0.4844424 1.402348 24 ThumbRight
-0.1303064 -0.51204 1.491046 0 SpineBase
-0.1374349 -0.2017072 1.560395 1 SpineMid
-0.1431504 0.09702973 1.612461 2 Neck
-0.3001308 -0.03157135 1.564573 4 ShoulderLeft
-0.3533648 -0.2722807 1.484549 5 ElbowLeft
-0.3464421 -0.4541055 1.383751 6 WristLeft
-0.3434872 -0.5010077 1.359911 7 HandLeft
0.02781905 -0.0435287 1.579114 8 ShoulderRight
0.0744352 -0.2567643 1.519541 9 ElbowRight
0.09641962 -0.4367488 1.417198 10 WristRight
0.09225634 -0.4853576 1.389612 11 HandRight
-0.2023199 -0.5021226 1.453133 12 HipLeft
-0.2160513 -0.895286 1.419152 13 KneeLeft
-0.05230096 -0.4984519 1.460542 16 HipRight
-0.05775078 -0.8920798 1.427963 17 KneeRight
-0.1419511 0.02385079 1.602042 20 SpineShoulder
-0.321316 -0.5644068 1.334532 21 HandTipLeft
-0.2912772 -0.4589413 1.385072 22 ThumbLeft
0.09212708 -0.5533559 1.36523 23 HandTipRight
0.1262318 -0.490786 1.398818 24 ThumbRight
-0.1315171 -0.5120152 1.490146 0 SpineBase
-0.138598 -0.2014255 1.558904 1 SpineMid
-0.1441864 0.09760264 1.610317 2 Neck
-0.3014074 -0.03041048 1.562495 4 ShoulderLeft
-0.3543532 -0.2718689 1.483465 5 ElbowLeft
-0.3470369 -0.4538792 1.383207 6 WristLeft
-0.3436889 -0.5008577 1.359767 7 HandLeft
0.02677133 -0.0429985 1.577061 8 ShoulderRight
0.07286859 -0.2561188 1.518149 9 ElbowRight
0.09481149 -0.4364972 1.41671 10 WristRight
0.08997605 -0.4851927 1.387782 11 HandRight
-0.2035734 -0.5020109 1.451995 12 HipLeft
-0.2177235 -0.8954862 1.419301 13 KneeLeft
-0.0534159 -0.4985027 1.459884 16 HipRight
-0.05811002 -0.8924931 1.42798 17 KneeRight
-0.1430264 0.02434998 1.600065 20 SpineShoulder
-0.3205804 -0.5658503 1.333829 21 HandTipLeft
-0.292689 -0.4621938 1.38362 22 ThumbLeft
0.09092954 -0.5530453 1.364139 23 HandTipRight
0.1298143 -0.4824612 1.399066 24 ThumbRight
-0.1321544 -0.5118614 1.489607 0 SpineBase
-0.1393236 -0.2011608 1.557911 1 SpineMid
-0.1449521 0.09797672 1.60882 2 Neck
-0.3019766 -0.02946725 1.5613 4 ShoulderLeft
-0.3552104 -0.2714464 1.482796 5 ElbowLeft
-0.3479455 -0.4532974 1.382276 6 WristLeft
-0.343904 -0.5010495 1.35909 7 HandLeft
0.02587093 -0.04244008 1.575348 8 ShoulderRight
0.07172635 -0.2552444 1.517038 9 ElbowRight
0.094025 -0.4359051 1.416309 10 WristRight
0.08888903 -0.4849087 1.386479 11 HandRight
-0.2041378 -0.5018452 1.451459 12 HipLeft
-0.2204754 -0.8953608 1.419506 13 KneeLeft
-0.05409111 -0.4983678 1.459363 16 HipRight
-0.0580744 -0.8925416 1.427769 17 KneeRight
-0.1437861 0.02469873 1.598697 20 SpineShoulder
-0.3142888 -0.5702594 1.330126 21 HandTipLeft
-0.2923263 -0.4595816 1.383189 22 ThumbLeft
0.08931082 -0.5535935 1.364916 23 HandTipRight
0.1220934 -0.4871556 1.389667 24 ThumbRight
-0.1336396 -0.5117826 1.488439 0 SpineBase
-0.1409953 -0.2007511 1.555764 1 SpineMid
-0.1467333 0.09875629 1.605574 2 Neck
-0.303409 -0.02974138 1.558232 4 ShoulderLeft
-0.356918 -0.2714453 1.481348 5 ElbowLeft
-0.3488554 -0.4535366 1.381506 6 WristLeft
-0.3461035 -0.5012915 1.359084 7 HandLeft
0.02433968 -0.0417335 1.573083 8 ShoulderRight
0.06980313 -0.2553216 1.515066 9 ElbowRight
0.09232054 -0.4360515 1.414666 10 WristRight
0.08631933 -0.486468 1.384382 11 HandRight
-0.2056466 -0.5018154 1.450227 12 HipLeft
-0.2253169 -0.8954053 1.420037 13 KneeLeft
-0.05547623 -0.4982409 1.458288 16 HipRight
-0.06002861 -0.8927278 1.427458 17 KneeRight
-0.145547 0.02538659 1.595733 20 SpineShoulder
-0.3220069 -0.5709158 1.341165 21 HandTipLeft
-0.2931749 -0.4615352 1.383211 22 ThumbLeft
0.08612713 -0.5549476 1.360865 23 HandTipRight
0.1226341 -0.4785735 1.393085 24 ThumbRight
-0.1354527 -0.5113534 1.48673 0 SpineBase
-0.142854 -0.200011 1.552974 1 SpineMid
-0.1485372 0.09977912 1.601719 2 Neck
-0.3054632 -0.02775385 1.55514 4 ShoulderLeft
-0.3591236 -0.2713027 1.479338 5 ElbowLeft
-0.3504682 -0.4536702 1.380228 6 WristLeft
-0.3474921 -0.5009854 1.357411 7 HandLeft
0.02250111 -0.04142161 1.570184 8 ShoulderRight
0.06687512 -0.2543029 1.512684 9 ElbowRight
0.08960149 -0.4353198 1.41302 10 WristRight
0.08312972 -0.4865455 1.381543 11 HandRight
-0.2074293 -0.5014491 1.448487 12 HipLeft
-0.2287574 -0.8951955 1.420007 13 KneeLeft
-0.05722769 -0.4977538 1.456641 16 HipRight
-0.06159715 -0.8925396 1.427055 17 KneeRight
-0.1473723 0.02634556 1.59214 20 SpineShoulder
-0.3181693 -0.571847 1.33218 21 HandTipLeft
-0.2937515 -0.4599724 1.379882 22 ThumbLeft
0.08312441 -0.5540266 1.357495 23 HandTipRight
0.1198189 -0.4934947 1.4035 24 ThumbRight
-0.1382284 -0.5114036 1.484217 0 SpineBase
-0.1452147 -0.1995174 1.549553 1 SpineMid
-0.1505089 0.1008652 1.597371 2 Neck
-0.3085204 -0.0286167 1.550168 4 ShoulderLeft
-0.3614261 -0.2712888 1.476495 5 ElbowLeft
-0.3539293 -0.4536837 1.377521 6 WristLeft
-0.3501705 -0.4992087 1.355548 7 HandLeft
0.01980559 -0.04085819 1.565966 8 ShoulderRight
0.063384 -0.2533847 1.510141 9 ElbowRight
0.08654009 -0.4343773 1.410665 10 WristRight
0.07940738 -0.4861178 1.379222 11 HandRight
-0.2102936 -0.5015443 1.445585 12 HipLeft
-0.2308728 -0.8954626 1.42024 13 KneeLeft
-0.05978579 -0.4977392 1.454516 16 HipRight
-0.06483237 -0.8927488 1.426175 17 KneeRight
-0.1494409 0.02728251 1.588027 20 SpineShoulder
-0.3257976 -0.5691419 1.333007 21 HandTipLeft
-0.2963626 -0.4610024 1.374692 22 ThumbLeft
0.08035145 -0.5537293 1.357588 23 HandTipRight
0.1163327 -0.4826806 1.389429 24 ThumbRight
-0.1427961 -0.5110156 1.47959 0 SpineBase
-0.149863 -0.1987185 1.542664 1 SpineMid
-0.1551006 0.1019984 1.588235 2 Neck
-0.3145976 -0.0291767 1.54236 4 ShoulderLeft
-0.366192 -0.270689 1.470394 5 ElbowLeft
-0.3584608 -0.4536085 1.372808 6 WristLeft
-0.3546975 -0.4992225 1.349006 7 HandLeft
0.01512067 -0.03930965 1.560245 8 ShoulderRight
0.05774231 -0.2522696 1.504603 9 ElbowRight
0.07980152 -0.4334367 1.40544 10 WristRight
0.07263879 -0.4874858 1.374442 11 HandRight
-0.214686 -0.5013216 1.440671 12 HipLeft
-0.2357837 -0.8953625 1.418591 13 KneeLeft
-0.06429559 -0.4971487 1.450236 16 HipRight
-0.0687327 -0.8924069 1.42446 17 KneeRight
-0.1540591 0.0283471 1.579449 20 SpineShoulder
-0.3339884 -0.5666874 1.331595 21 HandTipLeft
-0.3007426 -0.4634227 1.365929 22 ThumbLeft
0.07289324 -0.5551098 1.351497 23 HandTipRight
0.106738 -0.484875 1.378294 24 ThumbRight
-0.1468718 -0.5107126 1.47499 0 SpineBase
-0.1537712 -0.1982434 1.53674 1 SpineMid
-0.1588088 0.1025714 1.58109 2 Neck
-0.3185233 -0.02770132 1.5358 4 ShoulderLeft
-0.3703216 -0.2704906 1.464073 5 ElbowLeft
-0.3629583 -0.4537172 1.367293 6 WristLeft
-0.3586226 -0.4987582 1.343824 7 HandLeft
0.01062942 -0.03892232 1.554092 8 ShoulderRight
0.05305822 -0.2517257 1.500008 9 ElbowRight
0.07513292 -0.4333398 1.401927 10 WristRight
0.06769121 -0.4888441 1.369815 11 HandRight
-0.2189502 -0.5009833 1.435398 12 HipLeft
-0.2379732 -0.8950095 1.418576 13 KneeLeft
-0.06798103 -0.4968317 1.446324 16 HipRight
-0.07481977 -0.8922948 1.420173 17 KneeRight
-0.157821 0.02890635 1.572601 20 SpineShoulder
-0.3333087 -0.5740344 1.331108 21 HandTipLeft
-0.3048446 -0.463592 1.360389 22 ThumbLeft
0.06833965 -0.5569138 1.347268 23 HandTipRight
0.1039837 -0.4816661 1.376375 24 ThumbRight
-0.1515126 -0.5102578 1.470876 0 SpineBase
-0.1571753 -0.1975728 1.532176 1 SpineMid
-0.1611483 0.1034142 1.576051 2 Neck
-0.3207129 -0.02710519 1.531751 4 ShoulderLeft
-0.3731426 -0.2699881 1.459751 5 ElbowLeft
-0.3653153 -0.4537709 1.364256 6 WristLeft
-0.3604421 -0.500502 1.339329 7 HandLeft
0.008131158 -0.03829505 1.550583 8 ShoulderRight
0.05022458 -0.2528477 1.496248 9 ElbowRight
0.07119776 -0.4364493 1.398242 10 WristRight
0.06518722 -0.4881046 1.366906 11 HandRight
-0.2236384 -0.5004123 1.43116 12 HipLeft
-0.2387671 -0.8945346 1.417605 13 KneeLeft
-0.07233929 -0.4964556 1.442392 16 HipRight
-0.07915159 -0.8920416 1.41633 17 KneeRight
-0.1604163 0.02971204 1.567687 20 SpineShoulder
-0.3358926 -0.5678298 1.319891 21 HandTipLeft
-0.307853 -0.4657963 1.357941 22 ThumbLeft
0.06561296 -0.5560909 1.344755 23 HandTipRight
0.09826716 -0.4897162 1.377571 24 ThumbRight
-0.1561562 -0.5094268 1.465088 0 SpineBase
-0.1608436 -0.1965668 1.528144 1 SpineMid
-0.1649629 0.1051926 1.573023 2 Neck
-0.3240667 -0.02694021 1.523029 4 ShoulderLeft
-0.3780145 -0.2694874 1.451565 5 ElbowLeft
-0.3704531 -0.453684 1.357046 6 WristLeft
-0.3661905 -0.4992308 1.33314 7 HandLeft
0.004427186 -0.03530232 1.550191 8 ShoulderRight
0.04511022 -0.2522109 1.489899 9 ElbowRight
0.06740378 -0.4349956 1.394352 10 WristRight
0.06090579 -0.4890301 1.361624 11 HandRight
-0.2280084 -0.4997711 1.42511 12 HipLeft
-0.2430039 -0.8938709 1.41486 13 KneeLeft
-0.07703342 -0.4953797 1.436896 16 HipRight
-0.09611537 -0.8913618 1.394117 17 KneeRight
-0.1641282 0.03121701 1.564235 20 SpineShoulder
-0.3368297 -0.5701918 1.313866 21 HandTipLeft
-0.313526 -0.4644964 1.35225 22 ThumbLeft
0.06164107 -0.5567464 1.337583 23 HandTipRight
0.08257758 -0.4661205 1.33869 24 ThumbRight
-0.1639255 -0.5075281 1.452319 0 SpineBase
-0.1705724 -0.1952258 1.509196 1 SpineMid
-0.1754304 0.10528 1.548016 2 Neck
-0.3330281 -0.02425168 1.504241 4 ShoulderLeft
-0.3868875 -0.2698668 1.435508 5 ElbowLeft
-0.3788553 -0.4548704 1.342812 6 WristLeft
-0.3754611 -0.494864 1.317538 7 HandLeft
-0.005527947 -0.03196399 1.533315 8 ShoulderRight
0.03842222 -0.2521821 1.479989 9 ElbowRight
0.06265033 -0.4355494 1.386372 10 WristRight
0.05876105 -0.4874061 1.353494 11 HandRight
-0.2363786 -0.4982866 1.410406 12 HipLeft
-0.2479684 -0.8921868 1.406979 13 KneeLeft
-0.08382247 -0.4930209 1.426024 16 HipRight
-0.1149212 -0.885855 1.331159 17 KneeRight
-0.1744722 0.03170858 1.540923 20 SpineShoulder
-0.3650621 -0.56235 1.306045 21 HandTipLeft
-0.333534 -0.4739246 1.3505 22 ThumbLeft
0.06143115 -0.5575843 1.33033 23 HandTipRight
0.09382109 -0.4710013 1.360714 24 ThumbRight
-0.1661008 -0.5061572 1.44552 0 SpineBase
-0.1735777 -0.1942644 1.497454 1 SpineMid
-0.1790912 0.105469 1.530882 2 Neck
-0.3351746 -0.02208296 1.485103 4 ShoulderLeft
-0.3921078 -0.2701167 1.421088 5 ElbowLeft
-0.3827861 -0.4564861 1.331608 6 WristLeft
-0.3801327 -0.4943188 1.306689 7 HandLeft
-0.00894289 -0.02934551 1.520797 8 ShoulderRight
0.03638544 -0.251813 1.4748 9 ElbowRight
0.06211661 -0.4352745 1.381781 10 WristRight
0.06045624 -0.4880032 1.348225 11 HandRight
-0.2388658 -0.497828 1.402425 12 HipLeft
-0.2460828 -0.8919045 1.399489 13 KneeLeft
-0.0855898 -0.4907891 1.420297 16 HipRight
-0.08039306 -0.8652179 1.23981 17 KneeRight
-0.1780026 0.03213643 1.525203 20 SpineShoulder
-0.3630202 -0.5679684 1.297562 21 HandTipLeft
-0.338021 -0.4863202 1.328933 22 ThumbLeft
0.06552311 -0.5579276 1.322906 23 HandTipRight
0.09606974 -0.478928 1.356914 24 ThumbRight
-0.1661008 -0.5061572 1.44552 0 SpineBase
-0.1735777 -0.1942644 1.497454 1 SpineMid
-0.1790912 0.105469 1.530882 2 Neck
-0.3351746 -0.02208296 1.485103 4 ShoulderLeft
-0.3921078 -0.2701167 1.421088 5 ElbowLeft
-0.3827861 -0.4564861 1.331608 6 WristLeft
-0.3801327 -0.4943188 1.306689 7 HandLeft
-0.00894289 -0.02934551 1.520797 8 ShoulderRight
0.03638544 -0.251813 1.4748 9 ElbowRight
0.06211661 -0.4352745 1.381781 10 WristRight
0.06045624 -0.4880032 1.348225 11 HandRight
-0.2388658 -0.497828 1.402425 12 HipLeft
-0.2460828 -0.8919045 1.399489 13 KneeLeft
-0.0855898 -0.4907891 1.420297 16 HipRight
-0.08039306 -0.8652179 1.23981 17 KneeRight
-0.1780026 0.03213643 1.525203 20 SpineShoulder
-0.3630202 -0.5679684 1.297562 21 HandTipLeft
-0.338021 -0.4863202 1.328933 22 ThumbLeft
0.06552311 -0.5579276 1.322906 23 HandTipRight
0.09606974 -0.478928 1.356914 24 ThumbRight
-0.1605301 -0.4990364 1.402128 0 SpineBase
-0.1668195 -0.1868054 1.433912 1 SpineMid
-0.171909 0.1127835 1.45258 2 Neck
-0.3221065 -0.01148344 1.40703 4 ShoulderLeft
-0.3889914 -0.2648346 1.349705 5 ElbowLeft
-0.3817906 -0.4579618 1.278378 6 WristLeft
-0.3777713 -0.493533 1.264811 7 HandLeft
-0.0004955565 -0.02115101 1.456036 8 ShoulderRight
0.04315437 -0.2540538 1.430766 9 ElbowRight
0.07771948 -0.4420907 1.35279 10 WristRight
0.0854113 -0.484662 1.326046 11 HandRight
-0.2330244 -0.4933826 1.353791 12 HipLeft
-0.2484898 -0.8799456 1.393013 13 KneeLeft
-0.08025794 -0.480739 1.382243 16 HipRight
-0.05417275 -0.8221354 1.132193 17 KneeRight
-0.1708889 0.03958105 1.450096 20 SpineShoulder
-0.3711909 -0.569919 1.262772 21 HandTipLeft
-0.3209641 -0.5085712 1.234083 22 ThumbLeft
0.1034574 -0.5537446 1.299661 23 HandTipRight
0.1168215 -0.4529365 1.325667 24 ThumbRight
-0.1531842 -0.4969893 1.38003 0 SpineBase
-0.159495 -0.1850744 1.413447 1 SpineMid
-0.1629791 0.1148994 1.427773 2 Neck
-0.3123334 -0.005828004 1.382829 4 ShoulderLeft
-0.3835035 -0.2642597 1.326983 5 ElbowLeft
-0.3764177 -0.4571809 1.2549 6 WristLeft
-0.3697176 -0.4898418 1.237218 7 HandLeft
0.00768826 -0.0217413 1.432974 8 ShoulderRight
0.05466996 -0.2623581 1.406077 9 ElbowRight
0.09760921 -0.4489078 1.328999 10 WristRight
0.1077034 -0.4853046 1.308777 11 HandRight
-0.2261405 -0.491036 1.332456 12 HipLeft
-0.2453286 -0.8754445 1.37964 13 KneeLeft
-0.07275046 -0.4785879 1.359767 16 HipRight
-0.04848255 -0.8295032 1.126254 17 KneeRight
-0.1625126 0.04156345 1.426994 20 SpineShoulder
-0.3665099 -0.5578152 1.229361 21 HandTipLeft
-0.3256794 -0.4725992 1.257521 22 ThumbLeft
0.1305904 -0.5503514 1.28235 23 HandTipRight
0.1238429 -0.4758111 1.274726 24 ThumbRight
-0.1300645 -0.4945714 1.327487 0 SpineBase
-0.1364203 -0.1802666 1.358165 1 SpineMid
-0.1406464 0.1217001 1.370871 2 Neck
-0.2878421 0.0009860242 1.325359 4 ShoulderLeft
-0.3614769 -0.2598885 1.269156 5 ElbowLeft
-0.3577215 -0.4532031 1.197894 6 WristLeft
-0.3524511 -0.4838875 1.176129 7 HandLeft
0.03291648 -0.01993239 1.373994 8 ShoulderRight
0.08361351 -0.271909 1.355538 9 ElbowRight
0.1468127 -0.4759532 1.27769 10 WristRight
0.1571782 -0.5081855 1.266602 11 HandRight
-0.2030356 -0.4872941 1.281898 12 HipLeft
-0.2382526 -0.8647354 1.348748 13 KneeLeft
-0.05041429 -0.4766338 1.305159 16 HipRight
-0.01428704 -0.8440007 1.108965 17 KneeRight
-0.1398771 0.04796966 1.370326 20 SpineShoulder
-0.3519111 -0.543088 1.169163 21 HandTipLeft
-0.2996944 -0.4912406 1.165737 22 ThumbLeft
0.1689881 -0.5546367 1.249517 23 HandTipRight
0.1921886 -0.5126066 1.269625 24 ThumbRight
-0.09778222 -0.4875643 1.251032 0 SpineBase
-0.09842053 -0.1701888 1.288077 1 SpineMid
-0.0977062 0.1337948 1.305904 2 Neck
-0.249147 0.01125623 1.260929 4 ShoulderLeft
-0.3268655 -0.2523795 1.196036 5 ElbowLeft
-0.3281441 -0.4448344 1.121644 6 WristLeft
-0.3243659 -0.4730939 1.102477 7 HandLeft
0.07391143 -0.01515513 1.303383 8 ShoulderRight
0.1269414 -0.2651039 1.29179 9 ElbowRight
0.1898551 -0.4792268 1.235987 10 WristRight
0.2047166 -0.5061095 1.219787 11 HandRight
-0.1718586 -0.478733 1.206489 12 HipLeft
-0.2168442 -0.8490683 1.290843 13 KneeLeft
-0.01844808 -0.4701212 1.228117 16 HipRight
0.02444327 -0.8442305 1.051914 17 KneeRight
-0.09807941 0.05971033 1.304146 20 SpineShoulder
-0.3211307 -0.5497295 1.10017 21 HandTipLeft
-0.2832345 -0.4632517 1.125333 22 ThumbLeft
0.2178491 -0.5486497 1.210033 23 HandTipRight
0.2129233 -0.5321634 1.239923 24 ThumbRight
-0.0192036 -0.450538 1.139956 0 SpineBase
-0.02583466 -0.128003 1.18955 1 SpineMid
-0.03172103 0.1784068 1.219113 2 Neck
-0.1813666 0.05869811 1.161564 4 ShoulderLeft
-0.2542526 -0.205922 1.085635 5 ElbowLeft
-0.25303 -0.3976996 1.006864 6 WristLeft
-0.2496698 -0.4353156 0.9922487 7 HandLeft
0.1416583 0.01529846 1.207797 8 ShoulderRight
0.2033285 -0.2395205 1.191319 9 ElbowRight
0.2605079 -0.4279347 1.133948 10 WristRight
0.2694527 -0.4620062 1.12335 11 HandRight
-0.09220821 -0.4369563 1.089357 12 HipLeft
-0.1879772 -0.8159924 1.107547 13 KneeLeft
0.05479621 -0.4374421 1.123025 16 HipRight
-0.06260503 -0.8170332 1.110476 17 KneeRight
-0.03035006 0.1040516 1.214379 20 SpineShoulder
-0.2467511 -0.5067231 0.9852951 21 HandTipLeft
-0.2019233 -0.4303952 0.98965 22 ThumbLeft
0.2912727 -0.520264 1.11526 23 HandTipRight
0.2939612 -0.4861214 1.117867 24 ThumbRight
0.008072728 -0.4384564 1.089412 0 SpineBase
0.001174335 -0.1167266 1.145452 1 SpineMid
-0.007211047 0.1871266 1.183648 2 Neck
-0.1532778 0.06921192 1.119684 4 ShoulderLeft
-0.2235476 -0.1930921 1.029151 5 ElbowLeft
-0.2155755 -0.3789433 0.9347435 6 WristLeft
-0.2125186 -0.4185848 0.9176274 7 HandLeft
0.1688484 0.01883727 1.163661 8 ShoulderRight
0.229462 -0.2156239 1.146304 9 ElbowRight
0.2882919 -0.3996546 1.074338 10 WristRight
0.3014831 -0.437364 1.057393 11 HandRight
-0.06598785 -0.4214896 1.041427 12 HipLeft
-0.1823468 -0.7991363 1.03451 13 KneeLeft
0.08147343 -0.4283056 1.070008 16 HipRight
-0.08725645 -0.7881573 1.073435 17 KneeRight
-0.00495384 0.1135826 1.176496 20 SpineShoulder
-0.1986083 -0.4830749 0.9095325 21 HandTipLeft
-0.1681283 -0.4010623 0.9240345 22 ThumbLeft
0.3241641 -0.4919261 1.04123 23 HandTipRight
0.3161494 -0.4149481 1.0235 24 ThumbRight
0.04529776 -0.423967 1.032033 0 SpineBase
0.03525775 -0.1035519 1.092596 1 SpineMid
0.02527651 0.1984557 1.131956 2 Neck
-0.123393 0.07448879 1.064665 4 ShoulderLeft
-0.1887446 -0.1835367 0.9547535 5 ElbowLeft
-0.1580697 -0.3488517 0.8275567 6 WristLeft
-0.1479967 -0.3750488 0.8056745 7 HandLeft
0.1999452 0.03097636 1.117903 8 ShoulderRight
0.2620251 -0.1951046 1.086411 9 ElbowRight
0.3253894 -0.3646494 0.9837508 10 WristRight
0.3383368 -0.4015298 0.959403 11 HandRight
-0.03290113 -0.4060758 0.9868656 12 HipLeft
-0.1738299 -0.76103 0.8181523 13 KneeLeft
0.1203808 -0.4142725 1.01001 16 HipRight
-0.05795234 -0.7670189 1.037109 17 KneeRight
0.02775999 0.1254612 1.124768 20 SpineShoulder
-0.1323348 -0.4259331 0.7846375 21 HandTipLeft
-0.1240275 -0.337541 0.7846295 22 ThumbLeft
0.3626372 -0.4614994 0.9372801 23 HandTipRight
0.3487842 -0.3792633 0.9168 24 ThumbRight
0.09029565 -0.4072722 0.9721901 0 SpineBase
0.07042649 -0.08779769 1.037365 1 SpineMid
0.05128555 0.2121723 1.079368 2 Neck
-0.09298359 0.0843 1.001678 4 ShoulderLeft
-0.1586219 -0.1640296 0.8908717 5 ElbowLeft
-0.1105824 -0.3217524 0.7579745 6 WristLeft
-0.09587596 -0.3347488 0.7458853 7 HandLeft
0.2235867 0.04095552 1.066141 8 ShoulderRight
0.2892576 -0.1770482 1.01 9 ElbowRight
0.3447489 -0.3440007 0.8971887 10 WristRight
0.3555805 -0.3716191 0.8643372 11 HandRight
0.006593151 -0.3898077 0.9260965 12 HipLeft
-0.1810156 -0.3933141 0.5210252 13 KneeLeft
0.1675525 -0.3967209 0.9513515 16 HipRight
-0.06367613 -0.7205964 0.9877088 17 KneeRight
0.05598344 0.1398239 1.071625 20 SpineShoulder
-0.05600651 -0.3899256 0.7162381 21 HandTipLeft
-0.1075741 -0.3249412 0.7012857 22 ThumbLeft
0.3869654 -0.4330681 0.8374299 23 HandTipRight
0.3615356 -0.3465587 0.8262344 24 ThumbRight
0.09914033 -0.4032693 0.9450694 0 SpineBase
0.08320703 -0.08261294 1.003808 1 SpineMid
0.06711549 0.2174695 1.040414 2 Neck
-0.08060782 0.08775117 0.9758805 4 ShoulderLeft
-0.1484994 -0.1619761 0.8690188 5 ElbowLeft
-0.09407803 -0.317041 0.7350202 6 WristLeft
-0.07087471 -0.3462634 0.718223 7 HandLeft
0.2408166 0.04776475 1.016753 8 ShoulderRight
0.300008 -0.175951 0.9699017 9 ElbowRight
0.3514338 -0.3434176 0.8555294 10 WristRight
0.3585828 -0.3633391 0.8338731 11 HandRight
0.01259446 -0.385579 0.9021579 12 HipLeft
-0.189119 -0.3529037 0.5048184 13 KneeLeft
0.1786616 -0.3925368 0.9210634 16 HipRight
-0.05950996 -0.7082165 0.9725842 17 KneeRight
0.0711632 0.1452623 1.033856 20 SpineShoulder
-0.03979653 -0.387686 0.6953219 21 HandTipLeft
-0.0834507 -0.3192664 0.6780326 22 ThumbLeft
0.3899602 -0.4294998 0.8063157 23 HandTipRight
0.3636003 -0.3445867 0.7943544 24 ThumbRight
0.12169 -0.3931058 0.8617598 0 SpineBase
0.1052446 -0.07348002 0.929933 1 SpineMid
0.08768983 0.2238243 0.9737618 2 Neck
-0.05372055 0.08861251 0.9007388 4 ShoulderLeft
-0.1272712 -0.1620223 0.8007597 5 ElbowLeft
-0.06190278 -0.3194474 0.674417 6 WristLeft
-0.0380529 -0.341328 0.6549279 7 HandLeft
0.2563447 0.05626023 0.9543421 8 ShoulderRight
0.3194028 -0.1750428 0.8948453 9 ElbowRight
0.3560387 -0.3451219 0.7779409 10 WristRight
0.3673177 -0.3718229 0.7449549 11 HandRight
0.02975834 -0.3743052 0.8188483 12 HipLeft
-0.1911639 -0.2422345 0.5319484 13 KneeLeft
0.2038913 -0.3818656 0.8388059 16 HipRight
-0.05968682 -0.677319 0.90085 17 KneeRight
0.09215417 0.1525206 0.9655039 20 SpineShoulder
-0.01142507 -0.3752586 0.6387979 21 HandTipLeft
-0.02314367 -0.3028552 0.6391289 22 ThumbLeft
0.3833925 -0.4266594 0.7240503 23 HandTipRight
0.3677298 -0.3450883 0.7104999 24 ThumbRight
0.1074764 -0.3817546 0.7305298 0 SpineBase
0.1087361 -0.0622498 0.8296448 1 SpineMid
0.1024951 0.2303967 0.8958147 2 Neck
-0.03096755 0.08595201 0.8118727 4 ShoulderLeft
-0.1084452 -0.1745818 0.704991 5 ElbowLeft
-0.03131915 -0.3432063 0.6032431 6 WristLeft
-0.0220663 -0.3401574 0.5963022 7 HandLeft
0.2570938 0.05669283 0.859767 8 ShoulderRight
0.3354372 -0.1726502 0.8181155 9 ElbowRight
0.3593855 -0.3476616 0.7050555 10 WristRight
0.3665044 -0.3678472 0.6780781 11 HandRight
0.009295954 -0.3553897 0.6871184 12 HipLeft
-0.2830189 -0.120217 0.6625912 13 KneeLeft
0.1952499 -0.3742895 0.7092552 16 HipRight
-0.09659883 -0.6438028 0.7759874 17 KneeRight
0.1046284 0.1606044 0.8824705 20 SpineShoulder
0.01773853 -0.3540664 0.6050743 21 HandTipLeft
0.01590627 -0.3356058 0.5996667 22 ThumbLeft
0.3929886 -0.4027508 0.6552302 23 HandTipRight
0.3732233 -0.3340721 0.6571249 24 ThumbRight
0.1562508 -0.3832638 0.6637151 0 SpineBase
0.1323979 -0.04925103 0.757909 1 SpineMid
0.1100046 0.2545872 0.8200057 2 Neck
0.002242147 0.09676054 0.7216293 4 ShoulderLeft
-0.09355691 -0.1604328 0.6155134 5 ElbowLeft
0.0101145 -0.3115056 0.5065116 6 WristLeft
0.2262589 0.06242492 0.7454384 8 ShoulderRight
0.3198171 -0.1783952 0.7016307 9 ElbowRight
0.3858177 -0.3648639 0.6470734 10 WristRight
0.3878153 -0.3637524 0.6186902 11 HandRight
0.06011441 -0.7034974 0.7506192 17 KneeRight
0.1155441 0.1825808 0.8073842 20 SpineShoulder
0.1701505 -0.3712053 0.6352282 0 SpineBase
0.1451951 -0.03905422 0.7280176 1 SpineMid
0.1185244 0.2605902 0.7909222 2 Neck
0.002182114 0.1096007 0.7001782 4 ShoulderLeft
-0.1005971 -0.08271892 0.5964571 5 ElbowLeft
-0.1062037 -0.2804522 0.5213526 6 WristLeft
-0.1253059 -0.2919508 0.5333801 7 HandLeft
0.218708 0.07259829 0.7167521 8 ShoulderRight
0.3045207 -0.1835327 0.6505669 9 ElbowRight
0.3998988 -0.360071 0.6428528 10 WristRight
0.3994549 -0.3526886 0.6005366 11 HandRight
0.0762128 -0.7055221 0.6966196 17 KneeRight
0.1251689 0.1898428 0.7777045 20 SpineShoulder
-0.1483005 -0.3193257 0.5451062 21 HandTipLeft
-0.08995213 -0.2780778 0.5059091 22 ThumbLeft
0.2421681 -0.3638366 0.5850981 0 SpineBase
0.2026591 -0.04440777 0.6768824 1 SpineMid
0.1604279 0.2437397 0.7366238 2 Neck
0.04141448 0.0960894 0.6454657 4 ShoulderLeft
0.2364848 0.1204126 0.6860427 8 ShoulderRight
0.3051735 -0.1017727 0.63398 9 ElbowRight
0.3992977 -0.2937631 0.5927292 11 HandRight
0.1188583 -0.7081839 0.5796782 17 KneeRight
0.1709024 0.1759185 0.7244322 20 SpineShoulder
0.4230623 -0.3540554 0.5620068 23 HandTipRight
0.343637 -0.3007654 0.557375 24 ThumbRight
0.227494 -0.2807915 0.5728826 0 SpineBase
0.1984832 0.007113687 0.6455301 1 SpineMid
0.166589 0.2613788 0.6924809 2 Neck
0.04729516 0.1135712 0.6019281 4 ShoulderLeft
0.2626277 0.2028681 0.6966711 8 ShoulderRight
0.3158536 -0.003408029 0.6178178 9 ElbowRight
0.3779488 -0.2329718 0.5879764 10 WristRight
0.4042141 -0.2263846 0.5924934 11 HandRight
0.1589543 -0.278095 0.5393684 12 HipLeft
-0.1602662 -0.05597761 0.5189322 13 KneeLeft
0.2711469 -0.2534058 0.5448045 16 HipRight
0.183751 -0.6477411 0.5490471 17 KneeRight
0.1745899 0.201121 0.6837853 20 SpineShoulder
0.4077045 -0.2782308 0.5550225 23 HandTipRight
0.3467273 -0.2339023 0.549143 24 ThumbRight
0.33828 -0.3155557 0.4341733 0 SpineBase
0.3253004 -0.01943096 0.5525673 1 SpineMid
0.1860554 0.09210011 0.5489783 4 ShoulderLeft
0.1670828 0.2896321 0.5770443 7 HandLeft
0.3975063 0.1806132 0.6438685 8 ShoulderRight
0.3093641 0.1794577 0.6196181 20 SpineShoulder
0.2111559 0.3083152 0.5710633 21 HandTipLeft
0.1526451 0.3082684 0.55875 22 ThumbLeft
0 0 0 2 Neck
0.1903493 0.2896373 0.4398287 6 WristLeft
0.4583687 -0.0004961553 0.7524325 14 AnkleLeft
0.245242 0.2974828 0.5405642 21 HandTipLeft
0.1468114 0.2650053 0.5190001 22 ThumbLeft
0 0 0 2 Neck
0.1903493 0.2896373 0.4398287 6 WristLeft
0.4583687 -0.0004961553 0.7524325 14 AnkleLeft
0.245242 0.2974828 0.5405642 21 HandTipLeft
0.1468114 0.2650053 0.5190001 22 ThumbLeft
