X              Y         Z      JointType 
-0.0706699 0.08354269 1.89752 0 SpineBase
-0.06643312 0.3794327 1.81646 1 SpineMid
-0.06183361 0.6624122 1.723864 2 Neck
-0.219905 0.5543144 1.687918 4 ShoulderLeft
-0.2754207 0.2505825 1.659444 5 ElbowLeft
0.1081845 0.5409287 1.738961 8 ShoulderRight
0.1389105 0.2265294 1.745059 9 ElbowRight
-0.144594 0.08482134 1.854931 12 HipLeft
-0.09523018 -0.1760688 1.715325 13 KneeLeft
-0.1407313 -0.4468212 2.008295 14 AnkleLeft
-0.0759588 -0.5060996 1.87809 15 FootLeft
0.005856107 0.07928368 1.868925 16 HipRight
-0.009560651 -0.1783105 1.713439 17 KneeRight
0.02452409 -0.5830816 1.735054 18 AnkleRight
0.05256778 -0.6580408 1.664399 19 FootRight
-0.06304787 0.5935679 1.748984 20 SpineShoulder
-0.1255928 0.05707261 1.991089 0 SpineBase
-0.09680771 0.368448 1.887866 1 SpineMid
-0.07734516 0.6704131 1.756233 2 Neck
-0.2312672 0.5592002 1.725617 4 ShoulderLeft
-0.2941465 0.2537602 1.703528 5 ElbowLeft
-0.2266496 0.01357407 1.685052 6 WristLeft
-0.2648252 0.01680733 1.700959 7 HandLeft
0.09604366 0.5520858 1.775828 8 ShoulderRight
0.1266252 0.2260205 1.789678 9 ElbowRight
-0.1979526 0.05715801 1.947827 12 HipLeft
-0.02308527 -0.08675385 1.721723 13 KneeLeft
-0.1090817 -0.4272351 1.988988 14 AnkleLeft
-0.06100175 -0.5021524 1.858052 15 FootLeft
-0.04856468 0.05491603 1.959833 16 HipRight
-0.02688224 -0.1656519 1.730413 17 KneeRight
-0.01751974 -0.5601338 1.796412 18 AnkleRight
0.01037399 -0.6378305 1.705943 19 FootRight
-0.08113714 0.5967351 1.788629 20 SpineShoulder
-0.2024307 -0.05198522 1.733959 21 HandTipLeft
-0.3223454 0.005032694 1.700742 22 ThumbLeft
-0.0896337 0.1305597 1.986001 0 SpineBase
-0.09894485 0.4068174 1.910795 1 SpineMid
-0.09791128 0.6878456 1.811863 2 Neck
-0.2521804 0.5718665 1.789733 4 ShoulderLeft
-0.3239483 0.2555332 1.786332 5 ElbowLeft
-0.3329401 0.00610304 1.766223 6 WristLeft
-0.3420644 -0.01939432 1.836683 7 HandLeft
0.0906976 0.5843994 1.84933 8 ShoulderRight
0.1293685 0.3010062 1.869775 9 ElbowRight
0.1351379 0.05316817 1.827008 10 WristRight
0.1297836 0.03381382 1.872194 11 HandRight
-0.1633966 0.1252975 1.943033 12 HipLeft
-0.08463204 -0.1760336 1.818463 13 KneeLeft
-0.2112021 -0.3876384 2.09588 14 AnkleLeft
-0.142734 -0.4928733 2.02508 15 FootLeft
-0.01254481 0.1309619 1.955048 16 HipRight
-0.06954195 -0.132686 1.803611 17 KneeRight
-0.06537911 -0.5692822 1.96361 18 AnkleRight
-0.01573269 -0.64417 1.944691 19 FootRight
-0.1005237 0.6156082 1.840081 20 SpineShoulder
-0.09886206 0.1284226 1.964291 0 SpineBase
-0.1018016 0.4153648 1.910883 1 SpineMid
-0.1023196 0.7033325 1.852266 2 Neck
-0.260492 0.5924467 1.829359 4 ShoulderLeft
-0.3306339 0.3079945 1.849957 5 ElbowLeft
-0.3317115 0.05864711 1.839103 6 WristLeft
-0.3120369 -0.009731002 1.839038 7 HandLeft
0.09453901 0.6118315 1.894644 8 ShoulderRight
0.1244282 0.3283134 1.902443 9 ElbowRight
-0.1733584 0.1223425 1.923168 12 HipLeft
-0.2041379 -0.2091382 1.994126 13 KneeLeft
-0.1609027 -0.5493269 2.143715 14 AnkleLeft
-0.1069915 -0.6189139 2.073996 15 FootLeft
-0.020774 0.1297085 1.932715 16 HipRight
-0.05751862 -0.2216968 1.980641 17 KneeRight
-0.06480742 -0.5493193 2.068991 18 AnkleRight
-0.1044243 -0.6148788 2.087559 19 FootRight
-0.1032093 0.6326846 1.867759 20 SpineShoulder
-0.312618 -0.08372306 1.839984 21 HandTipLeft
-0.3458917 0.0256773 1.856533 22 ThumbLeft
-0.09886206 0.1284226 1.964291 0 SpineBase
-0.1018016 0.4153648 1.910883 1 SpineMid
-0.1023196 0.7033325 1.852266 2 Neck
-0.260492 0.5924467 1.829359 4 ShoulderLeft
-0.3306339 0.3079945 1.849957 5 ElbowLeft
-0.3317115 0.05864711 1.839103 6 WristLeft
-0.3120369 -0.009731002 1.839038 7 HandLeft
0.09453901 0.6118315 1.894644 8 ShoulderRight
0.1244282 0.3283134 1.902443 9 ElbowRight
-0.1733584 0.1223425 1.923168 12 HipLeft
-0.2041379 -0.2091382 1.994126 13 KneeLeft
-0.1609027 -0.5493269 2.143715 14 AnkleLeft
-0.1069915 -0.6189139 2.073996 15 FootLeft
-0.020774 0.1297085 1.932715 16 HipRight
-0.05751862 -0.2216968 1.980641 17 KneeRight
-0.06480742 -0.5493193 2.068991 18 AnkleRight
-0.1044243 -0.6148788 2.087559 19 FootRight
-0.1032093 0.6326846 1.867759 20 SpineShoulder
-0.312618 -0.08372306 1.839984 21 HandTipLeft
-0.3458917 0.0256773 1.856533 22 ThumbLeft
-0.1093353 0.1257541 1.997603 0 SpineBase
-0.1055635 0.4259339 1.94714 1 SpineMid
-0.1009875 0.7146831 1.885288 2 Neck
-0.2634152 0.6084911 1.870738 4 ShoulderLeft
-0.3297727 0.2857727 1.894115 5 ElbowLeft
-0.352531 -0.04315063 1.874391 6 WristLeft
-0.3733579 -0.1103596 1.888692 7 HandLeft
0.09882898 0.6244389 1.924181 8 ShoulderRight
0.1400907 0.3530566 1.938551 9 ElbowRight
-0.1848852 0.1225889 1.962275 12 HipLeft
-0.1693096 -0.2349304 2.057176 13 KneeLeft
-0.1600184 -0.5461879 2.143017 14 AnkleLeft
-0.113163 -0.6191519 2.07374 15 FootLeft
-0.0299769 0.1244479 1.960894 16 HipRight
-0.02177633 -0.2236625 2.03849 17 KneeRight
-0.06411771 -0.5451396 2.098349 18 AnkleRight
-0.04754931 -0.6009585 1.968084 19 FootRight
-0.102333 0.644336 1.902757 20 SpineShoulder
-0.3816979 -0.1843759 1.901468 21 HandTipLeft
-0.388573 -0.1105964 1.845041 22 ThumbLeft
-0.1082945 0.1258785 2.000546 0 SpineBase
-0.1044594 0.426774 1.951044 1 SpineMid
-0.0999373 0.7159033 1.890189 2 Neck
-0.2619184 0.6082503 1.872832 4 ShoulderLeft
-0.3305977 0.2833307 1.898284 5 ElbowLeft
-0.3651536 -0.04620797 1.891859 6 WristLeft
-0.3905381 -0.1100723 1.906311 7 HandLeft
0.1026827 0.6301589 1.938648 8 ShoulderRight
0.141789 0.3550305 1.944196 9 ElbowRight
-0.184119 0.1227374 1.963717 12 HipLeft
-0.1691357 -0.2324879 2.054968 13 KneeLeft
-0.1570856 -0.5428452 2.134804 14 AnkleLeft
-0.1149446 -0.6213731 2.075182 15 FootLeft
-0.02868665 0.1244826 1.965767 16 HipRight
-0.027545 -0.2284925 2.03424 17 KneeRight
-0.05916423 -0.5473722 2.099064 18 AnkleRight
-0.1087794 -0.6234941 2.070887 19 FootRight
-0.1012327 0.645459 1.907404 20 SpineShoulder
-0.4025662 -0.1817717 1.920613 21 HandTipLeft
-0.4083092 -0.1069281 1.863308 22 ThumbLeft
-0.1070543 0.1255398 2.001916 0 SpineBase
-0.10168 0.4274678 1.954776 1 SpineMid
-0.09506802 0.7180277 1.897462 2 Neck
-0.2591594 0.606975 1.872689 4 ShoulderLeft
-0.3300757 0.2832897 1.898528 5 ElbowLeft
-0.3688736 -0.04839563 1.899871 6 WristLeft
-0.3938642 -0.1216224 1.93104 7 HandLeft
0.1068587 0.6319057 1.948243 8 ShoulderRight
0.1467158 0.3549673 1.953378 9 ElbowRight
-0.1829392 0.1224469 1.963957 12 HipLeft
-0.168447 -0.2308279 2.051574 13 KneeLeft
-0.1563492 -0.5430275 2.134907 14 AnkleLeft
-0.1156025 -0.6216233 2.074015 15 FootLeft
-0.02733039 0.1240677 1.968968 16 HipRight
-0.0353887 -0.2317777 2.028434 17 KneeRight
-0.060086 -0.5473154 2.098404 18 AnkleRight
-0.1040366 -0.6265915 2.063575 19 FootRight
-0.09689903 0.6471732 1.913693 20 SpineShoulder
-0.4169935 -0.1897513 1.94037 21 HandTipLeft
-0.4156041 -0.1087642 1.882329 22 ThumbLeft
-0.1003291 0.1254934 2.004132 0 SpineBase
-0.09752965 0.4284667 1.95792 1 SpineMid
-0.09318592 0.7192785 1.901047 2 Neck
-0.2518758 0.6036186 1.870506 4 ShoulderLeft
-0.3190969 0.3062695 1.889717 5 ElbowLeft
-0.344917 -0.03067543 1.894916 6 WristLeft
-0.3541 -0.1015068 1.915817 7 HandLeft
0.1116978 0.6335564 1.958221 8 ShoulderRight
0.1525796 0.3542452 1.964765 9 ElbowRight
-0.1755538 0.1227268 1.96256 12 HipLeft
-0.1552241 -0.2370745 2.043337 13 KneeLeft
-0.1558725 -0.5424645 2.133075 14 AnkleLeft
-0.1148741 -0.6201869 2.070555 15 FootLeft
-0.02050231 0.1236938 1.974685 16 HipRight
-0.03540702 -0.2312889 2.028076 17 KneeRight
-0.06008751 -0.5485647 2.099232 18 AnkleRight
-0.1036117 -0.6276516 2.059854 19 FootRight
-0.09446815 0.6483861 1.917192 20 SpineShoulder
-0.3663575 -0.1716792 1.934962 21 HandTipLeft
-0.3889403 -0.07915092 1.883242 22 ThumbLeft
-0.09493785 0.1259894 2.005795 0 SpineBase
-0.09445993 0.4294257 1.959973 1 SpineMid
-0.09198554 0.7203443 1.90318 2 Neck
-0.2506469 0.6030356 1.870481 4 ShoulderLeft
-0.3146197 0.3029181 1.88444 5 ElbowLeft
-0.3321826 -0.0345166 1.88532 6 WristLeft
-0.3372206 -0.1051775 1.908515 7 HandLeft
0.1128687 0.6338408 1.960157 8 ShoulderRight
0.1552755 0.3561101 1.970715 9 ElbowRight
-0.1707718 0.1228766 1.962466 12 HipLeft
-0.1558995 -0.2359843 2.04126 13 KneeLeft
-0.1558826 -0.5425925 2.133004 14 AnkleLeft
-0.1131494 -0.618328 2.067365 15 FootLeft
-0.01499946 0.1245896 1.977934 16 HipRight
-0.03670816 -0.2298801 2.028289 17 KneeRight
-0.06009081 -0.5484653 2.098808 18 AnkleRight
-0.1097888 -0.6242157 2.064109 19 FootRight
-0.09284344 0.6494327 1.919313 20 SpineShoulder
-0.349407 -0.1758955 1.927529 21 HandTipLeft
-0.3708044 -0.09260558 1.879333 22 ThumbLeft
-0.07076508 0.1280033 2.00813 0 SpineBase
-0.0839992 0.4308669 1.962208 1 SpineMid
-0.09096693 0.7208205 1.904284 2 Neck
-0.2456869 0.6023002 1.870031 4 ShoulderLeft
-0.3017132 0.2932335 1.872558 5 ElbowLeft
-0.2878762 -0.01173829 1.851993 6 WristLeft
-0.2786543 -0.08591144 1.864148 7 HandLeft
0.1143302 0.6345773 1.962098 8 ShoulderRight
0.1586092 0.3506775 1.976177 9 ElbowRight
-0.1482516 0.1253244 1.960564 12 HipLeft
-0.1549358 -0.231338 2.029839 13 KneeLeft
-0.1537149 -0.5407187 2.132157 14 AnkleLeft
-0.111411 -0.6170007 2.066154 15 FootLeft
0.009525761 0.1261054 1.983789 16 HipRight
-0.02203429 -0.22763 2.033429 17 KneeRight
-0.06047063 -0.5474402 2.099437 18 AnkleRight
-0.1190026 -0.6176316 2.069678 19 FootRight
-0.09025116 0.6501328 1.920776 20 SpineShoulder
-0.2852258 -0.1623171 1.871995 21 HandTipLeft
-0.2984774 -0.1081899 1.823 22 ThumbLeft
-0.06021312 0.129609 2.007943 0 SpineBase
-0.07486956 0.4326586 1.96412 1 SpineMid
-0.08616438 0.7224979 1.908083 2 Neck
-0.2413523 0.6025518 1.869446 4 ShoulderLeft
-0.2931577 0.3209874 1.867973 5 ElbowLeft
-0.2890786 0.07139394 1.843262 6 WristLeft
-0.2921331 0.05783467 1.848702 7 HandLeft
0.1154466 0.6348121 1.962918 8 ShoulderRight
0.1594971 0.3499313 1.976063 9 ElbowRight
-0.138857 0.1259137 1.959415 12 HipLeft
-0.1535886 -0.2309727 2.027633 13 KneeLeft
-0.1534873 -0.5396224 2.129063 14 AnkleLeft
-0.11131 -0.616586 2.065876 15 FootLeft
0.02074961 0.1287358 1.984421 16 HipRight
-0.004662483 -0.220501 2.035685 17 KneeRight
-0.05983 -0.5463395 2.098999 18 AnkleRight
-0.0315603 -0.6005635 1.971212 19 FootRight
-0.08395855 0.6518986 1.924235 20 SpineShoulder
-0.3138203 0.01555984 1.881306 21 HandTipLeft
-0.3378492 0.06639011 1.823455 22 ThumbLeft
-0.05994998 0.1296857 2.007839 0 SpineBase
-0.07467704 0.432551 1.963357 1 SpineMid
-0.08676062 0.721966 1.905945 2 Neck
-0.2403276 0.602252 1.868989 4 ShoulderLeft
-0.2911427 0.3253981 1.869315 5 ElbowLeft
-0.2759005 0.07654066 1.846848 6 WristLeft
-0.2969386 0.0676861 1.849944 7 HandLeft
0.1158632 0.6346812 1.962956 8 ShoulderRight
0.1600445 0.3503087 1.975555 9 ElbowRight
-0.1385593 0.1259688 1.959169 12 HipLeft
-0.153027 -0.2304614 2.024972 13 KneeLeft
-0.1531598 -0.5391902 2.125687 14 AnkleLeft
-0.11091 -0.6172864 2.066491 15 FootLeft
0.02098177 0.128826 1.984413 16 HipRight
0.008398279 -0.2099064 2.034775 17 KneeRight
-0.05947492 -0.5459342 2.09847 18 AnkleRight
-0.0310398 -0.6001914 1.970856 19 FootRight
-0.08419586 0.6515008 1.922496 20 SpineShoulder
-0.3068396 0.01994491 1.882462 21 HandTipLeft
-0.338677 0.07037938 1.830428 22 ThumbLeft
-0.05944736 0.1297457 2.007831 0 SpineBase
-0.07438526 0.432367 1.962741 1 SpineMid
-0.08709755 0.7213518 1.904248 2 Neck
-0.2378058 0.6018718 1.868411 4 ShoulderLeft
-0.2909253 0.3257047 1.869488 5 ElbowLeft
-0.2841457 0.0769392 1.848452 6 WristLeft
-0.2964075 0.0639123 1.850367 7 HandLeft
0.1163886 0.6347022 1.963093 8 ShoulderRight
0.1605424 0.3506395 1.975602 9 ElbowRight
-0.1380683 0.1260406 1.959005 12 HipLeft
-0.1527051 -0.2286639 2.022635 13 KneeLeft
-0.1530366 -0.5390772 2.124522 14 AnkleLeft
-0.1111727 -0.6174023 2.066393 15 FootLeft
0.02148345 0.1288664 1.984548 16 HipRight
0.007987375 -0.2107181 2.034541 17 KneeRight
-0.05410116 -0.5495332 2.099912 18 AnkleRight
-0.109581 -0.6213111 2.063561 19 FootRight
-0.08426551 0.6510109 1.921091 20 SpineShoulder
-0.2931477 0.02769364 1.883297 21 HandTipLeft
-0.3382282 0.06345025 1.83131 22 ThumbLeft
-0.05932117 0.1298681 2.007823 0 SpineBase
-0.07429697 0.4323683 1.962357 1 SpineMid
-0.08728615 0.7211631 1.903315 2 Neck
-0.2370246 0.6017692 1.86828 4 ShoulderLeft
-0.2910792 0.3256385 1.869955 5 ElbowLeft
-0.2864877 0.07726322 1.849561 6 WristLeft
-0.2988316 0.06164499 1.854035 7 HandLeft
0.1159628 0.6347979 1.962361 8 ShoulderRight
0.1628597 0.3524517 1.976934 9 ElbowRight
-0.1380087 0.1260864 1.958974 12 HipLeft
-0.1523717 -0.2281383 2.022579 13 KneeLeft
-0.1530474 -0.539252 2.124603 14 AnkleLeft
-0.111046 -0.6173083 2.066509 15 FootLeft
0.02167532 0.1290852 1.984584 16 HipRight
0.0102662 -0.2087036 2.033943 17 KneeRight
-0.05265508 -0.5481974 2.097689 18 AnkleRight
-0.1087049 -0.6193861 2.065217 19 FootRight
-0.08433935 0.6508727 1.920277 20 SpineShoulder
-0.2968472 0.0266301 1.888736 21 HandTipLeft
-0.3384909 0.06331348 1.829882 22 ThumbLeft
-0.05941076 0.1301264 2.00772 0 SpineBase
-0.07440493 0.4323997 1.961635 1 SpineMid
-0.08765009 0.7209072 1.902052 2 Neck
-0.2415842 0.6001988 1.860817 4 ShoulderLeft
-0.2920198 0.325291 1.870977 5 ElbowLeft
-0.2892794 0.07772265 1.850555 6 WristLeft
-0.3012684 0.06256368 1.858645 7 HandLeft
0.115464 0.634747 1.961277 8 ShoulderRight
0.1626227 0.3524918 1.976117 9 ElbowRight
-0.1380853 0.1261492 1.958894 12 HipLeft
-0.1518353 -0.2276376 2.024298 13 KneeLeft
-0.1527897 -0.5390559 2.124925 14 AnkleLeft
-0.1110587 -0.6168885 2.066848 15 FootLeft
0.02151997 0.1296769 1.984432 16 HipRight
0.01146165 -0.2044212 2.030209 17 KneeRight
-0.05709064 -0.5464326 2.098871 18 AnkleRight
-0.0271692 -0.6003135 1.972536 19 FootRight
-0.08460298 0.6506848 1.919098 20 SpineShoulder
-0.3068232 0.02599659 1.892006 21 HandTipLeft
-0.3430965 0.06624435 1.833161 22 ThumbLeft
-0.05932821 0.1302681 2.007695 0 SpineBase
-0.0744427 0.4324453 1.961355 1 SpineMid
-0.08802621 0.7208568 1.901455 2 Neck
-0.240535 0.6007147 1.861998 4 ShoulderLeft
-0.2928484 0.3257439 1.871282 5 ElbowLeft
-0.2910605 0.07853746 1.851225 6 WristLeft
-0.3030509 0.06343284 1.857898 7 HandLeft
0.115554 0.6346498 1.961225 8 ShoulderRight
0.1611149 0.3528934 1.974421 9 ElbowRight
-0.13808 0.1261508 1.95888 12 HipLeft
-0.1520618 -0.231397 2.028023 13 KneeLeft
-0.1526503 -0.5391155 2.12513 14 AnkleLeft
-0.1111725 -0.6168537 2.066862 15 FootLeft
0.02174311 0.1301169 1.984383 16 HipRight
0.01015319 -0.2053245 2.030364 17 KneeRight
-0.05775243 -0.546435 2.099665 18 AnkleRight
-0.02812394 -0.600265 1.973403 19 FootRight
-0.08486131 0.6506604 1.918576 20 SpineShoulder
-0.3055256 0.02496638 1.891543 21 HandTipLeft
-0.3444131 0.07030216 1.834016 22 ThumbLeft
-0.05968353 0.1305714 2.007339 0 SpineBase
-0.07516608 0.4320787 1.959883 1 SpineMid
-0.08932505 0.7195447 1.898935 2 Neck
-0.2443239 0.599759 1.856652 4 ShoulderLeft
-0.295149 0.3236515 1.871139 5 ElbowLeft
-0.296995 0.07701345 1.85203 6 WristLeft
-0.2988677 0.08170398 1.847584 7 HandLeft
0.115667 0.634701 1.960883 8 ShoulderRight
0.1609197 0.3497229 1.97495 9 ElbowRight
-0.1383228 0.1262794 1.958705 12 HipLeft
-0.1522073 -0.231188 2.028369 13 KneeLeft
-0.1517889 -0.5405594 2.127498 14 AnkleLeft
-0.1105353 -0.6168802 2.06514 15 FootLeft
0.0212213 0.1305761 1.98377 16 HipRight
0.008886622 -0.2049018 2.029027 17 KneeRight
-0.05950221 -0.5456358 2.099641 18 AnkleRight
-0.02886653 -0.5993876 1.973954 19 FootRight
-0.08598691 0.6495936 1.916282 20 SpineShoulder
-0.3097221 0.006406866 1.827034 21 HandTipLeft
-0.2971452 0.04117316 1.88075 22 ThumbLeft
-0.06215173 0.1316727 2.006034 0 SpineBase
-0.0768801 0.4320534 1.957957 1 SpineMid
-0.09054467 0.7187767 1.89685 2 Neck
-0.2462603 0.5991144 1.85465 4 ShoulderLeft
-0.2996871 0.3090711 1.870158 5 ElbowLeft
-0.2914684 -0.01470166 1.853136 6 WristLeft
-0.2867772 -0.08426427 1.860292 7 HandLeft
0.1156411 0.6347304 1.960576 8 ShoulderRight
0.1611067 0.3492355 1.975403 9 ElbowRight
-0.1402137 0.1269425 1.957964 12 HipLeft
-0.1529614 -0.2310175 2.028225 13 KneeLeft
-0.1520141 -0.5410248 2.12826 14 AnkleLeft
-0.1084397 -0.6150027 2.061996 15 FootLeft
0.01812261 0.1320453 1.981786 16 HipRight
-0.006149407 -0.2079605 2.023112 17 KneeRight
-0.06221727 -0.5458227 2.101367 18 AnkleRight
-0.1236126 -0.6118441 2.074871 19 FootRight
-0.087306 0.6489853 1.914213 20 SpineShoulder
-0.2911205 -0.1567965 1.864009 21 HandTipLeft
-0.2650318 -0.07767697 1.878231 22 ThumbLeft
-0.06325706 0.1316749 2.005626 0 SpineBase
-0.07798392 0.4314008 1.956269 1 SpineMid
-0.09150602 0.7174186 1.893741 2 Neck
-0.2459519 0.5990475 1.855571 4 ShoulderLeft
-0.3043171 0.2952956 1.870233 5 ElbowLeft
-0.2957752 -0.01379618 1.854253 6 WristLeft
-0.2988788 -0.08617664 1.864534 7 HandLeft
0.1150343 0.6331161 1.956419 8 ShoulderRight
0.160642 0.3485604 1.975795 9 ElbowRight
-0.141579 0.1270044 1.958082 12 HipLeft
-0.1544461 -0.2301887 2.026578 13 KneeLeft
-0.1519105 -0.5417522 2.12864 14 AnkleLeft
-0.1109903 -0.6181273 2.065527 15 FootLeft
0.01711026 0.1318953 1.980874 16 HipRight
-0.001197396 -0.1704599 2.001808 17 KneeRight
-0.06399938 -0.5554587 2.104073 18 AnkleRight
-0.1323367 -0.6151174 2.075874 19 FootRight
-0.08831761 0.647801 1.911462 20 SpineShoulder
-0.3036275 -0.1614595 1.870653 21 HandTipLeft
-0.2751524 -0.08655602 1.8896 22 ThumbLeft
-0.06852378 0.1300613 2.004174 0 SpineBase
-0.08015202 0.4299008 1.953768 1 SpineMid
-0.09180774 0.7159053 1.890449 2 Neck
-0.2448058 0.5998971 1.856153 4 ShoulderLeft
-0.3061416 0.2911232 1.870402 5 ElbowLeft
-0.2999298 -0.01140995 1.855299 6 WristLeft
-0.3012209 -0.08677618 1.86722 7 HandLeft
0.1133933 0.6293416 1.944276 8 ShoulderRight
0.1577712 0.3443088 1.971218 9 ElbowRight
-0.1474771 0.1272888 1.957888 12 HipLeft
-0.1578252 -0.2273812 2.018392 13 KneeLeft
-0.1526759 -0.5416431 2.128026 14 AnkleLeft
-0.1270059 -0.622341 2.061136 15 FootLeft
0.01200762 0.1278225 1.977989 16 HipRight
-0.003531447 -0.1920658 2.010254 17 KneeRight
-0.06385949 -0.5464646 2.10241 18 AnkleRight
-0.1220309 -0.6157103 2.067591 19 FootRight
-0.08902219 0.6463198 1.908401 20 SpineShoulder
-0.3067292 -0.1610711 1.869125 21 HandTipLeft
-0.2757896 -0.08344348 1.891435 22 ThumbLeft
-0.07279597 0.1282358 2.001824 0 SpineBase
-0.08266345 0.4274859 1.949272 1 SpineMid
-0.09204099 0.7131661 1.884019 2 Neck
-0.2472973 0.5995474 1.851347 4 ShoulderLeft
-0.3073353 0.2912487 1.870052 5 ElbowLeft
-0.3034087 -0.009866036 1.856048 6 WristLeft
-0.3023019 -0.08626146 1.869016 7 HandLeft
0.108392 0.6199154 1.921172 8 ShoulderRight
0.1544629 0.3413643 1.964177 9 ElbowRight
-0.1517714 0.1266131 1.956566 12 HipLeft
-0.1711017 -0.2193613 2.003711 13 KneeLeft
-0.1570988 -0.5410539 2.126502 14 AnkleLeft
-0.1507038 -0.6084673 2.030616 15 FootLeft
0.008248424 0.1248705 1.97467 16 HipRight
-0.004827734 -0.2029687 2.012225 17 KneeRight
-0.06251869 -0.5431844 2.102502 18 AnkleRight
-0.1150747 -0.6166003 2.070106 19 FootRight
-0.08986477 0.6436385 1.90244 20 SpineShoulder
-0.305467 -0.162458 1.873987 21 HandTipLeft
-0.2746221 -0.07734884 1.886039 22 ThumbLeft
-0.07627527 0.1270975 1.998704 0 SpineBase
-0.08449787 0.4226017 1.93525 1 SpineMid
-0.08826774 0.7022303 1.851852 2 Neck
-0.2464762 0.599969 1.843262 4 ShoulderLeft
-0.3087033 0.2931907 1.867318 5 ElbowLeft
-0.3412832 0.04782751 1.855893 6 WristLeft
-0.3105284 -0.0172698 1.85341 7 HandLeft
0.1047529 0.6115442 1.89733 8 ShoulderRight
0.1521318 0.3393087 1.952671 9 ElbowRight
-0.1557238 0.1258676 1.954734 12 HipLeft
-0.1869078 -0.2145155 1.97819 13 KneeLeft
-0.1859433 -0.5332527 2.043639 14 AnkleLeft
-0.1670007 -0.5902501 1.916252 15 FootLeft
0.0055531 0.1234589 1.970337 16 HipRight
-0.004836002 -0.2071078 2.011421 17 KneeRight
-0.06133013 -0.5410452 2.101415 18 AnkleRight
-0.0444766 -0.5981225 1.973882 19 FootRight
-0.08782491 0.634394 1.875351 20 SpineShoulder
-0.3104054 -0.09879502 1.840819 21 HandTipLeft
-0.2792843 -0.01534687 1.844334 22 ThumbLeft
-0.0819908 0.1234294 1.993693 0 SpineBase
-0.08643016 0.4147944 1.917758 1 SpineMid
-0.08616819 0.6923568 1.825171 2 Neck
-0.2485083 0.5978498 1.830571 4 ShoulderLeft
-0.3129686 0.2950271 1.859648 5 ElbowLeft
-0.3447332 0.04950608 1.856869 6 WristLeft
-0.3738636 0.06519544 1.856464 7 HandLeft
0.09939943 0.5955197 1.851743 8 ShoulderRight
0.1488752 0.3320074 1.933587 9 ElbowRight
-0.1622607 0.1236797 1.951897 12 HipLeft
-0.1970746 -0.215142 1.954872 13 KneeLeft
-0.1996998 -0.5355134 1.974147 14 AnkleLeft
-0.2037354 -0.6230469 1.887695 15 FootLeft
0.0009519157 0.1182303 1.962811 16 HipRight
-0.003200621 -0.2104108 2.010996 17 KneeRight
-0.05895945 -0.5374194 2.100427 18 AnkleRight
-0.05244035 -0.5962964 1.97298 19 FootRight
-0.08656389 0.6248484 1.850535 20 SpineShoulder
-0.4128632 0.01375867 1.861851 21 HandTipLeft
-0.323305 0.04565627 1.839379 22 ThumbLeft
-0.08917522 0.1174232 1.986091 0 SpineBase
-0.09006723 0.405641 1.894949 1 SpineMid
-0.08691169 0.6813219 1.787909 2 Neck
-0.246621 0.5882811 1.788187 4 ShoulderLeft
-0.3207155 0.2887684 1.843629 5 ElbowLeft
-0.3514294 0.04398702 1.855045 6 WristLeft
-0.3801398 0.0622358 1.848537 7 HandLeft
0.09221454 0.5773838 1.810363 8 ShoulderRight
0.1410827 0.3236262 1.900799 9 ElbowRight
-0.1700924 0.1198542 1.946309 12 HipLeft
-0.2054795 -0.2131246 1.928263 13 KneeLeft
-0.2061567 -0.5381217 1.908012 14 AnkleLeft
-0.221058 -0.6171875 1.793848 15 FootLeft
-0.004971457 0.1103726 1.953592 16 HipRight
-0.002630214 -0.220679 2.013088 17 KneeRight
-0.05844028 -0.5371495 2.103619 18 AnkleRight
-0.05222191 -0.5983183 1.977869 19 FootRight
-0.08795112 0.6142368 1.816846 20 SpineShoulder
-0.4295735 0.03236622 1.850235 21 HandTipLeft
-0.3365919 0.04046141 1.84805 22 ThumbLeft
-0.09966176 0.1133444 1.968769 0 SpineBase
-0.09639544 0.3992775 1.86798 1 SpineMid
-0.09078175 0.6726629 1.754407 2 Neck
-0.2502485 0.580864 1.758697 4 ShoulderLeft
-0.3282313 0.2851559 1.825644 5 ElbowLeft
-0.3616692 0.04159979 1.844454 6 WristLeft
-0.3899588 0.05600407 1.839414 7 HandLeft
0.08755565 0.5680769 1.778458 8 ShoulderRight
0.1303154 0.3152016 1.85719 9 ElbowRight
0.1433869 0.0676522 1.85698 10 WristRight
0.1400867 0.04762904 1.852978 11 HandRight
-0.180659 0.1154247 1.931425 12 HipLeft
-0.2141443 -0.2099776 1.907864 13 KneeLeft
-0.2194037 -0.5429823 1.868576 14 AnkleLeft
-0.2289369 -0.6171631 1.747198 15 FootLeft
-0.01489917 0.1070868 1.934244 16 HipRight
-0.007060373 -0.2201269 2.004995 17 KneeRight
-0.06053966 -0.5421636 2.109486 18 AnkleRight
-0.05530864 -0.6046499 1.984784 19 FootRight
-0.09235435 0.6061894 1.784853 20 SpineShoulder
-0.4487032 0.03469853 1.83609 21 HandTipLeft
-0.3766188 0.03657102 1.844846 22 ThumbLeft
0.1429908 -0.0005859679 1.902898 23 HandTipRight
0.1061221 0.04585479 1.824974 24 ThumbRight
-0.1104611 0.1028588 1.928596 0 SpineBase
-0.1065153 0.390946 1.828557 1 SpineMid
-0.1014941 0.6664186 1.717323 2 Neck
-0.2595465 0.5716986 1.720863 4 ShoulderLeft
-0.3390962 0.2892395 1.790892 5 ElbowLeft
-0.4210152 0.05811135 1.810208 6 WristLeft
-0.4415122 0.04195636 1.823055 7 HandLeft
0.07807495 0.5578098 1.732583 8 ShoulderRight
0.1208619 0.305255 1.817316 9 ElbowRight
0.1367703 0.05798218 1.818119 10 WristRight
0.1371014 0.04094033 1.816199 11 HandRight
-0.1926266 0.1046741 1.891349 12 HipLeft
-0.2468183 -0.2241641 1.859398 13 KneeLeft
-0.2474076 -0.5649347 1.829075 14 AnkleLeft
-0.255127 -0.6313477 1.696289 15 FootLeft
-0.02416024 0.09722286 1.894158 16 HipRight
-0.01607431 -0.218066 1.980607 17 KneeRight
-0.05943165 -0.5436383 2.10208 18 AnkleRight
-0.05667472 -0.6057544 1.97707 19 FootRight
-0.1028922 0.5994542 1.747117 20 SpineShoulder
0.136933 -0.005290205 1.85376 23 HandTipRight
0.09716352 0.04389946 1.799956 24 ThumbRight
-0.1412444 0.08980601 1.848895 0 SpineBase
-0.1320032 0.3807735 1.763013 1 SpineMid
-0.1218367 0.6582652 1.665833 2 Neck
-0.2790032 0.5537019 1.665532 4 ShoulderLeft
-0.3642718 0.2904512 1.725857 5 ElbowLeft
-0.4705552 0.07151799 1.750873 6 WristLeft
-0.4992393 0.04473409 1.766439 7 HandLeft
0.06158667 0.552467 1.684049 8 ShoulderRight
0.1151812 0.3056953 1.757996 9 ElbowRight
0.133266 0.05889059 1.743637 10 WristRight
0.123766 0.06798174 1.731545 11 HandRight
-0.223846 0.09202816 1.80994 12 HipLeft
-0.2732187 -0.2300586 1.826529 13 KneeLeft
-0.2685946 -0.5672908 1.836192 14 AnkleLeft
-0.2589269 -0.6257402 1.710553 15 FootLeft
-0.05311671 0.08412528 1.815996 16 HipRight
-0.02614345 -0.2103489 1.895694 17 KneeRight
-0.06992679 -0.5388076 2.105739 18 AnkleRight
-0.05256511 -0.6266661 2.066168 19 FootRight
-0.1245707 0.5908222 1.692028 20 SpineShoulder
0.1236437 -0.0102792 1.760366 23 HandTipRight
0.08937167 0.03779343 1.702808 24 ThumbRight
-0.1546637 0.07443846 1.783828 0 SpineBase
-0.1482329 0.3686059 1.707852 1 SpineMid
-0.1407474 0.6489956 1.620256 2 Neck
-0.295583 0.5418183 1.615384 4 ShoulderLeft
-0.3814752 0.263619 1.669421 5 ElbowLeft
-0.4881639 0.0524436 1.723382 6 WristLeft
-0.5146821 0.02113529 1.735001 7 HandLeft
0.04614979 0.5482337 1.645117 8 ShoulderRight
0.09673711 0.3017351 1.705264 9 ElbowRight
0.1328765 0.05710672 1.689874 10 WristRight
0.1223265 0.0656946 1.683577 11 HandRight
-0.2356453 0.07668847 1.742966 12 HipLeft
-0.2846247 -0.2315066 1.800266 13 KneeLeft
-0.2730302 -0.5702131 1.839076 14 AnkleLeft
-0.2868163 -0.6520041 1.778121 15 FootLeft
-0.06746922 0.06920327 1.753168 16 HipRight
-0.04411366 -0.2103467 1.824072 17 KneeRight
-0.07393357 -0.522935 2.064165 18 AnkleRight
-0.06408129 -0.5815089 1.937018 19 FootRight
-0.1428147 0.5808926 1.644056 20 SpineShoulder
-0.5465635 -0.002190708 1.751763 21 HandTipLeft
-0.5412918 0.002666592 1.718286 22 ThumbLeft
0.1237138 -0.009122985 1.703573 23 HandTipRight
0.08607197 0.03638364 1.658812 24 ThumbRight
-0.1765744 0.06428146 1.736206 0 SpineBase
-0.1630566 0.3622891 1.66848 1 SpineMid
-0.1490802 0.6457356 1.589799 2 Neck
-0.3015753 0.5346068 1.577254 4 ShoulderLeft
-0.3924158 0.2560426 1.618528 5 ElbowLeft
-0.4916108 0.03651099 1.654636 6 WristLeft
-0.5023662 0.001574051 1.679144 7 HandLeft
0.03701988 0.5445201 1.613617 8 ShoulderRight
0.08927595 0.2968367 1.67917 9 ElbowRight
0.1249546 0.05271912 1.653366 10 WristRight
0.1150831 0.06036837 1.646782 11 HandRight
-0.2572056 0.06805221 1.692773 12 HipLeft
-0.2989173 -0.2612498 1.766421 13 KneeLeft
-0.2752267 -0.5702476 1.836415 14 AnkleLeft
-0.2805683 -0.6480917 1.761771 15 FootLeft
-0.08867291 0.05786561 1.708207 16 HipRight
-0.06712209 -0.2292439 1.757677 17 KneeRight
-0.08937186 -0.5322719 2.009925 18 AnkleRight
-0.07695352 -0.5893737 1.882337 19 FootRight
-0.1525904 0.5769963 1.611594 20 SpineShoulder
-0.5210465 -0.03175307 1.680765 21 HandTipLeft
-0.5174081 0.03105384 1.653273 22 ThumbLeft
0.1288615 -0.01466226 1.672482 23 HandTipRight
0.08212993 0.02936111 1.621829 24 ThumbRight
-0.2003608 0.05134084 1.674974 0 SpineBase
-0.1817989 0.3498113 1.604976 1 SpineMid
-0.1623038 0.6335286 1.5231 2 Neck
-0.3100832 0.5152074 1.50374 4 ShoulderLeft
-0.4005805 0.1909886 1.529407 5 ElbowLeft
-0.4184537 -0.1176824 1.527145 6 WristLeft
-0.4347221 -0.1902649 1.548271 7 HandLeft
0.02371782 0.5360699 1.560301 8 ShoulderRight
0.07413954 0.2880779 1.624211 9 ElbowRight
0.1291022 0.04694377 1.619838 10 WristRight
0.1138973 0.0563167 1.602928 11 HandRight
-0.2799864 0.05133599 1.628908 12 HipLeft
-0.3081425 -0.2717164 1.723456 13 KneeLeft
-0.2762042 -0.5697324 1.828945 14 AnkleLeft
-0.2808572 -0.6527386 1.76759 15 FootLeft
-0.1122072 0.04915998 1.649732 16 HipRight
-0.07514006 -0.2500015 1.637873 17 KneeRight
-0.1174 -0.5170823 1.875418 18 AnkleRight
-0.06842041 -0.5917969 1.862305 19 FootRight
-0.1673395 0.5647237 1.545508 20 SpineShoulder
-0.4407401 -0.2646865 1.564538 21 HandTipLeft
-0.4529887 -0.1920962 1.507411 22 ThumbLeft
0.1340555 -0.01613522 1.629391 23 HandTipRight
0.08277403 0.02700013 1.5734 24 ThumbRight
-0.172457 0.03808688 1.620323 0 SpineBase
-0.1672533 0.338341 1.54535 1 SpineMid
-0.1606377 0.6232944 1.458408 2 Neck
-0.3075474 0.4920253 1.432357 4 ShoulderLeft
-0.3960242 0.1647697 1.439752 5 ElbowLeft
-0.4160737 -0.09974114 1.441132 6 WristLeft
-0.4436111 -0.1723044 1.455855 7 HandLeft
0.02317749 0.5147327 1.507594 8 ShoulderRight
0.07141393 0.2761836 1.576943 9 ElbowRight
0.1288319 0.03666728 1.591013 10 WristRight
0.1177216 0.05083759 1.574809 11 HandRight
-0.255081 0.03356751 1.56839 12 HipLeft
-0.3170671 -0.2531792 1.693069 13 KneeLeft
-0.2722745 -0.5670447 1.808811 14 AnkleLeft
-0.2790534 -0.6537948 1.769986 15 FootLeft
-0.08227193 0.0409249 1.600798 16 HipRight
-0.07760289 -0.2616661 1.549164 17 KneeRight
-0.08173607 -0.5747048 1.691246 18 AnkleRight
-0.02600346 -0.643354 1.641229 19 FootRight
-0.1625156 0.5542626 1.482061 20 SpineShoulder
-0.4627388 -0.2470994 1.470015 21 HandTipLeft
-0.461178 -0.1648225 1.415045 22 ThumbLeft
0.145251 -0.0247878 1.608171 23 HandTipRight
0.07932437 0.02396858 1.556969 24 ThumbRight
-0.1387966 0.02006257 1.560966 0 SpineBase
-0.1413155 0.3212532 1.48251 1 SpineMid
-0.1422583 0.6065967 1.391873 2 Neck
-0.2858636 0.4727257 1.356143 4 ShoulderLeft
-0.3620659 0.1517372 1.343099 5 ElbowLeft
-0.3771464 -0.09484578 1.344614 6 WristLeft
-0.3989125 -0.159708 1.364338 7 HandLeft
0.04338228 0.4967002 1.450921 8 ShoulderRight
0.1013437 0.2022504 1.533581 9 ElbowRight
0.1699713 -0.02915654 1.574225 10 WristRight
0.1707634 -0.04058262 1.604048 11 HandRight
-0.2203777 0.01224523 1.505413 12 HipLeft
-0.2866243 -0.2604273 1.670751 13 KneeLeft
-0.2611851 -0.5566579 1.789368 14 AnkleLeft
-0.2270098 -0.6130329 1.66699 15 FootLeft
-0.05093119 0.02695284 1.544915 16 HipRight
-0.04765528 -0.2895224 1.467518 17 KneeRight
0.0001173057 -0.6235062 1.469657 18 AnkleRight
0.05938721 -0.6904297 1.404297 19 FootRight
-0.1422635 0.5375514 1.41644 20 SpineShoulder
-0.4282874 -0.2246365 1.384412 21 HandTipLeft
-0.4208921 -0.1582192 1.319018 22 ThumbLeft
-0.06499118 -0.024056 1.433794 0 SpineBase
-0.06451978 0.2788318 1.355781 1 SpineMid
-0.06328867 0.564661 1.264881 2 Neck
-0.2189228 0.4195385 1.227595 4 ShoulderLeft
-0.2903937 0.1269216 1.200763 5 ElbowLeft
-0.280308 -0.12088 1.192858 6 WristLeft
-0.3091392 -0.1932632 1.231223 7 HandLeft
0.1138769 0.4506886 1.321885 8 ShoulderRight
0.1208388 0.204612 1.367419 9 ElbowRight
0.2086814 0.006459297 1.477013 10 WristRight
0.2150358 -0.02343799 1.483029 11 HandRight
-0.1492775 -0.03172844 1.376876 12 HipLeft
-0.2141799 -0.2627542 1.516122 13 KneeLeft
-0.2344872 -0.5674474 1.747024 14 AnkleLeft
-0.2742823 -0.6382322 1.746092 15 FootLeft
0.02241478 -0.0151916 1.418856 16 HipRight
0.01866117 -0.3160767 1.395768 17 KneeRight
0.05568117 -0.6559254 1.344847 18 AnkleRight
0.0839086 -0.7074854 1.224181 19 FootRight
-0.06370862 0.4956743 1.28952 20 SpineShoulder
-0.332973 -0.2704544 1.211722 21 HandTipLeft
-0.3145832 -0.2410174 1.165939 22 ThumbLeft
0.2298889 -0.08114333 1.53365 23 HandTipRight
0.2473889 -0.006660396 1.493333 24 ThumbRight
