X              Y         Z      JointType 
-0.1894142 -0.3882844 1.717999 0 SpineBase
-0.1805016 -0.1037502 1.73333 1 SpineMid
-0.170532 0.1717915 1.735044 2 Neck
-0.3353634 0.0587388 1.742082 4 ShoulderLeft
-0.4745552 -0.03014109 1.8048 5 ElbowLeft
-0.3466294 0.1052964 1.667232 6 WristLeft
-0.306894 0.1155627 1.659449 7 HandLeft
-0.01694068 0.03922442 1.675587 8 ShoulderRight
0.03547325 -0.1615589 1.675831 9 ElbowRight
-0.2587474 -0.3762528 1.702532 12 HipLeft
-0.2911376 -0.6687418 1.726333 13 KneeLeft
-0.1534257 -0.7447123 1.452563 14 AnkleLeft
-0.1121422 -0.8047911 1.425055 15 FootLeft
-0.112867 -0.3857257 1.668861 16 HipRight
-0.1687587 -0.6785454 1.481466 17 KneeRight
-0.0578514 -0.9783118 1.419213 18 AnkleRight
-0.1732078 0.1041283 1.736856 20 SpineShoulder
-0.2736005 0.1365418 1.646021 21 HandTipLeft
-0.280586 0.09666915 1.692692 22 ThumbLeft
-0.2018184 -0.399364 1.782179 0 SpineBase
-0.1883495 -0.1116758 1.790673 1 SpineMid
-0.1740819 0.1671256 1.785783 2 Neck
-0.3332862 0.04980928 1.777043 4 ShoulderLeft
-0.4846455 -0.06294222 1.846175 5 ElbowLeft
-0.3749466 0.03419456 1.726786 6 WristLeft
-0.3124018 0.05949739 1.71974 7 HandLeft
-0.01877085 0.04179604 1.761435 8 ShoulderRight
0.03261456 -0.1645949 1.790795 9 ElbowRight
-0.2715851 -0.3893882 1.755442 12 HipLeft
-0.2840646 -0.688618 1.772931 13 KneeLeft
-0.155804 -0.801705 1.575132 14 AnkleLeft
-0.1444486 -0.788949 1.441719 15 FootLeft
-0.1245984 -0.3948298 1.744688 16 HipRight
-0.1458479 -0.6882164 1.623238 17 KneeRight
-0.1181277 -0.9480014 1.692399 18 AnkleRight
-0.1130849 -1.003073 1.586866 19 FootRight
-0.1778063 0.09863152 1.789235 20 SpineShoulder
-0.2909263 0.09990985 1.709197 21 HandTipLeft
-0.3574788 0.0848897 1.693053 22 ThumbLeft
-0.1963716 -0.4147434 1.810072 0 SpineBase
-0.1861817 -0.1190038 1.81933 1 SpineMid
-0.1752863 0.1661423 1.817139 2 Neck
-0.3229749 0.05064442 1.821275 4 ShoulderLeft
-0.4598558 -0.1191152 1.898782 5 ElbowLeft
-0.3901283 0.008575776 1.700939 6 WristLeft
-0.3662281 0.01764065 1.709893 7 HandLeft
-0.01439746 0.04108288 1.805876 8 ShoulderRight
0.05395475 -0.1524787 1.8363 9 ElbowRight
0.1228389 -0.296895 1.741444 10 WristRight
0.1691581 -0.3528653 1.675974 11 HandRight
-0.2649338 -0.4050126 1.780406 12 HipLeft
-0.2582785 -0.6998432 1.790776 13 KneeLeft
-0.2380605 -1.02014 1.863068 14 AnkleLeft
-0.2350951 -1.071852 1.751792 15 FootLeft
-0.1205107 -0.4094428 1.774464 16 HipRight
-0.1167902 -0.7201158 1.740173 17 KneeRight
-0.104085 -0.9878242 1.791116 18 AnkleRight
-0.1042404 -1.036339 1.677377 19 FootRight
-0.1781333 0.09618258 1.819834 20 SpineShoulder
-0.3474777 0.03226213 1.677555 21 HandTipLeft
-0.4076587 0.00644644 1.699369 22 ThumbLeft
0.2059378 -0.4087534 1.649585 23 HandTipRight
0.1984226 -0.3823095 1.6325 24 ThumbRight
-0.1739264 -0.4146159 1.840638 0 SpineBase
-0.167925 -0.1199456 1.888751 1 SpineMid
-0.1614057 0.1646082 1.923377 2 Neck
-0.3247351 0.04731973 1.916853 4 ShoulderLeft
-0.4634444 -0.1072622 1.890715 5 ElbowLeft
-0.5854689 -0.2310996 1.820635 6 WristLeft
-0.6469361 -0.2818606 1.792901 7 HandLeft
0.006579375 0.04994318 1.914005 8 ShoulderRight
0.1438065 -0.1170709 1.871673 9 ElbowRight
0.2729307 -0.2399584 1.808688 10 WristRight
0.3342439 -0.2926656 1.776666 11 HandRight
-0.2478099 -0.4063201 1.808809 12 HipLeft
-0.2506991 -0.7503452 1.803478 13 KneeLeft
-0.2656227 -1.022279 1.856232 14 AnkleLeft
-0.2665068 -1.089913 1.806641 15 FootLeft
-0.09356751 -0.4077648 1.804713 16 HipRight
-0.08693273 -0.7390448 1.790065 17 KneeRight
-0.08680243 -1.014832 1.839334 18 AnkleRight
-0.0868436 -1.063686 1.731603 19 FootRight
-0.1631524 0.09477879 1.916971 20 SpineShoulder
-0.6969817 -0.3345571 1.783022 21 HandTipLeft
-0.6058111 -0.2622783 1.8355 22 ThumbLeft
0.3814859 -0.3299581 1.760274 23 HandTipRight
0.3486395 -0.2991802 1.724059 24 ThumbRight
-0.1755157 -0.418658 1.842553 0 SpineBase
-0.1686122 -0.1237995 1.891812 1 SpineMid
-0.1614116 0.1609515 1.927704 2 Neck
-0.3296858 0.03064144 1.924852 4 ShoulderLeft
-0.4153253 -0.1686078 1.885392 5 ElbowLeft
-0.4813202 -0.3436942 1.802727 6 WristLeft
-0.5199148 -0.4130932 1.76856 7 HandLeft
0.007477148 0.04477496 1.9184 8 ShoulderRight
0.09409792 -0.1396923 1.876913 9 ElbowRight
0.1611466 -0.2870041 1.820245 10 WristRight
0.1947157 -0.3560899 1.787205 11 HandRight
-0.2495558 -0.4109932 1.811692 12 HipLeft
-0.2513573 -0.753372 1.804469 13 KneeLeft
-0.2682429 -1.022042 1.855869 14 AnkleLeft
-0.2639533 -1.090328 1.806235 15 FootLeft
-0.0950032 -0.4110941 1.805677 16 HipRight
-0.08747379 -0.7461295 1.794768 17 KneeRight
-0.09366574 -1.029299 1.853492 18 AnkleRight
-0.09085403 -1.088546 1.781124 19 FootRight
-0.1633231 0.09104723 1.921018 20 SpineShoulder
-0.5476583 -0.4635975 1.753174 21 HandTipLeft
-0.5276287 -0.3902702 1.7668 22 ThumbLeft
0.2357202 -0.3977598 1.741866 23 HandTipRight
0.2241314 -0.3802876 1.735 24 ThumbRight
-0.1769898 -0.420902 1.842893 0 SpineBase
-0.1698762 -0.1256881 1.89266 1 SpineMid
-0.1621968 0.15967 1.928624 2 Neck
-0.3326412 0.02408047 1.926874 4 ShoulderLeft
-0.3710565 -0.2019363 1.886096 5 ElbowLeft
-0.4158983 -0.3869934 1.796924 6 WristLeft
-0.4166225 -0.4536624 1.758475 7 HandLeft
0.01024645 0.03447817 1.924115 8 ShoulderRight
0.05675697 -0.1827022 1.874035 9 ElbowRight
0.1286088 -0.3660685 1.811891 10 WristRight
0.1553215 -0.4401496 1.779392 11 HandRight
-0.2510179 -0.413848 1.813302 12 HipLeft
-0.2515015 -0.7546649 1.804863 13 KneeLeft
-0.2702202 -1.021667 1.854055 14 AnkleLeft
-0.2747534 -1.072051 1.746038 15 FootLeft
-0.09661016 -0.4129849 1.804693 16 HipRight
-0.08818321 -0.7504749 1.797405 17 KneeRight
-0.09670184 -1.039787 1.861724 18 AnkleRight
-0.08612055 -1.076015 1.762417 19 FootRight
-0.1642444 0.08959625 1.921958 20 SpineShoulder
-0.4151547 -0.5129159 1.726587 21 HandTipLeft
-0.4516813 -0.4605597 1.7717 22 ThumbLeft
0.1910063 -0.4937151 1.771076 23 HandTipRight
0.1423248 -0.4263972 1.73332 24 ThumbRight
-0.06051302 -0.4045356 1.678974 0 SpineBase
-0.04160616 -0.1119861 1.686445 1 SpineMid
-0.02293482 0.1706358 1.678759 2 Neck
-0.1898836 0.0623793 1.702313 4 ShoulderLeft
-0.3398307 -0.07991632 1.725013 5 ElbowLeft
-0.4989021 -0.06534366 1.611533 6 WristLeft
-0.5619384 -0.06286079 1.562307 7 HandLeft
0.1399917 0.06876704 1.730355 8 ShoulderRight
0.2647104 -0.1239202 1.777192 9 ElbowRight
0.4213452 -0.1485785 1.683877 10 WristRight
0.4680634 -0.1544566 1.646903 11 HandRight
-0.1383412 -0.3906632 1.645619 12 HipLeft
-0.1263653 -0.6462616 1.468834 13 KneeLeft
-0.1265637 -0.9613489 1.355591 14 AnkleLeft
0.01980288 -0.4019624 1.64405 16 HipRight
-0.00473559 -0.7236608 1.685156 17 KneeRight
-0.05196526 -0.9781722 1.760589 18 AnkleRight
-0.0577186 -1.035955 1.655973 19 FootRight
-0.02756794 0.1013431 1.683111 20 SpineShoulder
-0.6128337 -0.05552099 1.536972 21 HandTipLeft
-0.541238 -0.03357359 1.518571 22 ThumbLeft
0.5224568 -0.1608934 1.62753 23 HandTipRight
0.4774345 -0.1676361 1.6597 24 ThumbRight
-0.04988578 -0.3979962 1.549428 0 SpineBase
-0.03765099 -0.1011866 1.562425 1 SpineMid
-0.02508642 0.1847355 1.559489 2 Neck
-0.1886428 0.06608885 1.566385 4 ShoulderLeft
-0.3537987 -0.06740849 1.597863 5 ElbowLeft
-0.4983318 -0.04879522 1.484006 6 WristLeft
-0.5511748 -0.02731556 1.443862 7 HandLeft
0.1447573 0.07571545 1.598114 8 ShoulderRight
0.2596754 -0.121356 1.669923 9 ElbowRight
0.4343431 -0.1002142 1.597936 10 WristRight
0.503878 -0.08001354 1.567002 11 HandRight
-0.1285696 -0.3829426 1.515855 12 HipLeft
-0.1138805 -0.6545925 1.3748 13 KneeLeft
-0.1372184 -0.9786915 1.303885 14 AnkleLeft
0.03100098 -0.39556 1.514923 16 HipRight
0.01011929 -0.6700418 1.558628 17 KneeRight
-0.03179372 -0.9626284 1.689163 18 AnkleRight
-0.03598412 -1.036851 1.606125 19 FootRight
-0.02824418 0.1147603 1.562687 20 SpineShoulder
-0.6021481 -0.005732157 1.419476 21 HandTipLeft
-0.537061 -0.01225962 1.452111 22 ThumbLeft
0.5620179 -0.0670912 1.564698 23 HandTipRight
0.5624148 -0.06335761 1.570833 24 ThumbRight
-0.04023407 -0.3713168 1.435754 0 SpineBase
-0.0313824 -0.07047823 1.461371 1 SpineMid
-0.02260739 0.2177925 1.471241 2 Neck
-0.1873827 0.09666265 1.468716 4 ShoulderLeft
-0.3548842 -0.03157683 1.481473 5 ElbowLeft
-0.5088361 0.01045748 1.37942 6 WristLeft
-0.5663054 0.03531507 1.342522 7 HandLeft
0.1373771 0.1114056 1.492317 8 ShoulderRight
0.2834133 -0.05052042 1.56975 9 ElbowRight
0.4890164 -0.005758232 1.513734 10 WristRight
0.5370319 0.0115923 1.504528 11 HandRight
-0.1183529 -0.3580555 1.404794 12 HipLeft
-0.1059792 -0.6411459 1.300958 13 KneeLeft
-0.2514575 -0.7204404 1.030962 14 AnkleLeft
0.03981873 -0.36698 1.398662 16 HipRight
0.0200167 -0.6463014 1.427244 17 KneeRight
-0.01916851 -0.9262286 1.581407 18 AnkleRight
-0.02479574 0.1474318 1.471164 20 SpineShoulder
-0.6212447 0.05701737 1.314115 21 HandTipLeft
-0.616964 0.07549018 1.329 22 ThumbLeft
0.6007077 0.03519265 1.502684 23 HandTipRight
0.5512053 -0.00997971 1.520286 24 ThumbRight
