X              Y         Z      JointType 
-0.08706963 0.01240691 1.670321 0 SpineBase
-0.04823994 0.3269915 1.616528 1 SpineMid
-0.01056597 0.625569 1.549993 2 Neck
-0.1826738 0.5303595 1.581491 4 ShoulderLeft
-0.2734413 0.3916996 1.620688 5 ElbowLeft
-0.1989808 0.2811037 1.461839 6 WristLeft
-0.1727728 0.230492 1.477162 7 HandLeft
0.1353441 0.502454 1.509384 8 ShoulderRight
0.1678335 0.2956471 1.475734 9 ElbowRight
-0.1582585 0.01874771 1.641731 12 HipLeft
-0.1230092 -0.2522554 1.439436 13 KneeLeft
-0.14837 -0.6348029 1.766531 14 AnkleLeft
-0.01194161 0.005508151 1.62457 16 HipRight
0.0035036 -0.3116664 1.56142 17 KneeRight
0.06141665 -0.6779538 1.636224 18 AnkleRight
-0.03195599 -0.620145 1.629325 19 FootRight
-0.01983467 0.5531779 1.568664 20 SpineShoulder
-0.1391711 0.1512834 1.467121 21 HandTipLeft
-0.1124075 0.254292 1.406622 22 ThumbLeft
-0.1287382 0.07879546 1.788612 0 SpineBase
-0.1248554 0.3780121 1.772181 1 SpineMid
-0.1203547 0.6634454 1.744306 2 Neck
-0.2826881 0.5481876 1.746806 4 ShoulderLeft
-0.4310433 0.3762776 1.768323 5 ElbowLeft
-0.5739205 0.3304636 1.669389 6 WristLeft
-0.6237748 0.3326114 1.648537 7 HandLeft
0.04429353 0.5574601 1.752916 8 ShoulderRight
0.1292409 0.3442402 1.775692 9 ElbowRight
0.3131698 0.3188594 1.648021 10 WristRight
0.3560524 0.3280153 1.623058 11 HandRight
-0.2014297 0.0781849 1.750521 12 HipLeft
-0.2010186 -0.2083463 1.799666 13 KneeLeft
-0.1826616 -0.541292 1.998734 14 AnkleLeft
-0.1790944 -0.6104565 1.973065 15 FootLeft
-0.05101704 0.07631394 1.756754 16 HipRight
-0.06583117 -0.2082803 1.788584 17 KneeRight
-0.04746256 -0.5398124 2.002026 18 AnkleRight
-0.05199932 -0.6150154 1.968593 19 FootRight
-0.1215914 0.5939739 1.753224 20 SpineShoulder
-0.6872451 0.3241266 1.616904 21 HandTipLeft
-0.6582513 0.2950593 1.677913 22 ThumbLeft
0.4304078 0.3449398 1.613986 23 HandTipRight
0.3912139 0.2902015 1.654667 24 ThumbRight
-0.1211733 0.07605221 1.770823 0 SpineBase
-0.1161574 0.374311 1.756954 1 SpineMid
-0.1107617 0.6588192 1.732637 2 Neck
-0.2786574 0.5455552 1.738963 4 ShoulderLeft
-0.4098029 0.361258 1.768119 5 ElbowLeft
-0.5424615 0.2709594 1.699735 6 WristLeft
-0.5819986 0.2454911 1.679938 7 HandLeft
0.05744326 0.546784 1.738672 8 ShoulderRight
0.1860106 0.3613822 1.776521 9 ElbowRight
0.3387662 0.27314 1.707252 10 WristRight
0.3740662 0.2611752 1.679593 11 HandRight
-0.1938319 0.07549512 1.732278 12 HipLeft
-0.1971511 -0.2082418 1.783695 13 KneeLeft
-0.1829479 -0.5315194 1.987834 14 AnkleLeft
-0.1718127 -0.6025582 1.963667 15 FootLeft
-0.04364744 0.07359016 1.739251 16 HipRight
-0.06108849 -0.2076084 1.775472 17 KneeRight
-0.04294366 -0.5288634 1.994024 18 AnkleRight
-0.05343877 -0.5972402 1.970067 19 FootRight
-0.1122315 0.5895979 1.740631 20 SpineShoulder
-0.6543996 0.2320081 1.652624 21 HandTipLeft
-0.6001082 0.1968935 1.722812 22 ThumbLeft
0.4560053 0.2746997 1.693521 23 HandTipRight
0.3608899 0.221527 1.713524 24 ThumbRight
-0.1169926 0.07433233 1.775382 0 SpineBase
-0.1120306 0.373674 1.7617 1 SpineMid
-0.1064322 0.6590009 1.737162 2 Neck
-0.2692406 0.5460718 1.738473 4 ShoulderLeft
-0.3409939 0.3277581 1.755827 5 ElbowLeft
-0.3737994 0.1388694 1.710889 6 WristLeft
-0.3865629 0.07996359 1.705583 7 HandLeft
0.05690012 0.5485109 1.739079 8 ShoulderRight
0.1205728 0.3276368 1.761054 9 ElbowRight
0.1701649 0.1223289 1.725552 10 WristRight
0.1746423 0.06533244 1.700226 11 HandRight
-0.1896738 0.07392116 1.738016 12 HipLeft
-0.1886159 -0.2057172 1.78021 13 KneeLeft
-0.1800425 -0.527866 1.988315 14 AnkleLeft
-0.1770055 -0.5635504 1.882549 15 FootLeft
-0.03959901 0.07182812 1.74246 16 HipRight
-0.05896525 -0.2154918 1.783084 17 KneeRight
-0.0440207 -0.5337501 1.99431 18 AnkleRight
-0.04886376 -0.5991269 1.965399 19 FootRight
-0.1079321 0.5895925 1.745212 20 SpineShoulder
-0.4012245 0.0009860089 1.713355 21 HandTipLeft
-0.3465608 0.06578879 1.720146 22 ThumbLeft
0.2084499 -2.68757E-06 1.720083 23 HandTipRight
0.2149585 0.09524353 1.711805 24 ThumbRight
-0.1148685 0.07369798 1.783057 0 SpineBase
-0.1157199 0.374713 1.770358 1 SpineMid
-0.115021 0.6619121 1.747002 2 Neck
-0.267862 0.5490256 1.748299 4 ShoulderLeft
-0.3418689 0.3310185 1.762383 5 ElbowLeft
-0.377616 0.1396068 1.718008 6 WristLeft
-0.3866642 0.0806102 1.709115 7 HandLeft
0.05730934 0.5488389 1.746835 8 ShoulderRight
0.1192914 0.3277785 1.770406 9 ElbowRight
0.1682254 0.123777 1.740214 10 WristRight
0.1723812 0.06825927 1.71513 11 HandRight
-0.1875629 0.07334735 1.745478 12 HipLeft
-0.1879755 -0.2081545 1.787971 13 KneeLeft
-0.1816127 -0.529592 1.989888 14 AnkleLeft
-0.1790262 -0.5644233 1.885287 15 FootLeft
-0.0375956 0.07115254 1.750139 16 HipRight
-0.06166798 -0.2154497 1.787823 17 KneeRight
-0.04353009 -0.5269225 1.993959 18 AnkleRight
-0.04788114 -0.5945076 1.969164 19 FootRight
-0.1152917 0.5919995 1.754781 20 SpineShoulder
-0.4010639 -0.0004171004 1.714148 21 HandTipLeft
-0.3461448 0.07499701 1.702061 22 ThumbLeft
0.1999719 0.00993547 1.709988 23 HandTipRight
0.2081594 0.09428253 1.709054 24 ThumbRight
-0.112111 0.0754935 1.786765 0 SpineBase
-0.1069753 0.3771846 1.779456 1 SpineMid
-0.1010658 0.6649364 1.761046 2 Neck
-0.2646498 0.548449 1.753429 4 ShoulderLeft
-0.3406618 0.3313565 1.768759 5 ElbowLeft
-0.3786862 0.1431969 1.723415 6 WristLeft
-0.3891311 0.08774171 1.713662 7 HandLeft
0.06095167 0.5520149 1.76116 8 ShoulderRight
0.1211807 0.3294099 1.778277 9 ElbowRight
0.1644246 0.1113356 1.749561 10 WristRight
0.1671137 0.05237754 1.729214 11 HandRight
-0.1844524 0.07562687 1.748214 12 HipLeft
-0.1921421 -0.2113448 1.792989 13 KneeLeft
-0.1791597 -0.5299284 1.990255 14 AnkleLeft
-0.1684797 -0.5984483 1.96787 15 FootLeft
-0.03532725 0.07243133 1.75469 16 HipRight
-0.05940437 -0.2184999 1.795295 17 KneeRight
-0.04292735 -0.5306863 1.995261 18 AnkleRight
-0.0487117 -0.5986416 1.966893 19 FootRight
-0.1026279 0.594907 1.76761 20 SpineShoulder
-0.4064338 0.008918778 1.71723 21 HandTipLeft
-0.3517387 0.07034051 1.731167 22 ThumbLeft
0.1832609 -0.004632588 1.714708 23 HandTipRight
0.1984496 0.07676461 1.721199 24 ThumbRight
-0.1313249 0.06540868 1.78303 0 SpineBase
-0.1300998 0.3708149 1.763736 1 SpineMid
-0.1279207 0.662013 1.73297 2 Neck
-0.2869958 0.5452474 1.726376 4 ShoulderLeft
-0.3561451 0.3258763 1.742817 5 ElbowLeft
-0.3838754 0.1366478 1.701223 6 WristLeft
-0.3812514 0.07449681 1.691818 7 HandLeft
0.03903405 0.5517858 1.740996 8 ShoulderRight
0.1054727 0.3307261 1.757404 9 ElbowRight
0.1509626 0.1093813 1.728496 10 WristRight
0.1592617 0.05464732 1.703071 11 HandRight
-0.2027161 0.064814 1.74112 12 HipLeft
-0.2249006 -0.2244854 1.815715 13 KneeLeft
-0.2548339 -0.5321578 1.971454 14 AnkleLeft
-0.2471581 -0.5666348 1.867912 15 FootLeft
-0.05463408 0.06338375 1.753883 16 HipRight
-0.03842781 -0.2217912 1.784382 17 KneeRight
0.004752215 -0.5292947 1.969649 18 AnkleRight
-0.001828191 -0.5902764 1.932399 19 FootRight
-0.1286197 0.5911526 1.742613 20 SpineShoulder
-0.3905703 -0.009150176 1.699644 21 HandTipLeft
-0.3434304 0.06717524 1.674564 22 ThumbLeft
0.1673247 -0.007904228 1.692911 23 HandTipRight
0.1806495 0.06745015 1.671448 24 ThumbRight
-0.1189646 0.06366543 1.763385 0 SpineBase
-0.1179045 0.3680508 1.746706 1 SpineMid
-0.1162549 0.6582153 1.718063 2 Neck
-0.2777472 0.544058 1.713053 4 ShoulderLeft
-0.3531699 0.3265444 1.727863 5 ElbowLeft
-0.393518 0.1328055 1.684662 6 WristLeft
-0.4061358 0.07876644 1.67728 7 HandLeft
0.04937647 0.5489391 1.723881 8 ShoulderRight
0.111626 0.3266046 1.740484 9 ElbowRight
0.1509643 0.1017968 1.712229 10 WristRight
0.1527976 0.04346361 1.694758 11 HandRight
-0.1901864 0.06285226 1.720992 12 HipLeft
-0.1955084 -0.216545 1.772498 13 KneeLeft
-0.2503648 -0.5319951 1.966085 14 AnkleLeft
-0.254694 -0.5928048 1.93546 15 FootLeft
-0.04288492 0.0620017 1.734512 16 HipRight
-0.03653469 -0.2271386 1.766767 17 KneeRight
0.006695762 -0.5270516 1.963757 18 AnkleRight
-0.001570446 -0.5879543 1.931065 19 FootRight
-0.1167154 0.5876247 1.727109 20 SpineShoulder
-0.421881 -0.005365603 1.680146 21 HandTipLeft
-0.3643764 0.07389375 1.6816 22 ThumbLeft
0.1681939 -0.0143123 1.678316 23 HandTipRight
0.1788886 0.06931068 1.674006 24 ThumbRight
-0.1262321 0.06123926 1.758689 0 SpineBase
-0.1273725 0.3674659 1.744552 1 SpineMid
-0.1280123 0.6595857 1.719038 2 Neck
-0.2848399 0.5410739 1.709492 4 ShoulderLeft
-0.3600652 0.3237875 1.726099 5 ElbowLeft
-0.3986435 0.1322791 1.682287 6 WristLeft
-0.4085461 0.07492182 1.676636 7 HandLeft
0.05255627 0.5371171 1.726396 8 ShoulderRight
0.2082975 0.3694052 1.74613 9 ElbowRight
0.4051949 0.2881152 1.704316 10 WristRight
0.4501731 0.2953092 1.688069 11 HandRight
-0.1977671 0.06145042 1.71445 12 HipLeft
-0.2196722 -0.2306338 1.793822 13 KneeLeft
-0.2503667 -0.5309281 1.964745 14 AnkleLeft
-0.2545557 -0.5915867 1.936957 15 FootLeft
-0.04969963 0.05851137 1.731942 16 HipRight
-0.04044017 -0.2200641 1.757697 17 KneeRight
0.007467005 -0.5316978 1.964199 18 AnkleRight
-0.00182085 -0.5923496 1.928155 19 FootRight
-0.1279897 0.5884938 1.727358 20 SpineShoulder
-0.421104 -0.009444329 1.678553 21 HandTipLeft
-0.3650418 0.07370646 1.686462 22 ThumbLeft
0.5166972 0.2899008 1.701006 23 HandTipRight
0.4749051 0.3185749 1.649702 24 ThumbRight
-0.1269207 0.06154364 1.759213 0 SpineBase
-0.1276367 0.3682898 1.74563 1 SpineMid
-0.1269692 0.6609527 1.720738 2 Neck
-0.2855105 0.5411197 1.70995 4 ShoulderLeft
-0.3605121 0.3239318 1.727668 5 ElbowLeft
-0.3999797 0.1334808 1.682979 6 WristLeft
-0.4113324 0.07820507 1.673334 7 HandLeft
0.05544835 0.5353269 1.726905 8 ShoulderRight
0.2220684 0.3784073 1.744618 9 ElbowRight
0.4159042 0.320574 1.692431 10 WristRight
0.4608718 0.3285896 1.672753 11 HandRight
-0.1984336 0.06179685 1.714288 12 HipLeft
-0.2182497 -0.2284463 1.791634 13 KneeLeft
-0.2496184 -0.5315282 1.966752 14 AnkleLeft
-0.2542028 -0.5923296 1.9353 15 FootLeft
-0.05026667 0.05884405 1.732921 16 HipRight
-0.04057659 -0.2207798 1.758749 17 KneeRight
0.008601093 -0.5358801 1.963826 18 AnkleRight
-0.005997621 -0.595605 1.929585 19 FootRight
-0.1273161 0.5897228 1.72887 20 SpineShoulder
-0.4256552 -0.004869877 1.673543 21 HandTipLeft
-0.3696047 0.07170527 1.692239 22 ThumbLeft
0.5157058 0.3253759 1.652401 23 HandTipRight
0.4440978 0.2830439 1.717154 24 ThumbRight
-0.1216537 0.06123747 1.760363 0 SpineBase
-0.1219003 0.3688417 1.748372 1 SpineMid
-0.1210305 0.6618772 1.724854 2 Neck
-0.2811168 0.5435261 1.71408 4 ShoulderLeft
-0.3578573 0.32678 1.730631 5 ElbowLeft
-0.3991238 0.1344425 1.685983 6 WristLeft
-0.4098661 0.07566725 1.680834 7 HandLeft
0.06094314 0.5363344 1.731059 8 ShoulderRight
0.2392992 0.3926457 1.744985 9 ElbowRight
0.4181855 0.4065928 1.665121 10 WristRight
0.4495091 0.4309362 1.642512 11 HandRight
-0.1930173 0.06121504 1.715072 12 HipLeft
-0.2167949 -0.2279226 1.793269 13 KneeLeft
-0.248797 -0.5313181 1.967014 14 AnkleLeft
-0.2546722 -0.5919724 1.934208 15 FootLeft
-0.04529462 0.0587757 1.734544 16 HipRight
-0.0385615 -0.2215367 1.760072 17 KneeRight
0.007908712 -0.5392116 1.964793 18 AnkleRight
-0.004977195 -0.5991472 1.927999 19 FootRight
-0.1214062 0.5905927 1.732688 20 SpineShoulder
-0.4224476 -0.005570487 1.685313 21 HandTipLeft
-0.387851 0.04294207 1.741086 22 ThumbLeft
0.5021944 0.4536649 1.622571 23 HandTipRight
0.4837962 0.4096957 1.616139 24 ThumbRight
-0.1228234 0.05955059 1.756436 0 SpineBase
-0.1232337 0.366679 1.744259 1 SpineMid
-0.1229549 0.6592278 1.720454 2 Neck
-0.2821801 0.5416092 1.709275 4 ShoulderLeft
-0.35866 0.3247019 1.725434 5 ElbowLeft
-0.3981833 0.1342767 1.681703 6 WristLeft
-0.4089464 0.07345677 1.676345 7 HandLeft
0.05814249 0.5338148 1.72961 8 ShoulderRight
0.2422245 0.4147009 1.734426 9 ElbowRight
0.3305323 0.5237998 1.636465 10 WristRight
0.3382219 0.5630785 1.621048 11 HandRight
-0.1945654 0.05966844 1.709833 12 HipLeft
-0.216872 -0.2349168 1.796095 13 KneeLeft
-0.2491304 -0.5340952 1.967846 14 AnkleLeft
-0.2545429 -0.5947701 1.935498 15 FootLeft
-0.04619326 0.05701429 1.731758 16 HipRight
-0.03959104 -0.2221488 1.757157 17 KneeRight
0.00841463 -0.5405468 1.96508 18 AnkleRight
-0.007641159 -0.5997238 1.926923 19 FootRight
-0.1231511 0.5880652 1.728366 20 SpineShoulder
-0.42467 -0.005038151 1.679007 21 HandTipLeft
-0.3854233 0.03976452 1.734446 22 ThumbLeft
0.3677218 0.6252518 1.623304 23 HandTipRight
0.3147906 0.59589 1.603054 24 ThumbRight
-0.1225123 0.05991842 1.756953 0 SpineBase
-0.123135 0.3677104 1.745666 1 SpineMid
-0.1229659 0.6610917 1.72272 2 Neck
-0.2822114 0.5421301 1.709764 4 ShoulderLeft
-0.3588918 0.325433 1.726801 5 ElbowLeft
-0.3987549 0.1355744 1.682528 6 WristLeft
-0.4097716 0.0732586 1.675726 7 HandLeft
0.05761869 0.5346738 1.729963 8 ShoulderRight
0.2156839 0.3722022 1.740412 9 ElbowRight
0.3210804 0.527823 1.638336 10 WristRight
0.3356084 0.5698124 1.615501 11 HandRight
-0.1941288 0.0598724 1.710587 12 HipLeft
-0.2169232 -0.2310814 1.795024 13 KneeLeft
-0.2487314 -0.5309945 1.966856 14 AnkleLeft
-0.2543182 -0.5916913 1.93439 15 FootLeft
-0.04595719 0.05756603 1.732201 16 HipRight
-0.03970579 -0.2207074 1.757213 17 KneeRight
0.008322738 -0.5408728 1.966348 18 AnkleRight
-0.005126764 -0.6006154 1.928357 19 FootRight
-0.1231504 0.5897075 1.730426 20 SpineShoulder
-0.4244146 -0.005034095 1.678007 21 HandTipLeft
-0.3846757 0.04241556 1.727036 22 ThumbLeft
0.366029 0.639209 1.623959 23 HandTipRight
0.3103574 0.6033666 1.601129 24 ThumbRight
-0.1223844 0.0595236 1.756124 0 SpineBase
-0.1230638 0.3672767 1.744824 1 SpineMid
-0.1228919 0.6604786 1.721949 2 Neck
-0.2825337 0.5419249 1.710321 4 ShoulderLeft
-0.3590604 0.3251486 1.727184 5 ElbowLeft
-0.3987828 0.135012 1.683059 6 WristLeft
-0.4101521 0.07317857 1.678565 7 HandLeft
0.05730753 0.5336818 1.729063 8 ShoulderRight
0.2163516 0.3684697 1.741057 9 ElbowRight
0.3250658 0.5164647 1.636618 10 WristRight
0.343654 0.560883 1.615767 11 HandRight
-0.19398 0.05956631 1.709685 12 HipLeft
-0.2164193 -0.2330679 1.793559 13 KneeLeft
-0.2487967 -0.5318207 1.967322 14 AnkleLeft
-0.2535216 -0.5926138 1.935408 15 FootLeft
-0.04585382 0.05705636 1.731421 16 HipRight
-0.03905207 -0.2212354 1.757179 17 KneeRight
0.008359753 -0.5408723 1.965482 18 AnkleRight
-0.006116471 -0.6004856 1.928947 19 FootRight
-0.1230829 0.5891469 1.729618 20 SpineShoulder
-0.4251639 -0.005142758 1.679029 21 HandTipLeft
-0.3863656 0.04069933 1.733221 22 ThumbLeft
0.3767074 0.6280453 1.623335 23 HandTipRight
0.3911413 0.531691 1.626255 24 ThumbRight
-0.1232514 0.0599694 1.753744 0 SpineBase
-0.1235392 0.3666044 1.741893 1 SpineMid
-0.1231313 0.6586704 1.718236 2 Neck
-0.2837498 0.5405008 1.707029 4 ShoulderLeft
-0.3600474 0.3238987 1.725496 5 ElbowLeft
-0.3987809 0.1340962 1.683286 6 WristLeft
-0.4094133 0.07499751 1.674671 7 HandLeft
0.05719862 0.5365547 1.725945 8 ShoulderRight
0.2268933 0.3858997 1.75388 9 ElbowRight
0.3152924 0.5327958 1.614301 10 WristRight
0.3219789 0.5787935 1.591277 11 HandRight
-0.1948503 0.06002161 1.7075 12 HipLeft
-0.2169307 -0.2317765 1.790758 13 KneeLeft
-0.2485778 -0.532563 1.966918 14 AnkleLeft
-0.2541059 -0.5932438 1.934483 15 FootLeft
-0.04668275 0.05753347 1.728776 16 HipRight
-0.0394487 -0.2214358 1.754311 17 KneeRight
0.008176455 -0.5386081 1.963414 18 AnkleRight
-0.004601478 -0.5986285 1.928308 19 FootRight
-0.1233705 0.5876297 1.72612 20 SpineShoulder
-0.4228019 -0.009454091 1.680122 21 HandTipLeft
-0.367777 0.06919206 1.679377 22 ThumbLeft
0.3396729 0.6631328 1.609478 23 HandTipRight
0.3656162 0.5526379 1.58654 24 ThumbRight
-0.1241129 0.05866855 1.754058 0 SpineBase
-0.1227091 0.3659024 1.740589 1 SpineMid
-0.1205455 0.658235 1.715397 2 Neck
-0.2841356 0.5419469 1.710082 4 ShoulderLeft
-0.3605827 0.3259266 1.731565 5 ElbowLeft
-0.4030581 0.1356812 1.692245 6 WristLeft
-0.4158247 0.07527632 1.690776 7 HandLeft
0.04984409 0.5371564 1.71445 8 ShoulderRight
0.1545663 0.3299802 1.714999 9 ElbowRight
0.2908376 0.1522796 1.660952 10 WristRight
0.3224639 0.1130767 1.647906 11 HandRight
-0.1955923 0.05837138 1.710315 12 HipLeft
-0.2133319 -0.233302 1.783939 13 KneeLeft
-0.2486733 -0.5370266 1.968693 14 AnkleLeft
-0.2553428 -0.597473 1.934387 15 FootLeft
-0.04785919 0.05615937 1.727064 16 HipRight
-0.03989351 -0.2298791 1.763447 17 KneeRight
0.006669574 -0.5328864 1.96189 18 AnkleRight
-0.001031275 -0.5937438 1.928114 19 FootRight
-0.1212912 0.5871046 1.723712 20 SpineShoulder
-0.4344529 -0.0009834213 1.692044 21 HandTipLeft
-0.4004971 0.0396312 1.75875 22 ThumbLeft
0.3742779 0.06282008 1.658308 23 HandTipRight
0.3293919 0.1283825 1.581852 24 ThumbRight
-0.1302014 0.05060476 1.728807 0 SpineBase
-0.1223989 0.3558039 1.729824 1 SpineMid
-0.1144432 0.6457554 1.714994 2 Neck
-0.2806035 0.5301251 1.704201 4 ShoulderLeft
-0.3504062 0.3109843 1.72092 5 ElbowLeft
-0.3718848 0.1148003 1.673541 6 WristLeft
-0.3783338 0.05866389 1.665263 7 HandLeft
0.04775651 0.5326063 1.705468 8 ShoulderRight
0.09776072 0.3062173 1.715262 9 ElbowRight
0.1208938 0.0894094 1.668407 10 WristRight
0.1181768 0.02805642 1.643545 11 HandRight
-0.1999155 0.05275597 1.688708 12 HipLeft
-0.2236903 -0.2420806 1.750631 13 KneeLeft
-0.2494201 -0.539559 1.961586 14 AnkleLeft
-0.2598526 -0.5989713 1.934324 15 FootLeft
-0.05511089 0.04636983 1.697719 16 HipRight
-0.03115846 -0.2544227 1.758395 17 KneeRight
-1.561178E-06 -0.5329706 1.95559 18 AnkleRight
-0.003121977 -0.5941257 1.922827 19 FootRight
-0.1166165 0.5756738 1.720432 20 SpineShoulder
-0.3842589 -0.0219919 1.676312 21 HandTipLeft
-0.3347962 0.05720702 1.662472 22 ThumbLeft
0.1281724 -0.0276852 1.628794 23 HandTipRight
0.0759346 0.01420421 1.630549 24 ThumbRight
-0.1389895 0.07166346 1.755003 0 SpineBase
-0.1321179 0.380843 1.732626 1 SpineMid
-0.1248834 0.6755298 1.698674 2 Neck
-0.2858584 0.5495177 1.682317 4 ShoulderLeft
-0.3536323 0.3331368 1.71751 5 ElbowLeft
-0.3702389 0.1412086 1.679935 6 WristLeft
-0.3747701 0.07538173 1.670954 7 HandLeft
0.03945082 0.5578883 1.680298 8 ShoulderRight
0.09554242 0.3331594 1.694417 9 ElbowRight
0.1144418 0.1212549 1.658184 10 WristRight
0.1086372 0.05644865 1.638474 11 HandRight
-0.2101799 0.06953052 1.715272 12 HipLeft
-0.2189256 -0.2130675 1.78554 13 KneeLeft
-0.2507333 -0.527203 1.967035 14 AnkleLeft
-0.2535902 -0.5880201 1.939694 15 FootLeft
-0.0622052 0.07093315 1.723486 16 HipRight
-0.03767304 -0.2176087 1.755999 17 KneeRight
0.002569109 -0.5266415 1.962307 18 AnkleRight
4.109816E-05 -0.5918681 1.931616 19 FootRight
-0.1268687 0.6038339 1.709157 20 SpineShoulder
-0.3804396 -0.004874446 1.685848 21 HandTipLeft
-0.3316863 0.08592964 1.691667 22 ThumbLeft
0.1189399 -0.002651253 1.622574 23 HandTipRight
0.06372339 0.04387686 1.6355 24 ThumbRight
-0.1374968 0.114789 1.689643 0 SpineBase
-0.1353128 0.4257651 1.683926 1 SpineMid
-0.1322232 0.7207587 1.667265 2 Neck
-0.2888396 0.5929763 1.64736 4 ShoulderLeft
-0.349755 0.3716262 1.672262 5 ElbowLeft
-0.3677893 0.1726912 1.632148 6 WristLeft
-0.3682734 0.1126222 1.632313 7 HandLeft
0.03563964 0.6053437 1.653785 8 ShoulderRight
0.09545838 0.3807176 1.665117 9 ElbowRight
0.1193556 0.1652526 1.61903 10 WristRight
0.1160628 0.1076865 1.607026 11 HandRight
-0.2059928 0.1113458 1.648608 12 HipLeft
-0.2694085 -0.1955196 1.744223 13 KneeLeft
-0.3091706 -0.5539187 1.910512 14 AnkleLeft
-0.2706624 -0.6108646 1.895287 15 FootLeft
-0.06316221 0.1133457 1.659583 16 HipRight
-0.0140599 -0.1925724 1.689111 17 KneeRight
0.05901022 -0.5353247 1.89302 18 AnkleRight
0.0377779 -0.615859 1.874793 19 FootRight
-0.1330499 0.6490999 1.673176 20 SpineShoulder
-0.3715215 0.03599375 1.644952 21 HandTipLeft
-0.3247404 0.1240178 1.641334 22 ThumbLeft
0.1274019 0.0513738 1.588965 23 HandTipRight
0.07186422 0.1060695 1.595611 24 ThumbRight
-0.1268872 0.0815615 1.778594 0 SpineBase
-0.1370215 0.378891 1.755046 1 SpineMid
-0.145348 0.6606547 1.725718 2 Neck
-0.3055481 0.535074 1.716226 4 ShoulderLeft
-0.3665828 0.3404196 1.676624 5 ElbowLeft
-0.2063491 0.2167341 1.559048 6 WristLeft
-0.2166734 0.2499823 1.536622 7 HandLeft
0.02538328 0.5674219 1.726925 8 ShoulderRight
0.1307216 0.371435 1.645072 9 ElbowRight
0.05349343 0.3733317 1.486244 10 WristRight
0.07171801 0.368632 1.528506 11 HandRight
-0.1998323 0.07706353 1.733723 12 HipLeft
-0.2337485 -0.1966511 1.76818 13 KneeLeft
-0.2537184 -0.5253639 1.967808 14 AnkleLeft
-0.2617575 -0.5859128 1.938273 15 FootLeft
-0.04861876 0.08291106 1.75186 16 HipRight
-0.02501969 -0.2052482 1.74464 17 KneeRight
0.004230627 -0.5325837 1.972948 18 AnkleRight
0.005186959 -0.5939523 1.93407 19 FootRight
-0.1433527 0.5922018 1.734643 20 SpineShoulder
-0.1851993 0.2526103 1.481554 21 HandTipLeft
-0.2597948 0.2861787 1.486454 22 ThumbLeft
0.064716 0.3883297 1.483244 23 HandTipRight
0.02081921 0.4098286 1.567929 24 ThumbRight
-0.1225276 0.07149553 1.763275 0 SpineBase
-0.1216958 0.3687021 1.764446 1 SpineMid
-0.1193719 0.6514411 1.754293 2 Neck
-0.291586 0.5337164 1.719226 4 ShoulderLeft
-0.3360355 0.3324816 1.675891 5 ElbowLeft
-0.1631534 0.3556497 1.533565 6 WristLeft
-0.1088954 0.3532111 1.522597 7 HandLeft
0.0359184 0.5592378 1.736832 8 ShoulderRight
0.1097623 0.3550241 1.724925 9 ElbowRight
-0.06334441 0.3584206 1.567725 10 WristRight
-0.1032562 0.3493921 1.527787 11 HandRight
-0.1924804 0.07136506 1.723155 12 HipLeft
-0.2343313 -0.2056597 1.750369 13 KneeLeft
-0.2542786 -0.5281878 1.964063 14 AnkleLeft
-0.2624486 -0.5896561 1.932823 15 FootLeft
-0.0476924 0.06876449 1.731928 16 HipRight
-0.02890236 -0.2191419 1.74064 17 KneeRight
0.003719776 -0.5259231 1.961655 18 AnkleRight
0.001929166 -0.5874357 1.932001 19 FootRight
-0.1201138 0.5826611 1.758776 20 SpineShoulder
-0.06181549 0.3458876 1.52673 21 HandTipLeft
-0.1166924 0.3246742 1.548343 22 ThumbLeft
-0.2154725 0.06393379 1.731131 0 SpineBase
-0.2128232 0.3592203 1.68858 1 SpineMid
-0.2088531 0.6402929 1.634097 2 Neck
-0.3695885 0.5215638 1.628101 4 ShoulderLeft
-0.4443064 0.3034002 1.638877 5 ElbowLeft
-0.4831633 0.1110314 1.594396 6 WristLeft
-0.4914517 0.04936167 1.573222 7 HandLeft
-0.03585346 0.5402691 1.664742 8 ShoulderRight
0.03227942 0.3339396 1.728389 9 ElbowRight
0.007810894 0.178598 1.629403 10 WristRight
-0.02137335 0.1480989 1.615782 11 HandRight
-0.2887738 0.06050093 1.685091 12 HipLeft
-0.3055593 -0.203952 1.748093 13 KneeLeft
-0.2684164 -0.5332801 1.961487 14 AnkleLeft
-0.2553692 -0.5691403 1.858938 15 FootLeft
-0.1333853 0.06474854 1.706403 16 HipRight
-0.08983964 -0.2797323 1.68294 17 KneeRight
-0.01616806 -0.5724034 1.809758 18 AnkleRight
0.02697426 -0.631579 1.739835 19 FootRight
-0.2100996 0.5720112 1.649706 20 SpineShoulder
-0.5033727 -0.03103696 1.571525 21 HandTipLeft
-0.4528397 0.0382739 1.6044 22 ThumbLeft
0.1177351 0.002228758 1.31526 0 SpineBase
0.1446998 0.2702404 1.179969 1 SpineMid
0.1715484 0.5188905 1.026006 2 Neck
0.01461907 0.4154467 1.068593 4 ShoulderLeft
-0.08463964 0.2263086 1.151607 5 ElbowLeft
-0.1455873 0.03972676 1.164767 6 WristLeft
-0.1505097 0.006650672 1.164104 7 HandLeft
0.08654752 0.5496455 1.038055 8 ShoulderRight
0.2736714 0.1476803 1.126731 10 WristRight
0.2453083 0.1032375 1.13395 11 HandRight
0.0793312 -0.01666832 1.259349 12 HipLeft
-0.02408357 -0.2761562 1.388356 13 KneeLeft
-0.1670551 -0.5932744 1.602701 14 AnkleLeft
-0.213651 -0.6553334 1.584721 15 FootLeft
0.1555298 0.02165462 1.297816 16 HipRight
0.1606103 -0.271539 1.33752 17 KneeRight
0.1140064 -0.6180858 1.411028 18 AnkleRight
0.1423407 -0.6598893 1.326633 19 FootRight
0.1659431 0.4596495 1.066831 20 SpineShoulder
-0.163866 -0.05755852 1.179544 21 HandTipLeft
-0.1062129 0.01422766 1.162881 22 ThumbLeft
0.2174344 0.06130843 1.174363 23 HandTipRight
0.3209593 0.107313 1.161954 24 ThumbRight
-0.1550478 0.0333943 1.640684 0 SpineBase
-0.1375111 0.3304588 1.571198 1 SpineMid
-0.1193508 0.61276 1.490065 2 Neck
-0.2853761 0.5015244 1.494143 4 ShoulderLeft
-0.3563174 0.2887772 1.54006 5 ElbowLeft
-0.4194426 0.1006941 1.541708 6 WristLeft
-0.4391299 0.04365873 1.547164 7 HandLeft
0.04548961 0.5093107 1.513459 8 ShoulderRight
0.09406012 0.2894288 1.560251 9 ElbowRight
0.13519 0.07214165 1.555986 10 WristRight
0.13774 0.00886519 1.553625 11 HandRight
-0.2290568 0.03346653 1.599027 12 HipLeft
-0.2318276 -0.2656542 1.691402 13 KneeLeft
-0.1474173 -0.5911051 1.821574 14 AnkleLeft
-0.08842672 -0.6357102 1.736158 15 FootLeft
-0.07435703 0.03198514 1.611409 16 HipRight
-0.04679764 -0.2901961 1.567225 17 KneeRight
-0.02279181 -0.5859337 1.682367 18 AnkleRight
0.01842037 -0.6506764 1.610555 19 FootRight
-0.1239993 0.544313 1.51226 20 SpineShoulder
-0.4585058 -0.03825819 1.562363 21 HandTipLeft
-0.3956062 0.04444826 1.562593 22 ThumbLeft
0.1459311 -0.05142684 1.533924 23 HandTipRight
0.09304509 0.02614429 1.558341 24 ThumbRight
-0.103077 0.03860456 1.564072 0 SpineBase
-0.0918403 0.3410518 1.52549 1 SpineMid
-0.08257651 0.6275247 1.476019 2 Neck
-0.2493493 0.5101338 1.463371 4 ShoulderLeft
-0.3262003 0.2927724 1.48243 5 ElbowLeft
-0.3722083 0.1128303 1.440393 6 WristLeft
-0.3842571 0.04784947 1.432393 7 HandLeft
0.08441196 0.5077683 1.486199 8 ShoulderRight
0.1429997 0.2863923 1.517749 9 ElbowRight
0.1817487 0.07681637 1.492684 10 WristRight
0.1817225 0.01561859 1.478092 11 HandRight
-0.1786778 0.03881275 1.518426 12 HipLeft
-0.2019931 -0.2246827 1.572259 13 KneeLeft
-0.2020722 -0.561843 1.718436 14 AnkleLeft
-0.220191 -0.6381341 1.680279 15 FootLeft
-0.02288733 0.03671455 1.538421 16 HipRight
0.01236498 -0.2422413 1.526989 17 KneeRight
-0.005476373 -0.574865 1.72658 18 AnkleRight
-0.0008322536 -0.6414929 1.683299 19 FootRight
-0.08482686 0.5580986 1.490158 20 SpineShoulder
-0.3956736 -0.03353641 1.429099 21 HandTipLeft
-0.3380603 0.04350752 1.44505 22 ThumbLeft
0.1917863 -0.04372056 1.456414 23 HandTipRight
0.1423348 -0.004697946 1.482509 24 ThumbRight
-0.1067434 0.03905322 1.564455 0 SpineBase
-0.09394339 0.3410493 1.528197 1 SpineMid
-0.07966348 0.6267431 1.47969 2 Neck
-0.2417647 0.5105143 1.475719 4 ShoulderLeft
-0.3163173 0.2902734 1.478173 5 ElbowLeft
-0.3766382 0.1159202 1.441717 6 WristLeft
-0.3828063 0.0487823 1.434456 7 HandLeft
0.09628782 0.5089601 1.503234 8 ShoulderRight
0.2459606 0.3362077 1.527874 9 ElbowRight
0.420416 0.2726603 1.441684 10 WristRight
0.4717642 0.2778105 1.414878 11 HandRight
-0.1818961 0.0389113 1.517516 12 HipLeft
-0.2051729 -0.2247176 1.566365 13 KneeLeft
-0.2044677 -0.5596919 1.716421 14 AnkleLeft
-0.2208655 -0.6362357 1.680861 15 FootLeft
-0.02663502 0.03743225 1.540628 16 HipRight
0.01443881 -0.2382525 1.523738 17 KneeRight
-0.006919972 -0.5745288 1.726239 18 AnkleRight
-0.001451273 -0.6421271 1.683456 19 FootRight
-0.08330496 0.5575217 1.493751 20 SpineShoulder
-0.3908745 -0.0337836 1.434497 21 HandTipLeft
-0.3384861 0.03661533 1.435709 22 ThumbLeft
0.5379912 0.2834681 1.404853 23 HandTipRight
0.4781782 0.2366278 1.468615 24 ThumbRight
-0.1398618 0.0472043 1.597903 0 SpineBase
-0.1368644 0.3491243 1.555882 1 SpineMid
-0.1329173 0.6354862 1.503064 2 Neck
-0.2909847 0.5133572 1.48787 4 ShoulderLeft
-0.343734 0.2879989 1.502067 5 ElbowLeft
-0.3690764 0.09940246 1.465078 6 WristLeft
-0.3765509 0.04199365 1.465922 7 HandLeft
0.03398767 0.5242234 1.516719 8 ShoulderRight
0.0923188 0.3006159 1.537762 9 ElbowRight
0.1263119 0.08131623 1.498069 10 WristRight
0.1322011 0.02545599 1.492994 11 HandRight
-0.213805 0.04522689 1.551853 12 HipLeft
-0.2347008 -0.2356099 1.593867 13 KneeLeft
-0.2075944 -0.5702018 1.722013 14 AnkleLeft
-0.221978 -0.6374969 1.68222 15 FootLeft
-0.05973753 0.04707711 1.573013 16 HipRight
-0.010439 -0.2734155 1.556264 17 KneeRight
-0.02263195 -0.5824449 1.70733 18 AnkleRight
-0.0006426687 -0.6497262 1.677558 19 FootRight
-0.1340403 0.5660509 1.518081 20 SpineShoulder
-0.3725125 -0.03913513 1.471373 21 HandTipLeft
-0.3351456 0.05265107 1.477111 22 ThumbLeft
0.1407467 -0.03089391 1.472295 23 HandTipRight
0.0910354 0.02537297 1.495091 24 ThumbRight
-0.1333657 0.08876725 1.854844 0 SpineBase
-0.1327111 0.3918271 1.823776 1 SpineMid
-0.1311061 0.6813296 1.782172 2 Neck
-0.2879749 0.551862 1.762629 4 ShoulderLeft
-0.3505121 0.3317151 1.785391 5 ElbowLeft
-0.3698162 0.1370948 1.748517 6 WristLeft
-0.366613 0.07724752 1.750039 7 HandLeft
0.04003441 0.5685875 1.789659 8 ShoulderRight
0.09217852 0.3433516 1.802243 9 ElbowRight
0.1230741 0.1186773 1.770468 10 WristRight
0.1222568 0.05913501 1.760507 11 HandRight
-0.2062051 0.08444261 1.809271 12 HipLeft
-0.2226413 -0.2104513 1.890501 13 KneeLeft
-0.2042706 -0.535181 2.032535 14 AnkleLeft
-0.1945171 -0.5704887 1.929071 15 FootLeft
-0.05541212 0.08969987 1.829484 16 HipRight
-0.01918459 -0.2193731 1.844275 17 KneeRight
-0.04108457 -0.5269629 2.029451 18 AnkleRight
-0.04716908 -0.6032321 2.002032 19 FootRight
-0.1316487 0.6108494 1.794463 20 SpineShoulder
-0.3721499 0.001372274 1.764367 21 HandTipLeft
-0.3236811 0.07545476 1.7476 22 ThumbLeft
0.1313244 -0.0003868988 1.74126 23 HandTipRight
0.07904285 0.05167885 1.75941 24 ThumbRight
-0.1187332 0.09583587 1.867055 0 SpineBase
-0.1191815 0.4013662 1.843404 1 SpineMid
-0.1193813 0.6934756 1.808645 2 Neck
-0.2738034 0.5563683 1.775952 4 ShoulderLeft
-0.3497829 0.3419547 1.804734 5 ElbowLeft
-0.3901256 0.1590402 1.761257 6 WristLeft
-0.4085199 0.1022505 1.750349 7 HandLeft
0.05527439 0.5795754 1.81029 8 ShoulderRight
0.1048554 0.3530408 1.816254 9 ElbowRight
0.1401245 0.1342664 1.774022 10 WristRight
0.1522781 0.07589683 1.7511 11 HandRight
-0.1918939 0.091421 1.822555 12 HipLeft
-0.208512 -0.2080495 1.890983 13 KneeLeft
-0.2033574 -0.5275544 2.031058 14 AnkleLeft
-0.2023999 -0.5890957 1.991206 15 FootLeft
-0.04108968 0.09684289 1.840682 16 HipRight
-0.01328621 -0.206882 1.849371 17 KneeRight
-0.04161943 -0.5246847 2.031747 18 AnkleRight
-0.03288541 -0.5596843 1.92803 19 FootRight
-0.119413 0.6223328 1.819299 20 SpineShoulder
-0.4262368 0.02413033 1.763646 21 HandTipLeft
-0.3728031 0.1050007 1.780467 22 ThumbLeft
0.1572555 0.01952115 1.731987 23 HandTipRight
0.1148692 0.07302575 1.773467 24 ThumbRight
-0.1220097 0.1013029 1.860536 0 SpineBase
-0.1226961 0.4078332 1.835733 1 SpineMid
-0.1227662 0.7002653 1.800717 2 Neck
-0.2733568 0.5605385 1.767525 4 ShoulderLeft
-0.3571294 0.3518854 1.80724 5 ElbowLeft
-0.3922218 0.1640301 1.768069 6 WristLeft
-0.3939671 0.1018128 1.762809 7 HandLeft
0.05453591 0.5786707 1.798471 8 ShoulderRight
0.1113361 0.354671 1.811632 9 ElbowRight
0.1517517 0.1427723 1.770678 10 WristRight
0.152424 0.07717903 1.753246 11 HandRight
-0.1953232 0.09662317 1.816228 12 HipLeft
-0.2074859 -0.2056414 1.884236 13 KneeLeft
-0.2036891 -0.5239797 2.028368 14 AnkleLeft
-0.1930463 -0.5590425 1.924771 15 FootLeft
-0.04387437 0.1019719 1.833602 16 HipRight
-0.01714127 -0.2022678 1.84063 17 KneeRight
-0.04849561 -0.5394863 2.036914 18 AnkleRight
-0.04041199 -0.5743057 1.933222 19 FootRight
-0.1227984 0.6290491 1.811322 20 SpineShoulder
-0.4047826 0.02428216 1.774017 21 HandTipLeft
-0.3564349 0.08390544 1.751062 22 ThumbLeft
0.1621528 0.01889149 1.735689 23 HandTipRight
0.1146296 0.06376118 1.7575 24 ThumbRight
-0.1242084 0.0973304 1.863305 0 SpineBase
-0.1262176 0.4017566 1.836385 1 SpineMid
-0.127561 0.6922742 1.798468 2 Neck
-0.2801945 0.5574397 1.774343 4 ShoulderLeft
-0.3511965 0.3427664 1.809717 5 ElbowLeft
-0.3748133 0.1499 1.774811 6 WristLeft
-0.3796813 0.092242 1.76816 7 HandLeft
0.04896564 0.5784944 1.806988 8 ShoulderRight
0.1005564 0.3529055 1.817592 9 ElbowRight
0.1250577 0.1280086 1.782143 10 WristRight
0.1276665 0.06747564 1.774308 11 HandRight
-0.1969638 0.09280384 1.817897 12 HipLeft
-0.2090789 -0.2171946 1.898672 13 KneeLeft
-0.2024147 -0.5381718 2.033146 14 AnkleLeft
-0.1980807 -0.5998285 1.997677 15 FootLeft
-0.04675191 0.09813097 1.837752 16 HipRight
-0.01373516 -0.2180901 1.855441 17 KneeRight
-0.04246589 -0.5314352 2.027985 18 AnkleRight
-0.03409097 -0.5664549 1.924376 19 FootRight
-0.1273745 0.6215605 1.809892 20 SpineShoulder
-0.391209 0.01878033 1.77764 21 HandTipLeft
-0.3393244 0.06152659 1.768583 22 ThumbLeft
0.1387063 0.006033182 1.759817 23 HandTipRight
0.08331659 0.07330824 1.770409 24 ThumbRight
-0.1237095 0.09638181 1.862065 0 SpineBase
-0.1254576 0.4010062 1.834719 1 SpineMid
-0.1262676 0.6918172 1.79591 2 Neck
-0.2797196 0.5562616 1.768364 4 ShoulderLeft
-0.3496585 0.3417342 1.805857 5 ElbowLeft
-0.3729583 0.1495731 1.771155 6 WristLeft
-0.377869 0.09068753 1.763685 7 HandLeft
0.04650596 0.5780123 1.803734 8 ShoulderRight
0.1001887 0.3529983 1.815119 9 ElbowRight
0.1244767 0.1269829 1.778864 10 WristRight
0.1261824 0.06609552 1.769608 11 HandRight
-0.1963581 0.091837 1.816276 12 HipLeft
-0.2083097 -0.2123833 1.891405 13 KneeLeft
-0.2038316 -0.5342097 2.030834 14 AnkleLeft
-0.1988218 -0.5959198 1.996247 15 FootLeft
-0.04634181 0.09722301 1.836707 16 HipRight
-0.01232912 -0.21797 1.852971 17 KneeRight
-0.04349558 -0.5208676 2.026401 18 AnkleRight
-0.03438121 -0.5560615 1.92282 19 FootRight
-0.1262184 0.621015 1.807583 20 SpineShoulder
-0.3862577 0.01065178 1.778893 21 HandTipLeft
-0.3341638 0.0914366 1.776943 22 ThumbLeft
0.1394042 0.005576626 1.750305 23 HandTipRight
0.08360463 0.06285603 1.767919 24 ThumbRight
-0.118098 0.09348428 1.860262 0 SpineBase
-0.1199062 0.3935519 1.839215 1 SpineMid
-0.1203341 0.6797645 1.80753 2 Neck
-0.277205 0.554544 1.784145 4 ShoulderLeft
-0.3459006 0.3380892 1.815151 5 ElbowLeft
-0.3691043 0.1476482 1.77693 6 WristLeft
-0.3731041 0.08847583 1.770477 7 HandLeft
0.05140464 0.5778614 1.810799 8 ShoulderRight
0.1046422 0.3524331 1.819184 9 ElbowRight
0.1332116 0.12717 1.781101 10 WristRight
0.1312252 0.06630557 1.770254 11 HandRight
-0.1913685 0.0888028 1.815277 12 HipLeft
-0.2002448 -0.2169209 1.890969 13 KneeLeft
-0.2015756 -0.5358363 2.034187 14 AnkleLeft
-0.2006575 -0.5966097 1.989456 15 FootLeft
-0.04016795 0.09449322 1.834233 16 HipRight
-0.009001493 -0.2213002 1.851504 17 KneeRight
-0.04375342 -0.5229828 2.030093 18 AnkleRight
-0.0368354 -0.5578634 1.926098 19 FootRight
-0.1203998 0.61008 1.817399 20 SpineShoulder
-0.3833613 0.01463445 1.782934 21 HandTipLeft
-0.3290852 0.09018728 1.781609 22 ThumbLeft
0.1413949 0.006009238 1.751873 23 HandTipRight
0.08891068 0.05975286 1.766727 24 ThumbRight
-0.1190958 0.09304912 1.860004 0 SpineBase
-0.118975 0.3987046 1.829419 1 SpineMid
-0.1184895 0.6907928 1.785285 2 Neck
-0.2725253 0.5580685 1.770072 4 ShoulderLeft
-0.3386336 0.3421237 1.807214 5 ElbowLeft
-0.366267 0.1495001 1.772868 6 WristLeft
-0.368316 0.09275343 1.767346 7 HandLeft
0.05148564 0.5742795 1.795771 8 ShoulderRight
0.1074379 0.3509158 1.814744 9 ElbowRight
0.1332377 0.12429 1.786711 10 WristRight
0.1308909 0.05512033 1.778942 11 HandRight
-0.192592 0.08956571 1.816914 12 HipLeft
-0.2023288 -0.2176813 1.899826 13 KneeLeft
-0.2006731 -0.5373985 2.035981 14 AnkleLeft
-0.2011604 -0.5974855 1.988001 15 FootLeft
-0.04112209 0.0932603 1.831893 16 HipRight
-0.007832958 -0.219415 1.854276 17 KneeRight
-0.04212061 -0.5226708 2.037882 18 AnkleRight
-0.03525097 -0.5581496 1.934221 19 FootRight
-0.1187202 0.6196904 1.798347 20 SpineShoulder
-0.3773395 0.01481628 1.783208 21 HandTipLeft
-0.3251281 0.091885 1.776143 22 ThumbLeft
0.1421784 -0.003730235 1.764207 23 HandTipRight
0.1032673 0.02366623 1.755526 24 ThumbRight
-0.1197849 0.09623528 1.861115 0 SpineBase
-0.1156597 0.4045934 1.831821 1 SpineMid
-0.1103579 0.6987055 1.791484 2 Neck
-0.265414 0.5613211 1.765295 4 ShoulderLeft
-0.3427184 0.3489998 1.801337 5 ElbowLeft
-0.3702589 0.1473101 1.766916 6 WristLeft
-0.3731889 0.08947279 1.763378 7 HandLeft
0.0597687 0.5796357 1.814451 8 ShoulderRight
0.1012224 0.3509779 1.814955 9 ElbowRight
0.1296469 0.1249862 1.783274 10 WristRight
0.1269612 0.06180736 1.774473 11 HandRight
-0.1926829 0.09283824 1.815738 12 HipLeft
-0.2062515 -0.2092051 1.892884 13 KneeLeft
-0.2027373 -0.5394747 2.031443 14 AnkleLeft
-0.1877183 -0.5745166 1.92859 15 FootLeft
-0.04218379 0.0961558 1.83578 16 HipRight
-0.01290649 -0.220737 1.860356 17 KneeRight
-0.04454257 -0.5351898 2.02995 18 AnkleRight
-0.03212231 -0.5702527 1.926934 19 FootRight
-0.1118228 0.6271338 1.80353 20 SpineShoulder
-0.3815587 0.01456589 1.774537 21 HandTipLeft
-0.3299652 0.09336666 1.774824 22 ThumbLeft
0.1377039 0.001076341 1.757383 23 HandTipRight
0.1072837 0.03500953 1.745527 24 ThumbRight
-0.1175708 0.09603977 1.862785 0 SpineBase
-0.1158901 0.40199 1.838976 1 SpineMid
-0.1138872 0.6940936 1.804399 2 Neck
-0.2680773 0.5580656 1.779937 4 ShoulderLeft
-0.3397883 0.342325 1.809867 5 ElbowLeft
-0.3642173 0.1509205 1.768927 6 WristLeft
-0.3685029 0.09407609 1.766954 7 HandLeft
0.0593485 0.5790344 1.813541 8 ShoulderRight
0.1068963 0.3522004 1.820837 9 ElbowRight
0.1335145 0.1263385 1.785812 10 WristRight
0.1292715 0.0627878 1.776177 11 HandRight
-0.1906231 0.0918829 1.817831 12 HipLeft
-0.2015698 -0.211304 1.891703 13 KneeLeft
-0.2009321 -0.5366098 2.0354 14 AnkleLeft
-0.2021179 -0.5967219 1.987692 15 FootLeft
-0.04015301 0.09648868 1.837034 16 HipRight
-0.01161806 -0.2199958 1.857232 17 KneeRight
-0.04106352 -0.5239644 2.030292 18 AnkleRight
-0.03246195 -0.5589511 1.926543 19 FootRight
-0.114487 0.62297 1.814973 20 SpineShoulder
-0.3776503 0.02001155 1.775814 21 HandTipLeft
-0.324469 0.09343632 1.77429 22 ThumbLeft
0.1393331 0.00199385 1.758883 23 HandTipRight
0.07893459 0.09584759 1.758608 24 ThumbRight
-0.1169406 0.09609492 1.86573 0 SpineBase
-0.1176167 0.4020399 1.84059 1 SpineMid
-0.1178352 0.6940621 1.804188 2 Neck
-0.2718185 0.5575186 1.780935 4 ShoulderLeft
-0.3641521 0.3513084 1.815136 5 ElbowLeft
-0.4165739 0.1643888 1.771958 6 WristLeft
-0.4320863 0.1084652 1.758296 7 HandLeft
0.05690054 0.5776632 1.810934 8 ShoulderRight
0.1210097 0.3563637 1.828184 9 ElbowRight
0.1865681 0.1392887 1.789229 10 WristRight
0.2002183 0.07637109 1.762721 11 HandRight
-0.1906703 0.09229752 1.820751 12 HipLeft
-0.2052775 -0.2049467 1.885864 13 KneeLeft
-0.2023131 -0.530707 2.030771 14 AnkleLeft
-0.2019124 -0.5921417 1.991524 15 FootLeft
-0.03890514 0.09641036 1.839729 16 HipRight
-0.01461465 -0.214143 1.857462 17 KneeRight
-0.04234209 -0.541401 2.034769 18 AnkleRight
-0.03459736 -0.5761788 1.931095 19 FootRight
-0.1178726 0.6229653 1.815292 20 SpineShoulder
-0.449757 0.03112897 1.771626 21 HandTipLeft
-0.396365 0.08670343 1.758757 22 ThumbLeft
0.2221448 0.02097773 1.749001 23 HandTipRight
0.1678302 0.05034053 1.772375 24 ThumbRight
-0.125809 0.1226984 1.967269 0 SpineBase
-0.1241011 0.4278041 1.929823 1 SpineMid
-0.1226158 0.720461 1.881819 2 Neck
-0.2833325 0.5814788 1.848646 4 ShoulderLeft
-0.3686487 0.3778386 1.901301 5 ElbowLeft
-0.4194016 0.1828486 1.867407 6 WristLeft
-0.4357132 0.1344514 1.854737 7 HandLeft
0.05181956 0.6123098 1.889382 8 ShoulderRight
0.1088611 0.387446 1.892511 9 ElbowRight
0.1445606 0.1644224 1.846263 10 WristRight
0.1528873 0.09303167 1.82315 11 HandRight
-0.1975556 0.1179615 1.923638 12 HipLeft
-0.2237793 -0.2011127 1.983878 13 KneeLeft
-0.2093615 -0.5245182 2.134267 14 AnkleLeft
-0.2137108 -0.5851384 2.087835 15 FootLeft
-0.04949447 0.1230282 1.940549 16 HipRight
-0.02582404 -0.2018538 1.985901 17 KneeRight
-0.07025421 -0.5295103 2.147671 18 AnkleRight
-0.0814833 -0.5905059 2.110589 19 FootRight
-0.1230145 0.6490512 1.895742 20 SpineShoulder
-0.4576539 0.06446971 1.870049 21 HandTipLeft
-0.4600432 0.1420673 1.824724 22 ThumbLeft
0.1618673 0.03721468 1.804281 23 HandTipRight
0.1141769 0.08183651 1.840267 24 ThumbRight
-0.1345872 0.1707986 1.876647 0 SpineBase
-0.1347174 0.4765265 1.851341 1 SpineMid
-0.1345931 0.7683923 1.8162 2 Neck
-0.2948054 0.6303623 1.791492 4 ShoulderLeft
-0.3927347 0.4298488 1.837455 5 ElbowLeft
-0.465659 0.2364349 1.814417 6 WristLeft
-0.4819459 0.1801907 1.814249 7 HandLeft
0.03924705 0.6462418 1.814138 8 ShoulderRight
0.1077717 0.4250719 1.826538 9 ElbowRight
0.1736698 0.2076697 1.78808 10 WristRight
0.186581 0.1439579 1.769916 11 HandRight
-0.2092995 0.1638463 1.832632 12 HipLeft
-0.2498478 -0.13211 1.92047 13 KneeLeft
-0.2784289 -0.528958 2.084698 14 AnkleLeft
-0.2208494 -0.5794446 2.08994 15 FootLeft
-0.0549175 0.1712618 1.849756 16 HipRight
-0.01959106 -0.1260249 1.828672 17 KneeRight
-0.006070888 -0.480494 2.067074 18 AnkleRight
-0.04973167 -0.5470746 2.073729 19 FootRight
-0.1347675 0.6973594 1.826775 20 SpineShoulder
-0.5110787 0.1035034 1.845762 21 HandTipLeft
-0.448812 0.15318 1.813323 22 ThumbLeft
0.2015603 0.08959087 1.753113 23 HandTipRight
0.1533141 0.1233773 1.781818 24 ThumbRight
-0.1379386 0.1703067 1.888413 0 SpineBase
-0.1404824 0.4746495 1.869654 1 SpineMid
-0.1424687 0.7651049 1.840643 2 Neck
-0.2992896 0.6271715 1.812484 4 ShoulderLeft
-0.393546 0.4252189 1.859268 5 ElbowLeft
-0.4641694 0.2295421 1.83653 6 WristLeft
-0.4792166 0.1740174 1.835895 7 HandLeft
0.03113822 0.6510246 1.844293 8 ShoulderRight
0.1019432 0.4301622 1.852283 9 ElbowRight
0.1711185 0.2135599 1.815962 10 WristRight
0.1866073 0.1424531 1.798596 11 HandRight
-0.2123574 0.1631351 1.842815 12 HipLeft
-0.2445802 -0.1398819 1.944327 13 KneeLeft
-0.2806024 -0.5016912 2.094519 14 AnkleLeft
-0.2296852 -0.5695643 2.095382 15 FootLeft
-0.05836945 0.1711014 1.863172 16 HipRight
-0.01266201 -0.1220925 1.84925 17 KneeRight
-0.002367973 -0.4794107 2.083862 18 AnkleRight
-0.04690169 -0.5470809 2.087638 19 FootRight
-0.1421068 0.6944032 1.849765 20 SpineShoulder
-0.5072619 0.09683511 1.86674 21 HandTipLeft
-0.4451561 0.1468185 1.833695 22 ThumbLeft
0.2021628 0.08755592 1.782478 23 HandTipRight
0.1539063 0.1225384 1.809364 24 ThumbRight
-0.1459203 0.1632195 1.950536 0 SpineBase
-0.1463058 0.4601287 1.881482 1 SpineMid
-0.1448585 0.7436591 1.800819 2 Neck
-0.3013382 0.6152923 1.79397 4 ShoulderLeft
-0.3880428 0.4143996 1.853593 5 ElbowLeft
-0.4547733 0.2161538 1.846264 6 WristLeft
-0.4668408 0.1624527 1.834806 7 HandLeft
0.02342577 0.6264759 1.804853 8 ShoulderRight
0.0956381 0.4112045 1.841485 9 ElbowRight
0.160776 0.1921426 1.819345 10 WristRight
0.1735193 0.1241217 1.790991 11 HandRight
-0.2212477 0.156708 1.908013 12 HipLeft
-0.2572679 -0.158472 2.007098 13 KneeLeft
-0.2713387 -0.5076412 2.116173 14 AnkleLeft
-0.2642505 -0.5466856 2.014415 15 FootLeft
-0.06526063 0.1636936 1.922053 16 HipRight
-0.03310402 -0.1370587 1.932753 17 KneeRight
-0.02454058 -0.5061811 2.143012 18 AnkleRight
-0.04344849 -0.5855447 2.092462 19 FootRight
-0.1454241 0.6747028 1.822927 20 SpineShoulder
-0.4945821 0.08459539 1.866687 21 HandTipLeft
-0.4260245 0.1714636 1.862636 22 ThumbLeft
0.1952291 0.06424156 1.783948 23 HandTipRight
0.138812 0.1040428 1.801399 24 ThumbRight
-0.1574883 0.1152468 1.946512 0 SpineBase
-0.1569122 0.4182528 1.910722 1 SpineMid
-0.1551861 0.7076185 1.863247 2 Neck
-0.3063126 0.5748003 1.835589 4 ShoulderLeft
-0.3868005 0.3653808 1.876283 5 ElbowLeft
-0.4275782 0.1644533 1.840685 6 WristLeft
-0.4403725 0.1051439 1.82354 7 HandLeft
0.01791517 0.6058341 1.878293 8 ShoulderRight
0.06146098 0.3794169 1.895252 9 ElbowRight
0.08238371 0.152208 1.86835 10 WristRight
0.08312327 0.075426 1.847424 11 HandRight
-0.2295445 0.108508 1.899218 12 HipLeft
-0.2430723 -0.195479 2.02211 13 KneeLeft
-0.2437149 -0.5093064 2.142002 14 AnkleLeft
-0.2295808 -0.5456675 2.038939 15 FootLeft
-0.07970411 0.1175872 1.922589 16 HipRight
-0.04900926 -0.1613395 1.90648 17 KneeRight
-0.07023395 -0.5108655 2.150527 18 AnkleRight
-0.08062764 -0.5764851 2.11724 19 FootRight
-0.1557925 0.6370974 1.876871 20 SpineShoulder
-0.4593782 0.02558445 1.845196 21 HandTipLeft
-0.4651279 0.1092604 1.789469 22 ThumbLeft
0.09282982 0.01072491 1.827777 23 HandTipRight
0.03839163 0.07288016 1.858228 24 ThumbRight
-0.1226871 0.08363172 1.830831 0 SpineBase
-0.1201818 0.3901996 1.797752 1 SpineMid
-0.1169508 0.6827558 1.753135 2 Neck
-0.2722255 0.5532761 1.734446 4 ShoulderLeft
-0.3412321 0.3357204 1.761033 5 ElbowLeft
-0.3918787 0.146182 1.746701 6 WristLeft
-0.4100487 0.08766998 1.740015 7 HandLeft
0.05414516 0.5637919 1.752236 8 ShoulderRight
0.1107858 0.3407436 1.772875 9 ElbowRight
0.1408978 0.1166805 1.741732 10 WristRight
0.1408159 0.05765753 1.731356 11 HandRight
-0.1963512 0.07882438 1.785974 12 HipLeft
-0.211871 -0.2394927 1.850543 13 KneeLeft
-0.2029343 -0.5497606 1.97116 14 AnkleLeft
-0.1909214 -0.6117634 1.92826 15 FootLeft
-0.04425775 0.08520907 1.804416 16 HipRight
-0.02881279 -0.2272374 1.834694 17 KneeRight
-0.0950562 -0.542991 1.978163 18 AnkleRight
-0.1141884 -0.6012402 1.943568 19 FootRight
-0.1178833 0.6115635 1.76625 20 SpineShoulder
-0.4340907 0.006149847 1.760729 21 HandTipLeft
-0.4388025 0.08306352 1.704196 22 ThumbLeft
0.1528449 -0.003615658 1.712292 23 HandTipRight
0.1006057 0.07191095 1.739442 24 ThumbRight
-0.1650012 0.08735797 1.835269 0 SpineBase
-0.1662393 0.3909872 1.798494 1 SpineMid
-0.166049 0.6809044 1.750501 2 Neck
-0.3170986 0.5514482 1.729756 4 ShoulderLeft
-0.3752723 0.329929 1.752424 5 ElbowLeft
-0.4318476 0.1420125 1.743815 6 WristLeft
-0.4380278 0.08698303 1.745471 7 HandLeft
0.006641881 0.563993 1.76274 8 ShoulderRight
0.0612408 0.3420663 1.792336 9 ElbowRight
0.09806838 0.1196427 1.772883 10 WristRight
0.1017941 0.05801485 1.764426 11 HandRight
-0.2380237 0.08363406 1.786622 12 HipLeft
-0.2487561 -0.2323161 1.859084 13 KneeLeft
-0.217104 -0.5417764 1.980685 14 AnkleLeft
-0.2055961 -0.5769614 1.877772 15 FootLeft
-0.08553939 0.08770527 1.812922 16 HipRight
-0.05493939 -0.2367265 1.829957 17 KneeRight
-0.05798465 -0.5498194 1.974384 18 AnkleRight
-0.04915134 -0.6103526 1.936916 19 FootRight
-0.1663125 0.6103449 1.764428 20 SpineShoulder
-0.455939 0.005890041 1.76418 21 HandTipLeft
-0.4682366 0.09724931 1.722432 22 ThumbLeft
0.1165172 -0.004492881 1.7459 23 HandTipRight
0.05546879 0.0564139 1.764666 24 ThumbRight
-0.1229437 0.08224462 1.807673 0 SpineBase
-0.1212349 0.3858828 1.772406 1 SpineMid
-0.1188487 0.6752947 1.725366 2 Neck
-0.2728277 0.5470058 1.70885 4 ShoulderLeft
-0.3350647 0.3258207 1.727834 5 ElbowLeft
-0.385791 0.140177 1.707539 6 WristLeft
-0.3975643 0.08017152 1.701363 7 HandLeft
0.05223925 0.5592058 1.73239 8 ShoulderRight
0.1037262 0.3352822 1.755818 9 ElbowRight
0.1341656 0.1118248 1.731056 10 WristRight
0.1324792 0.04783082 1.722088 11 HandRight
-0.1971794 0.07797421 1.761785 12 HipLeft
-0.2156659 -0.2080631 1.836767 13 KneeLeft
-0.2210797 -0.5275092 1.986761 14 AnkleLeft
-0.2223708 -0.5886879 1.948346 15 FootLeft
-0.04400965 0.0833983 1.78195 16 HipRight
-0.01576615 -0.2154134 1.80083 17 KneeRight
-0.03834231 -0.5337663 1.982181 18 AnkleRight
-0.03508847 -0.5949106 1.943648 19 FootRight
-0.119577 0.6049108 1.739098 20 SpineShoulder
-0.412402 0.0005546872 1.719189 21 HandTipLeft
-0.432763 0.09841393 1.683238 22 ThumbLeft
0.1420959 -0.01274353 1.704188 23 HandTipRight
0.08782013 0.05902714 1.722894 24 ThumbRight
-0.03169483 0.06561366 1.759787 0 SpineBase
-0.02990994 0.3624604 1.705733 1 SpineMid
-0.0280395 0.6450269 1.63948 2 Neck
-0.1808265 0.5285465 1.616502 4 ShoulderLeft
-0.253504 0.3130485 1.6501 5 ElbowLeft
-0.2827362 0.1153479 1.615854 6 WristLeft
-0.2778333 0.04791816 1.609516 7 HandLeft
0.1400536 0.5375867 1.682918 8 ShoulderRight
0.1815423 0.3155462 1.723893 9 ElbowRight
0.1966999 0.1040083 1.693017 10 WristRight
0.195104 0.05642027 1.669542 11 HandRight
-0.10536 0.06491853 1.705498 12 HipLeft
-0.1327222 -0.2348341 1.627532 13 KneeLeft
-0.1712361 -0.5516366 1.804633 14 AnkleLeft
-0.2061768 -0.621582 1.740234 15 FootLeft
0.04317661 0.06365001 1.742541 16 HipRight
0.04147931 -0.238251 1.785542 17 KneeRight
-0.03301096 -0.5456319 1.966938 18 AnkleRight
-0.03501287 -0.6092827 1.936579 19 FootRight
-0.02852318 0.5763976 1.658045 20 SpineShoulder
-0.2825566 -0.03047418 1.628489 21 HandTipLeft
-0.3198551 0.05784028 1.589357 22 ThumbLeft
0.1859456 -0.01185267 1.667305 23 HandTipRight
0.1645002 0.06197968 1.699743 24 ThumbRight
0.02582711 -0.02006225 1.411548 0 SpineBase
0.1032546 0.1427416 1.167022 1 SpineMid
0.1748333 0.3010006 0.9137531 2 Neck
0.03418341 0.2363677 0.923874 4 ShoulderLeft
-0.0877491 0.07681543 1.026857 5 ElbowLeft
-0.1564265 -0.07201146 1.107636 6 WristLeft
-0.165833 -0.112166 1.144956 7 HandLeft
0.3329789 0.2415689 1.033052 8 ShoulderRight
0.2999991 0.04519394 1.13945 9 ElbowRight
0.2268673 -0.1081305 1.298542 11 HandRight
-0.04850091 -0.02057151 1.341148 12 HipLeft
-0.03189696 -0.3641345 1.274589 13 KneeLeft
0.01970302 -0.6687753 1.347634 14 AnkleLeft
0.004408196 -0.7210878 1.304546 15 FootLeft
0.09853356 -0.01856261 1.410584 16 HipRight
0.1156046 -0.2161202 1.611112 17 KneeRight
0.157828 0.2622922 0.9790562 20 SpineShoulder
-0.1985308 -0.1715398 1.17213 21 HandTipLeft
-0.1094373 -0.1086783 1.172318 22 ThumbLeft
0.2560311 -0.1489199 1.350618 23 HandTipRight
0.2592843 -0.06678824 1.286569 24 ThumbRight
-0.1569377 0.07867408 1.823272 0 SpineBase
-0.1545829 0.3833752 1.771693 1 SpineMid
-0.1514429 0.6741661 1.708968 2 Neck
-0.3114518 0.55079 1.692872 4 ShoulderLeft
-0.4034971 0.3505155 1.747329 5 ElbowLeft
-0.4663121 0.1512236 1.738289 6 WristLeft
-0.4911205 0.09422938 1.747682 7 HandLeft
0.01601685 0.5535545 1.722822 8 ShoulderRight
0.07137069 0.329685 1.742057 9 ElbowRight
0.1319748 0.109561 1.716118 10 WristRight
0.1402365 0.05034868 1.699458 11 HandRight
-0.2292805 0.07272446 1.779068 12 HipLeft
-0.2333309 -0.2242593 1.864915 13 KneeLeft
-0.2385575 -0.5352514 2.020705 14 AnkleLeft
-0.2172884 -0.5931081 1.972801 15 FootLeft
-0.07847348 0.0815633 1.796301 16 HipRight
-0.06068714 -0.2357718 1.811036 17 KneeRight
-0.09208222 -0.5498287 1.951834 18 AnkleRight
-0.08359741 -0.5858085 1.849404 19 FootRight
-0.1523751 0.6034386 1.726567 20 SpineShoulder
-0.5114363 0.01586407 1.778678 21 HandTipLeft
-0.4558241 0.07426883 1.751432 22 ThumbLeft
0.1650228 -0.004619058 1.682658 23 HandTipRight
0.159039 0.0585744 1.66934 24 ThumbRight
-0.1418881 0.08394853 1.832856 0 SpineBase
-0.1456014 0.3905249 1.812064 1 SpineMid
-0.1481773 0.6832528 1.779209 2 Neck
-0.2996606 0.5501641 1.750537 4 ShoulderLeft
-0.3786997 0.3371083 1.780419 5 ElbowLeft
-0.4224149 0.1517051 1.74369 6 WristLeft
-0.4419726 0.09432861 1.732584 7 HandLeft
0.02691933 0.5644779 1.775625 8 ShoulderRight
0.08782883 0.341522 1.789613 9 ElbowRight
0.1516617 0.1303371 1.753153 10 WristRight
0.1683108 0.06896162 1.731631 11 HandRight
-0.2155736 0.07869422 1.786569 12 HipLeft
-0.2401892 -0.1974202 1.848026 13 KneeLeft
-0.2434306 -0.5280809 2.02204 14 AnkleLeft
-0.233541 -0.5628388 1.918304 15 FootLeft
-0.06274385 0.08600464 1.807716 16 HipRight
-0.03894461 -0.2011372 1.804958 17 KneeRight
-0.06103439 -0.5274681 2.017374 18 AnkleRight
-0.06061959 -0.5890897 1.983936 19 FootRight
-0.1476853 0.6119735 1.789425 20 SpineShoulder
-0.5011511 0.008941228 1.731156 21 HandTipLeft
-0.4058172 0.07343236 1.756929 22 ThumbLeft
0.1914404 0.01302252 1.714892 23 HandTipRight
0.1821603 0.08954193 1.702088 24 ThumbRight
-0.1218871 0.1404575 1.830499 0 SpineBase
-0.1341756 0.4140042 1.807571 1 SpineMid
-0.1428262 0.6792665 1.77208 2 Neck
-0.334886 0.6222589 1.767697 4 ShoulderLeft
-0.4294502 0.7709431 1.707166 5 ElbowLeft
-0.2921482 0.8608518 1.665577 6 WristLeft
-0.2461168 0.8621121 1.675089 7 HandLeft
0.07406112 0.5999255 1.766271 8 ShoulderRight
0.1541742 0.7640417 1.696039 9 ElbowRight
0.02487878 0.866284 1.674079 10 WristRight
-0.02431527 0.865536 1.681574 11 HandRight
-0.1949123 0.1350768 1.785685 12 HipLeft
-0.2239183 -0.1587425 1.851936 13 KneeLeft
-0.2435208 -0.5358099 2.025421 14 AnkleLeft
-0.2398473 -0.5705963 1.921564 15 FootLeft
-0.04419425 0.14043 1.804089 16 HipRight
0.009426384 -0.162911 1.88792 17 KneeRight
-0.0595615 -0.5449963 2.014857 18 AnkleRight
-0.05891464 -0.5795401 1.910838 19 FootRight
-0.1413702 0.6150407 1.783834 20 SpineShoulder
-0.2054529 0.884973 1.681879 21 HandTipLeft
-0.1879163 0.7941716 1.621387 22 ThumbLeft
-0.07015391 0.9240531 1.700618 23 HandTipRight
0.0231683 0.9156885 1.6916 24 ThumbRight
-0.1484881 0.1576042 1.824471 0 SpineBase
-0.1534695 0.4398705 1.799072 1 SpineMid
-0.1596532 0.7066391 1.763082 2 Neck
-0.3600937 0.6200084 1.733881 4 ShoulderLeft
-0.4440327 0.7841283 1.726575 5 ElbowLeft
-0.3016258 0.8713083 1.713282 6 WristLeft
-0.2653157 0.8410568 1.688516 7 HandLeft
0.03514845 0.6130813 1.74648 8 ShoulderRight
0.1094417 0.7713885 1.705337 9 ElbowRight
-0.03339802 0.8537473 1.706493 10 WristRight
-0.08299648 0.838197 1.69359 11 HandRight
-0.221558 0.1517823 1.779595 12 HipLeft
-0.2659391 -0.1604163 1.865241 13 KneeLeft
-0.2434278 -0.5329515 2.023054 14 AnkleLeft
-0.245793 -0.5939899 1.98265 15 FootLeft
-0.07004267 0.157222 1.798436 16 HipRight
-0.02636304 -0.1550823 1.884105 17 KneeRight
-0.05778734 -0.5443621 2.018225 18 AnkleRight
-0.05446165 -0.5790273 1.914206 19 FootRight
-0.1583218 0.6421531 1.773971 20 SpineShoulder
-0.145517 0.8726534 1.675833 23 HandTipRight
-0.1088458 0.8836026 1.72425 24 ThumbRight
0.1122865 0.03042888 1.317622 0 SpineBase
0.1085584 0.3274826 1.250886 1 SpineMid
-0.09343178 0.4255098 1.151427 4 ShoulderLeft
-0.0817227 0.5905693 1.146131 6 WristLeft
0.2906937 0.5177208 1.252567 8 ShoulderRight
0.4515033 0.4922762 1.288723 9 ElbowRight
0.461735 0.6047218 1.158335 10 WristRight
0.4666594 0.6257301 1.167188 11 HandRight
0.03366478 0.0311636 1.256546 12 HipLeft
-0.004348874 -0.2390692 1.165326 13 KneeLeft
0.05600007 -0.5562896 1.120439 14 AnkleLeft
0.0764197 -0.5873272 1.024156 15 FootLeft
0.1843777 0.02752637 1.307231 16 HipRight
0.1088991 -0.25257 1.312985 17 KneeRight
-0.007631287 -0.6335563 1.424216 19 FootRight
0.1051461 0.5386922 1.192376 20 SpineShoulder
0.4728644 0.641658 1.143586 23 HandTipRight
0.4100246 0.6112262 1.1388 24 ThumbRight
