X              Y         Z      JointType 
-0.1320099 0.1100219 1.775521 0 SpineBase
-0.1137109 0.4030405 1.731388 1 SpineMid
-0.09525221 0.6823888 1.676237 2 Neck
-0.2787897 0.5641096 1.70991 4 ShoulderLeft
-0.3914135 0.3421759 1.788466 5 ElbowLeft
-0.4965548 0.1403983 1.758371 6 WristLeft
-0.5112361 0.1511752 1.75301 7 HandLeft
0.05178273 0.5548644 1.642962 8 ShoulderRight
0.140724 0.2946487 1.684703 9 ElbowRight
0.1945092 0.07239465 1.654249 10 WristRight
0.1926704 0.07351699 1.633972 11 HandRight
-0.2052482 0.1101202 1.753721 12 HipLeft
-0.1823729 -0.195015 1.807456 13 KneeLeft
-0.106513 -0.5730349 1.950504 14 AnkleLeft
-0.1002808 -0.6411133 1.902344 15 FootLeft
-0.05352904 0.1056196 1.727889 16 HipRight
-0.07034485 -0.2267572 1.749914 17 KneeRight
-0.05566497 -0.5657771 1.913409 18 AnkleRight
-0.07501221 -0.6342773 1.876953 19 FootRight
-0.09991522 0.6144753 1.691909 20 SpineShoulder
-0.5727523 0.1107116 1.785676 21 HandTipLeft
-0.497122 0.1061979 1.733546 22 ThumbLeft
0.23164 -0.001601579 1.634179 23 HandTipRight
0.2219943 0.08227041 1.613745 24 ThumbRight
-0.1168822 0.1090659 1.800725 0 SpineBase
-0.09966721 0.4064487 1.756539 1 SpineMid
-0.08236343 0.6901484 1.701408 2 Neck
-0.2661017 0.567507 1.720168 4 ShoulderLeft
-0.3543527 0.3280271 1.796095 5 ElbowLeft
-0.4396065 0.1136491 1.788566 6 WristLeft
-0.4584146 0.09394338 1.801561 7 HandLeft
0.07014126 0.5647396 1.678766 8 ShoulderRight
0.1589156 0.3019606 1.744244 9 ElbowRight
0.2260048 0.08052714 1.731746 10 WristRight
0.2276875 0.07358032 1.723907 11 HandRight
-0.192141 0.1080457 1.773733 12 HipLeft
-0.1912487 -0.2087127 1.858531 13 KneeLeft
-0.1358014 -0.5661346 1.974573 14 AnkleLeft
-0.1481796 -0.6341842 1.92217 15 FootLeft
-0.03707164 0.105958 1.757868 16 HipRight
-0.0316112 -0.2239144 1.833763 17 KneeRight
-0.0542724 -0.5677955 1.94922 18 AnkleRight
-0.0438817 -0.6373581 1.900682 19 FootRight
-0.08672688 0.6211515 1.71708 20 SpineShoulder
-0.5203996 0.07065263 1.856553 21 HandTipLeft
-0.4121448 0.06707191 1.789909 22 ThumbLeft
0.2849822 0.003079637 1.747639 23 HandTipRight
0.2518757 0.05019315 1.687703 24 ThumbRight
-0.1136596 0.1109446 1.804467 0 SpineBase
-0.09579404 0.4077376 1.760003 1 SpineMid
-0.07777978 0.6908528 1.704597 2 Neck
-0.2616904 0.5683398 1.722333 4 ShoulderLeft
-0.3491301 0.3263181 1.798729 5 ElbowLeft
-0.433319 0.1110023 1.79331 6 WristLeft
-0.4514486 0.09131354 1.806644 7 HandLeft
0.07364225 0.5657172 1.683363 8 ShoulderRight
0.1612912 0.304828 1.750211 9 ElbowRight
0.2280643 0.0827844 1.742209 10 WristRight
0.2289517 0.07843974 1.730868 11 HandRight
-0.1891302 0.1096415 1.77679 12 HipLeft
-0.1894721 -0.2093867 1.858385 13 KneeLeft
-0.1363149 -0.5654055 1.974555 14 AnkleLeft
-0.1503139 -0.6349039 1.921248 15 FootLeft
-0.03378183 0.1080192 1.762205 16 HipRight
-0.02957225 -0.2224705 1.835346 17 KneeRight
-0.05219085 -0.567764 1.951272 18 AnkleRight
-0.04244745 -0.6395583 1.903871 19 FootRight
-0.08232561 0.6220034 1.720339 20 SpineShoulder
-0.5135894 0.06747758 1.861053 21 HandTipLeft
-0.4016209 0.0666784 1.800667 22 ThumbLeft
0.2840734 0.002733444 1.754733 23 HandTipRight
0.2585638 0.1202497 1.731857 24 ThumbRight
-0.1040379 0.117114 1.811186 0 SpineBase
-0.08501667 0.4124247 1.767385 1 SpineMid
-0.06570201 0.6940198 1.7129 2 Neck
-0.2497986 0.5726542 1.728115 4 ShoulderLeft
-0.3393207 0.3267046 1.80393 5 ElbowLeft
-0.4223511 0.1099439 1.798526 6 WristLeft
-0.4399039 0.09408866 1.80827 7 HandLeft
0.08329081 0.5691347 1.691123 8 ShoulderRight
0.1668996 0.3085624 1.75658 9 ElbowRight
0.2286013 0.08407614 1.745519 10 WristRight
0.2297422 0.08077187 1.731197 11 HandRight
-0.1794856 0.1157468 1.78275 12 HipLeft
-0.1776996 -0.2182325 1.852124 13 KneeLeft
-0.1397953 -0.5660205 1.969892 14 AnkleLeft
-0.1551371 -0.6344601 1.896301 15 FootLeft
-0.02454611 0.1139823 1.769575 16 HipRight
-0.02218094 -0.216966 1.837898 17 KneeRight
-0.04767936 -0.5676224 1.957384 18 AnkleRight
-0.03996526 -0.6378654 1.904977 19 FootRight
-0.07057437 0.6255533 1.72839 20 SpineShoulder
-0.5032852 0.06513821 1.861695 21 HandTipLeft
-0.3869442 0.07646539 1.807467 22 ThumbLeft
0.2720946 -8.928619E-05 1.762543 23 HandTipRight
0.2666164 0.1269827 1.7346 24 ThumbRight
-0.09429675 0.1219396 1.808417 0 SpineBase
-0.07714954 0.4155509 1.770422 1 SpineMid
-0.05785572 0.696331 1.721751 2 Neck
-0.242844 0.5764731 1.735062 4 ShoulderLeft
-0.3350327 0.3310226 1.807365 5 ElbowLeft
-0.4201939 0.1142642 1.798578 6 WristLeft
-0.4426029 0.09748218 1.798701 7 HandLeft
0.09097276 0.5724379 1.7012 8 ShoulderRight
0.1699297 0.3107029 1.758762 9 ElbowRight
0.2290673 0.08493965 1.739381 10 WristRight
0.2289847 0.08465909 1.714409 11 HandRight
-0.1698547 0.1207677 1.779138 12 HipLeft
-0.1757883 -0.2144894 1.846728 13 KneeLeft
-0.142384 -0.5528251 1.965501 14 AnkleLeft
-0.1461631 -0.6209379 1.913131 15 FootLeft
-0.01502251 0.1184479 1.767563 16 HipRight
-0.007038864 -0.198425 1.8262 17 KneeRight
-0.03856817 -0.5591321 1.967507 18 AnkleRight
-0.03758803 -0.6248623 1.917541 19 FootRight
-0.06280554 0.628047 1.735543 20 SpineShoulder
-0.5081528 0.07169781 1.848369 21 HandTipLeft
-0.3934749 0.07724187 1.805881 22 ThumbLeft
0.2539628 -0.000799935 1.749158 23 HandTipRight
0.2513334 0.1138558 1.7289 24 ThumbRight
-0.09429675 0.1219396 1.808417 0 SpineBase
-0.07714954 0.4155509 1.770422 1 SpineMid
-0.05785572 0.696331 1.721751 2 Neck
-0.242844 0.5764731 1.735062 4 ShoulderLeft
-0.3350327 0.3310226 1.807365 5 ElbowLeft
-0.4201939 0.1142642 1.798578 6 WristLeft
-0.4426029 0.09748218 1.798701 7 HandLeft
0.09097276 0.5724379 1.7012 8 ShoulderRight
0.1699297 0.3107029 1.758762 9 ElbowRight
0.2290673 0.08493965 1.739381 10 WristRight
0.2289847 0.08465909 1.714409 11 HandRight
-0.1698547 0.1207677 1.779138 12 HipLeft
-0.1757883 -0.2144894 1.846728 13 KneeLeft
-0.142384 -0.5528251 1.965501 14 AnkleLeft
-0.1461631 -0.6209379 1.913131 15 FootLeft
-0.01502251 0.1184479 1.767563 16 HipRight
-0.007038864 -0.198425 1.8262 17 KneeRight
-0.03856817 -0.5591321 1.967507 18 AnkleRight
-0.03758803 -0.6248623 1.917541 19 FootRight
-0.06280554 0.628047 1.735543 20 SpineShoulder
-0.5081528 0.07169781 1.848369 21 HandTipLeft
-0.3934749 0.07724187 1.805881 22 ThumbLeft
0.2539628 -0.000799935 1.749158 23 HandTipRight
0.2513334 0.1138558 1.7289 24 ThumbRight
-0.0926965 0.1230928 1.804925 0 SpineBase
-0.07656327 0.4159549 1.769915 1 SpineMid
-0.05779633 0.6965721 1.724504 2 Neck
-0.2426164 0.5766695 1.736198 4 ShoulderLeft
-0.3347347 0.3338988 1.805257 5 ElbowLeft
-0.4177651 0.1164557 1.787915 6 WristLeft
-0.4355692 0.09680159 1.776582 7 HandLeft
0.0919284 0.5728905 1.704739 8 ShoulderRight
0.1688813 0.3119417 1.758162 9 ElbowRight
0.2223556 0.08539859 1.729283 10 WristRight
0.2172763 0.08728429 1.706604 11 HandRight
-0.1682046 0.1216677 1.774842 12 HipLeft
-0.1756963 -0.2136845 1.843838 13 KneeLeft
-0.141536 -0.5484486 1.965416 14 AnkleLeft
-0.1432368 -0.6202428 1.914942 15 FootLeft
-0.0135232 0.119729 1.764868 16 HipRight
-0.005138671 -0.190213 1.813402 17 KneeRight
-0.03609046 -0.5525724 1.970018 18 AnkleRight
-0.03839744 -0.6194589 1.91931 19 FootRight
-0.06259299 0.6282572 1.737313 20 SpineShoulder
-0.4998566 0.06680085 1.81499 21 HandTipLeft
-0.3898594 0.07135797 1.7864 22 ThumbLeft
0.2363243 0.003886814 1.729934 23 HandTipRight
0.2188845 0.1078744 1.736778 24 ThumbRight
-0.09290715 0.1228019 1.800768 0 SpineBase
-0.07657415 0.4159358 1.769597 1 SpineMid
-0.05864978 0.6964753 1.726509 2 Neck
-0.2429846 0.576268 1.736657 4 ShoulderLeft
-0.3352345 0.3350224 1.801631 5 ElbowLeft
-0.4145858 0.1175336 1.768371 6 WristLeft
-0.4201866 0.1183543 1.754967 7 HandLeft
0.0911111 0.5726992 1.706794 8 ShoulderRight
0.1659263 0.3115627 1.755805 9 ElbowRight
0.2154535 0.084944 1.721096 10 WristRight
0.2099368 0.08483963 1.701243 11 HandRight
-0.1683663 0.1211655 1.770023 12 HipLeft
-0.1765197 -0.2143883 1.837687 13 KneeLeft
-0.1421454 -0.5473493 1.964863 14 AnkleLeft
-0.1419246 -0.6211534 1.916052 15 FootLeft
-0.01376236 0.1196117 1.761441 16 HipRight
-0.006871986 -0.1909764 1.810098 17 KneeRight
-0.03750854 -0.5542983 1.969527 18 AnkleRight
-0.03852512 -0.6192388 1.919154 19 FootRight
-0.06309783 0.6282151 1.738442 20 SpineShoulder
-0.4981691 0.06550675 1.771328 21 HandTipLeft
-0.3889072 0.07730215 1.76132 22 ThumbLeft
0.2352776 0.004557905 1.716071 23 HandTipRight
0.2420217 0.1049091 1.711917 24 ThumbRight
-0.09349881 0.1226302 1.798418 0 SpineBase
-0.07688911 0.4158743 1.768675 1 SpineMid
-0.0589282 0.6963782 1.726381 2 Neck
-0.243517 0.576004 1.736993 4 ShoulderLeft
-0.3358545 0.3348024 1.799218 5 ElbowLeft
-0.4154544 0.1178947 1.76345 6 WristLeft
-0.4226512 0.1192749 1.751948 7 HandLeft
0.08923712 0.5720006 1.70551 8 ShoulderRight
0.1644227 0.3123458 1.754918 9 ElbowRight
0.2114421 0.08553094 1.718771 10 WristRight
0.2095581 0.08392803 1.699217 11 HandRight
-0.1689467 0.1208575 1.767159 12 HipLeft
-0.1758727 -0.214856 1.835375 13 KneeLeft
-0.1422312 -0.5477786 1.964622 14 AnkleLeft
-0.1415804 -0.6212025 1.916607 15 FootLeft
-0.01433276 0.1195669 1.759603 16 HipRight
-0.007682081 -0.1915811 1.809073 17 KneeRight
-0.03857524 -0.5556448 1.969673 18 AnkleRight
-0.03856495 -0.6190922 1.919086 19 FootRight
-0.06335062 0.628136 1.738272 20 SpineShoulder
-0.4865375 0.07095097 1.767593 21 HandTipLeft
-0.3898353 0.07800314 1.772147 22 ThumbLeft
0.2479 0.003658947 1.708741 23 HandTipRight
0.1724661 0.07539458 1.722842 24 ThumbRight
-0.09493068 0.1219103 1.795016 0 SpineBase
-0.07763151 0.415597 1.767576 1 SpineMid
-0.0601223 0.6959856 1.727853 2 Neck
-0.2449806 0.5753707 1.737337 4 ShoulderLeft
-0.3381113 0.335144 1.795099 5 ElbowLeft
-0.4180994 0.118992 1.758024 6 WristLeft
-0.4274687 0.1224732 1.749377 7 HandLeft
0.08698716 0.5711343 1.705555 8 ShoulderRight
0.1622862 0.311606 1.754288 9 ElbowRight
0.2095655 0.08532791 1.717731 10 WristRight
0.2108012 0.09145971 1.694194 11 HandRight
-0.1700936 0.120137 1.7634 12 HipLeft
-0.17621 -0.2140148 1.830992 13 KneeLeft
-0.142008 -0.5473624 1.963676 14 AnkleLeft
-0.1392785 -0.6209584 1.917669 15 FootLeft
-0.01598885 0.11889 1.756619 16 HipRight
-0.00938022 -0.1923687 1.807746 17 KneeRight
-0.03989017 -0.5580569 1.969272 18 AnkleRight
-0.03843568 -0.6202256 1.919537 19 FootRight
-0.0643779 0.6278033 1.739104 20 SpineShoulder
-0.4735362 0.07144669 1.766515 21 HandTipLeft
-0.3892642 0.1016607 1.77368 22 ThumbLeft
0.2635534 0.02426186 1.685318 23 HandTipRight
0.187426 0.05691933 1.717724 24 ThumbRight
-0.09631529 0.1210444 1.791779 0 SpineBase
-0.07913034 0.4150045 1.766376 1 SpineMid
-0.06288578 0.6951392 1.729254 2 Neck
-0.2479477 0.5741764 1.736802 4 ShoulderLeft
-0.3416934 0.3344151 1.792204 5 ElbowLeft
-0.4218709 0.1188537 1.75548 6 WristLeft
-0.4307446 0.1202676 1.752061 7 HandLeft
0.08433202 0.5706807 1.706477 8 ShoulderRight
0.1598943 0.3101233 1.7539 9 ElbowRight
0.2099323 0.08525547 1.715173 10 WristRight
0.214039 0.09330878 1.692174 11 HandRight
-0.1713256 0.1192673 1.759938 12 HipLeft
-0.176158 -0.2125778 1.826792 13 KneeLeft
-0.1425094 -0.5490267 1.962587 14 AnkleLeft
-0.1376484 -0.6210722 1.919836 15 FootLeft
-0.01748182 0.1180762 1.753678 16 HipRight
-0.01065099 -0.1934534 1.807801 17 KneeRight
-0.04130968 -0.5597834 1.968612 18 AnkleRight
-0.03795467 -0.6209315 1.919202 19 FootRight
-0.066801 0.6270323 1.739949 20 SpineShoulder
-0.475973 0.06986667 1.770354 21 HandTipLeft
-0.404994 0.07343391 1.746148 22 ThumbLeft
0.235648 0.05617321 1.710298 23 HandTipRight
0.1974715 0.07661958 1.644878 24 ThumbRight
-0.09734004 0.1205356 1.790337 0 SpineBase
-0.08043032 0.4144993 1.764986 1 SpineMid
-0.06427943 0.6946586 1.728263 2 Neck
-0.2501394 0.573774 1.736039 4 ShoulderLeft
-0.3439243 0.3332123 1.791181 5 ElbowLeft
-0.4228125 0.1173268 1.755251 6 WristLeft
-0.4297355 0.1183512 1.753225 7 HandLeft
0.08305816 0.5709389 1.707781 8 ShoulderRight
0.1585857 0.3092467 1.753444 9 ElbowRight
0.2108694 0.08547907 1.712254 10 WristRight
0.2139537 0.09312122 1.689278 11 HandRight
-0.172348 0.1185954 1.758502 12 HipLeft
-0.176352 -0.2126174 1.825845 13 KneeLeft
-0.1420313 -0.5504432 1.961688 14 AnkleLeft
-0.1378772 -0.6217303 1.920012 15 FootLeft
-0.01847756 0.1177479 1.752259 16 HipRight
-0.01192311 -0.1934684 1.80654 17 KneeRight
-0.04150489 -0.560092 1.968096 18 AnkleRight
-0.03695357 -0.6205767 1.918744 19 FootRight
-0.06819485 0.626546 1.73903 20 SpineShoulder
-0.4758511 0.06803994 1.771781 21 HandTipLeft
-0.4041495 0.07378067 1.746891 22 ThumbLeft
0.2698525 0.03807096 1.686635 23 HandTipRight
0.2365395 0.1135881 1.660758 24 ThumbRight
-0.09850559 0.1200955 1.789375 0 SpineBase
-0.08174842 0.4141582 1.764132 1 SpineMid
-0.06567948 0.694418 1.727652 2 Neck
-0.2527212 0.5726267 1.735307 4 ShoulderLeft
-0.3447766 0.3327292 1.790809 5 ElbowLeft
-0.4233635 0.1168154 1.756174 6 WristLeft
-0.4296342 0.1162955 1.756016 7 HandLeft
0.08179678 0.5709382 1.708273 8 ShoulderRight
0.1568681 0.3086552 1.752988 9 ElbowRight
0.2111737 0.08557305 1.712025 10 WristRight
0.2133217 0.09106925 1.690367 11 HandRight
-0.1735485 0.1179552 1.757525 12 HipLeft
-0.1765326 -0.2130965 1.824356 13 KneeLeft
-0.1409681 -0.5521976 1.961213 14 AnkleLeft
-0.1378736 -0.6218261 1.921367 15 FootLeft
-0.01958366 0.1175128 1.751311 16 HipRight
-0.0127352 -0.1933503 1.804392 17 KneeRight
-0.04181611 -0.5598627 1.967713 18 AnkleRight
-0.03622377 -0.6196885 1.918246 19 FootRight
-0.06959949 0.626272 1.738459 20 SpineShoulder
-0.479794 0.06651174 1.771882 21 HandTipLeft
-0.3845968 0.1048105 1.784706 22 ThumbLeft
0.2743836 0.02543661 1.686379 23 HandTipRight
0.2373368 0.1002372 1.656325 24 ThumbRight
-0.101066 0.1189272 1.787386 0 SpineBase
-0.08460638 0.4133218 1.762663 1 SpineMid
-0.06875727 0.6939052 1.726795 2 Neck
-0.2559395 0.5709674 1.733199 4 ShoulderLeft
-0.3467833 0.3302685 1.789938 5 ElbowLeft
-0.4243216 0.1141006 1.756517 6 WristLeft
-0.4306833 0.1155662 1.758283 7 HandLeft
0.0791994 0.5706263 1.708014 8 ShoulderRight
0.1530041 0.3070889 1.751626 9 ElbowRight
0.2107496 0.08499023 1.711752 10 WristRight
0.2114972 0.08825162 1.69126 11 HandRight
-0.1760503 0.1165118 1.755751 12 HipLeft
-0.1767561 -0.2140906 1.823328 13 KneeLeft
-0.1408091 -0.5534352 1.960581 14 AnkleLeft
-0.1370313 -0.6226218 1.92054 15 FootLeft
-0.02210829 0.1166728 1.749128 16 HipRight
-0.01449495 -0.1935739 1.802184 17 KneeRight
-0.0436703 -0.5598284 1.966554 18 AnkleRight
-0.03819861 -0.6196662 1.916854 19 FootRight
-0.07266142 0.625669 1.737553 20 SpineShoulder
-0.4727492 0.06284729 1.78246 21 HandTipLeft
-0.4040589 0.07181445 1.75551 22 ThumbLeft
0.273898 0.02423469 1.683342 23 HandTipRight
0.2293371 0.08185368 1.646266 24 ThumbRight
-0.1038578 0.1183917 1.785166 0 SpineBase
-0.08865169 0.4125937 1.760628 1 SpineMid
-0.07378992 0.6930084 1.725162 2 Neck
-0.2586841 0.5703874 1.730815 4 ShoulderLeft
-0.3490497 0.3294839 1.789142 5 ElbowLeft
-0.4273235 0.1136618 1.757091 6 WristLeft
-0.436851 0.1194438 1.757438 7 HandLeft
0.07560752 0.5698645 1.705794 8 ShoulderRight
0.1496485 0.3069102 1.749938 9 ElbowRight
0.2084472 0.08505924 1.711785 10 WristRight
0.2087639 0.08801875 1.6878 11 HandRight
-0.17871 0.1160497 1.753669 12 HipLeft
-0.1781835 -0.2136729 1.820997 13 KneeLeft
-0.1404009 -0.5536006 1.96049 14 AnkleLeft
-0.1388075 -0.6246811 1.92257 15 FootLeft
-0.02491189 0.1160867 1.746802 16 HipRight
-0.01680207 -0.1938805 1.799187 17 KneeRight
-0.04509304 -0.5586829 1.965495 18 AnkleRight
-0.04202576 -0.6199781 1.915813 19 FootRight
-0.07748764 0.6248095 1.735858 20 SpineShoulder
-0.4749832 0.06029767 1.782856 21 HandTipLeft
-0.4119772 0.07371371 1.758181 22 ThumbLeft
0.272697 0.02419971 1.680627 23 HandTipRight
0.2299811 0.1169528 1.669421 24 ThumbRight
-0.1066318 0.1176943 1.782914 0 SpineBase
-0.09235874 0.4117423 1.758574 1 SpineMid
-0.07828346 0.6920023 1.723364 2 Neck
-0.2621295 0.5696357 1.72797 4 ShoulderLeft
-0.3524922 0.3298388 1.787467 5 ElbowLeft
-0.4334577 0.1150521 1.757042 6 WristLeft
-0.4431759 0.1228951 1.755182 7 HandLeft
0.07288492 0.5691995 1.703121 8 ShoulderRight
0.1466651 0.3054204 1.747475 9 ElbowRight
0.2061271 0.08387736 1.7095 10 WristRight
0.2078242 0.08520032 1.685636 11 HandRight
-0.1813876 0.1155285 1.751604 12 HipLeft
-0.1816478 -0.2117071 1.816131 13 KneeLeft
-0.14029 -0.5539901 1.96035 14 AnkleLeft
-0.1352615 -0.6235819 1.919618 15 FootLeft
-0.02766757 0.1152381 1.744383 16 HipRight
-0.01927912 -0.1946071 1.798572 17 KneeRight
-0.04562427 -0.5582297 1.965087 18 AnkleRight
-0.04392314 -0.6210239 1.915159 19 FootRight
-0.08180686 0.6238406 1.73402 20 SpineShoulder
-0.4815851 0.06413278 1.777672 21 HandTipLeft
-0.4205475 0.07596378 1.752875 22 ThumbLeft
0.2695529 0.01701728 1.68713 23 HandTipRight
0.2295975 0.1185764 1.671866 24 ThumbRight
-0.108223 0.1172328 1.781717 0 SpineBase
-0.09431973 0.4111362 1.75677 1 SpineMid
-0.08053591 0.6912419 1.720829 2 Neck
-0.2636014 0.5696302 1.726551 4 ShoulderLeft
-0.3548788 0.3305101 1.785608 5 ElbowLeft
-0.4356575 0.1156002 1.756398 6 WristLeft
-0.4465623 0.1234606 1.75313 7 HandLeft
0.07130116 0.5686015 1.701317 8 ShoulderRight
0.1454289 0.3055649 1.746153 9 ElbowRight
0.2035568 0.08375517 1.707834 10 WristRight
0.2016345 0.08031516 1.683067 11 HandRight
-0.1829828 0.1151107 1.750303 12 HipLeft
-0.1838286 -0.2108888 1.814002 13 KneeLeft
-0.140309 -0.5540074 1.960325 14 AnkleLeft
-0.1357163 -0.6234227 1.920729 15 FootLeft
-0.02918832 0.1147534 1.743301 16 HipRight
-0.02058468 -0.1945211 1.798003 17 KneeRight
-0.0462596 -0.5584474 1.965122 18 AnkleRight
-0.0450967 -0.6212621 1.915292 19 FootRight
-0.08399459 0.6231211 1.731691 20 SpineShoulder
-0.4848991 0.06565148 1.775164 21 HandTipLeft
-0.426015 0.07473575 1.747061 22 ThumbLeft
0.248595 0.00710128 1.694988 23 HandTipRight
0.2330304 0.1242319 1.6959 24 ThumbRight
-0.1126411 0.1163719 1.775986 0 SpineBase
-0.09830867 0.4100581 1.751408 1 SpineMid
-0.08397647 0.6899375 1.715852 2 Neck
-0.2674093 0.5692599 1.719503 4 ShoulderLeft
-0.3601266 0.3314134 1.779009 5 ElbowLeft
-0.4415177 0.1167085 1.752269 6 WristLeft
-0.4691813 0.09948152 1.746824 7 HandLeft
0.06837359 0.5679081 1.697129 8 ShoulderRight
0.1407172 0.3073794 1.739459 9 ElbowRight
0.190367 0.08390782 1.698804 10 WristRight
0.1764045 0.07497133 1.675478 11 HandRight
-0.1874843 0.1147043 1.744161 12 HipLeft
-0.1843037 -0.2108868 1.812029 13 KneeLeft
-0.1395321 -0.5553839 1.960899 14 AnkleLeft
-0.1345914 -0.6229119 1.919754 15 FootLeft
-0.03336097 0.1135006 1.737952 16 HipRight
-0.02411948 -0.1954583 1.795023 17 KneeRight
-0.04687031 -0.5578511 1.964347 18 AnkleRight
-0.04578677 -0.6213672 1.914483 19 FootRight
-0.08758417 0.6218739 1.726628 20 SpineShoulder
-0.5349705 0.07424929 1.778437 21 HandTipLeft
-0.4924795 0.1240987 1.718355 22 ThumbLeft
0.1976162 0.01421289 1.67645 23 HandTipRight
0.2166293 0.05536184 1.687 24 ThumbRight
-0.113515 0.1157674 1.773776 0 SpineBase
-0.09938592 0.40931 1.74852 1 SpineMid
-0.08522003 0.6890308 1.712224 2 Neck
-0.2693249 0.568627 1.71505 4 ShoulderLeft
-0.3641948 0.333685 1.77392 5 ElbowLeft
-0.4467284 0.119302 1.748847 6 WristLeft
-0.4626936 0.1285111 1.738968 7 HandLeft
0.06685808 0.5672209 1.694718 8 ShoulderRight
0.1374579 0.3081056 1.734391 9 ElbowRight
0.1726238 0.08187789 1.69322 10 WristRight
0.1588317 0.06915124 1.677863 11 HandRight
-0.1883613 0.1143047 1.741927 12 HipLeft
-0.1867011 -0.2102978 1.809913 13 KneeLeft
-0.1375854 -0.5581747 1.96154 14 AnkleLeft
-0.1341961 -0.6236091 1.919775 15 FootLeft
-0.03418669 0.1127017 1.73579 16 HipRight
-0.02938879 -0.1971012 1.793426 17 KneeRight
-0.0478225 -0.5587854 1.964195 18 AnkleRight
-0.046294 -0.6213341 1.913961 19 FootRight
-0.08879252 0.6210092 1.723193 20 SpineShoulder
-0.5088468 0.07172077 1.766945 21 HandTipLeft
-0.5004854 0.1588933 1.723828 22 ThumbLeft
0.1698973 0.0103983 1.669185 23 HandTipRight
0.1983491 0.05618536 1.702333 24 ThumbRight
-0.1144974 0.1135561 1.76616 0 SpineBase
-0.1012765 0.4077482 1.741338 1 SpineMid
-0.08787223 0.6880136 1.70539 2 Neck
-0.2729626 0.5680813 1.708187 4 ShoulderLeft
-0.3932618 0.3389118 1.761953 5 ElbowLeft
-0.5081684 0.1406875 1.735604 6 WristLeft
-0.5241561 0.1527275 1.733386 7 HandLeft
0.0645144 0.565306 1.687773 8 ShoulderRight
0.1317886 0.3095793 1.726341 9 ElbowRight
0.1526735 0.08069337 1.691693 10 WristRight
0.1404836 0.06568655 1.680016 11 HandRight
-0.1894559 0.112532 1.73359 12 HipLeft
-0.1892495 -0.2106565 1.80609 13 KneeLeft
-0.1375 -0.5591817 1.961482 14 AnkleLeft
-0.1330587 -0.6238709 1.919827 15 FootLeft
-0.03499194 0.1101277 1.728897 16 HipRight
-0.03367745 -0.1973594 1.786774 17 KneeRight
-0.05005958 -0.560963 1.962191 18 AnkleRight
-0.04755393 -0.6233627 1.911335 19 FootRight
-0.0912673 0.6198642 1.71628 20 SpineShoulder
-0.5775462 0.1088335 1.761127 21 HandTipLeft
-0.5575718 0.1889776 1.721105 22 ThumbLeft
0.1495652 0.006802602 1.674079 23 HandTipRight
0.1798241 0.04245577 1.700751 24 ThumbRight
-0.1147507 0.1131743 1.760932 0 SpineBase
-0.1022782 0.4074536 1.736988 1 SpineMid
-0.08954655 0.6877204 1.701814 2 Neck
-0.2763496 0.5674686 1.705495 4 ShoulderLeft
-0.4157403 0.3440995 1.762334 5 ElbowLeft
-0.5528693 0.1612577 1.735555 6 WristLeft
-0.5659394 0.1792051 1.733722 7 HandLeft
0.06360838 0.5646843 1.683123 8 ShoulderRight
0.1308782 0.3103182 1.722612 9 ElbowRight
0.1531442 0.08130281 1.691347 10 WristRight
0.1551395 0.06565253 1.678124 11 HandRight
-0.1895944 0.1118561 1.728594 12 HipLeft
-0.1913497 -0.207558 1.80075 13 KneeLeft
-0.1371153 -0.5597962 1.961337 14 AnkleLeft
-0.1308018 -0.6235309 1.920162 15 FootLeft
-0.0353325 0.1100324 1.723474 16 HipRight
-0.03532273 -0.1955396 1.778918 17 KneeRight
-0.05098204 -0.561985 1.961863 18 AnkleRight
-0.04769934 -0.6237885 1.911422 19 FootRight
-0.09278181 0.6195785 1.712522 20 SpineShoulder
-0.6219387 0.142996 1.753412 21 HandTipLeft
-0.6075165 0.2184877 1.7341 22 ThumbLeft
0.1612444 0.008492356 1.664753 23 HandTipRight
0.1782124 0.09690056 1.65402 24 ThumbRight
-0.1150582 0.1129578 1.756171 0 SpineBase
-0.1029325 0.4071432 1.732895 1 SpineMid
-0.09047366 0.68734 1.698489 2 Neck
-0.2777533 0.5671582 1.704294 4 ShoulderLeft
-0.4192557 0.3456254 1.762225 5 ElbowLeft
-0.5563738 0.1630309 1.734669 6 WristLeft
-0.5620316 0.1772339 1.730283 7 HandLeft
0.06315126 0.5641577 1.679387 8 ShoulderRight
0.1315416 0.3092788 1.719923 9 ElbowRight
0.1609389 0.08129621 1.688069 10 WristRight
0.164527 0.06931376 1.672704 11 HandRight
-0.1898366 0.1114233 1.724221 12 HipLeft
-0.1914723 -0.207695 1.798121 13 KneeLeft
-0.1339872 -0.5625133 1.960641 14 AnkleLeft
-0.1309487 -0.6243985 1.91928 15 FootLeft
-0.03569055 0.1100315 1.718316 16 HipRight
-0.03674258 -0.1958344 1.775799 17 KneeRight
-0.05116884 -0.5620993 1.961682 18 AnkleRight
-0.04917229 -0.6245774 1.910619 19 FootRight
-0.09365187 0.6192134 1.708997 20 SpineShoulder
-0.6170088 0.1464134 1.747516 21 HandTipLeft
-0.5856988 0.2102633 1.713627 22 ThumbLeft
0.1704012 0.01046332 1.655715 23 HandTipRight
0.1829813 0.1004169 1.643983 24 ThumbRight
-0.1156099 0.1131627 1.752896 0 SpineBase
-0.1032663 0.4072538 1.730712 1 SpineMid
-0.09068635 0.6873909 1.697228 2 Neck
-0.2779699 0.5669034 1.70331 4 ShoulderLeft
-0.4106313 0.3445598 1.760956 5 ElbowLeft
-0.5077384 0.1372942 1.732002 6 WristLeft
-0.5093086 0.1479812 1.729176 7 HandLeft
0.06261753 0.5638388 1.676041 8 ShoulderRight
0.1340659 0.3090035 1.716511 9 ElbowRight
0.169296 0.0820066 1.683933 10 WristRight
0.1742466 0.07221083 1.665285 11 HandRight
-0.1903377 0.111472 1.721585 12 HipLeft
-0.1899969 -0.2069779 1.792665 13 KneeLeft
-0.1336208 -0.5623487 1.959891 14 AnkleLeft
-0.1309788 -0.6251678 1.918167 15 FootLeft
-0.03624905 0.1103964 1.71439 16 HipRight
-0.03739958 -0.1954462 1.773412 17 KneeRight
-0.05151064 -0.5624987 1.961272 18 AnkleRight
-0.04981336 -0.6248489 1.910398 19 FootRight
-0.09388785 0.6192755 1.707524 20 SpineShoulder
-0.5508491 0.1021412 1.741723 21 HandTipLeft
-0.5446473 0.1819709 1.721947 22 ThumbLeft
0.1913399 0.01078552 1.652529 23 HandTipRight
0.1965463 0.1032127 1.639114 24 ThumbRight
-0.1175659 0.1130247 1.750368 0 SpineBase
-0.1041096 0.4071975 1.728682 1 SpineMid
-0.09074766 0.6873845 1.695661 2 Neck
-0.276588 0.565079 1.700538 4 ShoulderLeft
-0.3623707 0.3338836 1.755279 5 ElbowLeft
-0.4154261 0.1110042 1.721449 6 WristLeft
-0.4167509 0.112769 1.720965 7 HandLeft
0.06158021 0.5633879 1.671427 8 ShoulderRight
0.144182 0.3130582 1.706804 9 ElbowRight
0.2042418 0.09367314 1.658199 10 WristRight
0.2179964 0.05166636 1.633235 11 HandRight
-0.1922752 0.1114867 1.719433 12 HipLeft
-0.1877687 -0.2108645 1.792336 13 KneeLeft
-0.1338151 -0.5623399 1.958887 14 AnkleLeft
-0.1313148 -0.6248778 1.916557 15 FootLeft
-0.03813038 0.1100837 1.711496 16 HipRight
-0.03895714 -0.1941855 1.770718 17 KneeRight
-0.05122216 -0.5623633 1.960719 18 AnkleRight
-0.05021773 -0.6262237 1.910108 19 FootRight
-0.09412318 0.6192579 1.705848 20 SpineShoulder
-0.4331523 0.05546713 1.726467 21 HandTipLeft
-0.4507406 0.119038 1.698122 22 ThumbLeft
0.2423239 0.02357533 1.640546 23 HandTipRight
0.251145 0.07477824 1.628857 24 ThumbRight
-0.121972 0.1132768 1.74609 0 SpineBase
-0.105966 0.4074634 1.726039 1 SpineMid
-0.09092039 0.6875799 1.694515 2 Neck
-0.2744369 0.5635855 1.699285 4 ShoulderLeft
-0.3389205 0.337377 1.751 5 ElbowLeft
-0.3414617 0.1113373 1.69421 6 WristLeft
-0.3279959 0.09476602 1.69369 7 HandLeft
0.05923246 0.5639966 1.666463 8 ShoulderRight
0.187939 0.3235859 1.672566 9 ElbowRight
0.2882875 0.1246263 1.604074 10 WristRight
0.3062492 0.110941 1.583236 11 HandRight
-0.1961872 0.1125427 1.716464 12 HipLeft
-0.1819659 -0.2285839 1.803414 13 KneeLeft
-0.1368705 -0.5624146 1.957932 14 AnkleLeft
-0.1399088 -0.625482 1.917809 15 FootLeft
-0.04290211 0.1093558 1.70574 16 HipRight
-0.04054236 -0.1921808 1.768032 17 KneeRight
-0.05044054 -0.5656832 1.959612 18 AnkleRight
-0.0520064 -0.6256334 1.910706 19 FootRight
-0.09460741 0.6194758 1.704371 20 SpineShoulder
-0.3235541 0.009296612 1.705984 21 HandTipLeft
-0.3595563 0.08727711 1.697769 22 ThumbLeft
0.3409099 0.0516664 1.612184 23 HandTipRight
0.3057996 0.08787207 1.52892 24 ThumbRight
-0.1208292 0.1131894 1.743787 0 SpineBase
-0.1057807 0.407516 1.724942 1 SpineMid
-0.09094571 0.6876556 1.694268 2 Neck
-0.2731709 0.5628577 1.698724 4 ShoulderLeft
-0.339617 0.3356834 1.750778 5 ElbowLeft
-0.4012998 0.1146259 1.721529 6 WristLeft
-0.3978994 0.1019957 1.718955 7 HandLeft
0.058262 0.5643715 1.664463 8 ShoulderRight
0.2089263 0.3280792 1.656513 9 ElbowRight
0.3254094 0.1429417 1.57494 10 WristRight
0.3407722 0.1329505 1.552098 11 HandRight
-0.1953478 0.1126786 1.714787 12 HipLeft
-0.1804382 -0.2296159 1.80344 13 KneeLeft
-0.1388555 -0.5609539 1.956736 14 AnkleLeft
-0.1392746 -0.624639 1.91694 15 FootLeft
-0.04145731 0.1090433 1.702832 16 HipRight
-0.04080144 -0.191901 1.767773 17 KneeRight
-0.04933531 -0.5657266 1.958898 18 AnkleRight
-0.05131867 -0.6256344 1.910719 19 FootRight
-0.09462529 0.6195574 1.703951 20 SpineShoulder
-0.4310834 0.03645368 1.7384 21 HandTipLeft
-0.4313772 0.1296206 1.698553 22 ThumbLeft
0.3814076 0.08581134 1.564362 23 HandTipRight
0.343317 0.1206854 1.493576 24 ThumbRight
-0.1191638 0.1133913 1.742351 0 SpineBase
-0.1052345 0.4075783 1.724375 1 SpineMid
-0.09090557 0.68766 1.694226 2 Neck
-0.273019 0.5627405 1.698911 4 ShoulderLeft
-0.3483692 0.3330968 1.755059 5 ElbowLeft
-0.422987 0.1162304 1.726298 6 WristLeft
-0.4336801 0.106814 1.72453 7 HandLeft
0.05810813 0.5645184 1.66397 8 ShoulderRight
0.2096277 0.3277346 1.655546 9 ElbowRight
0.3256091 0.1424543 1.573526 10 WristRight
0.3346698 0.1288472 1.552399 11 HandRight
-0.1938285 0.1129472 1.713575 12 HipLeft
-0.1794648 -0.230066 1.803608 13 KneeLeft
-0.1395907 -0.5601441 1.956252 14 AnkleLeft
-0.1389254 -0.6245587 1.917711 15 FootLeft
-0.03971583 0.1091843 1.701223 16 HipRight
-0.04074429 -0.1918776 1.767864 17 KneeRight
-0.04918829 -0.5655873 1.958808 18 AnkleRight
-0.05158552 -0.6254197 1.910754 19 FootRight
-0.0945162 0.6195695 1.703824 20 SpineShoulder
-0.4656339 0.05312274 1.733113 21 HandTipLeft
-0.4590339 0.129031 1.694255 22 ThumbLeft
0.3738625 0.0824841 1.565102 23 HandTipRight
0.3360954 0.1135935 1.497045 24 ThumbRight
-0.1144185 0.1133862 1.739559 0 SpineBase
-0.1029679 0.4075848 1.722498 1 SpineMid
-0.0904089 0.6876594 1.693514 2 Neck
-0.2739468 0.5627494 1.699891 4 ShoulderLeft
-0.4360785 0.3473989 1.766176 5 ElbowLeft
-0.5952656 0.1838163 1.760889 6 WristLeft
-0.5973667 0.1872087 1.753216 7 HandLeft
0.05869255 0.5640433 1.662115 8 ShoulderRight
0.1685157 0.3120887 1.673975 9 ElbowRight
0.2323905 0.1000633 1.599506 10 WristRight
0.2375274 0.07184683 1.588624 11 HandRight
-0.1893319 0.1123918 1.711279 12 HipLeft
-0.1770468 -0.228647 1.799961 13 KneeLeft
-0.1412449 -0.5586324 1.955785 14 AnkleLeft
-0.1389025 -0.6243142 1.916731 15 FootLeft
-0.03483793 0.1098176 1.69794 16 HipRight
-0.03872711 -0.1927094 1.768765 17 KneeRight
-0.04890964 -0.5654472 1.958613 18 AnkleRight
-0.04734392 -0.6252626 1.910883 19 FootRight
-0.09367961 0.6195722 1.702818 20 SpineShoulder
-0.6728768 0.1493936 1.787366 21 HandTipLeft
-0.6100146 0.2316103 1.733114 22 ThumbLeft
0.2689708 0.02570538 1.600554 23 HandTipRight
0.2665947 0.05540192 1.552 24 ThumbRight
-0.1065392 0.1118896 1.734556 0 SpineBase
-0.09966261 0.4064414 1.718473 1 SpineMid
-0.09000769 0.6867458 1.690429 2 Neck
-0.2785136 0.5632818 1.701728 4 ShoulderLeft
-0.4897454 0.3913936 1.772228 5 ElbowLeft
-0.6846979 0.2751535 1.770617 6 WristLeft
-0.7096291 0.2704132 1.762784 7 HandLeft
0.05918773 0.5627642 1.660317 8 ShoulderRight
0.1167353 0.3195584 1.686517 9 ElbowRight
0.1001173 0.09060033 1.649365 10 WristRight
0.07781893 0.03313101 1.65914 11 HandRight
-0.180213 0.1100423 1.70542 12 HipLeft
-0.1757987 -0.2198177 1.787426 13 KneeLeft
-0.1398058 -0.5584717 1.956008 14 AnkleLeft
-0.1386055 -0.6249529 1.91638 15 FootLeft
-0.02844934 0.1091227 1.693822 16 HipRight
-0.03453783 -0.1960919 1.768487 17 KneeRight
-0.04824025 -0.564446 1.958713 18 AnkleRight
-0.04668774 -0.6243286 1.911671 19 FootRight
-0.09267649 0.6186166 1.699508 20 SpineShoulder
-0.7598669 0.2598077 1.799525 21 HandTipLeft
-0.7302994 0.305512 1.7525 22 ThumbLeft
0.07067122 -0.01037226 1.647025 23 HandTipRight
0.1147713 0.02564257 1.663897 24 ThumbRight
-0.1032803 0.1119399 1.734186 0 SpineBase
-0.09867663 0.4061774 1.717705 1 SpineMid
-0.09047236 0.6861854 1.689234 2 Neck
-0.2806416 0.5630601 1.702027 4 ShoulderLeft
-0.4971997 0.396892 1.772229 5 ElbowLeft
-0.6910539 0.2787924 1.770465 6 WristLeft
-0.6954017 0.2939263 1.764732 7 HandLeft
0.05913106 0.5619275 1.659476 8 ShoulderRight
0.1138015 0.3221154 1.687966 9 ElbowRight
0.08653662 0.093711 1.654743 10 WristRight
0.05958708 0.04752933 1.659429 11 HandRight
-0.177207 0.1094229 1.705195 12 HipLeft
-0.1752988 -0.2179406 1.784863 13 KneeLeft
-0.1393583 -0.5586331 1.956056 14 AnkleLeft
-0.1389404 -0.6250843 1.916263 15 FootLeft
-0.02495307 0.1099286 1.69331 16 HipRight
-0.03071619 -0.1963926 1.769944 17 KneeRight
-0.0479488 -0.5641705 1.95898 18 AnkleRight
-0.04661243 -0.6241968 1.913041 19 FootRight
-0.0927321 0.6181783 1.698505 20 SpineShoulder
-0.7707259 0.2733067 1.796963 21 HandTipLeft
-0.7144673 0.3151656 1.734655 22 ThumbLeft
0.05371178 -0.01055241 1.65077 23 HandTipRight
0.09514324 0.04191027 1.675937 24 ThumbRight
-0.10543 0.110808 1.732142 0 SpineBase
-0.1016565 0.4042031 1.713896 1 SpineMid
-0.0962251 0.6831571 1.683514 2 Neck
-0.2883012 0.5632938 1.699089 4 ShoulderLeft
-0.4904977 0.3873637 1.765684 5 ElbowLeft
-0.6516244 0.2263112 1.741231 6 WristLeft
-0.6586022 0.2327149 1.736468 7 HandLeft
0.05584822 0.5599605 1.656373 8 ShoulderRight
0.1148904 0.3184418 1.684035 9 ElbowRight
0.141158 0.09441373 1.624352 10 WristRight
0.1431494 0.04794782 1.61197 11 HandRight
-0.1797743 0.1081607 1.702816 12 HipLeft
-0.1744818 -0.2191297 1.78442 13 KneeLeft
-0.135413 -0.5624217 1.956034 14 AnkleLeft
-0.1389044 -0.6272944 1.915329 15 FootLeft
-0.02672039 0.1089225 1.691604 16 HipRight
-0.03229506 -0.2119532 1.778985 17 KneeRight
-0.04934456 -0.5648744 1.959074 18 AnkleRight
-0.04451025 -0.6240424 1.912587 19 FootRight
-0.09769665 0.6153802 1.69313 20 SpineShoulder
-0.7317209 0.1891175 1.763744 21 HandTipLeft
-0.6823799 0.2449405 1.707 22 ThumbLeft
0.1485365 -0.008038973 1.591266 23 HandTipRight
0.1692482 0.0758536 1.5955 24 ThumbRight
-0.1163497 0.108042 1.729544 0 SpineBase
-0.1103532 0.4008732 1.708252 1 SpineMid
-0.1038139 0.6792681 1.675039 2 Neck
-0.2942236 0.5618299 1.690079 4 ShoulderLeft
-0.4268217 0.3328924 1.748441 5 ElbowLeft
-0.5235976 0.1259221 1.715753 6 WristLeft
-0.5306701 0.116415 1.71386 7 HandLeft
0.04552917 0.5561098 1.64897 8 ShoulderRight
0.1215586 0.3078272 1.668829 9 ElbowRight
0.1673463 0.08641261 1.612084 10 WristRight
0.1793694 0.05345342 1.59329 11 HandRight
-0.1910246 0.1048293 1.699846 12 HipLeft
-0.1774334 -0.2264497 1.784097 13 KneeLeft
-0.1333658 -0.5701137 1.955743 14 AnkleLeft
-0.1324916 -0.6306624 1.913671 15 FootLeft
-0.03695368 0.1068446 1.689451 16 HipRight
-0.04529964 -0.2150682 1.766662 17 KneeRight
-0.05356257 -0.5697352 1.95476 18 AnkleRight
-0.04663985 -0.6277366 1.909044 19 FootRight
-0.1055622 0.6116217 1.685314 20 SpineShoulder
-0.5654884 0.0431428 1.741456 21 HandTipLeft
-0.5579792 0.1366241 1.689821 22 ThumbLeft
0.1835083 -0.00198898 1.574411 23 HandTipRight
0.1940769 0.08056363 1.568494 24 ThumbRight
-0.1293696 0.1017507 1.726808 0 SpineBase
-0.1215003 0.3956228 1.701784 1 SpineMid
-0.113367 0.6751129 1.665228 2 Neck
-0.300586 0.5538975 1.670102 4 ShoulderLeft
-0.3549037 0.3181586 1.723841 5 ElbowLeft
-0.3549054 0.09418668 1.658143 6 WristLeft
-0.3290551 0.05912066 1.682249 7 HandLeft
0.0384389 0.5530652 1.643443 8 ShoulderRight
0.1211493 0.3047548 1.664343 9 ElbowRight
0.1687737 0.08458941 1.60381 10 WristRight
0.1778848 0.05794043 1.584388 11 HandRight
-0.2038689 0.09973023 1.696023 12 HipLeft
-0.1919985 -0.2327369 1.778136 13 KneeLeft
-0.1301761 -0.5826138 1.949441 14 AnkleLeft
-0.1116679 -0.6376425 1.899398 15 FootLeft
-0.04968412 0.09959495 1.687832 16 HipRight
-0.06619634 -0.2382864 1.735378 17 KneeRight
-0.06092826 -0.5808678 1.912866 18 AnkleRight
-0.1154988 0.6071922 1.676309 20 SpineShoulder
0.1892777 0.0007638697 1.573385 23 HandTipRight
0.1953616 0.07516921 1.558125 24 ThumbRight
-0.1322199 0.09474434 1.712764 0 SpineBase
-0.1311206 0.3861857 1.682291 1 SpineMid
-0.1301381 0.6631624 1.639848 2 Neck
-0.3069551 0.5508869 1.644882 4 ShoulderLeft
-0.3477362 0.3145987 1.706103 5 ElbowLeft
-0.3394848 0.08817223 1.6514 6 WristLeft
-0.3392347 0.06819813 1.656216 7 HandLeft
0.03483555 0.5512447 1.63584 8 ShoulderRight
0.1151538 0.3028101 1.660455 9 ElbowRight
0.1600075 0.0824151 1.59834 10 WristRight
0.151064 0.05749986 1.583693 11 HandRight
-0.2062864 0.09237073 1.678238 12 HipLeft
-0.1989764 -0.2245269 1.745762 13 KneeLeft
-0.1678606 -0.5631772 1.939833 14 AnkleLeft
-0.1103101 -0.6026367 1.849473 15 FootLeft
-0.05272393 0.09316782 1.677214 16 HipRight
-0.06963368 -0.2374416 1.681567 17 KneeRight
-0.05282843 -0.5643319 1.810834 18 AnkleRight
-0.02825928 -0.6381836 1.751953 19 FootRight
-0.1304494 0.5958855 1.652405 20 SpineShoulder
-0.3355229 0.01027445 1.653467 21 HandTipLeft
-0.3802575 0.06429294 1.6562 22 ThumbLeft
0.1727732 0.004827009 1.570793 23 HandTipRight
0.1868544 0.054467 1.5801 24 ThumbRight
-0.1066469 0.08175994 1.669004 0 SpineBase
-0.1208079 0.3714891 1.643506 1 SpineMid
-0.131655 0.6469234 1.605347 2 Neck
-0.2973667 0.5425578 1.59784 4 ShoulderLeft
-0.3762318 0.3167726 1.650601 5 ElbowLeft
-0.4035073 0.09090501 1.602042 6 WristLeft
-0.4010096 0.05906579 1.607663 7 HandLeft
0.03738562 0.5462402 1.61966 8 ShoulderRight
0.1073562 0.3056155 1.650913 9 ElbowRight
0.1269936 0.07996722 1.595328 10 WristRight
0.1100022 0.02522564 1.590821 11 HandRight
-0.1799723 0.07721567 1.626896 12 HipLeft
-0.2074658 -0.2051655 1.637017 13 KneeLeft
-0.1781746 -0.5501503 1.899079 14 AnkleLeft
-0.1710229 -0.582491 1.796852 15 FootLeft
-0.02890021 0.08263837 1.64062 16 HipRight
-0.03607416 -0.2750302 1.59844 17 KneeRight
-0.03659165 -0.5934319 1.67077 18 AnkleRight
-0.009859657 -0.6643018 1.602648 19 FootRight
-0.1292677 0.5800578 1.616938 20 SpineShoulder
-0.4026061 0.002803979 1.601752 21 HandTipLeft
-0.4389371 0.07318754 1.602032 22 ThumbLeft
0.1120079 -0.01165146 1.584233 23 HandTipRight
0.1455641 0.01513025 1.599586 24 ThumbRight
-0.1030801 0.08069176 1.665755 0 SpineBase
-0.1175321 0.3688883 1.636829 1 SpineMid
-0.1300925 0.6423109 1.594949 2 Neck
-0.2947724 0.5407149 1.589369 4 ShoulderLeft
-0.3779162 0.3128935 1.643586 5 ElbowLeft
-0.4136974 0.08858982 1.593492 6 WristLeft
-0.4223199 0.05669441 1.590745 7 HandLeft
0.04118803 0.5435209 1.610321 8 ShoulderRight
0.1057698 0.3070752 1.647511 9 ElbowRight
0.1261769 0.08051611 1.596893 10 WristRight
0.1046835 0.02482822 1.58908 11 HandRight
-0.1771669 0.07619122 1.624176 12 HipLeft
-0.1930948 -0.2119459 1.586533 13 KneeLeft
-0.1758275 -0.5463836 1.861771 14 AnkleLeft
-0.1688612 -0.5788662 1.759652 15 FootLeft
-0.02474552 0.08168738 1.637113 16 HipRight
-0.03490381 -0.2739821 1.589079 17 KneeRight
-0.03041831 -0.5986956 1.623291 18 AnkleRight
0.003448796 -0.6658579 1.553695 19 FootRight
-0.1271528 0.5759763 1.607454 20 SpineShoulder
-0.4253859 -0.001696579 1.588866 21 HandTipLeft
-0.4575352 0.0732765 1.57975 22 ThumbLeft
0.1043411 -0.01443268 1.580329 23 HandTipRight
0.1383563 0.001595305 1.605692 24 ThumbRight
-0.07814297 0.05544712 1.619493 0 SpineBase
-0.09220771 0.3443558 1.577609 1 SpineMid
-0.1050183 0.6188798 1.524038 2 Neck
-0.2586311 0.512755 1.505157 4 ShoulderLeft
-0.3871967 0.2770975 1.554478 5 ElbowLeft
-0.4677452 0.06167809 1.540681 6 WristLeft
-0.4763612 0.04122522 1.532302 7 HandLeft
0.07201398 0.5184466 1.55403 8 ShoulderRight
0.12845 0.2862104 1.609542 9 ElbowRight
0.1515119 0.0570766 1.580688 10 WristRight
0.1547921 0.0004813006 1.571727 11 HandRight
-0.153533 0.05213679 1.575371 12 HipLeft
-0.1958635 -0.2291611 1.578193 13 KneeLeft
-0.1691918 -0.5465809 1.870885 14 AnkleLeft
-0.1558559 -0.580044 1.769714 15 FootLeft
0.0005783996 0.05636938 1.593664 16 HipRight
-0.0004552536 -0.3094957 1.508552 17 KneeRight
0.03139169 -0.6342835 1.457114 18 AnkleRight
0.05768976 -0.6660111 1.378718 19 FootRight
-0.10201 0.552263 1.539342 20 SpineShoulder
-0.5046702 -0.03276159 1.565424 21 HandTipLeft
-0.5140041 0.07419147 1.517875 22 ThumbLeft
0.1685743 -0.04091331 1.56533 23 HandTipRight
0.1876465 0.01155345 1.550882 24 ThumbRight
-0.04772687 0.02759569 1.538716 0 SpineBase
-0.04918978 0.3177635 1.48365 1 SpineMid
-0.04957462 0.5929253 1.416775 2 Neck
-0.2031668 0.4850655 1.397124 4 ShoulderLeft
-0.3425678 0.2583286 1.45396 5 ElbowLeft
-0.4207653 0.04190478 1.450679 6 WristLeft
-0.4233316 0.02469582 1.44894 7 HandLeft
0.1255049 0.4787871 1.456024 8 ShoulderRight
0.1810932 0.2394626 1.537052 9 ElbowRight
0.2106515 0.0130834 1.559053 10 WristRight
0.2128694 -0.01302861 1.550672 11 HandRight
-0.1255762 0.02595932 1.492741 12 HipLeft
-0.15414 -0.2336463 1.569955 13 KneeLeft
-0.150364 -0.5321811 1.881423 14 AnkleLeft
-0.1352294 -0.5675825 1.780718 15 FootLeft
0.03224238 0.02797754 1.514659 16 HipRight
0.05134708 -0.3019876 1.458716 17 KneeRight
0.07763981 -0.6278446 1.411578 18 AnkleRight
0.1088617 -0.6788074 1.335258 19 FootRight
-0.04959715 0.5262624 1.43537 20 SpineShoulder
-0.4389389 -0.05043437 1.47624 21 HandTipLeft
-0.4609681 0.02625191 1.416917 22 ThumbLeft
0.2227489 -0.07821844 1.546394 23 HandTipRight
0.2569296 -0.00122374 1.5515 24 ThumbRight
-5.366855E-05 0.01337563 1.457497 0 SpineBase
0.00430347 0.3098083 1.402269 1 SpineMid
0.00839691 0.5896863 1.33504 2 Neck
-0.1497364 0.471746 1.309509 4 ShoulderLeft
-0.2684555 0.2526861 1.366687 5 ElbowLeft
-0.3296799 0.03016724 1.362825 6 WristLeft
-0.3285298 0.01013208 1.365618 7 HandLeft
0.1742911 0.4686015 1.373577 8 ShoulderRight
0.2235164 0.2452781 1.452731 9 ElbowRight
0.251132 0.02135994 1.490339 10 WristRight
0.2456475 -0.04192189 1.500825 11 HandRight
-0.07917958 0.01097047 1.411303 12 HipLeft
-0.1370129 -0.2432327 1.488975 13 KneeLeft
-0.1451548 -0.520323 1.81831 14 AnkleLeft
-0.1285517 -0.5556046 1.718071 15 FootLeft
0.07898897 0.01513209 1.433569 16 HipRight
0.09253293 -0.2907832 1.414786 17 KneeRight
0.08607652 -0.6269293 1.412737 18 AnkleRight
0.09817807 -0.6577585 1.314064 19 FootRight
0.007407414 0.5220269 1.353703 20 SpineShoulder
-0.3393281 -0.06345797 1.387339 21 HandTipLeft
-0.3667687 -0.006916671 1.3222 22 ThumbLeft
0.2543685 -0.09503054 1.511887 23 HandTipRight
0.2821853 -0.03449952 1.5096 24 ThumbRight
0.04710702 0.006940255 1.377129 0 SpineBase
0.05354913 0.3083462 1.326333 1 SpineMid
0.05901951 0.5919301 1.263203 2 Neck
-0.1049373 0.4739447 1.2271 4 ShoulderLeft
-0.186151 0.2377013 1.266791 5 ElbowLeft
-0.2019066 0.006633435 1.246068 6 WristLeft
-0.2024508 0.0008372774 1.255153 7 HandLeft
0.2140813 0.4541168 1.290986 8 ShoulderRight
0.2617029 0.2396289 1.360885 9 ElbowRight
0.2876862 -0.002946147 1.390936 10 WristRight
0.288754 -0.04361416 1.394097 11 HandRight
-0.03426679 0.00527565 1.332016 12 HipLeft
-0.07182624 -0.2688901 1.370487 13 KneeLeft
-0.1180596 -0.5334343 1.706061 14 AnkleLeft
-0.1018358 -0.5675299 1.605775 15 FootLeft
0.1260026 0.008212301 1.352053 16 HipRight
0.1247039 -0.2835375 1.360025 17 KneeRight
0.1034973 -0.6270306 1.403011 18 AnkleRight
0.1151862 -0.6574011 1.304137 19 FootRight
0.05778473 0.5234856 1.280811 20 SpineShoulder
-0.2018107 -0.07312971 1.274236 21 HandTipLeft
-0.2433385 -0.0007269955 1.238906 22 ThumbLeft
0.3038258 -0.0965938 1.398912 23 HandTipRight
0.3255536 -0.01638639 1.392267 24 ThumbRight
0.07971811 0.001024458 1.30299 0 SpineBase
0.08306437 0.3041104 1.261988 1 SpineMid
0.08531319 0.5882087 1.209039 2 Neck
-0.07511389 0.4731984 1.172311 4 ShoulderLeft
-0.1416465 0.2290454 1.191438 5 ElbowLeft
-0.131132 -0.001756422 1.156792 6 WristLeft
-0.1266679 -0.0001296417 1.167285 7 HandLeft
0.2352045 0.453654 1.232761 8 ShoulderRight
0.3067741 0.2222547 1.303227 9 ElbowRight
0.327395 -0.007629442 1.30725 10 WristRight
0.326492 -0.03417042 1.303645 11 HandRight
-0.003019672 0.0005500325 1.258081 12 HipLeft
-0.03268277 -0.2783686 1.284982 13 KneeLeft
-0.1004717 -0.5558896 1.606776 14 AnkleLeft
-0.08453837 -0.5881339 1.50622 15 FootLeft
0.1580391 0.001443091 1.277857 16 HipRight
0.1496653 -0.2962993 1.314528 17 KneeRight
0.1086266 -0.628332 1.396718 18 AnkleRight
0.09774086 -0.6825 1.352717 19 FootRight
0.08490703 0.5197386 1.224021 20 SpineShoulder
-0.1291507 -0.06535085 1.177417 21 HandTipLeft
-0.1708629 0.01096105 1.169356 22 ThumbLeft
0.3322344 -0.09917773 1.303098 23 HandTipRight
0.3635886 -0.03154726 1.285334 24 ThumbRight
0.1551316 0.007339378 1.19562 0 SpineBase
0.1369018 0.3066579 1.172215 1 SpineMid
-0.03091716 0.4666116 1.091907 4 ShoulderLeft
-0.08941887 0.2323631 1.080079 5 ElbowLeft
-0.0287552 0.0178769 1.003032 6 WristLeft
-0.01909612 -0.009935583 0.9983013 7 HandLeft
0.2726244 0.4551 1.155472 8 ShoulderRight
0.3678062 0.1940642 1.196248 9 ElbowRight
0.4199694 -0.01614774 1.106548 10 WristRight
0.432618 -0.03205402 1.10162 11 HandRight
0.06747252 0.001896166 1.148519 12 HipLeft
0.05214033 -0.2873917 1.128137 13 KneeLeft
-0.0009691259 -0.6316086 1.352162 14 AnkleLeft
-0.04165649 -0.6850586 1.322266 15 FootLeft
0.2335095 0.01233959 1.173082 16 HipRight
0.1968032 -0.2872947 1.231191 17 KneeRight
0.1106015 -0.6330438 1.383723 18 AnkleRight
0.03964233 -0.6796875 1.330078 19 FootRight
0.1225121 0.5184492 1.148413 20 SpineShoulder
0.008925117 -0.05645324 1.010633 21 HandTipLeft
-0.06426366 -0.02164473 0.9878216 22 ThumbLeft
0.4559756 -0.05291628 1.101509 23 HandTipRight
0.4317205 -0.01081352 1.043167 24 ThumbRight
0.1811651 -0.02171655 1.107301 0 SpineBase
0.1714087 0.2692848 1.080292 1 SpineMid
0.0214774 0.4493929 1.001212 4 ShoulderLeft
-0.06149639 0.2250748 0.9784316 5 ElbowLeft
-0.00752775 0.006674166 0.9063054 6 WristLeft
0.001567112 -0.002279033 0.9099695 7 HandLeft
0.3109606 0.4412773 1.08513 8 ShoulderRight
0.4193749 0.2469967 0.9950803 9 ElbowRight
0.4440646 0.3438949 0.7804026 10 WristRight
0.09583554 -0.02268718 1.059859 12 HipLeft
0.1042274 -0.31219 0.9965467 13 KneeLeft
0.07269856 -0.7481294 1.062519 14 AnkleLeft
0.2546896 -0.02006458 1.084784 16 HipRight
0.240003 -0.3365924 1.131515 17 KneeRight
0.1629661 0.4750711 1.054002 20 SpineShoulder
0.03267405 -0.07013366 0.910899 21 HandTipLeft
-0.05572142 -0.02958551 0.9090001 22 ThumbLeft
0.1923992 -0.0435802 1.065915 0 SpineBase
0.1951255 0.2418922 1.04119 1 SpineMid
0.03862565 0.4283326 0.9532067 4 ShoulderLeft
-0.05761451 0.2086802 0.9430433 5 ElbowLeft
-0.009701527 -0.01255447 0.8753061 6 WristLeft
-0.0048 -0.04655368 0.8680744 7 HandLeft
0.3493875 0.3846327 1.036414 8 ShoulderRight
0.458457 0.1761438 1.023053 9 ElbowRight
0.3834925 0.4527898 0.8896218 11 HandRight
0.1061576 -0.04027337 1.012957 12 HipLeft
0.1073594 -0.3303765 0.965732 13 KneeLeft
0.1323717 -0.7721546 0.8942176 14 AnkleLeft
0.265674 -0.04395504 1.049382 16 HipRight
0.2535746 -0.357842 1.089535 17 KneeRight
0.082799 -0.680464 1.249866 19 FootRight
0.1977805 0.4413173 1.014268 20 SpineShoulder
0.01435628 -0.09142847 0.8792914 21 HandTipLeft
-0.04660609 -0.06386556 0.8576667 22 ThumbLeft
0.3649895 0.4965059 0.8904718 23 HandTipRight
0.3366531 0.4395114 0.9127044 24 ThumbRight
0.2010733 -0.05835437 0.9698778 0 SpineBase
0.2376905 0.2243925 0.9621534 1 SpineMid
0.06137203 0.3929358 0.8643039 4 ShoulderLeft
-0.02392761 0.1563398 0.8455058 5 ElbowLeft
-0.007848246 -0.07539707 0.8055733 6 WristLeft
-0.01620811 -0.06545935 0.8097605 7 HandLeft
0.3678282 0.3942115 0.9477469 8 ShoulderRight
0.5414777 0.2552988 0.8651514 9 ElbowRight
0.3757116 0.4420488 0.8695925 11 HandRight
0.110592 -0.06029063 0.9172539 12 HipLeft
0.1254159 -0.3493193 0.8875313 13 KneeLeft
0.1536859 -0.7923186 0.8896449 14 AnkleLeft
0.2767611 -0.05231848 0.9537814 16 HipRight
0.2597814 -0.3325577 0.9823357 17 KneeRight
0.162834 -0.6552626 1.275273 19 FootRight
0.2615679 0.4218248 0.9489109 20 SpineShoulder
-0.01859752 -0.128061 0.8146199 21 HandTipLeft
-0.05723811 -0.05871899 0.7983173 22 ThumbLeft
0.244739 -0.1178738 0.8421011 0 SpineBase
0.2814614 0.1683404 0.8367978 1 SpineMid
0.0815262 0.3425012 0.7464235 4 ShoulderLeft
-0.01356712 0.1194044 0.7327811 5 ElbowLeft
-0.01720183 -0.1130145 0.6878224 6 WristLeft
-0.01602755 -0.1334015 0.6995136 7 HandLeft
0.4083289 0.3856868 0.8269496 8 ShoulderRight
0.5964058 0.2831826 0.7263279 9 ElbowRight
0.1570463 -0.114768 0.7989117 12 HipLeft
0.1493633 -0.4542734 0.752812 13 KneeLeft
0.3123998 -0.1116374 0.8183841 16 HipRight
0.2792439 -0.4560387 0.8717109 17 KneeRight
0.2573772 -0.8054399 0.9549919 18 AnkleRight
0.3041627 0.3666145 0.8242742 20 SpineShoulder
0.2489643 -0.170854 0.7828375 0 SpineBase
0.2996147 0.1331719 0.7840506 1 SpineMid
0.09904391 0.313541 0.6961185 4 ShoulderLeft
-0.0166262 0.1003916 0.6660516 5 ElbowLeft
0.0004953649 -0.1312922 0.6158035 6 WristLeft
-0.001501016 -0.1503898 0.6363594 7 HandLeft
0.4591367 0.2792501 0.7783903 8 ShoulderRight
0.6081829 0.4806683 0.6767754 9 ElbowRight
0.1622867 -0.156813 0.7399329 12 HipLeft
0.1412573 -0.4931521 0.7070263 13 KneeLeft
0.3140933 -0.1705427 0.7601862 16 HipRight
0.2380682 -0.4937595 0.7853827 17 KneeRight
0.3311268 0.3429643 0.775175 20 SpineShoulder
-0.01649974 -0.2746693 0.5935931 21 HandTipLeft
-0.01617749 -0.2693049 0.582 22 ThumbLeft
0.2344309 -0.2839983 0.7387077 0 SpineBase
0.3732134 0.009133551 0.7587235 1 SpineMid
0.2533403 0.1792408 0.6892824 4 ShoulderLeft
-0.02641329 0.0004720342 0.5392433 6 WristLeft
-0.02821057 -0.07487348 0.541939 7 HandLeft
0.6094782 0.1460846 0.7687155 8 ShoulderRight
0.1228334 0.2854066 0.601261 11 HandRight
0.1522061 -0.2700574 0.7030492 12 HipLeft
0.06174546 -0.5735295 0.7534201 13 KneeLeft
0.2959471 -0.2741225 0.71097 16 HipRight
0.2175314 -0.5930697 0.7212831 17 KneeRight
0.4649355 0.2112309 0.7626895 20 SpineShoulder
-0.02307563 -0.1331512 0.5277436 21 HandTipLeft
-0.04080475 -0.1152489 0.5394444 22 ThumbLeft
0.2450484 -0.2782249 0.7026938 0 SpineBase
0.3812154 0.00816521 0.7243301 1 SpineMid
0.4976662 0.2674606 0.7295954 2 Neck
0.2581536 0.1723384 0.6572931 4 ShoulderLeft
-0.04380274 -0.007039862 0.5750217 6 WristLeft
0.6142636 0.1389871 0.7363428 8 ShoulderRight
0.05819847 0.2546611 0.5628073 11 HandRight
0.172907 -0.2489372 0.6488836 12 HipLeft
0.07396112 -0.5468826 0.7132954 13 KneeLeft
0.2972783 -0.2778896 0.6945767 16 HipRight
0.2088468 -0.6243582 0.6515712 17 KneeRight
0.4706543 0.2058012 0.7297338 20 SpineShoulder
0.008641908 0.2650744 0.585498 23 HandTipRight
0.03903851 0.1827754 0.5126 24 ThumbRight
0.1566316 -0.3520083 0.5723977 0 SpineBase
0.286368 -0.08892216 0.592058 1 SpineMid
0.3930484 0.1501741 0.5895725 2 Neck
0.1492645 0.05256268 0.5186185 4 ShoulderLeft
-0.04855533 0.1101655 0.5368947 6 WristLeft
0.5103203 0.02037103 0.5949384 8 ShoulderRight
0.1938111 -0.2732098 0.5398011 15 FootLeft
0.368936 0.09381361 0.5920343 20 SpineShoulder
0.008547745 -0.3479311 0.5169463 6 WristLeft
