X              Y         Z      JointType 
-0.1044831 -0.4143347 1.713333 0 SpineBase
-0.09577458 -0.1203204 1.748287 1 SpineMid
-0.08665951 0.1638653 1.768736 2 Neck
-0.2682452 0.06053098 1.79031 4 ShoulderLeft
-0.3503379 -0.1714393 1.824044 5 ElbowLeft
-0.440123 -0.3474525 1.7684 6 WristLeft
-0.4739624 -0.4179076 1.745512 7 HandLeft
0.07081801 0.04204426 1.712714 8 ShoulderRight
0.1229059 -0.1620066 1.701506 9 ElbowRight
0.1246079 -0.3491991 1.614582 10 WristRight
0.1263482 -0.4149708 1.569406 11 HandRight
-0.1802156 -0.4017013 1.696147 12 HipLeft
-0.1799961 -0.6644084 1.681299 13 KneeLeft
-0.137974 -0.9567523 1.727718 14 AnkleLeft
-0.07264027 -0.9151227 1.647628 15 FootLeft
-0.02455628 -0.4106929 1.66318 16 HipRight
-0.04867308 -0.6804829 1.570576 17 KneeRight
-0.02381221 -0.8977761 1.612515 18 AnkleRight
-0.05311755 -0.7856824 1.52746 19 FootRight
-0.08901478 0.09412099 1.765978 20 SpineShoulder
-0.4885684 -0.4854707 1.730122 21 HandTipLeft
-0.4475626 -0.4025798 1.714649 22 ThumbLeft
0.1356099 -0.4675665 1.529105 23 HandTipRight
0.1416899 -0.4320915 1.518167 24 ThumbRight
-0.09626473 -0.4262554 1.745077 0 SpineBase
-0.08317602 -0.124832 1.772191 1 SpineMid
-0.07052468 0.1659611 1.785655 2 Neck
-0.2439071 0.05868255 1.815402 4 ShoulderLeft
-0.2905234 -0.1969779 1.810915 5 ElbowLeft
-0.3255836 -0.370194 1.715426 6 WristLeft
-0.3385743 -0.4348481 1.686907 7 HandLeft
0.09465217 0.04087242 1.767022 8 ShoulderRight
0.1398948 -0.1754397 1.760317 9 ElbowRight
0.1714071 -0.3552201 1.670152 10 WristRight
0.1893539 -0.4186192 1.641265 11 HandRight
-0.173187 -0.4127848 1.721473 12 HipLeft
-0.1476339 -0.7162581 1.700589 13 KneeLeft
-0.1395454 -0.9562374 1.731055 14 AnkleLeft
-0.0988856 -1.025922 1.693153 15 FootLeft
-0.0156543 -0.4228092 1.70146 16 HipRight
-0.01144189 -0.6933551 1.668423 17 KneeRight
-0.004834023 -0.9411383 1.708922 18 AnkleRight
-0.01727804 -0.9913258 1.590843 19 FootRight
-0.07372991 0.09462271 1.784557 20 SpineShoulder
-0.329274 -0.5026363 1.654197 21 HandTipLeft
-0.2634751 -0.4231588 1.6955 22 ThumbLeft
0.2107501 -0.4706237 1.608974 23 HandTipRight
0.2085352 -0.4294457 1.593731 24 ThumbRight
-0.08746219 -0.4309514 1.760447 0 SpineBase
-0.07212335 -0.1267135 1.786314 1 SpineMid
-0.05638872 0.1671211 1.798272 2 Neck
-0.2322626 0.05497835 1.819124 4 ShoulderLeft
-0.2690362 -0.2051942 1.802685 5 ElbowLeft
-0.2742348 -0.3839867 1.696999 6 WristLeft
-0.2655985 -0.4336914 1.671479 7 HandLeft
0.1055549 0.04197741 1.780981 8 ShoulderRight
0.1510481 -0.1795803 1.780976 9 ElbowRight
0.1833216 -0.3563406 1.684237 10 WristRight
0.2012609 -0.4132307 1.655978 11 HandRight
-0.1644314 -0.4193784 1.737489 12 HipLeft
-0.1469393 -0.7162225 1.696574 13 KneeLeft
-0.1360106 -1.015404 1.726937 14 AnkleLeft
-0.007138194 -0.4257782 1.715322 16 HipRight
-0.001530943 -0.6910293 1.681343 17 KneeRight
0.00815014 -1.017567 1.734056 18 AnkleRight
-0.06040524 0.09500337 1.797602 20 SpineShoulder
-0.2592873 -0.5008264 1.629865 21 HandTipLeft
-0.2119194 -0.4112433 1.686308 22 ThumbLeft
0.2239536 -0.4608597 1.620443 23 HandTipRight
0.2113346 -0.4177182 1.601928 24 ThumbRight
-0.07595943 -0.4276066 1.768875 0 SpineBase
-0.06386761 -0.1240143 1.795626 1 SpineMid
-0.05151489 0.1699788 1.810559 2 Neck
-0.2254089 0.05211371 1.821033 4 ShoulderLeft
-0.2563039 -0.1953233 1.798029 5 ElbowLeft
-0.2714775 -0.3766664 1.683027 6 WristLeft
-0.2778531 -0.4232547 1.638542 7 HandLeft
0.1162577 0.04319455 1.800408 8 ShoulderRight
0.164022 -0.1760358 1.797148 9 ElbowRight
0.2005526 -0.35154 1.697875 10 WristRight
0.222295 -0.4079253 1.659608 11 HandRight
-0.1536782 -0.417619 1.744347 12 HipLeft
-0.1518775 -0.7251914 1.688836 13 KneeLeft
-0.1637845 -1.04185 1.74803 14 AnkleLeft
0.00489681 -0.4205902 1.724994 16 HipRight
0.02016682 -0.7128803 1.705923 17 KneeRight
0.01839201 -1.045807 1.753921 18 AnkleRight
-0.05459811 0.09781311 1.808914 20 SpineShoulder
-0.2732601 -0.4829487 1.597569 21 HandTipLeft
-0.2078082 -0.4011361 1.676813 22 ThumbLeft
0.2531219 -0.478209 1.639553 23 HandTipRight
0.2521182 -0.4224619 1.631 24 ThumbRight
-0.07644466 -0.4241194 1.766996 0 SpineBase
-0.06680305 -0.1205178 1.800053 1 SpineMid
-0.05855521 0.1738018 1.82352 2 Neck
-0.2271689 0.05003516 1.820667 4 ShoulderLeft
-0.2789109 -0.1834843 1.785418 5 ElbowLeft
-0.3272863 -0.3606267 1.680079 6 WristLeft
-0.3451438 -0.4245901 1.642731 7 HandLeft
0.1170551 0.04511851 1.808843 8 ShoulderRight
0.161448 -0.1767767 1.80199 9 ElbowRight
0.2038452 -0.3486892 1.700276 10 WristRight
0.2155167 -0.4148186 1.658781 11 HandRight
-0.1541411 -0.4142318 1.739038 12 HipLeft
-0.1606391 -0.7307602 1.709796 13 KneeLeft
-0.176701 -1.054099 1.768962 14 AnkleLeft
0.004294259 -0.4168983 1.725314 16 HipRight
0.01896016 -0.7119607 1.70612 17 KneeRight
0.0188124 -1.056675 1.763528 18 AnkleRight
-0.06059762 0.1016577 1.819752 20 SpineShoulder
-0.3398583 -0.4953977 1.623003 21 HandTipLeft
-0.3129278 -0.4139648 1.619 22 ThumbLeft
0.2429183 -0.4816565 1.644807 23 HandTipRight
0.2213635 -0.4147742 1.612105 24 ThumbRight
-0.0790873 -0.4226443 1.761817 0 SpineBase
-0.07029899 -0.1187925 1.800379 1 SpineMid
-0.06393091 0.1760906 1.826738 2 Neck
-0.2303586 0.04893405 1.819718 4 ShoulderLeft
-0.2935454 -0.1798118 1.782149 5 ElbowLeft
-0.3423167 -0.3609254 1.680322 6 WristLeft
-0.3571809 -0.4230962 1.645108 7 HandLeft
0.1098825 0.04491832 1.818225 8 ShoulderRight
0.1488867 -0.1802488 1.804484 9 ElbowRight
0.1905694 -0.351505 1.70246 10 WristRight
0.1929259 -0.4210715 1.660614 11 HandRight
-0.1565797 -0.4130167 1.730093 12 HipLeft
-0.1629129 -0.729676 1.708974 13 KneeLeft
-0.1789633 -1.062254 1.770419 14 AnkleLeft
0.00182265 -0.4155733 1.723352 16 HipRight
0.01569177 -0.7157747 1.70417 17 KneeRight
0.01487489 -1.065003 1.765269 18 AnkleRight
-0.0654918 0.1037597 1.822309 20 SpineShoulder
-0.3535612 -0.4910937 1.627642 21 HandTipLeft
-0.3234891 -0.4317499 1.613397 22 ThumbLeft
0.2178252 -0.4884519 1.647183 23 HandTipRight
0.1925483 -0.4132778 1.616786 24 ThumbRight
-0.08272631 -0.4226513 1.754062 0 SpineBase
-0.07275226 -0.1187604 1.796326 1 SpineMid
-0.06524518 0.1755161 1.824323 2 Neck
-0.2341858 0.04820681 1.818657 4 ShoulderLeft
-0.2964854 -0.1798061 1.78427 5 ElbowLeft
-0.3342123 -0.3610851 1.678849 6 WristLeft
-0.3339384 -0.4225489 1.642387 7 HandLeft
0.1033544 0.04132604 1.817493 8 ShoulderRight
0.1373155 -0.1890393 1.799845 9 ElbowRight
0.1791732 -0.3594882 1.697222 10 WristRight
0.1797864 -0.4234372 1.657803 11 HandRight
-0.1595978 -0.4132167 1.722187 12 HipLeft
-0.165246 -0.7297456 1.706976 13 KneeLeft
-0.1807198 -1.0696 1.771392 14 AnkleLeft
-0.002381327 -0.4153455 1.716395 16 HipRight
0.01333926 -0.7171701 1.702177 17 KneeRight
0.01327294 -1.071935 1.765948 18 AnkleRight
-0.0670554 0.1033432 1.81963 20 SpineShoulder
-0.3245904 -0.4881054 1.612624 21 HandTipLeft
-0.299663 -0.418641 1.613 22 ThumbLeft
0.2002286 -0.4975772 1.647492 23 HandTipRight
0.1906551 -0.4604376 1.610333 24 ThumbRight
-0.08571105 -0.4226849 1.750377 0 SpineBase
-0.07688544 -0.1181655 1.794984 1 SpineMid
-0.0694702 0.1764132 1.824904 2 Neck
-0.2382853 0.04977258 1.818581 4 ShoulderLeft
-0.2948704 -0.1810872 1.784214 5 ElbowLeft
-0.3216056 -0.3629189 1.677472 6 WristLeft
-0.3168336 -0.4231169 1.641988 7 HandLeft
0.09956808 0.04067605 1.816583 8 ShoulderRight
0.1353011 -0.1886365 1.797443 9 ElbowRight
0.1769887 -0.3585642 1.693848 10 WristRight
0.184847 -0.4240423 1.651183 11 HandRight
-0.1620413 -0.4134129 1.719039 12 HipLeft
-0.1663814 -0.730765 1.705895 13 KneeLeft
-0.1815431 -1.072952 1.772393 14 AnkleLeft
-0.005882098 -0.4151607 1.712157 16 HipRight
0.01174392 -0.7182929 1.700016 17 KneeRight
0.01374747 -1.074809 1.765648 18 AnkleRight
-0.07128926 0.1041431 1.819768 20 SpineShoulder
-0.3052392 -0.4909212 1.60805 21 HandTipLeft
-0.2638845 -0.4070578 1.655353 22 ThumbLeft
0.207085 -0.4995124 1.644852 23 HandTipRight
0.1836609 -0.4190618 1.606534 24 ThumbRight
-0.08802889 -0.4228358 1.747859 0 SpineBase
-0.07969819 -0.1181084 1.793413 1 SpineMid
-0.07202809 0.1763888 1.824068 2 Neck
-0.2370891 0.05049115 1.819145 4 ShoulderLeft
-0.2936437 -0.1818382 1.783754 5 ElbowLeft
-0.3167511 -0.3621855 1.677246 6 WristLeft
-0.3145282 -0.420485 1.63467 7 HandLeft
0.09974466 0.04131747 1.81302 8 ShoulderRight
0.1349328 -0.1865512 1.795087 9 ElbowRight
0.1778935 -0.3556623 1.690655 10 WristRight
0.1913655 -0.4221575 1.643975 11 HandRight
-0.1639914 -0.4136676 1.71735 12 HipLeft
-0.167155 -0.731106 1.705066 13 KneeLeft
-0.182065 -1.076015 1.772779 14 AnkleLeft
-0.008500333 -0.415145 1.708653 16 HipRight
0.01079951 -0.7187225 1.698304 17 KneeRight
0.01426484 -1.077103 1.766229 18 AnkleRight
-0.07394472 0.1041436 1.818794 20 SpineShoulder
-0.306205 -0.4876416 1.605706 21 HandTipLeft
-0.2597083 -0.4006679 1.607143 22 ThumbLeft
0.2120123 -0.4943746 1.63541 23 HandTipRight
0.1922197 -0.4175439 1.598 24 ThumbRight
-0.0890862 -0.4232255 1.746035 0 SpineBase
-0.08119631 -0.1183744 1.791797 1 SpineMid
-0.07359142 0.176113 1.822615 2 Neck
-0.2380393 0.0501925 1.817929 4 ShoulderLeft
-0.2938329 -0.1800227 1.782807 5 ElbowLeft
-0.3201212 -0.361099 1.672098 6 WristLeft
-0.3293299 -0.420072 1.627569 7 HandLeft
0.09592745 0.04021596 1.810255 8 ShoulderRight
0.1349926 -0.1841384 1.791274 9 ElbowRight
0.1798478 -0.3520835 1.68602 10 WristRight
0.1907566 -0.4217021 1.639733 11 HandRight
-0.165047 -0.4140338 1.715957 12 HipLeft
-0.1681726 -0.7310148 1.703892 13 KneeLeft
-0.182735 -1.07917 1.773584 14 AnkleLeft
-0.009495844 -0.4155123 1.706334 16 HipRight
0.009688538 -0.7186253 1.696863 17 KneeRight
0.01464059 -1.080157 1.766746 18 AnkleRight
-0.07551515 0.1038722 1.817317 20 SpineShoulder
-0.3169642 -0.4871704 1.593761 21 HandTipLeft
-0.2858397 -0.4089551 1.608333 22 ThumbLeft
0.2087374 -0.4923527 1.629868 23 HandTipRight
0.1933944 -0.4158067 1.595581 24 ThumbRight
-0.0892452 -0.4234031 1.745077 0 SpineBase
-0.08080462 -0.1187881 1.790468 1 SpineMid
-0.07116266 0.1750201 1.819849 2 Neck
-0.2406665 0.04968867 1.816147 4 ShoulderLeft
-0.2945466 -0.1785906 1.781297 5 ElbowLeft
-0.3262211 -0.3595981 1.669754 6 WristLeft
-0.3399383 -0.4199036 1.62849 7 HandLeft
0.095291 0.04006609 1.809774 8 ShoulderRight
0.134633 -0.1829644 1.789484 9 ElbowRight
0.1791442 -0.3505087 1.683935 10 WristRight
0.1810946 -0.4172471 1.638829 11 HandRight
-0.1652952 -0.4141382 1.714783 12 HipLeft
-0.1686065 -0.731183 1.70345 13 KneeLeft
-0.1831699 -1.080689 1.773805 14 AnkleLeft
-0.009575021 -0.4157249 1.705588 16 HipRight
0.009451759 -0.7186178 1.696408 17 KneeRight
0.01428084 -1.081826 1.767043 18 AnkleRight
-0.07370795 0.1029934 1.81501 20 SpineShoulder
-0.3282954 -0.4888391 1.599391 21 HandTipLeft
-0.3063381 -0.4204816 1.598087 22 ThumbLeft
0.1915904 -0.4895915 1.621761 23 HandTipRight
0.1856521 -0.41261 1.594672 24 ThumbRight
-0.08896342 -0.4236816 1.744451 0 SpineBase
-0.08096465 -0.1192991 1.789878 1 SpineMid
-0.07213936 0.1741489 1.81935 2 Neck
-0.240255 0.04813418 1.814617 4 ShoulderLeft
-0.3051595 -0.1740463 1.771797 5 ElbowLeft
-0.3832015 -0.3374866 1.667656 6 WristLeft
-0.4163937 -0.3973839 1.639647 7 HandLeft
0.09885077 0.041191 1.808343 8 ShoulderRight
0.1398866 -0.1732698 1.785282 9 ElbowRight
0.2126456 -0.3371529 1.691592 10 WristRight
0.2381675 -0.4034666 1.658224 11 HandRight
-0.1651152 -0.4143348 1.714404 12 HipLeft
-0.1692683 -0.7287254 1.702336 13 KneeLeft
-0.1833148 -1.081103 1.774229 14 AnkleLeft
-0.009193555 -0.4160753 1.704686 16 HipRight
0.00944484 -0.7185639 1.696307 17 KneeRight
0.01411815 -1.082574 1.766981 18 AnkleRight
-0.07441629 0.1022286 1.814476 20 SpineShoulder
-0.4301887 -0.4786833 1.62405 21 HandTipLeft
-0.4059664 -0.4027719 1.5822 22 ThumbLeft
0.2628873 -0.4872858 1.648637 23 HandTipRight
0.2316182 -0.3997196 1.615595 24 ThumbRight
-0.08853824 -0.4237087 1.743856 0 SpineBase
-0.08107367 -0.119536 1.789588 1 SpineMid
-0.0731171 0.1734868 1.819269 2 Neck
-0.2392164 0.04843154 1.813801 4 ShoulderLeft
-0.3995457 -0.09553001 1.765469 5 ElbowLeft
-0.5490733 -0.220124 1.694213 6 WristLeft
-0.6073636 -0.2679324 1.679231 7 HandLeft
0.09566339 0.04445501 1.806424 8 ShoulderRight
0.2292039 -0.1132325 1.77188 9 ElbowRight
0.3684368 -0.2452491 1.715434 10 WristRight
0.3906232 -0.2622905 1.701003 11 HandRight
-0.1647316 -0.4145 1.713836 12 HipLeft
-0.1692515 -0.7277226 1.702251 13 KneeLeft
-0.1831845 -1.081432 1.774412 14 AnkleLeft
-0.008739551 -0.4159468 1.704057 16 HipRight
0.009544161 -0.7176735 1.695951 17 KneeRight
0.0140098 -1.082599 1.76715 18 AnkleRight
-0.07509398 0.1017063 1.814309 20 SpineShoulder
-0.6707945 -0.3465499 1.663858 21 HandTipLeft
-0.5909917 -0.2764457 1.632667 22 ThumbLeft
0.4668714 -0.3374622 1.701741 23 HandTipRight
0.4310047 -0.3163055 1.631333 24 ThumbRight
-0.08686147 -0.4187214 1.743104 0 SpineBase
-0.08186539 -0.1157863 1.788225 1 SpineMid
-0.07665785 0.1770612 1.81747 2 Neck
-0.2516133 0.06232825 1.8137 4 ShoulderLeft
-0.466109 0.06180803 1.8122 5 ElbowLeft
-0.6636848 0.07270635 1.820562 6 WristLeft
-0.7729641 0.05733756 1.837859 7 HandLeft
0.1007081 0.05301923 1.80875 8 ShoulderRight
0.2957752 0.01662183 1.804727 9 ElbowRight
0.5334972 0.03467238 1.780961 10 WristRight
0.6074793 0.02864743 1.781088 11 HandRight
-0.1627356 -0.4097601 1.711386 12 HipLeft
-0.1688863 -0.7210289 1.700944 13 KneeLeft
-0.1822756 -1.075883 1.773052 14 AnkleLeft
-0.007382901 -0.4106489 1.704936 16 HipRight
0.008524117 -0.6779221 1.689204 17 KneeRight
0.01420822 -1.076157 1.767476 18 AnkleRight
-0.07789414 0.1052414 1.812623 20 SpineShoulder
-0.8583511 0.0206858 1.864214 21 HandTipLeft
-0.745722 0.06103345 1.787838 22 ThumbLeft
0.700806 0.01123785 1.813222 23 HandTipRight
0.6233891 0.02524586 1.739667 24 ThumbRight
-0.08659926 -0.4154441 1.743569 0 SpineBase
-0.08183652 -0.1138876 1.787846 1 SpineMid
-0.07673645 0.1780334 1.816716 2 Neck
-0.2608003 0.0758644 1.814145 4 ShoulderLeft
-0.4904189 0.1245942 1.841309 5 ElbowLeft
-0.7059627 0.1593233 1.854572 6 WristLeft
-0.8026219 0.1498912 1.889077 7 HandLeft
0.107094 0.06078933 1.809338 8 ShoulderRight
0.3078409 0.07490713 1.814694 9 ElbowRight
0.5536555 0.1188258 1.803335 10 WristRight
0.6253372 0.1235728 1.806871 11 HandRight
-0.1622364 -0.4066744 1.711411 12 HipLeft
-0.1687731 -0.7197991 1.700634 13 KneeLeft
-0.1821353 -1.072807 1.772193 14 AnkleLeft
-0.007404544 -0.4073575 1.705876 16 HipRight
0.008587793 -0.677594 1.689082 17 KneeRight
0.01470516 -1.073023 1.766442 18 AnkleRight
-0.07797271 0.1063916 1.81195 20 SpineShoulder
-0.8922686 0.1359317 1.944885 21 HandTipLeft
-0.8357267 0.142027 1.867941 22 ThumbLeft
0.7274148 0.1257938 1.86029 23 HandTipRight
0.6330537 0.1190746 1.765333 24 ThumbRight
-0.08615463 -0.4102103 1.743811 0 SpineBase
-0.08168346 -0.1108786 1.787217 1 SpineMid
-0.07679747 0.1792467 1.815677 2 Neck
-0.2656642 0.08290533 1.818373 4 ShoulderLeft
-0.4919793 0.1400975 1.853169 5 ElbowLeft
-0.6775638 0.1862241 1.878525 6 WristLeft
-0.721737 0.1945272 1.881707 7 HandLeft
0.1142516 0.06850304 1.81022 8 ShoulderRight
0.3091984 0.09494386 1.818679 9 ElbowRight
0.4962821 0.1543491 1.80527 10 WristRight
0.5934975 0.170132 1.807644 11 HandRight
-0.1615416 -0.4016646 1.711872 12 HipLeft
-0.1684758 -0.7179818 1.700495 13 KneeLeft
-0.1817715 -1.068328 1.770602 14 AnkleLeft
-0.00725826 -0.4022314 1.705913 16 HipRight
0.01001415 -0.6834406 1.689475 17 KneeRight
0.01434009 -1.068292 1.765113 18 AnkleRight
-0.07800785 0.1079682 1.810995 20 SpineShoulder
-0.8279279 0.2070622 1.918429 21 HandTipLeft
-0.7732322 0.1853527 1.851333 22 ThumbLeft
0.6917254 0.1854621 1.844574 23 HandTipRight
0.632073 0.1665455 1.769 24 ThumbRight
-0.08637755 -0.4081618 1.744276 0 SpineBase
-0.08138341 -0.108913 1.788506 1 SpineMid
-0.075901 0.1807665 1.818145 2 Neck
-0.267163 0.08442962 1.822909 4 ShoulderLeft
-0.4928208 0.1403733 1.854416 5 ElbowLeft
-0.7114365 0.1814056 1.881159 6 WristLeft
-0.7787554 0.1958851 1.886895 7 HandLeft
0.1179333 0.07039974 1.8118 8 ShoulderRight
0.3176407 0.1046473 1.820576 9 ElbowRight
0.5047439 0.1635765 1.803437 10 WristRight
0.6031982 0.1802123 1.808546 11 HandRight
-0.1615736 -0.3996431 1.712932 12 HipLeft
-0.1679253 -0.7166796 1.700143 13 KneeLeft
-0.1807491 -1.066915 1.769489 14 AnkleLeft
-0.007675859 -0.4001963 1.705864 16 HipRight
0.01078214 -0.685185 1.688168 17 KneeRight
0.01433814 -1.066173 1.765106 18 AnkleRight
-0.07730138 0.1096392 1.813111 20 SpineShoulder
-0.8736779 0.1943345 1.935883 21 HandTipLeft
-0.7991155 0.1786671 1.84875 22 ThumbLeft
0.7022683 0.1967226 1.847928 23 HandTipRight
0.630903 0.1778023 1.77 24 ThumbRight
-0.08651226 -0.4073831 1.744565 0 SpineBase
-0.08123926 -0.1081136 1.789473 1 SpineMid
-0.07532632 0.181342 1.820099 2 Neck
-0.2676903 0.08428192 1.825482 4 ShoulderLeft
-0.4924051 0.140698 1.855265 5 ElbowLeft
-0.7181798 0.1896706 1.878924 6 WristLeft
-0.7831709 0.1963674 1.889266 7 HandLeft
0.1198434 0.07131516 1.813807 8 ShoulderRight
0.3220026 0.1102441 1.821162 9 ElbowRight
0.5102296 0.1655106 1.808076 10 WristRight
0.6062222 0.1822618 1.811044 11 HandRight
-0.1616198 -0.3988742 1.713506 12 HipLeft
-0.1676981 -0.7165808 1.700011 13 KneeLeft
-0.1804705 -1.066103 1.769526 14 AnkleLeft
-0.007895499 -0.3994299 1.705926 16 HipRight
0.01067724 -0.680357 1.687231 17 KneeRight
0.01426808 -1.065203 1.765063 18 AnkleRight
-0.07686174 0.1103024 1.814794 20 SpineShoulder
-0.8753303 0.1941885 1.941007 21 HandTipLeft
-0.8049565 0.1834234 1.859421 22 ThumbLeft
0.7097993 0.1978395 1.851732 23 HandTipRight
0.6347547 0.1756172 1.77099 24 ThumbRight
-0.08641535 -0.4068887 1.745104 0 SpineBase
-0.08052853 -0.10751 1.791334 1 SpineMid
-0.07385361 0.1816601 1.823519 2 Neck
-0.2639694 0.08248723 1.827992 4 ShoulderLeft
-0.4920323 0.141405 1.857176 5 ElbowLeft
-0.7158707 0.1904868 1.878547 6 WristLeft
-0.796447 0.1937471 1.896992 7 HandLeft
0.1225612 0.07161903 1.81791 8 ShoulderRight
0.3206812 0.1077179 1.82602 9 ElbowRight
0.5096799 0.1603319 1.812127 10 WristRight
0.6086298 0.1780806 1.81448 11 HandRight
-0.1614269 -0.3983037 1.714276 12 HipLeft
-0.167108 -0.7162701 1.699918 13 KneeLeft
-0.1796547 -1.066047 1.768752 14 AnkleLeft
-0.007882664 -0.3990844 1.706276 16 HipRight
0.01113793 -0.6843993 1.688854 17 KneeRight
0.01477431 -1.065579 1.764101 18 AnkleRight
-0.07559906 0.1107298 1.817827 20 SpineShoulder
-0.869326 0.1944897 1.933048 21 HandTipLeft
-0.7988961 0.1697901 1.939573 22 ThumbLeft
0.7083029 0.191961 1.855721 23 HandTipRight
0.6375102 0.172781 1.773094 24 ThumbRight
-0.08661149 -0.406577 1.746455 0 SpineBase
-0.07908132 -0.1077979 1.792822 1 SpineMid
-0.06946432 0.1802119 1.824167 2 Neck
-0.2624632 0.08240845 1.830086 4 ShoulderLeft
-0.4909513 0.1422097 1.85826 5 ElbowLeft
-0.7158802 0.1908693 1.878548 6 WristLeft
-0.7800641 0.1984315 1.88843 7 HandLeft
0.1239275 0.07194087 1.8204 8 ShoulderRight
0.3257992 0.1115995 1.825871 9 ElbowRight
0.515307 0.162194 1.812032 10 WristRight
0.6135774 0.181952 1.816342 11 HandRight
-0.1615635 -0.3978758 1.715927 12 HipLeft
-0.1668328 -0.7160934 1.700016 13 KneeLeft
-0.179603 -1.066077 1.768618 14 AnkleLeft
-0.008133322 -0.3989531 1.707372 16 HipRight
0.01225875 -0.7048253 1.693524 17 KneeRight
0.01465853 -1.06647 1.763223 18 AnkleRight
-0.07205488 0.1096029 1.818775 20 SpineShoulder
-0.8692613 0.1980055 1.933373 21 HandTipLeft
-0.7911268 0.1746536 1.93365 22 ThumbLeft
0.7147588 0.1956729 1.865359 23 HandTipRight
0.6413125 0.1754874 1.778204 24 ThumbRight
-0.08657683 -0.4064237 1.747908 0 SpineBase
-0.07885219 -0.1077237 1.794422 1 SpineMid
-0.06955294 0.1803013 1.826077 2 Neck
-0.2628009 0.0837513 1.832037 4 ShoulderLeft
-0.4906907 0.1429701 1.85937 5 ElbowLeft
-0.7148788 0.1922924 1.878371 6 WristLeft
-0.7967619 0.1991151 1.899102 7 HandLeft
0.1245611 0.07205267 1.821684 8 ShoulderRight
0.3275844 0.1135288 1.825982 9 ElbowRight
0.5534866 0.1756717 1.818552 10 WristRight
0.6174711 0.1862356 1.814593 11 HandRight
-0.1615415 -0.3977085 1.717531 12 HipLeft
-0.1666514 -0.7158002 1.700259 13 KneeLeft
-0.1796019 -1.066525 1.768927 14 AnkleLeft
-0.008102692 -0.398866 1.70868 16 HipRight
0.01250638 -0.7078428 1.695038 17 KneeRight
0.01452137 -1.067068 1.763737 18 AnkleRight
-0.07202043 0.1096762 1.820577 20 SpineShoulder
-0.8741205 0.2008192 1.943701 21 HandTipLeft
-0.7970936 0.1744697 1.939282 22 ThumbLeft
0.7301532 0.1997896 1.864861 23 HandTipRight
0.6488097 0.1776695 1.778125 24 ThumbRight
-0.08658398 -0.4054816 1.750434 0 SpineBase
-0.07871626 -0.1069653 1.796607 1 SpineMid
-0.06972872 0.1810276 1.828015 2 Neck
-0.2632779 0.08619539 1.834487 4 ShoulderLeft
-0.4776356 0.1613418 1.860822 5 ElbowLeft
-0.7030228 0.2428933 1.871724 6 WristLeft
-0.7711732 0.2469384 1.899617 7 HandLeft
0.1256133 0.07386743 1.823718 8 ShoulderRight
0.3152289 0.1326765 1.826953 9 ElbowRight
0.5632854 0.2286315 1.822307 10 WristRight
0.6331002 0.2365527 1.832768 11 HandRight
-0.1615147 -0.3967451 1.720287 12 HipLeft
-0.1664026 -0.7152003 1.700717 13 KneeLeft
-0.1795895 -1.066229 1.768792 14 AnkleLeft
-0.008156778 -0.398038 1.710971 16 HipRight
0.01231644 -0.7036523 1.695887 17 KneeRight
0.01465452 -1.066993 1.7635 18 AnkleRight
-0.07208897 0.1103946 1.822564 20 SpineShoulder
-0.8463743 0.2533103 1.944672 21 HandTipLeft
-0.7841305 0.2585482 1.904588 22 ThumbLeft
0.7087589 0.2430371 1.891003 23 HandTipRight
0.6349508 0.2269404 1.797533 24 ThumbRight
-0.08564386 -0.3890209 1.757595 0 SpineBase
-0.07857011 -0.09663599 1.802213 1 SpineMid
-0.07063695 0.186949 1.832242 2 Neck
-0.250283 0.1206156 1.843826 4 ShoulderLeft
-0.4045946 0.2803378 1.871511 5 ElbowLeft
-0.5325053 0.4295115 1.881058 6 WristLeft
-0.5796357 0.4656403 1.888446 7 HandLeft
0.1223578 0.09739251 1.831587 8 ShoulderRight
0.2592047 0.2369269 1.845483 9 ElbowRight
0.3863139 0.3859297 1.841371 10 WristRight
0.4547611 0.4497132 1.845204 11 HandRight
-0.1608919 -0.3808194 1.727241 12 HipLeft
-0.1672804 -0.707707 1.700905 13 KneeLeft
-0.1782784 -1.052812 1.764793 14 AnkleLeft
-0.006952106 -0.3817715 1.71817 16 HipRight
0.01231703 -0.7051044 1.696353 17 KneeRight
0.01391001 -1.053356 1.75963 18 AnkleRight
-0.07273471 0.1172393 1.827114 20 SpineShoulder
-0.6668445 0.5224575 1.936602 21 HandTipLeft
-0.6019695 0.4851419 1.908857 22 ThumbLeft
0.5540838 0.5146301 1.86894 23 HandTipRight
0.4862246 0.4711799 1.808611 24 ThumbRight
-0.08684263 -0.3610235 1.761664 0 SpineBase
-0.07919496 -0.08571067 1.80341 1 SpineMid
-0.07176888 0.1856815 1.83049 2 Neck
-0.2308105 0.1722842 1.859093 4 ShoulderLeft
-0.3305936 0.3837486 1.886811 5 ElbowLeft
-0.4021641 0.562932 1.904049 6 WristLeft
-0.44007 0.6519226 1.924908 7 HandLeft
0.0954417 0.1237911 1.833918 8 ShoulderRight
0.1937072 0.3457973 1.856761 9 ElbowRight
0.2631793 0.5326586 1.860847 10 WristRight
0.2962739 0.6141945 1.861444 11 HandRight
-0.1629135 -0.3555655 1.730421 12 HipLeft
-0.1673515 -0.6909983 1.698773 13 KneeLeft
-0.1768426 -1.029551 1.759181 14 AnkleLeft
-0.007271934 -0.3518363 1.722996 16 HipRight
0.00870282 -0.6880307 1.69581 17 KneeRight
0.01304934 -1.025766 1.755141 18 AnkleRight
-0.07327907 0.1196699 1.826296 20 SpineShoulder
-0.4884395 0.7314766 1.980561 21 HandTipLeft
-0.4293883 0.6425003 1.9342 22 ThumbLeft
0.3545396 0.7088894 1.885039 23 HandTipRight
0.308155 0.632719 1.817358 24 ThumbRight
-0.08814587 -0.3386559 1.769312 0 SpineBase
-0.07815085 -0.08038726 1.804686 1 SpineMid
-0.06337297 0.1743461 1.823639 2 Neck
-0.2292336 0.2080521 1.870911 4 ShoulderLeft
-0.2897444 0.4659308 1.888457 5 ElbowLeft
-0.3375003 0.6510137 1.91384 6 WristLeft
-0.3570286 0.6865409 1.916388 7 HandLeft
0.09032302 0.144716 1.839959 8 ShoulderRight
0.1628902 0.3695962 1.857676 9 ElbowRight
0.2050252 0.6180398 1.870422 10 WristRight
0.2228462 0.6779617 1.881777 11 HandRight
-0.1623594 -0.3317717 1.734716 12 HipLeft
-0.1657394 -0.679747 1.698449 13 KneeLeft
-0.1760232 -1.007748 1.754044 14 AnkleLeft
-0.0103418 -0.3316 1.733782 16 HipRight
0.009178577 -0.6514505 1.690942 17 KneeRight
0.01247456 -1.00646 1.75135 18 AnkleRight
-0.06786296 0.1138003 1.822167 20 SpineShoulder
-0.3952628 0.7630637 1.966253 21 HandTipLeft
-0.382516 0.6964844 1.8709 22 ThumbLeft
0.2636926 0.7692958 1.917579 23 HandTipRight
0.2289406 0.6966847 1.828059 24 ThumbRight
-0.08903947 -0.3229661 1.776663 0 SpineBase
-0.07780779 -0.07804827 1.806475 1 SpineMid
-0.06393816 0.1681812 1.824921 2 Neck
-0.2325324 0.228042 1.877358 4 ShoulderLeft
-0.3346866 0.6562462 1.911013 6 WristLeft
-0.3440495 0.6941227 1.901787 7 HandLeft
0.0851573 0.1818891 1.852093 8 ShoulderRight
0.1563351 0.374995 1.857195 9 ElbowRight
0.1921675 0.6224449 1.882155 10 WristRight
0.2150866 0.6814934 1.893993 11 HandRight
-0.1616708 -0.3176913 1.742494 12 HipLeft
-0.1649469 -0.6726177 1.699133 13 KneeLeft
-0.175465 -0.983804 1.751275 14 AnkleLeft
-0.1759303 -1.050606 1.675013 15 FootLeft
-0.01289369 -0.315227 1.740681 16 HipRight
0.01085474 -0.6695383 1.694869 17 KneeRight
0.01078618 -0.9809135 1.747173 18 AnkleRight
0.005366976 -1.033194 1.628308 19 FootRight
-0.06783954 0.1100355 1.823139 20 SpineShoulder
-0.3642488 0.7680955 1.940963 21 HandTipLeft
-0.347078 0.7344169 1.9102 22 ThumbLeft
0.2571256 0.7703763 1.933374 23 HandTipRight
0.2165563 0.7003774 1.841231 24 ThumbRight
-0.08954673 -0.318205 1.778465 0 SpineBase
-0.07777683 -0.0761438 1.807516 1 SpineMid
-0.06426625 0.1660574 1.825184 2 Neck
-0.2320799 0.2299508 1.877568 4 ShoulderLeft
-0.2798819 0.41943 1.881834 5 ElbowLeft
-0.3480228 0.6727936 1.905136 6 WristLeft
-0.3648295 0.7226101 1.921935 7 HandLeft
0.08517276 0.1864695 1.853836 8 ShoulderRight
0.1504046 0.3715486 1.857843 9 ElbowRight
0.1942317 0.6243006 1.883911 10 WristRight
0.2174505 0.6819836 1.897696 11 HandRight
-0.1618332 -0.3125747 1.744362 12 HipLeft
-0.164753 -0.6676407 1.699763 13 KneeLeft
-0.175371 -0.979054 1.751037 14 AnkleLeft
-0.1808235 -1.030579 1.631831 15 FootLeft
-0.01369018 -0.3110582 1.742388 16 HipRight
0.009669933 -0.6574063 1.692697 17 KneeRight
0.01078875 -0.9703978 1.744989 18 AnkleRight
0.006036495 -1.022709 1.625946 19 FootRight
-0.06795844 0.1085533 1.823427 20 SpineShoulder
-0.3874517 0.7763509 1.955062 21 HandTipLeft
-0.388126 0.7082762 1.970834 22 ThumbLeft
0.2610341 0.7709123 1.941493 23 HandTipRight
0.2193222 0.7001863 1.84488 24 ThumbRight
-0.09175691 -0.3085075 1.782216 0 SpineBase
-0.07858401 -0.06988637 1.80931 1 SpineMid
-0.06446289 0.1658305 1.824888 2 Neck
-0.2335116 0.2374988 1.880002 4 ShoulderLeft
-0.3195778 0.6516155 1.919065 6 WristLeft
-0.313991 0.6797371 1.91351 7 HandLeft
0.08238988 0.1981803 1.855495 8 ShoulderRight
0.1428957 0.3846181 1.860538 9 ElbowRight
0.1814488 0.6355467 1.891461 10 WristRight
0.1893563 0.6963313 1.909091 11 HandRight
-0.1633457 -0.3022691 1.748275 12 HipLeft
-0.1649013 -0.6576088 1.700974 13 KneeLeft
-0.1753521 -0.9694362 1.750741 14 AnkleLeft
-0.1813715 -1.020216 1.630859 15 FootLeft
-0.01648846 -0.3024298 1.745891 16 HipRight
0.008529034 -0.6569517 1.695935 17 KneeRight
0.01093119 -0.9686987 1.746985 18 AnkleRight
0.005875907 -1.020473 1.62749 19 FootRight
-0.06810921 0.1085413 1.823304 20 SpineShoulder
0.2311212 0.788511 1.964715 23 HandTipRight
0.1879301 0.7147098 1.856304 24 ThumbRight
-0.09254953 -0.3059281 1.781286 0 SpineBase
-0.07892679 -0.06606289 1.807166 1 SpineMid
-0.2215689 0.1706968 1.862305 4 ShoulderLeft
-0.2345609 0.409882 1.893818 5 ElbowLeft
-0.2400659 0.6618353 1.932632 6 WristLeft
-0.2411212 0.7194805 1.949091 7 HandLeft
0.07778312 0.1495731 1.850837 8 ShoulderRight
0.0840274 0.3873673 1.872619 9 ElbowRight
0.089675 0.6475651 1.911839 10 WristRight
0.07980984 0.7155419 1.929283 11 HandRight
-0.1648578 -0.3009076 1.746409 12 HipLeft
-0.1655983 -0.656305 1.701308 13 KneeLeft
-0.1753927 -0.9681936 1.750955 14 AnkleLeft
-0.1782498 -1.018649 1.630542 15 FootLeft
-0.01656891 -0.2984648 1.745205 16 HipRight
0.005125846 -0.632012 1.691753 17 KneeRight
0.01140613 -0.9700214 1.744983 18 AnkleRight
0.01021484 -1.020135 1.624149 19 FootRight
-0.06924053 0.1109215 1.818887 20 SpineShoulder
-0.2593653 0.8014914 1.994758 21 HandTipLeft
-0.2615586 0.6974601 1.972667 22 ThumbLeft
0.09987894 0.8023821 1.978714 23 HandTipRight
0.06468518 0.7360682 1.881 24 ThumbRight
-0.09368452 -0.3068791 1.777562 0 SpineBase
-0.08297296 -0.06506326 1.805926 1 SpineMid
-0.2211289 0.1724537 1.862492 4 ShoulderLeft
-0.210036 0.6715839 1.948642 6 WristLeft
-0.2059243 0.7318743 1.964121 7 HandLeft
0.0717326 0.1259228 1.850242 8 ShoulderRight
0.04776719 0.6489154 1.922412 10 WristRight
0.03257644 0.7177004 1.939713 11 HandRight
-0.1673035 -0.3007508 1.742303 12 HipLeft
-0.1657767 -0.6561621 1.701141 13 KneeLeft
-0.1756679 -0.9680683 1.750692 14 AnkleLeft
-0.1766975 -1.019024 1.630554 15 FootLeft
-0.01651823 -0.300603 1.741757 16 HipRight
0.004702339 -0.6290178 1.690442 17 KneeRight
0.01168756 -0.969112 1.744009 18 AnkleRight
0.0125998 -1.019596 1.623447 19 FootRight
-0.07695474 0.112843 1.819629 20 SpineShoulder
-0.2132217 0.8086953 1.99559 21 HandTipLeft
-0.2352883 0.7313861 1.974381 22 ThumbLeft
0.04541621 0.8139172 1.992087 23 HandTipRight
0.0150938 0.7302139 1.89032 24 ThumbRight
-0.09126037 -0.2866176 1.777267 0 SpineBase
-0.08235877 -0.05333357 1.805018 1 SpineMid
-0.219924 0.1736398 1.861804 4 ShoulderLeft
-0.1642626 0.6827179 1.978934 6 WristLeft
-0.1694363 0.7366282 2.008052 7 HandLeft
0.06632197 0.1933054 1.850004 8 ShoulderRight
0.06368138 0.4295977 1.887928 9 ElbowRight
-0.007219593 0.6544187 1.937852 10 WristRight
-0.01330259 0.7175038 1.962787 11 HandRight
-0.1647734 -0.282802 1.751437 12 HipLeft
-0.1655185 -0.6386199 1.701854 13 KneeLeft
-0.175658 -0.9506136 1.751675 14 AnkleLeft
-0.182506 -1.001946 1.631965 15 FootLeft
-0.01379504 -0.2770936 1.73227 16 HipRight
0.005060616 -0.6285986 1.690176 17 KneeRight
0.01165265 -0.9697154 1.744104 18 AnkleRight
0.006762835 -1.020758 1.624087 19 FootRight
-0.07631313 0.1179606 1.818525 20 SpineShoulder
-0.1732702 0.8143433 2.056772 21 HandTipLeft
-0.2023965 0.7635986 2.032125 22 ThumbLeft
-0.01421024 0.8079894 2.007206 23 HandTipRight
-0.02893656 0.7316878 1.919539 24 ThumbRight
-0.0910816 -0.2841613 1.777187 0 SpineBase
-0.08231786 -0.05169359 1.804569 1 SpineMid
-0.2199248 0.173449 1.861687 4 ShoulderLeft
-0.169315 0.6461145 1.977962 6 WristLeft
-0.1717281 0.7163857 2.007679 7 HandLeft
0.06724681 0.1796997 1.851654 8 ShoulderRight
-0.008226044 0.6588365 1.947969 10 WristRight
-0.01099074 0.7174256 1.974058 11 HandRight
-0.1645119 -0.2809703 1.751791 12 HipLeft
-0.1654406 -0.6368282 1.701963 13 KneeLeft
-0.1757064 -0.9488285 1.751806 14 AnkleLeft
-0.1806716 -1.000286 1.63197 15 FootLeft
-0.01385073 -0.274812 1.731697 16 HipRight
0.005621196 -0.6278034 1.690146 17 KneeRight
0.01111395 -0.9723722 1.744853 18 AnkleRight
0.007838165 -1.023352 1.624758 19 FootRight
-0.07617965 0.1188159 1.817834 20 SpineShoulder
-0.1738629 0.8069004 2.063793 21 HandTipLeft
-0.1974544 0.7045141 2.009 22 ThumbLeft
-0.01098331 0.8040674 2.018731 23 HandTipRight
-0.02771075 0.7303879 1.932 24 ThumbRight
-0.09134994 -0.2807161 1.777857 0 SpineBase
-0.0842007 -0.04552282 1.80412 1 SpineMid
-0.2235657 0.1784515 1.862272 4 ShoulderLeft
-0.2019016 0.4244874 1.946991 5 ElbowLeft
-0.2068074 0.6757798 2.016477 6 WristLeft
-0.2125556 0.7272109 2.034947 7 HandLeft
0.0696227 0.1822525 1.849418 8 ShoulderRight
0.06677831 0.4364569 1.901984 9 ElbowRight
0.02257601 0.6735411 1.973208 10 WristRight
0.0239698 0.732928 1.995991 11 HandRight
-0.1644583 -0.2790241 1.748333 12 HipLeft
-0.1650271 -0.6349775 1.702215 13 KneeLeft
-0.1759392 -0.9460909 1.751072 14 AnkleLeft
-0.1817726 -0.996712 1.630648 15 FootLeft
-0.01444975 -0.2733985 1.73744 16 HipRight
0.006124073 -0.6265632 1.690406 17 KneeRight
0.01169078 -0.9703993 1.744888 18 AnkleRight
0.007654938 -1.020938 1.624455 19 FootRight
-0.07904375 0.1259917 1.81592 20 SpineShoulder
-0.2153207 0.8051715 2.092561 21 HandTipLeft
-0.2346304 0.6998883 2.037571 22 ThumbLeft
0.02305249 0.8215445 2.050122 23 HandTipRight
0.006745237 0.7427117 1.951706 24 ThumbRight
-0.09012218 -0.3141812 1.775614 0 SpineBase
-0.08367826 -0.058599 1.801725 1 SpineMid
-0.07679833 0.1809326 1.814237 2 Neck
-0.23548 0.2018848 1.875767 4 ShoulderLeft
-0.3061059 0.398534 1.938008 5 ElbowLeft
-0.3805713 0.5844312 2.021322 6 WristLeft
-0.3912582 0.6318043 2.023785 7 HandLeft
0.07324911 0.181682 1.847863 8 ShoulderRight
0.1354263 0.3802002 1.87849 9 ElbowRight
0.1800377 0.5654424 1.909841 10 WristRight
0.1969151 0.6670928 1.944918 11 HandRight
-0.1654001 -0.3101228 1.742162 12 HipLeft
-0.1659828 -0.6652489 1.702928 13 KneeLeft
-0.1758592 -0.9717846 1.750137 14 AnkleLeft
-0.1846608 -1.020812 1.629326 15 FootLeft
-0.01110789 -0.3070881 1.739011 16 HipRight
0.005981475 -0.6289208 1.691311 17 KneeRight
0.01226913 -0.9696106 1.745702 18 AnkleRight
0.005062233 -1.019686 1.625091 19 FootRight
-0.07885741 0.1226809 1.813632 20 SpineShoulder
0.2174037 0.7592873 1.991049 23 HandTipRight
0.1860667 0.6971282 1.900231 24 ThumbRight
-0.09334939 -0.3349585 1.771347 0 SpineBase
-0.08401522 -0.06040468 1.801712 1 SpineMid
-0.07645629 0.200702 1.81742 2 Neck
-0.2434537 0.1958606 1.874084 4 ShoulderLeft
-0.3674098 0.3723009 1.942149 5 ElbowLeft
-0.470212 0.5275021 1.987165 6 WristLeft
-0.4999905 0.5498612 1.992281 7 HandLeft
0.07345901 0.1566966 1.820565 8 ShoulderRight
0.196318 0.383515 1.871733 9 ElbowRight
0.3049994 0.5479187 1.8913 10 WristRight
0.3370735 0.6209251 1.902816 11 HandRight
-0.1683924 -0.3315755 1.742825 12 HipLeft
-0.1679053 -0.6720535 1.703861 13 KneeLeft
-0.1760656 -0.9769477 1.750864 14 AnkleLeft
-0.1916084 -1.025425 1.630871 15 FootLeft
-0.01457514 -0.3256469 1.729735 16 HipRight
0.006542139 -0.6759669 1.697043 17 KneeRight
0.01255031 -0.9801061 1.747733 18 AnkleRight
-0.001813383 -1.031253 1.628944 19 FootRight
-0.07878053 0.1330267 1.815256 20 SpineShoulder
-0.5601569 0.645227 2.036793 21 HandTipLeft
-0.5239174 0.5444682 2.043334 22 ThumbLeft
0.3771405 0.7140618 1.926545 23 HandTipRight
0.3351209 0.6347904 1.862588 24 ThumbRight
-0.09383506 -0.3480616 1.767098 0 SpineBase
-0.08866924 -0.06125637 1.802423 1 SpineMid
-0.08855607 0.2153812 1.824804 2 Neck
-0.2519131 0.174786 1.867682 4 ShoulderLeft
-0.3945113 0.3526687 1.935622 5 ElbowLeft
-0.5257756 0.484984 1.979576 6 WristLeft
-0.5628091 0.5363892 1.983415 7 HandLeft
0.07514 0.1525077 1.820765 8 ShoulderRight
0.2279759 0.3466222 1.858636 9 ElbowRight
0.3488758 0.4950891 1.885365 10 WristRight
0.399996 0.5696832 1.896881 11 HandRight
-0.1694176 -0.3450219 1.742194 12 HipLeft
-0.1696384 -0.6782157 1.704221 13 KneeLeft
-0.1766639 -1.012598 1.756878 14 AnkleLeft
-0.01443514 -0.3376711 1.721802 16 HipRight
0.006172887 -0.6808735 1.697389 17 KneeRight
0.01300668 -0.9850527 1.747625 18 AnkleRight
0.0004560221 -1.036362 1.628776 19 FootRight
-0.08901694 0.1460396 1.821296 20 SpineShoulder
-0.6295261 0.6121557 2.045334 21 HandTipLeft
-0.5357323 0.4732068 2.01125 22 ThumbLeft
0.4745822 0.6720046 1.940774 23 HandTipRight
0.4207936 0.599943 1.859806 24 ThumbRight
-0.09408808 -0.3459339 1.766732 0 SpineBase
-0.0892387 -0.06061913 1.802405 1 SpineMid
-0.08628662 0.2146215 1.82445 2 Neck
-0.2477749 0.1877483 1.868972 4 ShoulderLeft
-0.3709307 0.3684199 1.930532 5 ElbowLeft
-0.4592691 0.5326717 1.974704 6 WristLeft
-0.479441 0.5682329 1.978797 7 HandLeft
0.07655368 0.1665055 1.833278 8 ShoulderRight
0.2157981 0.3753562 1.872417 9 ElbowRight
0.3151184 0.5454682 1.906131 10 WristRight
0.3302929 0.6125209 1.916326 11 HandRight
-0.1696118 -0.3428427 1.741112 12 HipLeft
-0.1701416 -0.6790814 1.7043 13 KneeLeft
-0.1771062 -1.010484 1.756769 14 AnkleLeft
-0.01477369 -0.3353225 1.72218 16 HipRight
0.002417147 -0.6492604 1.693194 17 KneeRight
0.01282869 -0.9675119 1.744173 18 AnkleRight
0.004815175 -1.018472 1.62427 19 FootRight
-0.08768104 0.1464655 1.821231 20 SpineShoulder
-0.5525436 0.6629527 2.034023 21 HandTipLeft
-0.4741575 0.5552582 1.991889 22 ThumbLeft
0.395928 0.7214339 1.968049 23 HandTipRight
0.3514663 0.6517236 1.885464 24 ThumbRight
-0.09470737 -0.3447195 1.767369 0 SpineBase
-0.08975369 -0.06048481 1.802626 1 SpineMid
-0.08647271 0.2145079 1.824456 2 Neck
-0.2465314 0.1886397 1.867004 4 ShoulderLeft
-0.3736407 0.3732343 1.930254 5 ElbowLeft
-0.4849335 0.5225093 1.97507 6 WristLeft
-0.5166575 0.5572661 1.9685 7 HandLeft
0.07652996 0.1658366 1.833967 8 ShoulderRight
0.193714 0.3274122 1.868081 9 ElbowRight
0.3233616 0.540551 1.907156 10 WristRight
0.3639626 0.5880301 1.921357 11 HandRight
-0.170093 -0.3413069 1.740948 12 HipLeft
-0.1704052 -0.6790327 1.704162 13 KneeLeft
-0.1768816 -1.00907 1.75633 14 AnkleLeft
-0.01558742 -0.3343021 1.723828 16 HipRight
0.0009166144 -0.6518829 1.693122 17 KneeRight
0.01265776 -0.9669979 1.744122 18 AnkleRight
0.006034466 -1.018222 1.624302 19 FootRight
-0.08782997 0.1464615 1.821274 20 SpineShoulder
-0.5826192 0.6252601 1.95897 21 HandTipLeft
-0.5201606 0.5376697 1.9979 22 ThumbLeft
0.4124881 0.6419767 1.960016 23 HandTipRight
0.3705088 0.6214189 1.854 24 ThumbRight
-0.09539822 -0.3694159 1.760975 0 SpineBase
-0.09298257 -0.0705348 1.801762 1 SpineMid
-0.08960935 0.2125254 1.826026 2 Neck
-0.266014 0.1328438 1.852744 4 ShoulderLeft
-0.4697646 0.2210876 1.891983 5 ElbowLeft
-0.641286 0.306711 1.914191 6 WristLeft
-0.7027706 0.3205078 1.917993 7 HandLeft
0.07995118 0.1312956 1.823752 8 ShoulderRight
0.2667048 0.189586 1.838718 9 ElbowRight
0.4384636 0.2842524 1.829897 10 WristRight
0.4485234 0.2892051 1.834815 11 HandRight
-0.1712852 -0.3637215 1.735845 12 HipLeft
-0.1715147 -0.6898572 1.704758 13 KneeLeft
-0.1775884 -1.029949 1.760768 14 AnkleLeft
-0.01564328 -0.3605182 1.716144 16 HipRight
0.006143929 -0.7092833 1.699074 17 KneeRight
0.01346408 -1.024887 1.755819 18 AnkleRight
-0.0906375 0.1434685 1.822358 20 SpineShoulder
-0.7649107 0.3405742 1.910461 21 HandTipLeft
-0.6920974 0.3110045 1.931143 22 ThumbLeft
0.5420913 0.3308939 1.843014 23 HandTipRight
0.5161583 0.3233808 1.8153 24 ThumbRight
-0.09664629 -0.3756803 1.758451 0 SpineBase
-0.09458398 -0.07513013 1.800551 1 SpineMid
-0.09148224 0.2116731 1.826429 2 Neck
-0.2658015 0.1300912 1.850654 4 ShoulderLeft
-0.4567429 0.2357095 1.89457 5 ElbowLeft
-0.6088086 0.3457384 1.934487 6 WristLeft
-0.6230651 0.3465819 1.933451 7 HandLeft
0.08022305 0.1238294 1.821736 8 ShoulderRight
0.2621028 0.1936764 1.840826 9 ElbowRight
0.4203975 0.3057065 1.85743 10 WristRight
0.492159 0.3503495 1.869424 11 HandRight
-0.1724058 -0.3695286 1.733058 12 HipLeft
-0.1719239 -0.6939338 1.704838 13 KneeLeft
-0.1780192 -1.03514 1.76254 14 AnkleLeft
-0.01696831 -0.3670221 1.713943 16 HipRight
0.004738952 -0.7013104 1.698107 17 KneeRight
0.01318745 -1.030682 1.757135 18 AnkleRight
-0.09230508 0.1416586 1.822421 20 SpineShoulder
-0.7149016 0.3881206 1.915266 21 HandTipLeft
-0.6584455 0.365106 1.9515 22 ThumbLeft
0.5872514 0.385091 1.951784 23 HandTipRight
0.5671476 0.3937268 1.8462 24 ThumbRight
-0.09813946 -0.3721524 1.757251 0 SpineBase
-0.09559385 -0.07387794 1.799616 1 SpineMid
-0.09263399 0.2123388 1.825951 2 Neck
-0.2655409 0.1426809 1.854421 4 ShoulderLeft
-0.40251 0.3262844 1.920306 5 ElbowLeft
-0.5159447 0.4722499 1.969971 6 WristLeft
-0.5560284 0.5193416 1.974676 7 HandLeft
0.08100946 0.1277087 1.823084 8 ShoulderRight
0.2387299 0.305624 1.868061 9 ElbowRight
0.3608674 0.4678185 1.901902 10 WristRight
0.4153332 0.5397637 1.91711 11 HandRight
-0.173824 -0.3665172 1.732039 12 HipLeft
-0.1729183 -0.6929406 1.703103 13 KneeLeft
-0.1781305 -1.032079 1.761781 14 AnkleLeft
-0.01850451 -0.3629823 1.71249 16 HipRight
-0.0006327296 -0.6816112 1.691234 17 KneeRight
0.0124087 -1.025909 1.757031 18 AnkleRight
-0.0933912 0.1423701 1.821827 20 SpineShoulder
-0.6419901 0.595834 2.011966 21 HandTipLeft
-0.5489753 0.4840325 2.0025 22 ThumbLeft
0.4884072 0.6177685 1.971787 23 HandTipRight
0.4278505 0.5665655 1.867267 24 ThumbRight
-0.09920241 -0.3700411 1.756902 0 SpineBase
-0.0959164 -0.07295669 1.799254 1 SpineMid
-0.09259733 0.2129797 1.825819 2 Neck
-0.2641303 0.1458505 1.855418 4 ShoulderLeft
-0.423017 0.2806632 1.91273 5 ElbowLeft
-0.5754032 0.3871049 1.95881 6 WristLeft
-0.6027269 0.4150296 1.952355 7 HandLeft
0.0815258 0.1309524 1.824266 8 ShoulderRight
0.2385518 0.2545952 1.858814 9 ElbowRight
0.3895566 0.3786679 1.861049 10 WristRight
0.4384188 0.4266896 1.867768 11 HandRight
-0.1747101 -0.3645602 1.73174 12 HipLeft
-0.1737041 -0.6927644 1.701836 13 KneeLeft
-0.1787366 -1.030104 1.761144 14 AnkleLeft
-0.01971901 -0.3607294 1.711963 16 HipRight
0.000223896 -0.6892981 1.691422 17 KneeRight
0.00921822 -1.023858 1.756236 18 AnkleRight
-0.09343736 0.1429699 1.821636 20 SpineShoulder
-0.654716 0.4425949 1.926575 21 HandTipLeft
-0.6119234 0.4107642 1.970769 22 ThumbLeft
0.5317457 0.5047 1.87587 23 HandTipRight
0.4929954 0.4808499 1.823714 24 ThumbRight
-0.09708362 -0.386904 1.752449 0 SpineBase
-0.09568506 -0.08279363 1.796689 1 SpineMid
-0.09302469 0.2085344 1.824982 2 Neck
-0.2595286 0.1137903 1.838784 4 ShoulderLeft
-0.4770378 0.1266549 1.882298 5 ElbowLeft
-0.7076634 0.1490142 1.919037 6 WristLeft
-0.7567493 0.1546995 1.921218 7 HandLeft
0.08006898 0.1093866 1.813269 8 ShoulderRight
0.2948946 0.1226861 1.808687 9 ElbowRight
0.5195438 0.1597931 1.803326 10 WristRight
0.5534971 0.1648111 1.808662 11 HandRight
-0.1730614 -0.3801314 1.726424 12 HipLeft
-0.1735434 -0.6983231 1.701873 13 KneeLeft
-0.1795707 -1.044053 1.764749 14 AnkleLeft
-0.01717633 -0.378499 1.708573 16 HipRight
0.002763725 -0.7008572 1.69384 17 KneeRight
0.007435195 -1.04023 1.760295 18 AnkleRight
-0.09381438 0.1373339 1.820419 20 SpineShoulder
0.6049697 0.1660049 1.80316 23 HandTipRight
0.5965606 0.1648619 1.7838 24 ThumbRight
-0.09583233 -0.3981915 1.753882 0 SpineBase
-0.0944846 -0.09028958 1.795946 1 SpineMid
-0.09196374 0.204113 1.822727 2 Neck
-0.2619057 0.1011606 1.83718 4 ShoulderLeft
-0.4812927 0.1145539 1.88087 5 ElbowLeft
-0.6667552 0.1477219 1.918489 6 WristLeft
-0.7138079 0.1477468 1.920656 7 HandLeft
0.07939201 0.09034301 1.803335 8 ShoulderRight
0.2769976 0.07532442 1.803074 9 ElbowRight
0.5060397 0.1137786 1.782881 10 WristRight
0.5521592 0.1207042 1.78763 11 HandRight
-0.1713268 -0.3916605 1.727734 12 HipLeft
-0.1726316 -0.7030498 1.703474 13 KneeLeft
-0.1798088 -1.05505 1.767625 14 AnkleLeft
-0.016411 -0.3891957 1.71055 16 HipRight
0.005392983 -0.6990543 1.696119 17 KneeRight
0.01084833 -1.05076 1.762106 18 AnkleRight
-0.09278218 0.1321028 1.818479 20 SpineShoulder
-0.840597 0.1672603 1.95195 21 HandTipLeft
-0.6631377 0.1627863 1.9192 22 ThumbLeft
0.6783898 0.1212087 1.804192 23 HandTipRight
0.6024235 0.1158973 1.76 24 ThumbRight
-0.09717945 -0.3908912 1.755503 0 SpineBase
-0.09405206 -0.08680457 1.795619 1 SpineMid
-0.09017131 0.2069159 1.820343 2 Neck
-0.2653781 0.1281474 1.842332 4 ShoulderLeft
-0.4113032 0.2864551 1.901366 5 ElbowLeft
-0.5569828 0.4458825 1.944502 6 WristLeft
-0.5731067 0.4586966 1.945534 7 HandLeft
0.09189556 0.1016714 1.805888 8 ShoulderRight
0.2476332 0.250051 1.82348 9 ElbowRight
0.4225489 0.4218075 1.827586 10 WristRight
0.4658662 0.4653025 1.826798 11 HandRight
-0.1724398 -0.3841156 1.730354 12 HipLeft
-0.1725121 -0.701554 1.703622 13 KneeLeft
-0.1795707 -1.04836 1.765811 14 AnkleLeft
-0.0180056 -0.3820144 1.711164 16 HipRight
0.003399486 -0.6832673 1.693163 17 KneeRight
0.01053825 -1.043595 1.761849 18 AnkleRight
-0.09138346 0.1350085 1.816751 20 SpineShoulder
0.5367003 0.5331711 1.834067 23 HandTipRight
0.4784815 0.4794876 1.779 24 ThumbRight
-0.09871799 -0.3511325 1.763875 0 SpineBase
-0.09088036 -0.07669956 1.792575 1 SpineMid
-0.08302623 0.1965316 1.804054 2 Neck
-0.2402189 0.1986407 1.856096 4 ShoulderLeft
-0.3247571 0.3953005 1.904985 5 ElbowLeft
-0.3792308 0.5856351 1.945533 6 WristLeft
-0.4044443 0.6379393 1.951593 7 HandLeft
0.08120689 0.1387749 1.803889 8 ShoulderRight
0.193581 0.3599479 1.838796 9 ElbowRight
0.248556 0.6175593 1.859412 10 WristRight
0.2520612 0.6858554 1.866581 11 HandRight
-0.1732939 -0.3457714 1.736817 12 HipLeft
-0.1723651 -0.6810272 1.703168 13 KneeLeft
-0.178674 -1.013367 1.757661 14 AnkleLeft
-0.02023671 -0.342362 1.721031 16 HipRight
-0.001887039 -0.649268 1.69179 17 KneeRight
0.01038039 -1.007881 1.753109 18 AnkleRight
-0.08536032 0.1318941 1.805155 20 SpineShoulder
-0.4542294 0.721298 1.989747 21 HandTipLeft
-0.3978663 0.6230285 1.963 22 ThumbLeft
0.2734784 0.7645537 1.909921 23 HandTipRight
0.2400975 0.6882132 1.820276 24 ThumbRight
-0.09965022 -0.3386187 1.767668 0 SpineBase
-0.08910508 -0.0740269 1.791023 1 SpineMid
-0.07617805 0.1872666 1.797628 2 Neck
-0.2393183 0.2152804 1.86268 4 ShoulderLeft
-0.3296165 0.3945149 1.897775 5 ElbowLeft
-0.4221354 0.5616099 1.924271 6 WristLeft
-0.4509606 0.6108765 1.927855 7 HandLeft
0.08250094 0.1456617 1.805133 8 ShoulderRight
0.1816625 0.3668905 1.820379 9 ElbowRight
0.272042 0.6058556 1.816579 10 WristRight
0.2917346 0.6679786 1.83178 11 HandRight
-0.1729962 -0.3329256 1.740346 12 HipLeft
-0.1715174 -0.6720278 1.702589 13 KneeLeft
-0.1778372 -0.9741498 1.75051 14 AnkleLeft
-0.1685189 -1.049347 1.695683 15 FootLeft
-0.02221154 -0.330869 1.72491 16 HipRight
-0.00117968 -0.6369753 1.690453 17 KneeRight
0.009974719 -0.9666319 1.744855 18 AnkleRight
-0.002782374 -1.016552 1.624983 19 FootRight
-0.07968891 0.1247628 1.798963 20 SpineShoulder
-0.5087311 0.6903756 1.950448 21 HandTipLeft
-0.4431436 0.5747453 1.952 22 ThumbLeft
0.3280832 0.7550403 1.874784 23 HandTipRight
0.2734673 0.6774104 1.772727 24 ThumbRight
-0.09721963 -0.3544441 1.765421 0 SpineBase
-0.08793136 -0.07395578 1.79054 1 SpineMid
-0.07478493 0.1983633 1.798466 2 Neck
-0.2447998 0.1768052 1.845292 4 ShoulderLeft
-0.4332497 0.2851047 1.885121 5 ElbowLeft
-0.5879455 0.39411 1.918944 6 WristLeft
-0.6275384 0.4360772 1.895455 7 HandLeft
0.08692319 0.1404567 1.801041 8 ShoulderRight
0.2465162 0.2579961 1.780791 9 ElbowRight
0.3773862 0.4003931 1.736616 10 WristRight
0.3938592 0.4251978 1.738411 11 HandRight
-0.1717302 -0.3480897 1.74085 12 HipLeft
-0.1712209 -0.6803357 1.704287 13 KneeLeft
-0.1783321 -1.010435 1.756825 14 AnkleLeft
-0.01868698 -0.3469541 1.719848 16 HipRight
7.080768E-05 -0.6439744 1.690585 17 KneeRight
0.009853672 -0.9672874 1.744893 18 AnkleRight
-0.0004678341 -1.017398 1.624865 19 FootRight
-0.07814243 0.13071 1.79892 20 SpineShoulder
-0.6527357 0.4616165 1.908038 21 HandTipLeft
-0.6207398 0.4307052 1.897 22 ThumbLeft
0.4635317 0.5095012 1.725322 23 HandTipRight
0.421139 0.4600644 1.702273 24 ThumbRight
-0.09182612 -0.4062313 1.753828 0 SpineBase
-0.08227396 -0.09960113 1.783773 1 SpineMid
-0.07225897 0.1933801 1.79763 2 Neck
-0.2479615 0.09746366 1.816678 4 ShoulderLeft
-0.4188197 -0.02413996 1.849373 5 ElbowLeft
-0.5767412 -0.1379208 1.859477 6 WristLeft
-0.6216989 -0.1499676 1.861271 7 HandLeft
0.09372392 0.08125342 1.781124 8 ShoulderRight
0.2619573 -0.02149979 1.73329 9 ElbowRight
0.4265321 -0.1051412 1.653007 10 WristRight
0.4419008 -0.1058261 1.67362 11 HandRight
-0.1679559 -0.3987365 1.727451 12 HipLeft
-0.1690895 -0.7007385 1.705169 13 KneeLeft
-0.1795536 -1.05659 1.766956 14 AnkleLeft
-0.01203073 -0.3977018 1.710601 16 HipRight
0.007587077 -0.6954176 1.697442 17 KneeRight
0.01128021 -1.053559 1.762807 18 AnkleRight
-0.07489897 0.1221382 1.796875 20 SpineShoulder
-0.7121486 -0.1807255 1.893918 21 HandTipLeft
-0.5788757 -0.1316533 1.8515 22 ThumbLeft
-0.09094589 -0.4214524 1.752315 0 SpineBase
-0.08327404 -0.1114598 1.781093 1 SpineMid
-0.07481705 0.1868181 1.794781 2 Neck
-0.2518486 0.06454999 1.815372 4 ShoulderLeft
-0.283811 -0.2034932 1.814407 5 ElbowLeft
-0.349236 -0.3847655 1.763985 6 WristLeft
-0.3606753 -0.4113976 1.759702 7 HandLeft
0.08400329 0.05561382 1.766997 8 ShoulderRight
0.1091627 -0.1739878 1.740625 9 ElbowRight
0.1505585 -0.3596776 1.676767 10 WristRight
0.1585919 -0.4223615 1.656639 11 HandRight
-0.1678348 -0.4139089 1.726606 12 HipLeft
-0.1696239 -0.7113014 1.705861 13 KneeLeft
-0.180299 -1.070193 1.770697 14 AnkleLeft
-0.01040107 -0.4123743 1.708542 16 HipRight
0.007777662 -0.7053387 1.698324 17 KneeRight
0.01313899 -1.066557 1.766604 18 AnkleRight
-0.07711406 0.1138901 1.793837 20 SpineShoulder
-0.3971865 -0.5040281 1.749693 21 HandTipLeft
-0.3691255 -0.4055779 1.7518 22 ThumbLeft
0.1803882 -0.4877593 1.650832 23 HandTipRight
0.1528173 -0.4360878 1.604778 24 ThumbRight
-0.09690784 -0.4268929 1.748702 0 SpineBase
-0.08651765 -0.1174558 1.776835 1 SpineMid
-0.07555871 0.1797806 1.789243 2 Neck
-0.2482766 0.06266192 1.808148 4 ShoulderLeft
-0.2702216 -0.2062958 1.796114 5 ElbowLeft
-0.2845177 -0.3932733 1.724156 6 WristLeft
-0.2654569 -0.4347382 1.70087 7 HandLeft
0.08014936 0.05245596 1.761447 8 ShoulderRight
0.09650923 -0.1624114 1.743414 9 ElbowRight
0.07545124 -0.371909 1.649883 10 WristRight
0.0330093 -0.4241172 1.63386 11 HandRight
-0.1740551 -0.4189031 1.724458 12 HipLeft
-0.1703635 -0.7118415 1.704647 13 KneeLeft
-0.1803812 -1.07423 1.772046 14 AnkleLeft
-0.01596994 -0.4180858 1.703416 16 HipRight
0.006112797 -0.7090567 1.696343 17 KneeRight
0.01253581 -1.070437 1.767775 18 AnkleRight
-0.07849819 0.1070596 1.788642 20 SpineShoulder
-0.1166696 -0.4411459 1.736762 0 SpineBase
-0.1027128 -0.1315271 1.762394 1 SpineMid
-0.09102181 0.1674095 1.771392 2 Neck
-0.274814 0.03582448 1.78354 4 ShoulderLeft
-0.3418044 -0.1818932 1.752754 5 ElbowLeft
-0.3846339 -0.3537195 1.65536 6 WristLeft
-0.3976848 -0.4159485 1.622572 7 HandLeft
0.07426003 0.04823358 1.753768 8 ShoulderRight
0.1339729 -0.1424987 1.725602 9 ElbowRight
0.07999357 -0.3316918 1.551257 10 WristRight
0.05447589 -0.387418 1.535004 11 HandRight
-0.1961647 -0.432817 1.707482 12 HipLeft
-0.1822988 -0.7243893 1.7011 13 KneeLeft
-0.1883967 -1.086129 1.775274 14 AnkleLeft
-0.03280102 -0.4319675 1.695864 16 HipRight
-0.03321324 -0.7012247 1.609129 17 KneeRight
-0.005589635 -1.077474 1.695322 18 AnkleRight
-0.09388544 0.09408921 1.771664 20 SpineShoulder
-0.406812 -0.4947199 1.622616 21 HandTipLeft
-0.4238634 -0.3664927 1.664167 22 ThumbLeft
0.04414128 -0.4494516 1.495907 23 HandTipRight
0.007228231 -0.4126294 1.599404 24 ThumbRight
-0.1146927 -0.4478153 1.72031 0 SpineBase
-0.106635 -0.138272 1.737076 1 SpineMid
-0.09946614 0.161508 1.737736 2 Neck
-0.2752206 0.03775057 1.72759 4 ShoulderLeft
-0.3723518 -0.1686999 1.690657 5 ElbowLeft
-0.4497274 -0.3522916 1.600653 6 WristLeft
-0.4845073 -0.4109564 1.551894 7 HandLeft
0.07326373 0.0338483 1.733429 8 ShoulderRight
0.1059581 -0.156752 1.663937 9 ElbowRight
0.1250564 -0.3100629 1.517166 10 WristRight
0.145999 -0.3668438 1.448579 11 HandRight
-0.1946838 -0.4418918 1.683306 12 HipLeft
-0.1870863 -0.742802 1.697569 13 KneeLeft
-0.1855335 -1.091191 1.778139 14 AnkleLeft
-0.03051877 -0.4358347 1.687349 16 HipRight
-0.03102484 -0.661404 1.502349 17 KneeRight
-0.0407882 -1.046103 1.554234 18 AnkleRight
-0.1012978 0.08792341 1.740071 20 SpineShoulder
-0.5127571 -0.4773001 1.530755 21 HandTipLeft
-0.5235101 -0.4172367 1.557923 22 ThumbLeft
0.1604867 -0.4279343 1.392107 23 HandTipRight
0.1775136 -0.4126962 1.414833 24 ThumbRight
-0.09563892 -0.4484887 1.670401 0 SpineBase
-0.09258135 -0.134723 1.673406 1 SpineMid
-0.08940428 0.1688603 1.660813 2 Neck
-0.2600555 0.0400444 1.648725 4 ShoulderLeft
-0.3544121 -0.1626661 1.615601 5 ElbowLeft
-0.4242581 -0.3477227 1.519985 6 WristLeft
-0.4484514 -0.4201012 1.490465 7 HandLeft
0.09109414 0.03211577 1.680764 8 ShoulderRight
0.110726 -0.1710737 1.64791 9 ElbowRight
0.1424537 -0.3276805 1.5208 10 WristRight
0.1464111 -0.4103017 1.475069 11 HandRight
-0.1769096 -0.4404961 1.629282 12 HipLeft
-0.1762998 -0.7190893 1.648147 13 KneeLeft
-0.1920239 -1.07468 1.770465 14 AnkleLeft
-0.01052594 -0.4379285 1.642444 16 HipRight
0.004537437 -0.6397021 1.440335 17 KneeRight
0.08761664 -1.021755 1.31041 18 AnkleRight
-0.09027902 0.09442163 1.666409 20 SpineShoulder
-0.4621851 -0.4926364 1.478286 21 HandTipLeft
-0.474352 -0.4060565 1.488889 22 ThumbLeft
0.1623092 -0.4804031 1.432252 23 HandTipRight
0.07218739 -0.4363622 1.526821 24 ThumbRight
-0.04169302 -0.4598002 1.527948 0 SpineBase
-0.02766494 -0.1405645 1.524157 1 SpineMid
-0.01389096 0.1675483 1.503873 2 Neck
-0.1792174 0.03689956 1.489389 4 ShoulderLeft
-0.24638 -0.2002774 1.484277 5 ElbowLeft
-0.2536218 -0.3892124 1.41632 6 WristLeft
-0.2571474 -0.4495176 1.395107 7 HandLeft
0.1578454 0.02399591 1.525628 8 ShoulderRight
0.1637723 -0.2174477 1.554838 9 ElbowRight
0.159594 -0.4130736 1.519132 10 WristRight
0.1642047 -0.4571151 1.488696 11 HandRight
-0.1229331 -0.4478641 1.48547 12 HipLeft
-0.1388293 -0.6964058 1.53139 13 KneeLeft
-0.1729259 -1.049747 1.705399 14 AnkleLeft
0.04138183 -0.4510857 1.501801 16 HipRight
0.08194473 -0.67655 1.342162 17 KneeRight
0.1473194 -1.046777 1.136443 18 AnkleRight
-0.01729877 0.09215019 1.511472 20 SpineShoulder
-0.2574431 -0.5322351 1.375865 21 HandTipLeft
-0.2229709 -0.4656246 1.429857 22 ThumbLeft
-0.03232644 -0.4564027 1.510864 0 SpineBase
-0.01585854 -0.1351413 1.504612 1 SpineMid
0.000449834 0.1750424 1.481509 2 Neck
-0.1620589 0.04012902 1.461981 4 ShoulderLeft
-0.2269977 -0.1947288 1.457074 5 ElbowLeft
-0.2336718 -0.3892129 1.396751 6 WristLeft
-0.2282187 -0.4512899 1.372983 7 HandLeft
0.1701521 0.02730596 1.502143 8 ShoulderRight
0.1748262 -0.2154894 1.537198 9 ElbowRight
0.1780484 -0.4165675 1.488542 10 WristRight
0.1819843 -0.4654109 1.473349 11 HandRight
-0.113 -0.444009 1.466925 12 HipLeft
-0.1294634 -0.6856564 1.508593 13 KneeLeft
-0.1640301 -1.039303 1.698034 14 AnkleLeft
0.04980067 -0.4480468 1.486128 16 HipRight
0.08731525 -0.6786445 1.335896 17 KneeRight
0.1482067 -1.057407 1.145135 18 AnkleRight
-0.003585483 0.0991461 1.489836 20 SpineShoulder
-0.2212443 -0.5358343 1.368992 21 HandTipLeft
-0.2014008 -0.439302 1.4186 22 ThumbLeft
0.08123722 -0.4013284 1.326466 0 SpineBase
0.09906711 -0.07538688 1.334174 1 SpineMid
0.1147894 0.236211 1.324414 2 Neck
-0.04339994 0.09462714 1.274762 4 ShoulderLeft
-0.1020242 -0.1353626 1.239609 5 ElbowLeft
-0.0460037 -0.3156605 1.16625 6 WristLeft
-0.03953484 -0.3822712 1.157284 7 HandLeft
0.281732 0.08255255 1.340131 8 ShoulderRight
0.3008347 -0.1441552 1.334594 9 ElbowRight
0.3346652 -0.3306203 1.267222 10 WristRight
0.3390873 -0.4020064 1.252036 11 HandRight
-0.003910524 -0.3873462 1.280496 12 HipLeft
-0.03382342 -0.6417009 1.265776 13 KneeLeft
-0.08112581 -1.058091 1.293814 14 AnkleLeft
0.1620452 -0.394566 1.303872 16 HipRight
0.1595557 -0.6498358 1.224161 17 KneeRight
0.1616611 -1.067344 1.146928 18 AnkleRight
0.1111597 0.1603774 1.329336 20 SpineShoulder
-0.03583727 -0.4539602 1.155493 21 HandTipLeft
-0.009180809 -0.3608977 1.1863 22 ThumbLeft
0.3353838 -0.4798208 1.253843 23 HandTipRight
0.3223109 -0.4084258 1.213609 24 ThumbRight
0.1195584 -0.3873425 1.264267 0 SpineBase
0.1318763 -0.06640039 1.285981 1 SpineMid
0.1418198 0.2398926 1.288978 2 Neck
-0.01797091 0.1067561 1.23845 4 ShoulderLeft
-0.03711703 -0.08930698 1.141498 5 ElbowLeft
0.02305797 -0.251984 1.022414 6 WristLeft
0.04297335 -0.3278928 0.97303 7 HandLeft
0.3046455 0.09941386 1.299213 8 ShoulderRight
0.3519508 -0.0947061 1.256748 9 ElbowRight
0.3999137 -0.2605536 1.120853 10 WristRight
0.4155997 -0.3379186 1.06175 11 HandRight
0.03173012 -0.3742554 1.218834 12 HipLeft
0.03056145 -0.6761581 1.12614 13 KneeLeft
0.2007629 -0.3794789 1.241326 16 HipRight
0.1712452 -0.6365172 1.194103 17 KneeRight
0.1326666 -1.057059 1.168971 18 AnkleRight
0.1396635 0.1653905 1.290801 20 SpineShoulder
0.06185549 -0.3914593 0.9622447 21 HandTipLeft
0.01636896 -0.391009 1.0182 22 ThumbLeft
0.4215202 -0.398763 1.033487 23 HandTipRight
0.4168847 -0.3276219 1.015679 24 ThumbRight
0.1522591 -0.3746995 1.194537 0 SpineBase
0.1684586 -0.05268872 1.222146 1 SpineMid
0.1813397 0.2528051 1.23173 2 Neck
0.01798987 0.1241374 1.182991 4 ShoulderLeft
0.01850526 -0.05625327 1.038856 5 ElbowLeft
0.09498426 -0.1555999 0.8739109 6 WristLeft
0.1318607 -0.1903551 0.799431 7 HandLeft
0.3378314 0.1062017 1.23057 8 ShoulderRight
0.4033189 -0.07201472 1.14803 9 ElbowRight
0.4596122 -0.1742928 0.9782236 10 WristRight
0.4739655 -0.2182835 0.8971534 11 HandRight
0.06708322 -0.3587677 1.149609 12 HipLeft
0.126881 -0.6495259 1.030341 13 KneeLeft
0.2293718 -0.3706611 1.170505 16 HipRight
0.2010301 -0.6754001 1.130746 17 KneeRight
0.1785396 0.1786488 1.231853 20 SpineShoulder
0.1608195 -0.2219629 0.7659055 21 HandTipLeft
0.1261885 -0.2241348 0.7744444 22 ThumbLeft
0.4803138 -0.2464177 0.8441218 23 HandTipRight
0.4503779 -0.188894 0.8668965 24 ThumbRight
0.1694322 -0.3678427 1.135286 0 SpineBase
0.1859481 -0.04559121 1.169741 1 SpineMid
0.198996 0.2596372 1.184671 2 Neck
0.03835323 0.130036 1.131988 4 ShoulderLeft
0.02113577 -0.02868236 0.9921762 5 ElbowLeft
0.1323225 -0.1166515 0.8412364 6 WristLeft
0.1798151 -0.1339912 0.7495393 7 HandLeft
0.3540948 0.1093557 1.183447 8 ShoulderRight
0.4258448 -0.06564488 1.099027 9 ElbowRight
0.4436393 -0.1348001 0.9046066 10 WristRight
0.4438336 -0.1647297 0.8244843 11 HandRight
0.08341534 -0.3555585 1.091451 12 HipLeft
0.1089992 -0.6235906 0.9001734 13 KneeLeft
0.2451623 -0.3582889 1.111397 16 HipRight
0.2387952 -0.661779 1.100888 17 KneeRight
0.1961954 0.1856709 1.183474 20 SpineShoulder
0.2024257 -0.161932 0.6575877 21 HandTipLeft
0.1793296 -0.1864385 0.7137778 22 ThumbLeft
0.4505451 -0.1847532 0.7779584 23 HandTipRight
0.4207 -0.1929612 0.7879334 24 ThumbRight
0.2347844 -0.3762317 0.9903716 0 SpineBase
0.2414065 -0.04605737 1.014109 1 SpineMid
0.2434045 0.2644384 1.017333 2 Neck
0.08622017 0.1315203 0.9688334 4 ShoulderLeft
0.07092708 -0.05012358 0.8604035 5 ElbowLeft
0.1942944 -0.1436883 0.7229317 6 WristLeft
0.2558573 -0.1905019 0.6536613 7 HandLeft
0.404242 0.111924 1.028586 8 ShoulderRight
0.3955818 -0.08044517 0.9462808 9 ElbowRight
0.3552416 -0.1735743 0.7653071 10 WristRight
0.2716587 -0.1947541 0.6583623 11 HandRight
0.1459595 -0.365085 0.9429166 12 HipLeft
0.1262918 -0.5537457 0.6570753 13 KneeLeft
0.3075433 -0.3626686 0.9720947 16 HipRight
0.2869281 -0.6643361 0.9691033 17 KneeRight
0.2434932 0.1896353 1.018975 20 SpineShoulder
0.2797152 -0.2454818 0.5870385 21 HandTipLeft
0.2990161 -0.1904278 0.6649091 22 ThumbLeft
0.2619537 -0.2188732 0.5676003 23 HandTipRight
0.2230664 -0.1614218 0.6592 24 ThumbRight
0.2632525 -0.3721495 0.8254848 0 SpineBase
0.2688082 -0.03828387 0.8642882 1 SpineMid
0.2669492 0.271211 0.87745 2 Neck
0.102649 0.1330803 0.8326218 4 ShoulderLeft
0.04688306 -0.07042053 0.7572925 5 ElbowLeft
0.05449536 -0.235818 0.6323883 6 WristLeft
0.05400297 -0.2780378 0.599799 7 HandLeft
0.425346 0.1199111 0.8971571 8 ShoulderRight
0.4559575 -0.09291825 0.8672344 9 ElbowRight
0.4725346 -0.2482018 0.7337763 10 WristRight
0.4698899 -0.2784863 0.6926126 11 HandRight
0.1676639 -0.3603314 0.7879059 12 HipLeft
0.2594791 -0.5679855 0.5380273 13 KneeLeft
0.3394655 -0.3546947 0.8031881 16 HipRight
0.3020747 -0.6487813 0.8330147 17 KneeRight
0.2680739 0.1971935 0.8766254 20 SpineShoulder
0.05385774 -0.314785 0.5478094 21 HandTipLeft
0.1079903 -0.2952394 0.688 22 ThumbLeft
0.4682312 -0.3327506 0.6607521 23 HandTipRight
0.4659613 -0.2584365 0.656591 24 ThumbRight
0.2459645 -0.3709019 0.7443749 0 SpineBase
0.2709426 -0.02851104 0.7680331 1 SpineMid
0.2862793 0.2877069 0.7670059 2 Neck
0.1202431 0.1487116 0.7337055 4 ShoulderLeft
-0.0001957147 -0.104784 0.6864607 5 ElbowLeft
-0.07846696 -0.2778962 0.6087118 6 WristLeft
-0.08864744 -0.3010958 0.5945388 7 HandLeft
0.4167366 0.1163002 0.7668172 8 ShoulderRight
0.5013144 -0.09389022 0.8019171 9 ElbowRight
0.5942891 -0.2276735 0.681285 10 WristRight
0.1460335 -0.3559244 0.7101868 12 HipLeft
0.2073139 -0.5679355 0.4518056 13 KneeLeft
0.3250332 -0.3553041 0.7160162 16 HipRight
0.3204295 -0.6506576 0.736227 17 KneeRight
0.2834154 0.2125487 0.7696732 20 SpineShoulder
-0.1133866 -0.3539293 0.6014514 21 HandTipLeft
-0.122393 -0.2794566 0.6173636 22 ThumbLeft
0.1727322 -0.4466142 0.5495774 0 SpineBase
0.2071259 -0.1227361 0.5742749 1 SpineMid
0.2273844 0.180645 0.5657076 2 Neck
0.07620458 0.03867501 0.5487269 4 ShoulderLeft
-0.1437894 -0.2775561 0.4755526 6 WristLeft
0.3254003 0.04399612 0.5547546 8 ShoulderRight
0.2238578 0.1094204 0.5709783 20 SpineShoulder
-0.03311777 -0.4856144 0.6259757 0 SpineBase
-0.0009812517 -0.2105642 0.6477366 1 SpineMid
0.02894016 0.05388973 0.6411771 2 Neck
-0.1212819 -0.08729506 0.6172176 4 ShoulderLeft
0.04644386 0.1334293 0.580163 6 WristLeft
0.07915299 0.208535 0.5485857 7 HandLeft
0.1290961 -0.08127015 0.6299121 8 ShoulderRight
0.1810106 0.2833231 0.5289748 11 HandRight
0.02190183 -0.009472828 0.646427 20 SpineShoulder
0.1275561 0.2872859 0.541805 21 HandTipLeft
0.1212735 0.2181585 0.5016363 22 ThumbLeft
0.2353796 0.278541 0.5183562 23 HandTipRight
0.2351888 0.259541 0.503 24 ThumbRight
