X              Y         Z      JointType 
-0.03566616 0.09019517 1.897139 0 SpineBase
0.002785023 0.3842407 1.844092 1 SpineMid
0.0385819 0.6736578 1.747694 2 Neck
-0.1300442 0.5702432 1.84544 4 ShoulderLeft
-0.2443245 0.4112076 1.944633 5 ElbowLeft
-0.4148167 0.4625062 1.84671 6 WristLeft
-0.402529 0.4581414 1.847737 7 HandLeft
0.1593583 0.5379412 1.719352 8 ShoulderRight
0.2625275 0.3275621 1.775153 9 ElbowRight
0.3416878 0.1916175 1.640122 10 WristRight
0.3560782 0.1800749 1.619192 11 HandRight
-0.09799488 0.09516586 1.879122 12 HipLeft
-0.06645978 -0.2648102 1.912938 13 KneeLeft
0.02993536 -0.5971568 1.885423 14 AnkleLeft
0.007023836 -0.6767592 1.837552 15 FootLeft
0.02812271 0.08170065 1.841172 16 HipRight
0.02732578 -0.26323 1.820048 17 KneeRight
0.04228161 -0.6001627 1.868346 18 AnkleRight
0.009908585 -0.6695409 1.808365 19 FootRight
0.02956884 0.6023963 1.775488 20 SpineShoulder
-0.4714859 0.4495206 1.81318 21 HandTipLeft
-0.4410551 0.4427156 1.787231 22 ThumbLeft
0.4154435 0.1398134 1.600865 23 HandTipRight
0.3328337 0.1703952 1.582575 24 ThumbRight
-0.03850937 0.09320495 1.877853 0 SpineBase
-0.009739189 0.3930603 1.853502 1 SpineMid
0.01470717 0.6834543 1.823101 2 Neck
-0.1754265 0.5633976 1.8779 4 ShoulderLeft
-0.3541133 0.4197851 1.931086 5 ElbowLeft
-0.4652539 0.42844 1.872434 6 WristLeft
-0.5099449 0.4304146 1.843042 7 HandLeft
0.1409566 0.5432944 1.793375 8 ShoulderRight
0.2318841 0.363944 1.849951 9 ElbowRight
0.3382679 0.4095967 1.68057 10 WristRight
0.3361507 0.4257327 1.675114 11 HandRight
-0.1074912 0.09553771 1.850985 12 HipLeft
-0.08566536 -0.3006238 1.889941 13 KneeLeft
-0.02893744 -0.6206064 2.008174 14 AnkleLeft
-0.001195475 -0.6576502 1.878446 15 FootLeft
0.03116426 0.08788291 1.829896 16 HipRight
0.02625572 -0.2726409 1.782598 17 KneeRight
0.06159913 -0.60325 1.858398 18 AnkleRight
0.03534671 -0.6663497 1.788172 19 FootRight
0.00913558 0.612491 1.832054 20 SpineShoulder
-0.5661686 0.431763 1.811865 21 HandTipLeft
-0.5350863 0.4768692 1.866693 22 ThumbLeft
0.3802005 0.4448834 1.620347 23 HandTipRight
0.3318062 0.4321395 1.614 24 ThumbRight
-0.04201494 0.09514449 1.877002 0 SpineBase
-0.01531594 0.3973009 1.858368 1 SpineMid
0.009468507 0.6881495 1.833694 2 Neck
-0.177588 0.5652056 1.890022 4 ShoulderLeft
-0.324862 0.3873897 1.943244 5 ElbowLeft
-0.499852 0.4051944 1.847687 6 WristLeft
-0.4942496 0.4074723 1.848161 7 HandLeft
0.1372082 0.5441254 1.794475 8 ShoulderRight
0.2690949 0.3894066 1.815361 9 ElbowRight
0.3664283 0.4296673 1.640127 10 WristRight
0.3640142 0.438131 1.630391 11 HandRight
-0.1111362 0.09682442 1.852508 12 HipLeft
-0.09333338 -0.2794167 1.897111 13 KneeLeft
-0.0282915 -0.6131185 2.011818 14 AnkleLeft
0.0003325697 -0.6538175 1.880739 15 FootLeft
0.02789223 0.09040333 1.827533 16 HipRight
0.03331663 -0.2708942 1.765552 17 KneeRight
0.07286647 -0.6026763 1.83516 18 AnkleRight
0.08467587 -0.6657266 1.729028 19 FootRight
0.003350281 0.6172659 1.841491 20 SpineShoulder
-0.5523471 0.4098343 1.815588 21 HandTipLeft
-0.5307324 0.4004575 1.88675 22 ThumbLeft
0.4149323 0.4583897 1.57892 23 HandTipRight
0.369043 0.3985015 1.632423 24 ThumbRight
-0.04207817 0.09579231 1.875657 0 SpineBase
-0.01558744 0.3985085 1.859486 1 SpineMid
0.008944849 0.6905095 1.838562 2 Neck
-0.1799773 0.5650914 1.891942 4 ShoulderLeft
-0.3369462 0.3936344 1.94671 5 ElbowLeft
-0.4493276 0.4079932 1.879913 6 WristLeft
-0.4982381 0.4161267 1.852332 7 HandLeft
0.1344695 0.5440972 1.795377 8 ShoulderRight
0.2572614 0.387448 1.831208 9 ElbowRight
0.3520644 0.4246117 1.654159 10 WristRight
0.3504177 0.4358658 1.640684 11 HandRight
-0.1112849 0.09693457 1.851739 12 HipLeft
-0.09263624 -0.2804234 1.894405 13 KneeLeft
-0.02799471 -0.6129709 2.011847 14 AnkleLeft
0.0008424819 -0.6544465 1.879808 15 FootLeft
0.02814401 0.09150825 1.826138 16 HipRight
0.03541099 -0.2756428 1.762646 17 KneeRight
0.07313414 -0.6034107 1.833729 18 AnkleRight
0.08420948 -0.6674721 1.72712 19 FootRight
0.002892765 0.6193691 1.845335 20 SpineShoulder
-0.5558308 0.4225402 1.820158 21 HandTipLeft
-0.4840792 0.4511943 1.858071 22 ThumbLeft
0.4111399 0.4515499 1.596169 23 HandTipRight
0.4181558 0.454121 1.6674 24 ThumbRight
-0.03650407 0.09396119 1.869901 0 SpineBase
-0.01526487 0.3982514 1.859573 1 SpineMid
0.007346936 0.689966 1.839795 2 Neck
-0.1711727 0.5614847 1.883049 4 ShoulderLeft
-0.3449794 0.3846198 1.958785 5 ElbowLeft
-0.5107845 0.4201696 1.852834 6 WristLeft
-0.513409 0.4285382 1.843216 7 HandLeft
0.1395653 0.5433267 1.791142 8 ShoulderRight
0.2374257 0.3733105 1.827915 9 ElbowRight
0.3403653 0.4238259 1.65965 10 WristRight
0.3418405 0.4266074 1.645912 11 HandRight
-0.1062512 0.0925979 1.844686 12 HipLeft
-0.09034651 -0.2950082 1.878398 13 KneeLeft
-0.01809245 -0.6157218 2.006703 14 AnkleLeft
0.008699117 -0.658633 1.873658 15 FootLeft
0.03451364 0.09167793 1.822093 16 HipRight
0.05107936 -0.2738008 1.734579 17 KneeRight
0.07950442 -0.6039695 1.816485 18 AnkleRight
0.08460503 -0.6699733 1.725514 19 FootRight
0.002056836 0.6189678 1.846263 20 SpineShoulder
-0.569308 0.4302349 1.805775 21 HandTipLeft
-0.5318865 0.4753558 1.8735 22 ThumbLeft
0.3881089 0.4443513 1.59108 23 HandTipRight
0.3961886 0.4426672 1.658 24 ThumbRight
-0.0405169 0.09306034 1.869641 0 SpineBase
-0.01635672 0.3972726 1.859686 1 SpineMid
0.007175346 0.6881732 1.83982 2 Neck
-0.1770303 0.5539762 1.89215 4 ShoulderLeft
-0.3408596 0.3793373 1.956608 5 ElbowLeft
-0.4478793 0.4017956 1.884901 6 WristLeft
-0.4887627 0.4112947 1.848341 7 HandLeft
0.1365393 0.5415581 1.791247 8 ShoulderRight
0.2641455 0.3743287 1.797959 9 ElbowRight
0.3686158 0.4128908 1.627452 10 WristRight
0.369918 0.4186101 1.611807 11 HandRight
-0.110967 0.09115816 1.847341 12 HipLeft
-0.0919706 -0.2908797 1.879821 13 KneeLeft
-0.01800856 -0.6156783 2.006783 14 AnkleLeft
0.008437203 -0.6612041 1.874397 15 FootLeft
0.03009178 0.09105097 1.819222 16 HipRight
0.04925777 -0.273112 1.725198 17 KneeRight
0.0792532 -0.603956 1.814916 18 AnkleRight
0.08475556 -0.6707477 1.724134 19 FootRight
0.001604503 0.6174353 1.846394 20 SpineShoulder
-0.5447442 0.4154662 1.805207 21 HandTipLeft
-0.5300575 0.4195638 1.89 22 ThumbLeft
0.4261217 0.4332501 1.560829 23 HandTipRight
0.3463539 0.450004 1.617214 24 ThumbRight
-0.04202421 0.09338647 1.868407 0 SpineBase
-0.01669061 0.3972307 1.859541 1 SpineMid
0.007189092 0.687954 1.839876 2 Neck
-0.1728934 0.556687 1.892804 4 ShoulderLeft
-0.3270526 0.379453 1.939791 5 ElbowLeft
-0.5024692 0.4049208 1.849865 6 WristLeft
-0.4892748 0.4185942 1.838755 7 HandLeft
0.1407213 0.5404142 1.786333 8 ShoulderRight
0.2754644 0.3795862 1.787805 9 ElbowRight
0.3764235 0.4087013 1.613534 10 WristRight
0.3695975 0.4087396 1.612807 11 HandRight
-0.1121488 0.09188266 1.848031 12 HipLeft
-0.09251595 -0.2868058 1.880182 13 KneeLeft
-0.02006108 -0.6145458 2.008978 14 AnkleLeft
0.00767515 -0.6607544 1.875927 15 FootLeft
0.02796024 0.09104057 1.81576 16 HipRight
0.04832058 -0.2698203 1.708222 17 KneeRight
0.07852706 -0.6034786 1.81224 18 AnkleRight
0.08473446 -0.670683 1.722851 19 FootRight
0.001536828 0.6172677 1.84645 20 SpineShoulder
-0.5430661 0.4277239 1.801221 21 HandTipLeft
-0.4844191 0.4582756 1.849375 22 ThumbLeft
0.4244334 0.4197729 1.568664 23 HandTipRight
0.3721282 0.3932698 1.55088 24 ThumbRight
-0.041796 0.09370542 1.8666 0 SpineBase
-0.01673006 0.3971736 1.858799 1 SpineMid
0.007077343 0.6876404 1.83955 2 Neck
-0.1731909 0.5571966 1.893416 4 ShoulderLeft
-0.327793 0.3799416 1.938595 5 ElbowLeft
-0.5005546 0.411802 1.845878 6 WristLeft
-0.4979758 0.4263698 1.832724 7 HandLeft
0.1415536 0.5402272 1.785444 8 ShoulderRight
0.2656234 0.3751484 1.798616 9 ElbowRight
0.3675253 0.4041652 1.625139 10 WristRight
0.3605407 0.4075339 1.623125 11 HandRight
-0.1117702 0.09192128 1.846404 12 HipLeft
-0.09173481 -0.2868219 1.877762 13 KneeLeft
-0.01963928 -0.6145197 2.008583 14 AnkleLeft
0.00794642 -0.6611707 1.875142 15 FootLeft
0.02836386 0.09167035 1.81405 16 HipRight
0.04804464 -0.2699534 1.70816 17 KneeRight
0.07888465 -0.6040502 1.812053 18 AnkleRight
0.08476081 -0.6711627 1.722374 19 FootRight
0.001425554 0.6170144 1.8461 20 SpineShoulder
-0.551231 0.4370411 1.796132 21 HandTipLeft
-0.4806538 0.4612448 1.838467 22 ThumbLeft
0.4199919 0.416971 1.577325 23 HandTipRight
0.357015 0.3945377 1.563963 24 ThumbRight
-0.03839973 0.09336774 1.857347 0 SpineBase
-0.01588713 0.3963125 1.853853 1 SpineMid
0.006754857 0.6863071 1.837484 2 Neck
-0.175866 0.5564595 1.893193 4 ShoulderLeft
-0.3344639 0.38107 1.941689 5 ElbowLeft
-0.4977454 0.4284375 1.838703 6 WristLeft
-0.4988523 0.4387239 1.822952 7 HandLeft
0.1431443 0.5400401 1.784144 8 ShoulderRight
0.2541348 0.3659261 1.810536 9 ElbowRight
0.3575516 0.3990155 1.639141 10 WristRight
0.3551378 0.4003597 1.626588 11 HandRight
-0.1074825 0.09047673 1.836932 12 HipLeft
-0.0910345 -0.2919834 1.873776 13 KneeLeft
-0.01704469 -0.6131378 2.005753 14 AnkleLeft
0.01084767 -0.6665081 1.876253 15 FootLeft
0.03165112 0.09236015 1.805361 16 HipRight
0.05191064 -0.2700132 1.701186 17 KneeRight
0.08123002 -0.6059817 1.803998 18 AnkleRight
0.08498725 -0.6715327 1.722687 19 FootRight
0.001258278 0.6157602 1.843591 20 SpineShoulder
-0.5511609 0.4474484 1.783172 21 HandTipLeft
-0.5175379 0.4896983 1.846 22 ThumbLeft
0.408053 0.4076375 1.570816 23 HandTipRight
0.3541056 0.3933805 1.563036 24 ThumbRight
-0.0411123 0.09409755 1.851209 0 SpineBase
-0.01605083 0.396563 1.850447 1 SpineMid
0.007606531 0.6860595 1.836227 2 Neck
-0.1739514 0.5580683 1.894516 4 ShoulderLeft
-0.3091407 0.3680621 1.931396 5 ElbowLeft
-0.4776059 0.4065157 1.833997 6 WristLeft
-0.4810414 0.4125645 1.820385 7 HandLeft
0.1450045 0.5397095 1.781218 8 ShoulderRight
0.282668 0.37057 1.773732 9 ElbowRight
0.3854751 0.3913438 1.600289 10 WristRight
0.3811647 0.3954149 1.59593 11 HandRight
-0.1090751 0.09116527 1.832526 12 HipLeft
-0.09016897 -0.290764 1.873993 13 KneeLeft
-0.01734613 -0.6143796 2.006129 14 AnkleLeft
0.01107665 -0.6659693 1.875137 15 FootLeft
0.02800648 0.09322651 1.796742 16 HipRight
0.05064056 -0.2671386 1.696768 17 KneeRight
0.08163042 -0.6062952 1.803638 18 AnkleRight
0.08507696 -0.671604 1.723942 19 FootRight
0.001890602 0.6155958 1.84196 20 SpineShoulder
-0.5361266 0.4137068 1.776672 21 HandTipLeft
-0.4885885 0.4480743 1.843625 22 ThumbLeft
0.4304301 0.4081092 1.546832 23 HandTipRight
0.3793815 0.3890451 1.535476 24 ThumbRight
-0.04209972 0.09447683 1.84811 0 SpineBase
-0.0160841 0.3968316 1.848064 1 SpineMid
0.008284151 0.6860585 1.834933 2 Neck
-0.1730949 0.5585625 1.894027 4 ShoulderLeft
-0.3114903 0.3719365 1.928579 5 ElbowLeft
-0.4809997 0.4053021 1.831364 6 WristLeft
-0.4812534 0.4060423 1.812957 7 HandLeft
0.1462713 0.5397239 1.779483 8 ShoulderRight
0.2829196 0.3707837 1.77287 9 ElbowRight
0.3856688 0.3910321 1.599487 10 WristRight
0.3803989 0.3966322 1.5925 11 HandRight
-0.11003 0.09154312 1.829971 12 HipLeft
-0.08700305 -0.2936407 1.877286 13 KneeLeft
-0.01748323 -0.6143409 2.005937 14 AnkleLeft
0.01174595 -0.6630837 1.873073 15 FootLeft
0.0272534 0.09358582 1.793639 16 HipRight
0.04997624 -0.2661202 1.696282 17 KneeRight
0.08170405 -0.6057836 1.803864 18 AnkleRight
0.08498323 -0.6716641 1.723974 19 FootRight
0.002409091 0.6156456 1.840403 20 SpineShoulder
-0.5344054 0.4053116 1.771248 21 HandTipLeft
-0.5192162 0.4080382 1.8514 22 ThumbLeft
0.4306755 0.4078474 1.542963 23 HandTipRight
0.3681084 0.4048149 1.548672 24 ThumbRight
-0.03406501 0.09744318 1.837505 0 SpineBase
-0.01170502 0.3985355 1.82855 1 SpineMid
0.009596053 0.685914 1.805782 2 Neck
-0.1777569 0.5600341 1.862253 4 ShoulderLeft
-0.3433877 0.4130259 1.891357 5 ElbowLeft
-0.5119472 0.4168298 1.786056 6 WristLeft
-0.5244732 0.4291722 1.760441 7 HandLeft
0.1414361 0.5414762 1.773977 8 ShoulderRight
0.2447705 0.3621928 1.800068 9 ElbowRight
0.3568003 0.3786435 1.632268 10 WristRight
0.3486242 0.3745032 1.628416 11 HandRight
-0.1032011 0.09484372 1.813402 12 HipLeft
-0.08003552 -0.2934649 1.884547 13 KneeLeft
-0.01770052 -0.6155967 2.010013 14 AnkleLeft
0.01439629 -0.6593141 1.874116 15 FootLeft
0.03599853 0.09617272 1.788157 16 HipRight
0.05296347 -0.260812 1.698125 17 KneeRight
0.08265058 -0.5980834 1.79945 18 AnkleRight
0.08465647 -0.6720232 1.725907 19 FootRight
0.004431233 0.6159911 1.813627 20 SpineShoulder
-0.5779651 0.421946 1.720495 21 HandTipLeft
-0.5572047 0.4397081 1.7934 22 ThumbLeft
0.4054059 0.3723138 1.578165 23 HandTipRight
0.3445413 0.3670428 1.567029 24 ThumbRight
-0.03174875 0.09820864 1.835758 0 SpineBase
-0.0107645 0.3990675 1.825814 1 SpineMid
0.009235742 0.6861697 1.8024 2 Neck
-0.1764442 0.5626785 1.860301 4 ShoulderLeft
-0.3323111 0.3969434 1.892033 5 ElbowLeft
-0.496479 0.415573 1.781494 6 WristLeft
-0.4987029 0.422313 1.761768 7 HandLeft
0.1403154 0.5426794 1.769353 8 ShoulderRight
0.2453887 0.3604107 1.79847 9 ElbowRight
0.3594765 0.367618 1.631633 10 WristRight
0.3585536 0.3561952 1.620691 11 HandRight
-0.1010033 0.09566554 1.811011 12 HipLeft
-0.07773689 -0.2890436 1.889001 13 KneeLeft
-0.01701185 -0.616686 2.010511 14 AnkleLeft
0.01675466 -0.6568011 1.872737 15 FootLeft
0.03846468 0.09687733 1.787295 16 HipRight
0.05316602 -0.258408 1.698016 17 KneeRight
0.08253162 -0.6029885 1.799255 18 AnkleRight
0.08462217 -0.6721161 1.726528 19 FootRight
0.004393085 0.6163155 1.810378 20 SpineShoulder
-0.5504942 0.4160694 1.716935 21 HandTipLeft
-0.52126 0.4665869 1.781454 22 ThumbLeft
0.4022478 0.3577535 1.568634 23 HandTipRight
0.3560353 0.3541058 1.564417 24 ThumbRight
-0.03260425 0.09777229 1.835676 0 SpineBase
-0.01016815 0.3984264 1.823482 1 SpineMid
0.01430463 0.6849996 1.794401 2 Neck
-0.1733396 0.564499 1.86041 4 ShoulderLeft
-0.289299 0.383454 1.889657 5 ElbowLeft
-0.4548225 0.3612978 1.781177 6 WristLeft
-0.4521667 0.3760991 1.775755 7 HandLeft
0.1421857 0.5412657 1.760319 8 ShoulderRight
0.2793357 0.3562651 1.755682 9 ElbowRight
0.3932858 0.304541 1.596956 10 WristRight
0.398095 0.31104 1.57955 11 HandRight
-0.1018801 0.0956584 1.81141 12 HipLeft
-0.0761291 -0.292285 1.902332 13 KneeLeft
-0.01751546 -0.6165347 2.010671 14 AnkleLeft
0.01828641 -0.6526964 1.871739 15 FootLeft
0.03747681 0.09579441 1.786808 16 HipRight
0.05300114 -0.2567768 1.699083 17 KneeRight
0.08180075 -0.6029774 1.799874 18 AnkleRight
0.08363985 -0.6724339 1.726674 19 FootRight
0.007971707 0.6152706 1.804068 20 SpineShoulder
-0.5061625 0.3644026 1.727309 21 HandTipLeft
-0.4712048 0.4167098 1.795615 22 ThumbLeft
0.4368902 0.2999679 1.532965 23 HandTipRight
0.3775986 0.32695 1.547031 24 ThumbRight
-0.03536834 0.09632987 1.834773 0 SpineBase
-0.009439417 0.3957667 1.817792 1 SpineMid
0.02087257 0.6801233 1.781777 2 Neck
-0.1616831 0.5667298 1.858197 4 ShoulderLeft
-0.242777 0.3557746 1.900448 5 ElbowLeft
-0.3818591 0.2446089 1.810368 6 WristLeft
-0.4318769 0.2557018 1.783072 7 HandLeft
0.1476589 0.5388324 1.748802 8 ShoulderRight
0.2893217 0.3394514 1.732049 9 ElbowRight
0.3896853 0.2375907 1.589323 10 WristRight
0.4030091 0.2410989 1.561453 11 HandRight
-0.104053 0.09523235 1.811865 12 HipLeft
-0.07778931 -0.2928953 1.908947 13 KneeLeft
-0.01912735 -0.6177739 2.013668 14 AnkleLeft
0.01714882 -0.6526413 1.874338 15 FootLeft
0.03396855 0.09286709 1.784161 16 HipRight
0.04448826 -0.2566729 1.706138 17 KneeRight
0.07840348 -0.6029133 1.808108 18 AnkleRight
0.08213283 -0.6726167 1.728031 19 FootRight
0.01296485 0.610952 1.793105 20 SpineShoulder
-0.4902578 0.221693 1.784104 21 HandTipLeft
-0.4282784 0.2840611 1.80275 22 ThumbLeft
0.4401128 0.224592 1.517317 23 HandTipRight
0.3900851 0.2459203 1.517389 24 ThumbRight
-0.04209485 0.08885572 1.829198 0 SpineBase
-0.007574822 0.3885561 1.804826 1 SpineMid
0.02916562 0.6738223 1.765072 2 Neck
-0.1404138 0.5509977 1.82849 4 ShoulderLeft
-0.2129056 0.3111506 1.867401 5 ElbowLeft
-0.2657863 0.1220736 1.860921 6 WristLeft
-0.2782618 0.07627172 1.858768 7 HandLeft
0.1501922 0.5295173 1.72327 8 ShoulderRight
0.2683534 0.304935 1.716611 9 ElbowRight
0.3161375 0.1356091 1.619121 10 WristRight
0.3399935 0.1028565 1.588084 11 HandRight
-0.1097117 0.09173284 1.810385 12 HipLeft
-0.08459137 -0.2938505 1.92337 13 KneeLeft
-0.02255709 -0.6163341 2.023766 14 AnkleLeft
0.01344674 -0.6510125 1.88421 15 FootLeft
0.0272792 0.08131213 1.77419 16 HipRight
0.0348972 -0.265378 1.720669 17 KneeRight
0.08510688 -0.613384 1.825249 18 AnkleRight
0.08170329 -0.6756376 1.730942 19 FootRight
0.01991936 0.6044003 1.777102 20 SpineShoulder
-0.2929294 0.002763289 1.886502 21 HandTipLeft
-0.3022563 0.08196723 1.842143 22 ThumbLeft
0.3745979 0.08604874 1.573782 23 HandTipRight
0.3332295 0.1264279 1.556484 24 ThumbRight
-0.03450022 0.08143212 1.817096 0 SpineBase
0.002554341 0.3829962 1.783974 1 SpineMid
0.0391532 0.6710775 1.739154 2 Neck
-0.1222794 0.547613 1.805777 4 ShoulderLeft
-0.1965476 0.3222119 1.875623 5 ElbowLeft
0.1403813 0.5211576 1.68416 8 ShoulderRight
0.2160651 0.2818319 1.694389 9 ElbowRight
0.2316497 0.08589602 1.671139 10 WristRight
0.2366872 0.02933596 1.677405 11 HandRight
-0.1031194 0.08510578 1.802652 12 HipLeft
-0.04916542 -0.2989358 1.855705 13 KneeLeft
-0.0257931 -0.615667 2.037073 14 AnkleLeft
0.01043124 -0.6474959 1.896368 15 FootLeft
0.03500089 0.07456855 1.758913 16 HipRight
0.03154782 -0.2683438 1.724578 17 KneeRight
0.08533054 -0.6149786 1.827531 18 AnkleRight
0.08158451 -0.6766747 1.734255 19 FootRight
0.0300466 0.6010201 1.75238 20 SpineShoulder
-0.1980672 0.03560287 1.924084 21 HandTipLeft
-0.2144993 0.1142802 1.8984 22 ThumbLeft
0.2596673 -0.03605011 1.696183 23 HandTipRight
0.2554446 0.04648102 1.661513 24 ThumbRight
-0.02890779 0.08088302 1.81349 0 SpineBase
0.006941571 0.3830468 1.77692 1 SpineMid
0.04175908 0.6716213 1.726741 2 Neck
-0.1046793 0.5822843 1.823816 4 ShoulderLeft
-0.1718262 0.3388869 1.90205 5 ElbowLeft
-0.2004501 0.1419814 1.911345 6 WristLeft
-0.2034263 0.07899272 1.922742 7 HandLeft
0.1405182 0.5211555 1.684198 8 ShoulderRight
0.2047725 0.2753711 1.682313 9 ElbowRight
0.2166254 0.07877263 1.672872 10 WristRight
0.2045145 0.04259818 1.682092 11 HandRight
-0.09434893 0.08397855 1.800499 12 HipLeft
-0.04909269 -0.2992561 1.856689 13 KneeLeft
-0.02576614 -0.6157154 2.037196 14 AnkleLeft
0.01013645 -0.647782 1.896411 15 FootLeft
0.0385743 0.07443953 1.753918 16 HipRight
0.03085153 -0.2806949 1.727111 17 KneeRight
0.08559366 -0.6156577 1.827484 18 AnkleRight
0.08158553 -0.6766751 1.734256 19 FootRight
0.03324702 0.6014304 1.74148 20 SpineShoulder
-0.2056171 0.01855165 1.950883 21 HandTipLeft
-0.2214752 0.09586012 1.923 22 ThumbLeft
0.2089725 -0.02082182 1.700723 23 HandTipRight
0.2376287 0.06560139 1.685571 24 ThumbRight
-0.01773144 0.07583893 1.794045 0 SpineBase
0.0166239 0.3804627 1.751932 1 SpineMid
0.05070966 0.6713433 1.697705 2 Neck
-0.1000556 0.5666852 1.812474 4 ShoulderLeft
-0.1681416 0.3348707 1.91457 5 ElbowLeft
-0.2096018 0.1523349 1.96236 6 WristLeft
-0.2353684 0.0974822 1.980894 7 HandLeft
0.1330279 0.5089323 1.615482 8 ShoulderRight
0.2015677 0.2704606 1.612009 9 ElbowRight
0.2055743 0.07532919 1.573256 10 WristRight
0.2093856 0.03004311 1.57043 11 HandRight
-0.07451992 0.07804709 1.787236 12 HipLeft
-0.04093415 -0.3039392 1.856683 13 KneeLeft
-0.0252369 -0.6128086 2.036353 14 AnkleLeft
0.01006439 -0.6470326 1.896212 15 FootLeft
0.04150179 0.07022852 1.727687 16 HipRight
0.0313178 -0.2852086 1.726166 17 KneeRight
0.0857647 -0.6161951 1.827786 18 AnkleRight
0.08154058 -0.6767841 1.734791 19 FootRight
0.04219318 0.600585 1.713339 20 SpineShoulder
-0.2566687 0.03528871 2.027254 21 HandTipLeft
-0.203837 0.1065427 1.9856 22 ThumbLeft
0.2128402 -0.03718062 1.579885 23 HandTipRight
0.2282247 0.01687474 1.544139 24 ThumbRight
-0.02187377 0.07911198 1.792594 0 SpineBase
0.01622824 0.3816519 1.746905 1 SpineMid
0.05566793 0.6695524 1.683012 2 Neck
-0.07508406 0.6247596 1.847683 4 ShoulderLeft
-0.1540364 0.3770293 1.904496 5 ElbowLeft
-0.2069027 0.1730136 1.958864 6 WristLeft
-0.2335285 0.1192385 1.978202 7 HandLeft
0.1328209 0.5084578 1.609266 8 ShoulderRight
0.2056991 0.2752005 1.564787 9 ElbowRight
0.20728 0.08138552 1.517151 10 WristRight
0.2137665 0.01602873 1.509919 11 HandRight
-0.07477911 0.08110541 1.787585 12 HipLeft
-0.04040786 -0.3044744 1.855794 13 KneeLeft
-0.02475846 -0.6124549 2.035071 14 AnkleLeft
0.01037166 -0.647188 1.895089 15 FootLeft
0.02732662 0.07448143 1.722628 16 HipRight
0.03049591 -0.2839842 1.724127 17 KneeRight
0.08574143 -0.6162343 1.827725 18 AnkleRight
0.08166518 -0.6768076 1.73482 19 FootRight
0.04544895 0.5998759 1.701613 20 SpineShoulder
-0.2606457 0.05453135 2.018672 21 HandTipLeft
-0.1812499 0.1574413 2.019 22 ThumbLeft
0.2242909 -0.04760025 1.510202 23 HandTipRight
0.2334129 0.01599725 1.480853 24 ThumbRight
-0.007162414 0.07901446 1.77611 0 SpineBase
0.03047279 0.3769521 1.719265 1 SpineMid
0.06596372 0.659043 1.647698 2 Neck
-0.06166846 0.6109334 1.80854 4 ShoulderLeft
-0.1471676 0.3749416 1.891165 5 ElbowLeft
-0.1978351 0.1838936 1.921223 6 WristLeft
-0.2219867 0.1243196 1.918966 7 HandLeft
0.1312417 0.5033268 1.579797 8 ShoulderRight
0.2007201 0.2783454 1.502182 9 ElbowRight
0.190901 0.09347748 1.423324 10 WristRight
0.1894336 0.02804549 1.402346 11 HandRight
-0.05495673 0.08158164 1.773202 12 HipLeft
-0.03300959 -0.304713 1.841411 13 KneeLeft
-0.02471773 -0.6115379 2.033886 14 AnkleLeft
0.01081939 -0.6466717 1.894212 15 FootLeft
0.04014506 0.07341763 1.706046 16 HipRight
0.02555958 -0.278535 1.719583 17 KneeRight
0.08488816 -0.6184129 1.828266 18 AnkleRight
0.02846939 -0.675778 1.809995 19 FootRight
0.05728808 0.5907263 1.667837 20 SpineShoulder
-0.2550556 0.06433368 1.94573 21 HandTipLeft
-0.2063676 0.1285463 1.929182 22 ThumbLeft
0.1924268 -0.03281668 1.389028 23 HandTipRight
0.231322 -0.003477403 1.423727 24 ThumbRight
-0.007162414 0.07901446 1.77611 0 SpineBase
0.03047279 0.3769521 1.719265 1 SpineMid
0.06596372 0.659043 1.647698 2 Neck
-0.06166846 0.6109334 1.80854 4 ShoulderLeft
-0.1471676 0.3749416 1.891165 5 ElbowLeft
-0.1978351 0.1838936 1.921223 6 WristLeft
-0.2219867 0.1243196 1.918966 7 HandLeft
0.1312417 0.5033268 1.579797 8 ShoulderRight
0.2007201 0.2783454 1.502182 9 ElbowRight
0.190901 0.09347748 1.423324 10 WristRight
0.1894336 0.02804549 1.402346 11 HandRight
-0.05495673 0.08158164 1.773202 12 HipLeft
-0.03300959 -0.304713 1.841411 13 KneeLeft
-0.02471773 -0.6115379 2.033886 14 AnkleLeft
0.01081939 -0.6466717 1.894212 15 FootLeft
0.04014506 0.07341763 1.706046 16 HipRight
0.02555958 -0.278535 1.719583 17 KneeRight
0.08488816 -0.6184129 1.828266 18 AnkleRight
0.02846939 -0.675778 1.809995 19 FootRight
0.05728808 0.5907263 1.667837 20 SpineShoulder
-0.2550556 0.06433368 1.94573 21 HandTipLeft
-0.2063676 0.1285463 1.929182 22 ThumbLeft
0.1924268 -0.03281668 1.389028 23 HandTipRight
0.231322 -0.003477403 1.423727 24 ThumbRight
-0.02036614 0.07403784 1.752773 0 SpineBase
0.03069109 0.3672535 1.681131 1 SpineMid
0.08181622 0.6459306 1.597328 2 Neck
-0.05121193 0.577917 1.744483 4 ShoulderLeft
-0.1229117 0.3365563 1.825817 5 ElbowLeft
-0.1654063 0.1449038 1.829099 6 WristLeft
-0.1704758 0.09174813 1.832786 7 HandLeft
0.1409967 0.4941589 1.531806 8 ShoulderRight
0.1932468 0.2624288 1.466983 9 ElbowRight
0.1589522 0.08169758 1.384774 10 WristRight
0.1358781 0.01933921 1.373602 11 HandRight
-0.06841067 0.07918753 1.752066 12 HipLeft
-0.02225939 -0.3008391 1.817644 13 KneeLeft
-0.0251013 -0.6119084 2.035211 14 AnkleLeft
0.01068202 -0.6458421 1.895043 15 FootLeft
0.02850167 0.06594365 1.681393 16 HipRight
0.01827657 -0.2705504 1.707873 17 KneeRight
0.08426554 -0.6209202 1.827605 18 AnkleRight
0.02388 -0.6723633 1.823242 19 FootRight
0.06921631 0.5782755 1.620183 20 SpineShoulder
-0.1853418 0.02677977 1.857749 21 HandTipLeft
-0.1369561 0.09651126 1.82975 22 ThumbLeft
0.1172325 -0.04314842 1.362987 23 HandTipRight
0.1559448 -0.0003703987 1.351878 24 ThumbRight
-0.02189253 0.07238518 1.73528 0 SpineBase
0.03458543 0.3647513 1.659946 1 SpineMid
0.08988169 0.6426723 1.572532 2 Neck
-0.04479106 0.563813 1.702672 4 ShoulderLeft
-0.1172116 0.3312848 1.802479 5 ElbowLeft
-0.1582613 0.1404281 1.816475 6 WristLeft
-0.1655115 0.08471586 1.821653 7 HandLeft
0.1490926 0.4866558 1.506115 8 ShoulderRight
0.1936186 0.2600682 1.463922 9 ElbowRight
0.1524255 0.06989913 1.412488 10 WristRight
0.1324135 0.00450086 1.41399 11 HandRight
-0.07174021 0.07962231 1.734927 12 HipLeft
-0.003393374 -0.271568 1.781534 13 KneeLeft
-0.02188863 -0.5946748 2.014044 14 AnkleLeft
0.01398473 -0.6426811 1.88076 15 FootLeft
0.0289908 0.06208003 1.663401 16 HipRight
0.01713856 -0.264776 1.699086 17 KneeRight
0.08381496 -0.6224773 1.827228 18 AnkleRight
0.02438466 -0.6725636 1.82287 19 FootRight
0.07633066 0.5752536 1.596344 20 SpineShoulder
-0.1748824 0.02209871 1.854084 21 HandTipLeft
-0.1234217 0.09669998 1.791833 22 ThumbLeft
0.1183849 -0.05663393 1.414587 23 HandTipRight
0.1550015 -0.0144186 1.395104 24 ThumbRight
0.0008673518 0.05738051 1.701819 0 SpineBase
0.05398277 0.3545515 1.629956 1 SpineMid
0.1029487 0.6380819 1.548584 2 Neck
-0.04217071 0.5317287 1.651581 4 ShoulderLeft
-0.1159914 0.3115333 1.77153 5 ElbowLeft
-0.1590658 0.1261379 1.809585 6 WristLeft
-0.1753593 0.07331119 1.817232 7 HandLeft
0.1571952 0.4842033 1.482816 8 ShoulderRight
0.2038161 0.2501255 1.462153 9 ElbowRight
0.1682626 0.05418777 1.445244 10 WristRight
0.1569435 -0.01144431 1.454118 11 HandRight
-0.05408485 0.06313714 1.698685 12 HipLeft
-0.007877236 -0.2909949 1.789472 13 KneeLeft
-0.01973277 -0.6090345 2.016615 14 AnkleLeft
0.01558061 -0.6487857 1.87896 15 FootLeft
0.05644683 0.04876768 1.632242 16 HipRight
0.0216509 -0.2635774 1.683131 17 KneeRight
0.08382825 -0.6232876 1.826883 18 AnkleRight
0.07870501 -0.6851104 1.742868 19 FootRight
0.09118548 0.5692962 1.570582 20 SpineShoulder
-0.1850169 0.01549916 1.854409 21 HandTipLeft
-0.1513664 0.07516112 1.794438 22 ThumbLeft
0.1460432 -0.0748177 1.469319 23 HandTipRight
0.1795785 -0.03889237 1.439034 24 ThumbRight
0.01387841 0.05037118 1.688425 0 SpineBase
0.06089212 0.3500544 1.615662 1 SpineMid
0.1057493 0.634697 1.530126 2 Neck
-0.04260678 0.5273274 1.639015 4 ShoulderLeft
-0.1140789 0.2979738 1.745277 5 ElbowLeft
-0.1610205 0.1142199 1.785605 6 WristLeft
-0.1783689 0.0614511 1.792198 7 HandLeft
0.1715528 0.4827492 1.460794 8 ShoulderRight
0.228394 0.2421289 1.456748 9 ElbowRight
0.2059911 0.04582001 1.45105 10 WristRight
0.2063834 -0.01797385 1.45793 11 HandRight
-0.0445953 0.05582457 1.683417 12 HipLeft
0.001773342 -0.2648609 1.734638 13 KneeLeft
-0.01885199 -0.573218 1.984971 14 AnkleLeft
0.01758679 -0.639639 1.864997 15 FootLeft
0.07204916 0.04262812 1.621278 16 HipRight
0.04049669 -0.2716539 1.67473 17 KneeRight
0.08453887 -0.6183993 1.820896 18 AnkleRight
0.07697558 -0.6862509 1.747065 19 FootRight
0.09492828 0.565689 1.553545 20 SpineShoulder
-0.1856399 0.006419554 1.82762 21 HandTipLeft
-0.1446304 0.07824961 1.782487 22 ThumbLeft
0.200572 -0.08255767 1.482892 23 HandTipRight
0.2462887 -0.0235051 1.464833 24 ThumbRight
0.02955548 0.04387855 1.671133 0 SpineBase
0.06840757 0.3427602 1.592478 1 SpineMid
0.1059626 0.6262047 1.500403 2 Neck
-0.04348433 0.5112758 1.596425 4 ShoulderLeft
-0.1077218 0.3008152 1.688902 5 ElbowLeft
-0.1557652 0.1115098 1.702747 6 WristLeft
-0.1620996 0.05872338 1.717095 7 HandLeft
0.1929019 0.4810758 1.441262 8 ShoulderRight
0.2651459 0.2408794 1.445415 9 ElbowRight
0.2834362 0.04928644 1.391758 10 WristRight
0.2837323 -0.01431704 1.393053 11 HandRight
-0.03342228 0.05014111 1.662633 12 HipLeft
-0.01745513 -0.2913546 1.759623 13 KneeLeft
-0.01842954 -0.5984526 1.990592 14 AnkleLeft
0.01631191 -0.653582 1.861124 15 FootLeft
0.09121423 0.03557245 1.60679 16 HipRight
0.05591658 -0.2806559 1.667373 17 KneeRight
0.08431124 -0.6139039 1.817158 18 AnkleRight
0.0779321 -0.6846346 1.748498 19 FootRight
0.09692889 0.5575172 1.525436 20 SpineShoulder
-0.176286 -0.007179117 1.740075 21 HandTipLeft
-0.120789 0.05193843 1.6866 22 ThumbLeft
0.2877487 -0.0763259 1.395675 23 HandTipRight
0.3182252 -0.008579477 1.394546 24 ThumbRight
0.03059322 0.042465 1.663934 0 SpineBase
0.07101237 0.3408342 1.584278 1 SpineMid
0.1096641 0.6240227 1.492245 2 Neck
-0.04384292 0.5108185 1.593618 4 ShoulderLeft
-0.1079143 0.2985668 1.686654 5 ElbowLeft
-0.1567991 0.1092681 1.698816 6 WristLeft
-0.1622949 0.05077241 1.702305 7 HandLeft
0.193044 0.4810809 1.44097 8 ShoulderRight
0.2767449 0.2433982 1.439214 9 ElbowRight
0.2897755 0.05105661 1.38665 10 WristRight
0.3019746 -0.01341409 1.377231 11 HandRight
-0.03366158 0.04815493 1.653943 12 HipLeft
-0.02103631 -0.2957231 1.756984 13 KneeLeft
-0.01594476 -0.6017159 1.98212 14 AnkleLeft
0.009982653 -0.6640477 1.855203 15 FootLeft
0.09326261 0.03476365 1.601332 16 HipRight
0.07402474 -0.2841652 1.677181 17 KneeRight
0.08473761 -0.6132748 1.817063 18 AnkleRight
0.07875029 -0.6838225 1.747911 19 FootRight
0.1003544 0.5553981 1.517222 20 SpineShoulder
-0.1694736 -0.01590041 1.724967 21 HandTipLeft
-0.1277145 0.04024542 1.6991 22 ThumbLeft
0.3079255 -0.07539422 1.376985 23 HandTipRight
0.3368698 -0.001737741 1.381125 24 ThumbRight
0.02229821 0.03736687 1.636785 0 SpineBase
0.07019159 0.3334588 1.559164 1 SpineMid
0.1154309 0.6145819 1.468946 2 Neck
-0.04759635 0.5047361 1.56786 4 ShoulderLeft
-0.1126846 0.2839599 1.647947 5 ElbowLeft
-0.1608545 0.09244909 1.632359 6 WristLeft
-0.1683325 0.04810736 1.62412 7 HandLeft
0.2114408 0.4706524 1.422235 8 ShoulderRight
0.2994672 0.2477698 1.416049 9 ElbowRight
0.3353098 0.06267904 1.342521 10 WristRight
0.3508147 -0.00187417 1.324439 11 HandRight
-0.04426467 0.04486183 1.624242 12 HipLeft
-0.04698087 -0.2932844 1.674738 13 KneeLeft
-0.01326658 -0.6074666 1.877082 14 AnkleLeft
-0.05194422 -0.6754348 1.828655 15 FootLeft
0.08785772 0.02822974 1.577248 16 HipRight
0.07207101 -0.2978753 1.673206 17 KneeRight
0.08505762 -0.6128801 1.815053 18 AnkleRight
0.06500982 -0.6865583 1.761928 19 FootRight
0.1044824 0.5464785 1.493495 20 SpineShoulder
-0.1879405 -0.01583445 1.633999 21 HandTipLeft
-0.1240431 0.04923103 1.6184 22 ThumbLeft
0.3668137 -0.06489493 1.317077 23 HandTipRight
0.3731156 0.024728 1.30825 24 ThumbRight
0.0224045 0.03152523 1.616138 0 SpineBase
0.06970917 0.3270676 1.540353 1 SpineMid
0.1144437 0.6076123 1.45232 2 Neck
-0.05189614 0.4985966 1.550126 4 ShoulderLeft
-0.1172253 0.2760167 1.614372 5 ElbowLeft
-0.1676414 0.08537725 1.590091 6 WristLeft
-0.1761226 0.04282336 1.586108 7 HandLeft
0.2163484 0.4661118 1.412348 8 ShoulderRight
0.3056147 0.2456363 1.405716 9 ElbowRight
0.3426991 0.06176654 1.333052 10 WristRight
0.3573085 -0.00142746 1.313035 11 HandRight
-0.04503837 0.03971135 1.602195 12 HipLeft
-0.05404906 -0.2959665 1.623042 13 KneeLeft
-0.06245864 -0.6138294 1.801694 14 AnkleLeft
-0.1102055 -0.6643932 1.726989 15 FootLeft
0.08886005 0.02197284 1.558054 16 HipRight
0.08630092 -0.3075002 1.665855 17 KneeRight
0.08481655 -0.6130059 1.814718 18 AnkleRight
0.06828859 -0.6869228 1.759761 19 FootRight
0.1036257 0.5396504 1.47628 20 SpineShoulder
-0.1973395 -0.02507804 1.589111 21 HandTipLeft
-0.1245024 0.06654552 1.584444 22 ThumbLeft
0.3739417 -0.06490068 1.306068 23 HandTipRight
0.3733774 0.009279116 1.286888 24 ThumbRight
0.0351539 0.01731115 1.566487 0 SpineBase
0.07126079 0.3150053 1.49189 1 SpineMid
0.1050207 0.5968732 1.40396 2 Neck
-0.0616122 0.4842571 1.489144 4 ShoulderLeft
-0.1247688 0.263858 1.556499 5 ElbowLeft
-0.1751702 0.07255615 1.542431 6 WristLeft
-0.1799389 0.03182965 1.535706 7 HandLeft
0.2199608 0.4592081 1.376717 8 ShoulderRight
0.3052586 0.2420403 1.385632 9 ElbowRight
0.3442985 0.05485467 1.3243 10 WristRight
0.3501027 -0.00952908 1.310642 11 HandRight
-0.03481013 0.02521634 1.547417 12 HipLeft
-0.05401992 -0.3075706 1.523255 13 KneeLeft
-0.1060062 -0.6112341 1.581431 14 AnkleLeft
-0.1406614 -0.6531153 1.467681 15 FootLeft
0.1034327 0.008573402 1.513462 16 HipRight
0.09768344 -0.3011453 1.640688 17 KneeRight
0.08498789 -0.6148676 1.812144 18 AnkleRight
0.08183862 -0.6852784 1.744183 19 FootRight
0.09695613 0.5286716 1.427976 20 SpineShoulder
-0.1963203 -0.03207351 1.5424 21 HandTipLeft
-0.1404903 0.02671563 1.527 22 ThumbLeft
0.3654965 -0.07195284 1.309719 23 HandTipRight
0.3689219 0.001706497 1.28534 24 ThumbRight
0.04125127 0.002864612 1.507971 0 SpineBase
0.06708013 0.3036694 1.42977 1 SpineMid
0.09056279 0.5881525 1.338472 2 Neck
-0.07463817 0.4796367 1.399078 4 ShoulderLeft
-0.1481109 0.2573393 1.488516 5 ElbowLeft
-0.1939763 0.06552365 1.497033 6 WristLeft
-0.2066246 0.00449307 1.495255 7 HandLeft
0.2146582 0.4485421 1.318096 8 ShoulderRight
0.2908753 0.2249618 1.343795 9 ElbowRight
0.3311889 0.03226417 1.309851 10 WristRight
0.3289338 -0.02771771 1.300929 11 HandRight
-0.03181599 0.009984649 1.482969 12 HipLeft
-0.04834299 -0.3239517 1.449422 13 KneeLeft
-0.09167127 -0.6269615 1.413786 14 AnkleLeft
-0.1171062 -0.6688719 1.298529 15 FootLeft
0.1122548 -0.004350363 1.461036 16 HipRight
0.1099174 -0.2963943 1.623443 17 KneeRight
0.08432095 -0.6175916 1.806479 18 AnkleRight
0.08386733 -0.688594 1.740892 19 FootRight
0.08501797 0.5193879 1.363268 20 SpineShoulder
-0.2104241 -0.06351084 1.51027 21 HandTipLeft
-0.1758454 -0.0009752044 1.473091 22 ThumbLeft
0.3422526 -0.09532642 1.308615 23 HandTipRight
0.3506327 -0.01244329 1.282396 24 ThumbRight
0.04192668 -0.001926757 1.492021 0 SpineBase
0.0653989 0.3006776 1.414894 1 SpineMid
0.0870631 0.5865742 1.324879 2 Neck
-0.07913448 0.4763349 1.383376 4 ShoulderLeft
-0.1551646 0.2543577 1.474824 5 ElbowLeft
-0.2015833 0.06251197 1.483634 6 WristLeft
-0.2153385 0.0007313896 1.481803 7 HandLeft
0.2125047 0.4453557 1.304252 8 ShoulderRight
0.2858501 0.2213298 1.332799 9 ElbowRight
0.323428 0.02748637 1.301845 10 WristRight
0.3203142 -0.03146276 1.293707 11 HandRight
-0.03144173 0.005820733 1.466959 12 HipLeft
-0.04786059 -0.3288971 1.437867 13 KneeLeft
-0.08971019 -0.6277339 1.403453 14 AnkleLeft
-0.1144593 -0.6694964 1.287978 15 FootLeft
0.1132683 -0.009581772 1.445095 16 HipRight
0.1141583 -0.3091551 1.624614 17 KneeRight
0.08367836 -0.6178453 1.800949 18 AnkleRight
0.08510502 -0.6901203 1.739038 19 FootRight
0.08191448 0.5175002 1.349321 20 SpineShoulder
-0.217829 -0.06616469 1.500314 21 HandTipLeft
-0.1700528 0.03509637 1.4658 22 ThumbLeft
0.3326218 -0.09933463 1.305538 23 HandTipRight
0.3434636 -0.03369435 1.271263 24 ThumbRight
0.03588673 -0.01388182 1.425572 0 SpineBase
0.05205113 0.2932698 1.357397 1 SpineMid
0.06685685 0.582737 1.27652 2 Neck
-0.09620076 0.4598865 1.31802 4 ShoulderLeft
-0.1793819 0.2399264 1.418043 5 ElbowLeft
-0.2252582 0.04943766 1.437675 6 WristLeft
-0.2361591 -0.008451256 1.446968 7 HandLeft
0.2033812 0.4380704 1.263523 8 ShoulderRight
0.2717424 0.2163597 1.303339 9 ElbowRight
0.3031364 0.02048577 1.28184 10 WristRight
0.3023969 -0.03703075 1.272212 11 HandRight
-0.03978701 -0.00631182 1.397822 12 HipLeft
-0.04723275 -0.3267999 1.397677 13 KneeLeft
-0.08160222 -0.6308079 1.376726 14 AnkleLeft
-0.09840637 -0.6718454 1.258791 15 FootLeft
0.1097929 -0.02075509 1.381323 16 HipRight
0.1135214 -0.3156161 1.607709 17 KneeRight
0.08061517 -0.6186821 1.787389 18 AnkleRight
0.08701591 -0.6933668 1.735138 19 FootRight
0.06335011 0.512877 1.298621 20 SpineShoulder
-0.2419339 -0.07438315 1.468201 21 HandTipLeft
-0.2096555 -0.0198234 1.4251 22 ThumbLeft
0.3106039 -0.1052302 1.28422 23 HandTipRight
0.3235995 -0.043289 1.245261 24 ThumbRight
0.008954893 -0.03541058 1.256704 0 SpineBase
0.006406767 0.2783383 1.208294 1 SpineMid
-0.1348654 0.4247369 1.156426 4 ShoulderLeft
-0.2150307 0.2130211 1.207789 5 ElbowLeft
-0.2697544 0.02207698 1.205463 6 WristLeft
-0.2790107 -0.03419479 1.211056 7 HandLeft
0.1670685 0.4373602 1.156099 8 ShoulderRight
0.2490643 0.2147756 1.201738 9 ElbowRight
0.2889523 0.02296246 1.15636 10 WristRight
0.2949076 -0.0334363 1.145812 11 HandRight
-0.06921999 -0.03351984 1.223838 12 HipLeft
-0.06226377 -0.3454104 1.250973 13 KneeLeft
-0.08359999 -0.6294467 1.339682 14 AnkleLeft
-0.08236535 -0.6685858 1.218517 15 FootLeft
0.08664124 -0.03527018 1.217474 16 HipRight
0.05791736 -0.3433276 1.237302 17 KneeRight
0.05601002 -0.6094126 1.528199 18 AnkleRight
0.05407915 -0.6504555 1.40617 19 FootRight
0.004530014 0.5009188 1.163982 20 SpineShoulder
-0.2891167 -0.1038714 1.227451 21 HandTipLeft
-0.2423049 -0.05054302 1.182182 22 ThumbLeft
0.3068528 -0.1050721 1.144582 23 HandTipRight
0.3081273 -0.01308826 1.114745 24 ThumbRight
0.009420327 -0.03550731 1.247032 0 SpineBase
0.006498243 0.2774441 1.198774 1 SpineMid
-0.1351432 0.4245337 1.141383 4 ShoulderLeft
-0.2207915 0.2061493 1.176082 5 ElbowLeft
-0.272945 0.0144058 1.154218 6 WristLeft
-0.281165 -0.0418646 1.156714 7 HandLeft
0.1676175 0.4377642 1.15228 8 ShoulderRight
0.248456 0.2142031 1.19678 9 ElbowRight
0.2904649 0.02382241 1.146305 10 WristRight
0.3018088 -0.03026808 1.121314 11 HandRight
-0.06875432 -0.03456371 1.214238 12 HipLeft
-0.06311731 -0.3506739 1.245682 13 KneeLeft
-0.08322699 -0.631157 1.337227 14 AnkleLeft
-0.07838761 -0.6701255 1.216377 15 FootLeft
0.08708015 -0.03438828 1.207644 16 HipRight
0.06357305 -0.3467781 1.206698 17 KneeRight
0.0218363 -0.5876686 1.474414 18 AnkleRight
0.07604019 -0.6607803 1.505015 19 FootRight
0.004355009 0.4993449 1.154496 20 SpineShoulder
-0.288385 -0.1117069 1.164245 21 HandTipLeft
-0.249499 -0.05518778 1.1456 22 ThumbLeft
0.3263188 -0.09962406 1.106283 23 HandTipRight
0.3169564 -0.008476444 1.094053 24 ThumbRight
0.01436529 -0.0392548 1.166617 0 SpineBase
0.009889415 0.2636538 1.115793 1 SpineMid
-0.1307069 0.4233509 1.03543 4 ShoulderLeft
-0.2177001 0.2078739 1.017625 5 ElbowLeft
-0.2539324 0.02075469 0.9467142 6 WristLeft
-0.2606681 -0.04352951 0.9338251 7 HandLeft
0.1705005 0.4337793 1.085985 8 ShoulderRight
0.2445099 0.2164639 1.142715 9 ElbowRight
0.3024427 0.03826825 1.065784 10 WristRight
0.3348158 0.001225108 1.03195 11 HandRight
-0.06265046 -0.04339233 1.12638 12 HipLeft
-0.07478018 -0.3715293 1.204048 13 KneeLeft
-0.05284712 -0.6529342 1.312548 14 AnkleLeft
-0.03615934 -0.691672 1.193444 15 FootLeft
0.09055224 -0.03277595 1.134562 16 HipRight
0.1046042 -0.3461325 1.045344 17 KneeRight
0.07047494 -0.6520028 1.194754 18 AnkleRight
0.08409104 -0.689575 1.076284 19 FootRight
0.00670805 0.4773246 1.069383 20 SpineShoulder
-0.2678698 -0.1102159 0.9292217 21 HandTipLeft
-0.2277012 -0.03922381 0.9615625 22 ThumbLeft
0.3861744 -0.05322534 1.010522 23 HandTipRight
0.350229 0.01094381 0.971706 24 ThumbRight
0.02576007 -0.04925297 1.126788 0 SpineBase
0.02082904 0.2510972 1.076254 1 SpineMid
-0.1195496 0.4185587 0.9909794 4 ShoulderLeft
-0.2034553 0.2033323 0.9464726 5 ElbowLeft
-0.229233 0.02469 0.8489602 6 WristLeft
-0.2339314 -0.0381722 0.8294581 7 HandLeft
0.1802839 0.4225775 1.047552 8 ShoulderRight
0.2565967 0.2151547 1.10854 9 ElbowRight
0.3180681 0.04874671 1.009378 10 WristRight
0.3472444 0.01539962 0.9783046 11 HandRight
-0.05342324 -0.05228316 1.088272 12 HipLeft
-0.07149621 -0.3653208 1.177652 13 KneeLeft
-0.06602153 -0.6517905 1.31076 14 AnkleLeft
-0.0472098 -0.6905159 1.192007 15 FootLeft
0.1032874 -0.04310581 1.093151 16 HipRight
0.1251398 -0.3543972 0.9944892 17 KneeRight
0.1198002 -0.7571212 1.043165 18 AnkleRight
0.01713819 0.4627117 1.029928 20 SpineShoulder
-0.2373628 -0.102123 0.8188539 21 HandTipLeft
-0.200714 -0.04835432 0.8075334 22 ThumbLeft
0.3767785 -0.01801215 0.9523643 23 HandTipRight
0.3664987 0.04212741 0.9249473 24 ThumbRight
0.04052142 -0.05938144 1.080573 0 SpineBase
0.03915513 0.2363912 1.031416 1 SpineMid
-0.1034584 0.4045461 0.9444338 4 ShoulderLeft
-0.1823334 0.2010164 0.8863903 5 ElbowLeft
-0.1967417 0.02536322 0.7650523 6 WristLeft
-0.1979167 -0.034258 0.7390231 7 HandLeft
0.2013078 0.4236783 0.9979367 8 ShoulderRight
0.2766371 0.2139181 1.070105 9 ElbowRight
0.3365995 0.04694026 0.9713169 10 WristRight
0.3668687 0.0255386 0.9205674 11 HandRight
-0.03992952 -0.06052174 1.041869 12 HipLeft
-0.06335759 -0.3636333 1.146886 13 KneeLeft
-0.06715103 -0.6531608 1.306381 14 AnkleLeft
-0.04901541 -0.6917666 1.187657 15 FootLeft
0.1182362 -0.05428521 1.047152 16 HipRight
0.1450645 -0.3670361 0.96077 17 KneeRight
0.1964878 -0.7719123 0.9306273 18 AnkleRight
0.0381249 0.4440584 0.9857112 20 SpineShoulder
-0.1933339 -0.09551342 0.7192189 21 HandTipLeft
-0.1639098 -0.03512317 0.7137715 22 ThumbLeft
0.3856994 -0.01337439 0.8639875 23 HandTipRight
0.3857608 0.04779428 0.8774001 24 ThumbRight
0.05923101 -0.07272615 1.035256 0 SpineBase
0.06030307 0.2179699 0.9829046 1 SpineMid
-0.08497813 0.389636 0.9027494 4 ShoulderLeft
-0.1524055 0.1937952 0.8307811 5 ElbowLeft
-0.1595161 0.02638158 0.7066998 6 WristLeft
-0.1548876 -0.03148254 0.6701471 7 HandLeft
0.2216338 0.4033685 0.9389442 8 ShoulderRight
0.3064579 0.1951803 1.017463 9 ElbowRight
0.3760814 0.04041932 0.9057186 10 WristRight
0.4094288 0.008583812 0.8597038 11 HandRight
-0.02385071 -0.07397199 0.9969466 12 HipLeft
-0.0567872 -0.3656953 1.109468 13 KneeLeft
-0.06722317 -0.6560413 1.294375 14 AnkleLeft
-0.05446558 -0.6949468 1.175406 15 FootLeft
0.1381574 -0.06634976 1.001427 16 HipRight
0.1880036 -0.3729796 0.8983186 17 KneeRight
0.1554635 -0.7706309 0.9650246 18 AnkleRight
0.06044555 0.4215325 0.9344714 20 SpineShoulder
-0.1446185 -0.09267236 0.6463832 21 HandTipLeft
-0.1272871 -0.03012013 0.6357428 22 ThumbLeft
0.4137318 -0.03238384 0.8119286 23 HandTipRight
0.4204745 0.04301078 0.7995834 24 ThumbRight
0.1400996 -0.1251497 0.8787484 0 SpineBase
0.1375642 0.1378078 0.8151185 1 SpineMid
0.008276457 0.3433007 0.7752873 4 ShoulderLeft
-0.04900057 0.1308389 0.7399694 5 ElbowLeft
-0.06141403 -0.04824089 0.6400022 6 WristLeft
-0.05331226 -0.08974932 0.6213924 7 HandLeft
0.2928143 0.3229799 0.7395772 8 ShoulderRight
0.4225524 0.1290809 0.8260413 9 ElbowRight
0.4849307 -0.03743058 0.7293715 10 WristRight
0.4999372 -0.04768735 0.7223458 11 HandRight
0.04543201 -0.1210387 0.8539385 12 HipLeft
0.000961173 -0.3890941 0.9852087 13 KneeLeft
-0.06667605 -0.6533817 1.236562 14 AnkleLeft
-0.07798566 -0.6936895 1.119357 15 FootLeft
0.2234643 -0.1191873 0.832204 16 HipRight
0.2745748 -0.4833322 0.7447526 17 KneeRight
0.1317941 0.3226517 0.7600077 20 SpineShoulder
-0.03818951 -0.1483107 0.6029751 21 HandTipLeft
-0.01920567 -0.08158527 0.6214347 22 ThumbLeft
0.51801 -0.07006091 0.728668 23 HandTipRight
0.4715905 -0.0565469 0.690625 24 ThumbRight
0.20728 -0.1802441 0.7828424 0 SpineBase
0.1978061 0.09768303 0.7293407 1 SpineMid
0.08209305 0.2949395 0.6919531 4 ShoulderLeft
0.01944938 0.04647937 0.6994711 5 ElbowLeft
-0.02001308 -0.1446545 0.6407126 6 WristLeft
-0.01067398 -0.1554877 0.6408696 7 HandLeft
0.3683796 0.2675484 0.634364 8 ShoulderRight
0.4729103 0.1242357 0.7200947 9 ElbowRight
0.4605879 -0.06420614 0.6442037 10 WristRight
0.107722 -0.1713246 0.7659096 12 HipLeft
0.0137582 -0.4625179 0.9505814 13 KneeLeft
0.2883324 -0.1733807 0.7308049 16 HipRight
0.3932839 -0.5035033 0.5708159 17 KneeRight
0.1885031 0.2904848 0.6756355 20 SpineShoulder
-0.01033105 -0.2199992 0.6328998 21 HandTipLeft
0.01953546 -0.1431376 0.6218 22 ThumbLeft
0.2161856 -0.21952 0.7639695 0 SpineBase
0.1894662 0.08184616 0.7203578 1 SpineMid
0.1563633 0.3448265 0.6483986 2 Neck
0.0874081 0.2833338 0.6833565 4 ShoulderLeft
0.03319151 0.02072786 0.6965894 5 ElbowLeft
-0.003953802 -0.1727562 0.647782 6 WristLeft
0.008712401 -0.1762201 0.6538614 7 HandLeft
0.3369378 0.1823211 0.5894433 8 ShoulderRight
0.4794486 0.1151876 0.6838057 9 ElbowRight
0.1210595 -0.2040683 0.7608184 12 HipLeft
0.08099935 -0.5185534 0.8913836 13 KneeLeft
0.2914842 -0.2183412 0.6953684 16 HipRight
0.4650527 -0.515684 0.5496356 17 KneeRight
0.166994 0.2830667 0.6687406 20 SpineShoulder
0.01401883 -0.2439873 0.6539382 21 HandTipLeft
0.05322929 -0.1524903 0.6850833 22 ThumbLeft
0.2004307 -0.4642364 0.7726138 0 SpineBase
0.1683656 -0.1548404 0.759105 1 SpineMid
0.1336213 0.1251255 0.7084583 2 Neck
0.09926407 0.05032492 0.697192 4 ShoulderLeft
0.2349564 -0.02160108 0.5505221 5 ElbowLeft
0.07472022 -0.1576515 0.6664816 6 WristLeft
0.05000893 -0.2037778 0.6749399 7 HandLeft
0.2307983 -0.05788839 0.6023862 8 ShoulderRight
0.3387198 -0.2224912 0.5633382 9 ElbowRight
0.3454696 -0.4162666 0.5388009 10 WristRight
0.1451702 0.06360654 0.7236125 20 SpineShoulder
0.06311515 -0.2575031 0.6986499 21 HandTipLeft
0.07819704 -0.1902365 0.649 22 ThumbLeft
0.2034468 -0.4675684 0.7496943 0 SpineBase
0.1748744 -0.1626687 0.7479256 1 SpineMid
0.1404335 0.1220639 0.7097781 2 Neck
0.1118025 0.02077448 0.6949391 4 ShoulderLeft
0.2475692 0.0419534 0.532712 5 ElbowLeft
0.07218866 -0.1071157 0.6697669 6 WristLeft
0.2310567 -0.0582684 0.6026272 8 ShoulderRight
0.387761 -0.4856898 0.5283338 10 WristRight
0.1506843 0.05767837 0.7228761 20 SpineShoulder
0.1984652 -0.469747 0.7285514 0 SpineBase
0.1899848 -0.1726218 0.735137 1 SpineMid
0.1952928 0.100493 0.7128518 2 Neck
0.151771 -0.02510286 0.6904194 4 ShoulderLeft
0.2571243 0.02994111 0.5139032 5 ElbowLeft
0.2732369 -0.0764972 0.6047714 8 ShoulderRight
0.3917223 -0.399033 0.5477864 10 WristRight
0.1947984 0.03473098 0.7198343 20 SpineShoulder
0.19111 -0.4627147 0.7178615 0 SpineBase
0.1918308 -0.172696 0.7323445 1 SpineMid
0.1964153 0.09992743 0.7130625 2 Neck
0.1362231 0.04155084 0.697022 4 ShoulderLeft
0.2565097 0.003520809 0.5257935 5 ElbowLeft
0.08689646 -0.1358029 0.6612218 6 WristLeft
0.2691956 -0.07424635 0.6041253 8 ShoulderRight
0.3168212 -0.4611399 0.5651023 10 WristRight
0.195862 0.03436196 0.7198187 20 SpineShoulder
0.2685286 -0.5152665 0.7947419 0 SpineBase
0.2719814 -0.2129353 0.7722247 1 SpineMid
0.2668974 0.07968661 0.7272063 2 Neck
0.2005499 0.02467449 0.7102408 4 ShoulderLeft
0.2046079 0.2976458 0.6063072 7 HandLeft
0.3233304 -0.085398 0.6149217 8 ShoulderRight
0.3909156 -0.4493661 0.5645286 10 WristRight
0.2996993 -0.2418286 0.6224633 15 FootLeft
0.2693743 0.00891372 0.7415323 20 SpineShoulder
0.3175013 -0.429054 0.8153591 0 SpineBase
0.2941035 -0.1220469 0.7750645 1 SpineMid
0.1964664 0.116607 0.6959536 4 ShoulderLeft
0.2036717 0.4087284 0.6701593 7 HandLeft
0.31982 0.006865451 0.6014813 8 ShoulderRight
0.3078826 -0.4568933 0.562574 10 WristRight
0.2442001 -0.3982322 0.7926235 12 HipLeft
0.01963867 -0.3015099 0.4733008 13 KneeLeft
0.3670619 -0.4280935 0.7778538 16 HipRight
0.1114184 -0.3249037 0.4860941 17 KneeRight
0.271539 0.1013087 0.7309787 20 SpineShoulder
0.3316548 -0.4352441 0.8096669 0 SpineBase
0.3093393 -0.1269692 0.7700773 1 SpineMid
0.2124185 0.1131517 0.6918361 4 ShoulderLeft
0.335713 0.003388598 0.597069 8 ShoulderRight
0.3526639 -0.3720296 0.6041078 10 WristRight
0.2563734 -0.4030499 0.7841597 12 HipLeft
0.02504343 -0.3337146 0.4618408 13 KneeLeft
0.3831385 -0.4357631 0.7754813 16 HipRight
0.1163803 -0.3557464 0.4858359 17 KneeRight
0.2873921 0.09744913 0.7265735 20 SpineShoulder
