X              Y         Z      JointType 
-0.1022344 -0.3962752 1.632132 0 SpineBase
-0.0886182 -0.0996456 1.659696 1 SpineMid
-0.07483298 0.1887747 1.675657 2 Neck
-0.2417417 0.06721295 1.721051 4 ShoulderLeft
-0.3253207 -0.07829501 1.781955 5 ElbowLeft
-0.2370353 -0.104526 1.598276 6 WristLeft
-0.1957394 -0.1215058 1.514449 7 HandLeft
0.07796211 0.05750175 1.620811 8 ShoulderRight
0.1359375 -0.09285961 1.581096 9 ElbowRight
-0.04884724 -0.1225945 1.503565 10 WristRight
-0.1078748 -0.1282943 1.484417 11 HandRight
-0.1736313 -0.3873723 1.627063 12 HipLeft
-0.1713374 -0.7052727 1.646632 13 KneeLeft
-0.1266813 -0.9436429 1.679348 14 AnkleLeft
-0.1388247 -0.9836046 1.58604 15 FootLeft
-0.02743503 -0.3923403 1.584287 16 HipRight
-0.03419179 -0.6663655 1.481478 17 KneeRight
-0.002006918 -0.898383 1.536666 18 AnkleRight
-0.07831624 0.1177836 1.67352 20 SpineShoulder
-0.1535123 -0.1294279 1.457777 21 HandTipLeft
-0.2064286 -0.09340902 1.5098 22 ThumbLeft
-0.1585118 -0.1402465 1.462637 23 HandTipRight
-0.1043588 -0.1029904 1.465805 24 ThumbRight
-0.09015578 -0.4248498 1.669903 0 SpineBase
-0.08049463 -0.1170356 1.698603 1 SpineMid
-0.06996866 0.1809887 1.717398 2 Neck
-0.2414642 0.06089121 1.744285 4 ShoulderLeft
-0.3191861 -0.09219275 1.785455 5 ElbowLeft
-0.2204575 -0.113515 1.605093 6 WristLeft
-0.1643876 -0.1220063 1.557763 7 HandLeft
0.08629012 0.05552582 1.679781 8 ShoulderRight
0.1531014 -0.1014886 1.653594 9 ElbowRight
-0.02026452 -0.1222922 1.546569 10 WristRight
-0.09622273 -0.1390315 1.505534 11 HandRight
-0.1412952 -0.4182041 1.661775 12 HipLeft
-0.1569553 -0.7036819 1.654164 13 KneeLeft
-0.1296444 -0.9269476 1.683115 14 AnkleLeft
-0.1383447 -0.9713836 1.576993 15 FootLeft
-0.03547134 -0.4194235 1.626727 16 HipRight
-0.01677701 -0.6739467 1.610095 17 KneeRight
-0.005885386 -0.9162784 1.659207 18 AnkleRight
-0.02478409 -0.7967778 1.59301 19 FootRight
-0.07267373 0.1076621 1.714364 20 SpineShoulder
-0.1396078 -0.1302272 1.511862 21 HandTipLeft
-0.1411574 -0.08255565 1.581391 22 ThumbLeft
-0.1250594 -0.1357473 1.477274 23 HandTipRight
-0.07715812 -0.1121574 1.484296 24 ThumbRight
-0.09015578 -0.4248498 1.669903 0 SpineBase
-0.08049463 -0.1170356 1.698603 1 SpineMid
-0.06996866 0.1809887 1.717398 2 Neck
-0.2414642 0.06089121 1.744285 4 ShoulderLeft
-0.3191861 -0.09219275 1.785455 5 ElbowLeft
-0.2204575 -0.113515 1.605093 6 WristLeft
-0.1643876 -0.1220063 1.557763 7 HandLeft
0.08629012 0.05552582 1.679781 8 ShoulderRight
0.1531014 -0.1014886 1.653594 9 ElbowRight
-0.02026452 -0.1222922 1.546569 10 WristRight
-0.09622273 -0.1390315 1.505534 11 HandRight
-0.1412952 -0.4182041 1.661775 12 HipLeft
-0.1569553 -0.7036819 1.654164 13 KneeLeft
-0.1296444 -0.9269476 1.683115 14 AnkleLeft
-0.1383447 -0.9713836 1.576993 15 FootLeft
-0.03547134 -0.4194235 1.626727 16 HipRight
-0.01677701 -0.6739467 1.610095 17 KneeRight
-0.005885386 -0.9162784 1.659207 18 AnkleRight
-0.02478409 -0.7967778 1.59301 19 FootRight
-0.07267373 0.1076621 1.714364 20 SpineShoulder
-0.1396078 -0.1302272 1.511862 21 HandTipLeft
-0.1411574 -0.08255565 1.581391 22 ThumbLeft
-0.1250594 -0.1357473 1.477274 23 HandTipRight
-0.07715812 -0.1121574 1.484296 24 ThumbRight
-0.06969976 -0.4292883 1.725341 0 SpineBase
-0.0543238 -0.1225565 1.746995 1 SpineMid
-0.03766173 0.1753477 1.757962 2 Neck
-0.2090649 0.04838537 1.78288 4 ShoulderLeft
-0.2712339 -0.1116935 1.80255 5 ElbowLeft
-0.1604785 -0.1219651 1.626576 6 WristLeft
-0.04685489 -0.1437498 1.538754 7 HandLeft
0.1232891 0.05128491 1.728826 8 ShoulderRight
0.1843434 -0.1142721 1.708849 9 ElbowRight
0.008664669 -0.125703 1.601348 10 WristRight
-0.03147276 -0.138416 1.545921 11 HandRight
-0.1230542 -0.4225186 1.713786 12 HipLeft
-0.1464828 -0.7039551 1.661594 13 KneeLeft
-0.1274809 -0.9692764 1.682934 14 AnkleLeft
-0.01392483 -0.421726 1.679107 16 HipRight
0.01467743 -0.6741829 1.685882 17 KneeRight
0.009886424 -0.947701 1.727889 18 AnkleRight
-0.007467253 -0.9902415 1.621065 19 FootRight
-0.04202594 0.1020736 1.757143 20 SpineShoulder
-0.02629644 -0.1466226 1.524476 21 HandTipLeft
-0.06037339 -0.1375755 1.50025 22 ThumbLeft
-0.06258502 -0.1393743 1.512359 23 HandTipRight
-0.02958748 -0.1561378 1.512375 24 ThumbRight
-0.06969976 -0.4292883 1.725341 0 SpineBase
-0.0543238 -0.1225565 1.746995 1 SpineMid
-0.03766173 0.1753477 1.757962 2 Neck
-0.2090649 0.04838537 1.78288 4 ShoulderLeft
-0.2712339 -0.1116935 1.80255 5 ElbowLeft
-0.1604785 -0.1219651 1.626576 6 WristLeft
-0.04685489 -0.1437498 1.538754 7 HandLeft
0.1232891 0.05128491 1.728826 8 ShoulderRight
0.1843434 -0.1142721 1.708849 9 ElbowRight
0.008664669 -0.125703 1.601348 10 WristRight
-0.03147276 -0.138416 1.545921 11 HandRight
-0.1230542 -0.4225186 1.713786 12 HipLeft
-0.1464828 -0.7039551 1.661594 13 KneeLeft
-0.1274809 -0.9692764 1.682934 14 AnkleLeft
-0.01392483 -0.421726 1.679107 16 HipRight
0.01467743 -0.6741829 1.685882 17 KneeRight
0.009886424 -0.947701 1.727889 18 AnkleRight
-0.007467253 -0.9902415 1.621065 19 FootRight
-0.04202594 0.1020736 1.757143 20 SpineShoulder
-0.02629644 -0.1466226 1.524476 21 HandTipLeft
-0.06037339 -0.1375755 1.50025 22 ThumbLeft
-0.06258502 -0.1393743 1.512359 23 HandTipRight
-0.02958748 -0.1561378 1.512375 24 ThumbRight
-0.0643585 -0.4261224 1.738531 0 SpineBase
-0.04619655 -0.1223657 1.757102 1 SpineMid
-0.02662775 0.1724422 1.764245 2 Neck
-0.198787 0.04752031 1.791808 4 ShoulderLeft
-0.2616897 -0.1120776 1.812456 5 ElbowLeft
-0.1245005 -0.140297 1.658686 6 WristLeft
-0.02718762 -0.1486703 1.55351 7 HandLeft
0.1334055 0.05072194 1.737893 8 ShoulderRight
0.2024257 -0.1114648 1.722717 9 ElbowRight
0.02724511 -0.1278649 1.614344 10 WristRight
-0.02237182 -0.1464429 1.55587 11 HandRight
-0.1207816 -0.4196257 1.724396 12 HipLeft
-0.1475613 -0.6974887 1.647646 13 KneeLeft
-0.1448145 -0.9598486 1.661463 14 AnkleLeft
-0.004803857 -0.4177625 1.692841 16 HipRight
0.02408121 -0.6751398 1.699478 17 KneeRight
0.01675129 -0.9598264 1.746168 18 AnkleRight
-0.0009608027 -1.001505 1.640463 19 FootRight
-0.03170693 0.100012 1.764514 20 SpineShoulder
-0.006062808 -0.1542854 1.536219 21 HandTipLeft
-0.007881648 -0.122694 1.536625 22 ThumbLeft
-0.0506051 -0.1456776 1.537679 23 HandTipRight
-0.009194647 -0.1734653 1.535952 24 ThumbRight
-0.06288993 -0.4254151 1.742008 0 SpineBase
-0.04337709 -0.121979 1.76152 1 SpineMid
-0.02276277 0.1718309 1.769216 2 Neck
-0.1958401 0.04727491 1.795167 4 ShoulderLeft
-0.1837881 -0.09640255 1.736968 5 ElbowLeft
-0.05219868 -0.1449326 1.582327 6 WristLeft
-0.02335274 -0.147305 1.559079 7 HandLeft
0.1340238 0.05078031 1.740245 8 ShoulderRight
0.2067281 -0.1145902 1.735108 9 ElbowRight
0.03283601 -0.1284915 1.622491 10 WristRight
-0.01734973 -0.1442825 1.56141 11 HandRight
-0.1199817 -0.4189613 1.726464 12 HipLeft
-0.1477326 -0.7025397 1.652102 13 KneeLeft
-0.1539924 -0.9254756 1.669801 14 AnkleLeft
-0.1692016 -0.9594489 1.560106 15 FootLeft
-0.002763392 -0.4167631 1.6963 16 HipRight
0.02426358 -0.6753668 1.701148 17 KneeRight
0.01719958 -0.9607977 1.747735 18 AnkleRight
-0.0007184036 -1.001655 1.642342 19 FootRight
-0.02801644 0.09969187 1.769411 20 SpineShoulder
-0.003257657 -0.1561031 1.536956 21 HandTipLeft
-0.005390054 -0.1220115 1.542792 22 ThumbLeft
-0.04716989 -0.1457422 1.543786 23 HandTipRight
-0.008666732 -0.1583252 1.522526 24 ThumbRight
-0.06489699 -0.4250627 1.740407 0 SpineBase
-0.04386479 -0.1220308 1.763128 1 SpineMid
-0.02391703 0.1715564 1.773926 2 Neck
-0.2050337 0.04884177 1.791605 4 ShoulderLeft
-0.1880792 -0.09550866 1.735126 5 ElbowLeft
-0.0532123 -0.1436988 1.582306 6 WristLeft
-0.03016299 -0.1404765 1.557999 7 HandLeft
0.1341072 0.04906632 1.74507 8 ShoulderRight
0.2007671 -0.1175118 1.744095 9 ElbowRight
0.0282277 -0.1272352 1.627545 10 WristRight
-0.02395566 -0.1379193 1.561274 11 HandRight
-0.1250669 -0.4170435 1.719743 12 HipLeft
-0.1548931 -0.7065989 1.665699 13 KneeLeft
-0.1642524 -0.928194 1.686474 14 AnkleLeft
-0.1774479 -0.9629825 1.577228 15 FootLeft
-0.003178494 -0.4169998 1.696649 16 HipRight
0.02298605 -0.6748129 1.699286 17 KneeRight
0.01614078 -0.9618579 1.747899 18 AnkleRight
0.001141699 -1.003191 1.642747 19 FootRight
-0.0289545 0.09954368 1.772869 20 SpineShoulder
-0.0146027 -0.1482121 1.530854 21 HandTipLeft
-0.04667348 -0.1248005 1.520462 22 ThumbLeft
-0.051172 -0.1335921 1.530918 23 HandTipRight
-0.01614418 -0.1516079 1.520903 24 ThumbRight
-0.08140483 -0.4240998 1.726043 0 SpineBase
-0.06015173 -0.1208099 1.761193 1 SpineMid
-0.04199293 0.1730134 1.781611 2 Neck
-0.2273981 0.05029045 1.790589 4 ShoulderLeft
-0.2135802 -0.09115704 1.724677 5 ElbowLeft
-0.06941981 -0.136829 1.580255 6 WristLeft
-0.04969482 -0.1385751 1.554803 7 HandLeft
0.1182604 0.04436578 1.766413 8 ShoulderRight
0.1725888 -0.1165327 1.756015 9 ElbowRight
0.006158692 -0.1254868 1.630849 10 WristRight
-0.03940272 -0.1348577 1.559901 11 HandRight
-0.1447692 -0.4150155 1.70021 12 HipLeft
-0.1654923 -0.7098339 1.669251 13 KneeLeft
-0.174453 -0.9302983 1.693121 14 AnkleLeft
-0.181064 -0.9668486 1.584489 15 FootLeft
-0.01480552 -0.4171452 1.687402 16 HipRight
0.005500616 -0.7009769 1.678967 17 KneeRight
0.008269592 -0.9623855 1.741827 18 AnkleRight
0.002533232 -1.012887 1.643798 19 FootRight
-0.04627949 0.1008674 1.778365 20 SpineShoulder
-0.03966415 -0.1484859 1.526261 21 HandTipLeft
-0.07503588 -0.1268603 1.514637 22 ThumbLeft
-0.06692338 -0.138948 1.521955 23 HandTipRight
-0.03663364 -0.1569023 1.523667 24 ThumbRight
-0.1022281 -0.4084043 1.723097 0 SpineBase
-0.08426028 -0.1104593 1.761549 1 SpineMid
-0.06731688 0.1778549 1.784873 2 Neck
-0.2459749 0.06033091 1.790357 4 ShoulderLeft
-0.3219955 -0.1077691 1.786631 5 ElbowLeft
-0.1698548 -0.1308986 1.64522 6 WristLeft
-0.07594411 -0.1440268 1.554018 7 HandLeft
0.09399485 0.04921207 1.774504 8 ShoulderRight
0.1490531 -0.1131108 1.76693 9 ElbowRight
-0.007542297 -0.1291602 1.630322 10 WristRight
-0.06756581 -0.1416014 1.556522 11 HandRight
-0.1619707 -0.3982074 1.692899 12 HipLeft
-0.1825816 -0.7020788 1.671568 13 KneeLeft
-0.1877671 -0.9381348 1.696693 14 AnkleLeft
-0.1900324 -0.9718875 1.589997 15 FootLeft
-0.03954267 -0.4020688 1.684478 16 HipRight
-0.01100042 -0.7035469 1.652395 17 KneeRight
-0.009260668 -0.9607289 1.718428 18 AnkleRight
-0.04379445 -1.006874 1.719025 19 FootRight
-0.07145754 0.1070936 1.781366 20 SpineShoulder
-0.05632449 -0.1499838 1.534134 21 HandTipLeft
-0.08584958 -0.1560586 1.5098 22 ThumbLeft
-0.09287342 -0.1442719 1.520177 23 HandTipRight
-0.09750608 -0.1604418 1.55025 24 ThumbRight
-0.1109117 -0.4048689 1.718378 0 SpineBase
-0.09440009 -0.1075106 1.756537 1 SpineMid
-0.0784089 0.1799244 1.779785 2 Neck
-0.2573732 0.06488781 1.784044 4 ShoulderLeft
-0.3412901 -0.1033014 1.781164 5 ElbowLeft
-0.1864012 -0.1300691 1.642052 6 WristLeft
-0.1361032 -0.139352 1.558707 7 HandLeft
0.09129867 0.04920474 1.775015 8 ShoulderRight
0.1299013 -0.1116907 1.761888 9 ElbowRight
-0.02012573 -0.1345396 1.617366 10 WristRight
-0.1275343 -0.1375312 1.555792 11 HandRight
-0.1678342 -0.3943705 1.688174 12 HipLeft
-0.1902557 -0.6999289 1.671487 13 KneeLeft
-0.1959163 -0.9400226 1.6972 14 AnkleLeft
-0.1960703 -0.9737208 1.590689 15 FootLeft
-0.05002065 -0.39931 1.68018 16 HipRight
-0.01525394 -0.7006188 1.627614 17 KneeRight
0.001234416 -0.9519178 1.683994 18 AnkleRight
-0.04724031 -0.9943263 1.639488 19 FootRight
-0.08238623 0.1093994 1.776339 20 SpineShoulder
-0.08191315 -0.1542483 1.51613 21 HandTipLeft
-0.1250128 -0.1494658 1.578 22 ThumbLeft
-0.167715 -0.1245142 1.532649 23 HandTipRight
-0.132708 -0.1125966 1.564479 24 ThumbRight
-0.1100208 -0.4051686 1.714165 0 SpineBase
-0.09556397 -0.1071799 1.753246 1 SpineMid
-0.08106558 0.1806047 1.776668 2 Neck
-0.2597142 0.06535884 1.781172 4 ShoulderLeft
-0.3404086 -0.1040608 1.776282 5 ElbowLeft
-0.1847892 -0.1303331 1.637422 6 WristLeft
-0.126945 -0.1411249 1.571151 7 HandLeft
0.08532275 0.0530166 1.769343 8 ShoulderRight
0.1289634 -0.1104387 1.758847 9 ElbowRight
-0.02027372 -0.135375 1.613361 10 WristRight
-0.0536351 -0.115387 1.601586 11 HandRight
-0.1666062 -0.3949277 1.682611 12 HipLeft
-0.1898139 -0.6964605 1.667633 13 KneeLeft
-0.1961494 -0.94034 1.697332 14 AnkleLeft
-0.1974707 -0.9756414 1.59154 15 FootLeft
-0.04924327 -0.3993194 1.67712 16 HipRight
-0.009437188 -0.6983929 1.627152 17 KneeRight
0.01477016 -0.9296744 1.666721 18 AnkleRight
-0.03872342 -0.9644411 1.662078 19 FootRight
-0.08470865 0.1099886 1.773211 20 SpineShoulder
-0.07622972 -0.1529047 1.508164 21 HandTipLeft
-0.09975682 -0.09574286 1.592184 22 ThumbLeft
-0.1164287 -0.1360573 1.550685 23 HandTipRight
-0.06146504 -0.06920741 1.597171 24 ThumbRight
-0.1025705 -0.4025874 1.70585 0 SpineBase
-0.09155083 -0.1055813 1.747649 1 SpineMid
-0.079589 0.1813004 1.773877 2 Neck
-0.2577552 0.06483933 1.780271 4 ShoulderLeft
-0.328823 -0.1081683 1.77182 5 ElbowLeft
-0.1746544 -0.1308675 1.630166 6 WristLeft
-0.1245884 -0.1333304 1.569493 7 HandLeft
0.08790211 0.0559186 1.762505 8 ShoulderRight
0.1382469 -0.1052374 1.745885 9 ElbowRight
-0.01533815 -0.1316301 1.604966 10 WristRight
-0.0473258 -0.1060718 1.594635 11 HandRight
-0.1595671 -0.394023 1.676828 12 HipLeft
-0.184059 -0.692808 1.659713 13 KneeLeft
-0.1890232 -0.9427958 1.694221 14 AnkleLeft
-0.191868 -0.9803284 1.589353 15 FootLeft
-0.04151354 -0.3947545 1.665956 16 HipRight
0.001997135 -0.6949611 1.633388 17 KneeRight
0.01939969 -0.9284713 1.672368 18 AnkleRight
-0.01345413 -0.9801549 1.664434 19 FootRight
-0.08271203 0.1108962 1.769783 20 SpineShoulder
-0.07931984 -0.1397138 1.506041 21 HandTipLeft
-0.110418 -0.1855249 1.560689 22 ThumbLeft
-0.1105571 -0.12174 1.541265 23 HandTipRight
-0.05752571 -0.06005233 1.594187 24 ThumbRight
-0.08807664 -0.4031226 1.695515 0 SpineBase
-0.0812171 -0.105513 1.740645 1 SpineMid
-0.07366235 0.1815479 1.770417 2 Neck
-0.2454851 0.06108331 1.77681 4 ShoulderLeft
-0.3147699 -0.1107126 1.771249 5 ElbowLeft
-0.1625586 -0.1286545 1.626302 6 WristLeft
-0.1315602 -0.1228265 1.554895 7 HandLeft
0.09551152 0.06009954 1.753275 8 ShoulderRight
0.1556235 -0.1012059 1.735252 9 ElbowRight
-0.009819516 -0.1192281 1.607121 10 WristRight
-0.04975818 -0.1383353 1.535322 11 HandRight
-0.1473738 -0.3957228 1.668074 12 HipLeft
-0.1737784 -0.6912114 1.649941 13 KneeLeft
-0.1849596 -0.9434425 1.688021 14 AnkleLeft
-0.191979 -0.9830859 1.583514 15 FootLeft
-0.0251676 -0.3940615 1.654323 16 HipRight
0.0159709 -0.6891294 1.63769 17 KneeRight
0.02597101 -0.9293237 1.677908 18 AnkleRight
0.02238762 -0.9720933 1.574971 19 FootRight
-0.07567111 0.1111483 1.765436 20 SpineShoulder
-0.07925121 -0.1346336 1.509466 21 HandTipLeft
-0.1227188 -0.1602685 1.561971 22 ThumbLeft
-0.07992776 -0.1408518 1.51217 23 HandTipRight
-0.07376215 -0.1130753 1.538813 24 ThumbRight
-0.08031552 -0.4023588 1.689751 0 SpineBase
-0.07348987 -0.105011 1.736557 1 SpineMid
-0.06623347 0.1817726 1.768188 2 Neck
-0.236773 0.06000027 1.775394 4 ShoulderLeft
-0.3045767 -0.1135065 1.768721 5 ElbowLeft
-0.1528973 -0.1294988 1.622562 6 WristLeft
-0.1180949 -0.1227037 1.55036 7 HandLeft
0.1016017 0.06246495 1.75048 8 ShoulderRight
0.1630974 -0.09927367 1.730593 9 ElbowRight
-0.005485422 -0.1150017 1.605989 10 WristRight
-0.04203537 -0.136319 1.532965 11 HandRight
-0.1414142 -0.3954251 1.662898 12 HipLeft
-0.1676808 -0.6921225 1.646238 13 KneeLeft
-0.1799381 -0.9432512 1.687059 14 AnkleLeft
-0.1552693 -1.002113 1.633536 15 FootLeft
-0.01577505 -0.3928539 1.648036 16 HipRight
0.02141362 -0.6877516 1.635832 17 KneeRight
0.02930528 -0.9292417 1.67821 18 AnkleRight
0.02425957 -0.9747699 1.574491 19 FootRight
-0.06812524 0.1114487 1.76271 20 SpineShoulder
-0.06449898 -0.1261076 1.496816 21 HandTipLeft
-0.111035 -0.1610675 1.559182 22 ThumbLeft
-0.0695619 -0.1380344 1.505344 23 HandTipRight
-0.04998703 -0.1693477 1.538812 24 ThumbRight
-0.07588059 -0.4028892 1.685869 0 SpineBase
-0.06840431 -0.105796 1.733537 1 SpineMid
-0.06047689 0.1806964 1.766202 2 Neck
-0.2311573 0.05908352 1.774108 4 ShoulderLeft
-0.2986347 -0.1148887 1.766041 5 ElbowLeft
-0.1477317 -0.1308587 1.618951 6 WristLeft
-0.1041523 -0.1223415 1.568134 7 HandLeft
0.1078277 0.06135797 1.747913 8 ShoulderRight
0.166686 -0.09887989 1.728508 9 ElbowRight
-0.001066179 -0.1143675 1.602527 10 WristRight
-0.05147805 -0.1510304 1.551763 11 HandRight
-0.1382388 -0.3960365 1.658862 12 HipLeft
-0.1640256 -0.6933564 1.643443 13 KneeLeft
-0.1773571 -0.9733995 1.690877 14 AnkleLeft
-0.01016434 -0.3933 1.644327 16 HipRight
0.02553215 -0.6878462 1.633996 17 KneeRight
0.03189991 -0.9302047 1.678384 18 AnkleRight
0.02587672 -0.9781569 1.574067 19 FootRight
-0.0625299 0.1104503 1.76044 20 SpineShoulder
-0.05929374 -0.1314036 1.494523 21 HandTipLeft
-0.1368668 -0.1570084 1.552143 22 ThumbLeft
-0.07327618 -0.1355236 1.5064 23 HandTipRight
-0.01864486 -0.1716022 1.508661 24 ThumbRight
-0.0722715 -0.4033734 1.683215 0 SpineBase
-0.06467921 -0.1065489 1.731327 1 SpineMid
-0.05677994 0.1796795 1.764501 2 Neck
-0.2277784 0.05772613 1.773228 4 ShoulderLeft
-0.2965263 -0.1156506 1.765387 5 ElbowLeft
-0.1456749 -0.1308125 1.618094 6 WristLeft
-0.1049956 -0.127623 1.568287 7 HandLeft
0.1120425 0.06022422 1.745584 8 ShoulderRight
0.1692022 -0.1000807 1.727274 9 ElbowRight
0.0009579011 -0.1155897 1.601905 10 WristRight
-0.05218717 -0.150131 1.552988 11 HandRight
-0.136038 -0.3965071 1.656326 12 HipLeft
-0.1616763 -0.6941448 1.641885 13 KneeLeft
-0.1769627 -0.9744275 1.690095 14 AnkleLeft
-0.005156528 -0.3937682 1.641577 16 HipRight
0.02850975 -0.6879959 1.631874 17 KneeRight
0.0335128 -0.9696696 1.686536 18 AnkleRight
-0.05880822 0.1094987 1.758604 20 SpineShoulder
-0.05807351 -0.1352945 1.494004 21 HandTipLeft
-0.1350887 -0.1628683 1.5453 22 ThumbLeft
-0.1105132 -0.1321676 1.509595 23 HandTipRight
-0.06280724 -0.2014993 1.540226 24 ThumbRight
-0.07009129 -0.4039562 1.680629 0 SpineBase
-0.06123948 -0.1074572 1.728922 1 SpineMid
-0.05184384 0.1783391 1.762298 2 Neck
-0.2259686 0.0573432 1.773531 4 ShoulderLeft
-0.2942485 -0.1157378 1.764221 5 ElbowLeft
-0.1441609 -0.1319634 1.616405 6 WristLeft
-0.1237159 -0.126076 1.557392 7 HandLeft
0.1169094 0.05775792 1.743096 8 ShoulderRight
0.1716229 -0.1010608 1.72516 9 ElbowRight
0.004218473 -0.1192225 1.599163 10 WristRight
-0.03764123 -0.137765 1.535956 11 HandRight
-0.1350235 -0.3970355 1.653798 12 HipLeft
-0.1591941 -0.6954435 1.639965 13 KneeLeft
-0.176486 -0.9699504 1.687973 14 AnkleLeft
-0.001810492 -0.3943981 1.638864 16 HipRight
0.03115368 -0.6868091 1.629191 17 KneeRight
0.03324104 -0.9319252 1.676707 18 AnkleRight
0.04734579 -0.9983478 1.627741 19 FootRight
-0.05425967 0.1082755 1.756341 20 SpineShoulder
-0.0699449 -0.1234158 1.499822 21 HandTipLeft
-0.1252229 -0.1687164 1.558192 22 ThumbLeft
-0.07114214 -0.1417636 1.501854 23 HandTipRight
-0.02527359 -0.149158 1.492217 24 ThumbRight
-0.06936703 -0.4040915 1.678814 0 SpineBase
-0.05954343 -0.1079822 1.727519 1 SpineMid
-0.0490932 0.1773432 1.761274 2 Neck
-0.224036 0.05748144 1.774024 4 ShoulderLeft
-0.2937979 -0.1148004 1.764481 5 ElbowLeft
-0.1440186 -0.1305861 1.616551 6 WristLeft
-0.1235552 -0.1266894 1.556898 7 HandLeft
0.1190347 0.05736449 1.741269 8 ShoulderRight
0.1732894 -0.1007281 1.719132 9 ElbowRight
0.005517242 -0.1207845 1.594261 10 WristRight
-0.03780226 -0.1357067 1.535291 11 HandRight
-0.1352189 -0.3972132 1.652245 12 HipLeft
-0.1581493 -0.6954729 1.63855 13 KneeLeft
-0.1739389 -0.9425734 1.6813 14 AnkleLeft
-0.1822658 -1.008364 1.624671 15 FootLeft
-0.0001500858 -0.3944626 1.636627 16 HipRight
0.03173406 -0.6878164 1.627571 17 KneeRight
0.03441698 -0.9308537 1.675102 18 AnkleRight
0.02511983 -0.9833788 1.569367 19 FootRight
-0.05177722 0.1074052 1.755215 20 SpineShoulder
-0.06909134 -0.1450892 1.490054 21 HandTipLeft
-0.1331061 -0.17258 1.5686 22 ThumbLeft
-0.07167225 -0.1404601 1.49377 23 HandTipRight
-0.02686199 -0.1462177 1.492223 24 ThumbRight
-0.06944032 -0.4044605 1.677357 0 SpineBase
-0.05856507 -0.1082275 1.726487 1 SpineMid
-0.04680539 0.1771938 1.760469 2 Neck
-0.2226891 0.05763212 1.7742 4 ShoulderLeft
-0.2932462 -0.1146601 1.764423 5 ElbowLeft
-0.1443334 -0.130449 1.61578 6 WristLeft
-0.1081354 -0.1267744 1.564466 7 HandLeft
0.1196682 0.05703668 1.739432 8 ShoulderRight
0.1736729 -0.1004617 1.713971 9 ElbowRight
0.008959079 -0.1234524 1.585594 10 WristRight
-0.05003511 -0.1465845 1.551242 11 HandRight
-0.1360565 -0.3976691 1.650595 12 HipLeft
-0.1580329 -0.6957642 1.638177 13 KneeLeft
-0.173527 -0.942385 1.68076 14 AnkleLeft
-0.1869063 -0.9905002 1.57189 15 FootLeft
0.0003280414 -0.3947583 1.635292 16 HipRight
0.03153361 -0.6882564 1.626024 17 KneeRight
0.03428183 -0.9316904 1.674822 18 AnkleRight
0.02439139 -0.9853294 1.569386 19 FootRight
-0.0498537 0.1072234 1.754346 20 SpineShoulder
-0.06013365 -0.1446749 1.490032 21 HandTipLeft
-0.1428015 -0.1718451 1.550673 22 ThumbLeft
-0.0918166 -0.1413524 1.50168 23 HandTipRight
-0.004132069 -0.2042321 1.541253 24 ThumbRight
-0.0701161 -0.4048727 1.676334 0 SpineBase
-0.05840465 -0.1083965 1.726077 1 SpineMid
-0.04581779 0.1772448 1.760312 2 Neck
-0.2219967 0.05744326 1.774439 4 ShoulderLeft
-0.2926445 -0.1142335 1.764728 5 ElbowLeft
-0.1486716 -0.1342487 1.611639 6 WristLeft
-0.1049721 -0.1366857 1.548857 7 HandLeft
0.120241 0.05634468 1.738024 8 ShoulderRight
0.1737032 -0.1010428 1.713192 9 ElbowRight
0.008812332 -0.124107 1.585069 10 WristRight
-0.0430498 -0.1347665 1.53065 11 HandRight
-0.1373273 -0.3980388 1.649539 12 HipLeft
-0.1580047 -0.6965591 1.63801 13 KneeLeft
-0.1734208 -0.9422977 1.681017 14 AnkleLeft
-0.1872703 -0.9907232 1.572565 15 FootLeft
8.521128E-05 -0.3951955 1.6343 16 HipRight
0.0312611 -0.6886435 1.625045 17 KneeRight
0.03440933 -0.9317614 1.6748 18 AnkleRight
0.02423949 -0.9860512 1.570084 19 FootRight
-0.04913254 0.1072034 1.754113 20 SpineShoulder
-0.04683263 -0.1427406 1.497814 21 HandTipLeft
-0.1171757 -0.1840131 1.549889 22 ThumbLeft
-0.08679263 -0.1392083 1.492635 23 HandTipRight
-0.03804537 -0.1505214 1.489102 24 ThumbRight
-0.07203528 -0.4060037 1.672412 0 SpineBase
-0.05815312 -0.1090602 1.723855 1 SpineMid
-0.04434726 0.176873 1.759198 2 Neck
-0.2212678 0.05679323 1.774209 4 ShoulderLeft
-0.2921788 -0.1130244 1.767878 5 ElbowLeft
-0.1501513 -0.1331511 1.613135 6 WristLeft
-0.1274976 -0.1295823 1.551459 7 HandLeft
0.1200099 0.05570851 1.735532 8 ShoulderRight
0.1731873 -0.1046575 1.709089 9 ElbowRight
0.01587929 -0.1331362 1.572584 10 WristRight
-0.03861626 -0.1381647 1.52097 11 HandRight
-0.140232 -0.3990128 1.64581 12 HipLeft
-0.1588945 -0.6978784 1.637092 13 KneeLeft
-0.171961 -0.9410139 1.681453 14 AnkleLeft
-0.18567 -0.9902064 1.575045 15 FootLeft
-0.000862082 -0.396386 1.630325 16 HipRight
0.03026822 -0.6898153 1.622862 17 KneeRight
0.03404462 -0.9283796 1.672132 18 AnkleRight
0.0235927 -0.9826662 1.568946 19 FootRight
-0.04793562 0.1067852 1.752793 20 SpineShoulder
-0.07369846 -0.1309354 1.486014 21 HandTipLeft
-0.1301253 -0.1735968 1.556364 22 ThumbLeft
-0.07359527 -0.1410833 1.484306 23 HandTipRight
-0.02868419 -0.1749944 1.533665 24 ThumbRight
-0.07264395 -0.4060172 1.671135 0 SpineBase
-0.05825778 -0.1091516 1.723093 1 SpineMid
-0.04421004 0.1768052 1.758974 2 Neck
-0.2211887 0.05675402 1.774207 4 ShoulderLeft
-0.2904731 -0.1134019 1.767593 5 ElbowLeft
-0.1482657 -0.1324318 1.612966 6 WristLeft
-0.1136373 -0.1263953 1.56161 7 HandLeft
0.1198882 0.05567759 1.735157 8 ShoulderRight
0.1726716 -0.1048382 1.708928 9 ElbowRight
0.01839057 -0.1350926 1.569335 10 WristRight
-0.05321066 -0.1505063 1.542241 11 HandRight
-0.1410432 -0.3989552 1.64472 12 HipLeft
-0.1593214 -0.697884 1.63653 13 KneeLeft
-0.1719167 -0.94108 1.681666 14 AnkleLeft
-0.1855322 -0.9905283 1.576089 15 FootLeft
-0.001228122 -0.3964585 1.628891 16 HipRight
0.02998313 -0.6899673 1.622304 17 KneeRight
0.03433881 -0.9271178 1.671466 18 AnkleRight
0.02406703 -0.9814039 1.568896 19 FootRight
-0.04782046 0.1067109 1.752468 20 SpineShoulder
-0.06670586 -0.1353023 1.48668 21 HandTipLeft
-0.1325545 -0.1879086 1.555262 22 ThumbLeft
-0.1159055 -0.1287293 1.504794 23 HandTipRight
-0.05472799 -0.2044127 1.528832 24 ThumbRight
-0.07320848 -0.4062011 1.669736 0 SpineBase
-0.05864957 -0.1094876 1.72175 1 SpineMid
-0.04436338 0.1764316 1.758074 2 Neck
-0.2209515 0.05671324 1.773776 4 ShoulderLeft
-0.2896651 -0.113926 1.766797 5 ElbowLeft
-0.1470093 -0.1320204 1.61255 6 WristLeft
-0.1135709 -0.1256701 1.560513 7 HandLeft
0.1196503 0.05556491 1.734741 8 ShoulderRight
0.1724385 -0.1050624 1.708846 9 ElbowRight
0.02301418 -0.1380236 1.56452 10 WristRight
-0.04958437 -0.1549763 1.53984 11 HandRight
-0.1419119 -0.3991186 1.643201 12 HipLeft
-0.1597445 -0.6984155 1.635769 13 KneeLeft
-0.1718971 -0.9410859 1.681941 14 AnkleLeft
-0.1853543 -0.991017 1.577247 15 FootLeft
-0.001497332 -0.3966362 1.627649 16 HipRight
0.02966054 -0.6901973 1.621617 17 KneeRight
0.0344033 -0.9267473 1.67111 18 AnkleRight
0.02433047 -0.9811481 1.569138 19 FootRight
-0.04800916 0.1063386 1.751447 20 SpineShoulder
-0.06786376 -0.1351884 1.48828 21 HandTipLeft
-0.1334329 -0.1860904 1.554893 22 ThumbLeft
-0.06930842 -0.1456241 1.490753 23 HandTipRight
-0.01826084 -0.174565 1.496441 24 ThumbRight
-0.0734609 -0.4063852 1.669098 0 SpineBase
-0.05897137 -0.1097861 1.721128 1 SpineMid
-0.04470686 0.176056 1.757606 2 Neck
-0.2204942 0.05671829 1.773177 4 ShoulderLeft
-0.2895616 -0.1137053 1.767089 5 ElbowLeft
-0.1469296 -0.1318022 1.612846 6 WristLeft
-0.1137075 -0.1260712 1.5607 7 HandLeft
0.1195899 0.05549873 1.734709 8 ShoulderRight
0.1723279 -0.1054079 1.708768 9 ElbowRight
0.02459531 -0.139139 1.562844 10 WristRight
-0.04801101 -0.1554754 1.539289 11 HandRight
-0.1423732 -0.3992787 1.642353 12 HipLeft
-0.1598834 -0.6986445 1.635505 13 KneeLeft
-0.1718739 -0.9410985 1.681978 14 AnkleLeft
-0.1851095 -0.9911582 1.577592 15 FootLeft
-0.001577627 -0.3968169 1.627203 16 HipRight
0.02943539 -0.6901651 1.621333 17 KneeRight
0.03406149 -0.9268922 1.670886 18 AnkleRight
0.02411727 -0.9811915 1.569054 19 FootRight
-0.04833832 0.1059818 1.750936 20 SpineShoulder
-0.06722452 -0.1358958 1.488428 21 HandTipLeft
-0.1391388 -0.1885464 1.556786 22 ThumbLeft
-0.06692962 -0.1465948 1.488867 23 HandTipRight
-0.01821642 -0.1736407 1.496116 24 ThumbRight
-0.0741023 -0.4068384 1.66792 0 SpineBase
-0.05943947 -0.1101734 1.720159 1 SpineMid
-0.04499695 0.1757511 1.757008 2 Neck
-0.2206629 0.05627139 1.773085 4 ShoulderLeft
-0.2896067 -0.1137189 1.769411 5 ElbowLeft
-0.1478114 -0.1321628 1.61452 6 WristLeft
-0.1143646 -0.1267889 1.561582 7 HandLeft
0.1190118 0.05467556 1.733904 8 ShoulderRight
0.1717507 -0.1057262 1.708365 9 ElbowRight
0.02188095 -0.1374393 1.564367 10 WristRight
-0.04927357 -0.1535457 1.539252 11 HandRight
-0.1432434 -0.3996921 1.641423 12 HipLeft
-0.1602658 -0.6990932 1.634787 13 KneeLeft
-0.1726475 -0.9413179 1.682233 14 AnkleLeft
-0.1377598 -0.9989188 1.680977 15 FootLeft
-0.001949843 -0.3972992 1.625709 16 HipRight
0.02896024 -0.6903856 1.620428 17 KneeRight
0.03351715 -0.9280676 1.669918 18 AnkleRight
0.02340516 -0.9818813 1.568381 19 FootRight
-0.04865133 0.1056598 1.750239 20 SpineShoulder
-0.06784132 -0.1373069 1.487944 21 HandTipLeft
-0.1360254 -0.1863086 1.556023 22 ThumbLeft
-0.07022168 -0.1462811 1.489061 23 HandTipRight
-0.02731208 -0.1549413 1.481104 24 ThumbRight
-0.07454026 -0.4071279 1.667386 0 SpineBase
-0.05995579 -0.1104883 1.719907 1 SpineMid
-0.04565265 0.1753605 1.757074 2 Neck
-0.2209013 0.05551963 1.773555 4 ShoulderLeft
-0.2911247 -0.1134735 1.773075 5 ElbowLeft
-0.1502082 -0.1319299 1.617435 6 WristLeft
-0.1152684 -0.1283916 1.560878 7 HandLeft
0.1186752 0.05416958 1.733767 8 ShoulderRight
0.1712667 -0.105525 1.70824 9 ElbowRight
0.01739993 -0.1343749 1.568165 10 WristRight
-0.05180739 -0.1537676 1.540468 11 HandRight
-0.1439279 -0.4000122 1.640945 12 HipLeft
-0.1605008 -0.6993037 1.634604 13 KneeLeft
-0.1728069 -0.941531 1.682321 14 AnkleLeft
-0.1864692 -0.9918172 1.579255 15 FootLeft
-0.002159335 -0.397553 1.625157 16 HipRight
0.0285423 -0.6903336 1.619895 17 KneeRight
0.03330492 -0.9286327 1.669404 18 AnkleRight
0.02310258 -0.9822813 1.568063 19 FootRight
-0.04924718 0.1052983 1.750212 20 SpineShoulder
-0.06849901 -0.1371461 1.487706 21 HandTipLeft
-0.1351536 -0.1866358 1.555137 22 ThumbLeft
-0.07506981 -0.1434098 1.490975 23 HandTipRight
-0.02653107 -0.1636142 1.491975 24 ThumbRight
-0.07489682 -0.4070577 1.667234 0 SpineBase
-0.06018013 -0.110666 1.719777 1 SpineMid
-0.04583782 0.1749583 1.756999 2 Neck
-0.2289558 0.056532 1.777561 4 ShoulderLeft
-0.2917967 -0.1139677 1.774283 5 ElbowLeft
-0.1533807 -0.1326022 1.616356 6 WristLeft
-0.1153674 -0.1341439 1.558109 7 HandLeft
0.1184377 0.05424628 1.733718 8 ShoulderRight
0.1705935 -0.1058239 1.708126 9 ElbowRight
0.00604718 -0.1250243 1.579549 10 WristRight
-0.05747376 -0.1475074 1.544208 11 HandRight
-0.1443979 -0.3999915 1.640947 12 HipLeft
-0.1610068 -0.6991658 1.634355 13 KneeLeft
-0.1732832 -0.9417571 1.682549 14 AnkleLeft
-0.1877306 -0.9920987 1.579847 15 FootLeft
-0.002412702 -0.3974371 1.624872 16 HipRight
0.02808934 -0.6905457 1.619288 17 KneeRight
0.03316501 -0.9293223 1.669179 18 AnkleRight
0.0222821 -0.9830803 1.568188 19 FootRight
-0.04944256 0.1049755 1.750117 20 SpineShoulder
-0.06924747 -0.1395254 1.484285 21 HandTipLeft
-0.1395058 -0.1924911 1.556754 22 ThumbLeft
-0.09489987 -0.1349089 1.495708 23 HandTipRight
-0.02068958 -0.1929428 1.527667 24 ThumbRight
-0.07556853 -0.4069458 1.667361 0 SpineBase
-0.06104463 -0.1111128 1.719953 1 SpineMid
-0.04699226 0.1735858 1.757434 2 Neck
-0.2353532 0.0581387 1.780791 4 ShoulderLeft
-0.2927707 -0.1154936 1.776513 5 ElbowLeft
-0.1557226 -0.1333198 1.617326 6 WristLeft
-0.1330575 -0.1329642 1.547346 7 HandLeft
0.1173842 0.05419922 1.733416 8 ShoulderRight
0.1698529 -0.1071093 1.708226 9 ElbowRight
0.004902771 -0.1251718 1.580112 10 WristRight
-0.05217245 -0.1354464 1.526278 11 HandRight
-0.1453319 -0.3998886 1.641289 12 HipLeft
-0.1613607 -0.6995426 1.634236 13 KneeLeft
-0.1736254 -0.9425485 1.682722 14 AnkleLeft
-0.1886487 -0.9926482 1.580587 15 FootLeft
-0.002828623 -0.3973175 1.624868 16 HipRight
0.02749033 -0.6907802 1.618759 17 KneeRight
0.03243024 -0.9296458 1.668164 18 AnkleRight
0.02088605 -0.9828444 1.567387 19 FootRight
-0.05051356 0.1038605 1.750465 20 SpineShoulder
-0.08366188 -0.1411468 1.484386 21 HandTipLeft
-0.1341594 -0.173936 1.555444 22 ThumbLeft
-0.1073021 -0.1233744 1.48947 23 HandTipRight
-0.06336883 -0.1675573 1.509714 24 ThumbRight
-0.07604727 -0.4073087 1.667405 0 SpineBase
-0.06187392 -0.1116019 1.720079 1 SpineMid
-0.04813801 0.1730558 1.757687 2 Neck
-0.23413 0.05613447 1.781254 4 ShoulderLeft
-0.2949826 -0.1153256 1.781185 5 ElbowLeft
-0.1584984 -0.1324992 1.621514 6 WristLeft
-0.1329074 -0.1356405 1.548141 7 HandLeft
0.1166182 0.05427812 1.733176 8 ShoulderRight
0.1699656 -0.1078956 1.708423 9 ElbowRight
0.004788192 -0.1262171 1.58078 10 WristRight
-0.05431633 -0.137751 1.527981 11 HandRight
-0.1461431 -0.4003613 1.641685 12 HipLeft
-0.1615885 -0.6997478 1.634239 13 KneeLeft
-0.1743871 -0.9422186 1.682723 14 AnkleLeft
-0.1899177 -0.9918743 1.581114 15 FootLeft
-0.00301164 -0.3975926 1.624681 16 HipRight
0.02709879 -0.6908955 1.618571 17 KneeRight
0.03221707 -0.9294271 1.667838 18 AnkleRight
0.02039589 -0.9822122 1.567523 19 FootRight
-0.05157291 0.103323 1.750682 20 SpineShoulder
-0.08442387 -0.1504183 1.486045 21 HandTipLeft
-0.1398946 -0.1753197 1.557672 22 ThumbLeft
-0.1121223 -0.1334587 1.493223 23 HandTipRight
-0.05755718 -0.1672223 1.500036 24 ThumbRight
-0.07614741 -0.4074493 1.667483 0 SpineBase
-0.06243899 -0.1118468 1.720407 1 SpineMid
-0.04938743 0.1727827 1.758453 2 Neck
-0.2309546 0.05420004 1.7816 4 ShoulderLeft
-0.2954378 -0.1149034 1.783372 5 ElbowLeft
-0.1588876 -0.1341923 1.624083 6 WristLeft
-0.1333557 -0.1364729 1.550257 7 HandLeft
0.1162847 0.05440864 1.733314 8 ShoulderRight
0.1698106 -0.1076912 1.709094 9 ElbowRight
0.005513921 -0.1281852 1.580693 10 WristRight
-0.0520467 -0.1393397 1.528024 11 HandRight
-0.1464189 -0.4006468 1.642052 12 HipLeft
-0.1616887 -0.6998532 1.634281 13 KneeLeft
-0.174378 -0.942586 1.68291 14 AnkleLeft
-0.190135 -0.9920381 1.581727 15 FootLeft
-0.003017207 -0.3976585 1.624635 16 HipRight
0.02697519 -0.6906999 1.618572 17 KneeRight
0.03221836 -0.9296078 1.667912 18 AnkleRight
0.02015403 -0.982172 1.567983 19 FootRight
-0.0526333 0.1030399 1.751323 20 SpineShoulder
-0.09035557 -0.1419691 1.489425 21 HandTipLeft
-0.1361248 -0.1767451 1.556123 22 ThumbLeft
-0.1079013 -0.1373317 1.491151 23 HandTipRight
-0.0560842 -0.1710027 1.508608 24 ThumbRight
-0.07636981 -0.4075383 1.668197 0 SpineBase
-0.06294791 -0.1119148 1.721447 1 SpineMid
-0.05004833 0.1728415 1.759843 2 Neck
-0.2331606 0.05449094 1.782976 4 ShoulderLeft
-0.2950608 -0.1157037 1.783344 5 ElbowLeft
-0.1582616 -0.1357857 1.62448 6 WristLeft
-0.1329515 -0.1374866 1.553413 7 HandLeft
0.1160163 0.05442408 1.73357 8 ShoulderRight
0.1690227 -0.1068601 1.709645 9 ElbowRight
0.005258649 -0.1282639 1.580813 10 WristRight
-0.04993768 -0.1406291 1.528422 11 HandRight
-0.1466996 -0.4007511 1.642695 12 HipLeft
-0.1617253 -0.6999727 1.634594 13 KneeLeft
-0.1744152 -0.9427967 1.683315 14 AnkleLeft
-0.1913888 -1.005798 1.636504 15 FootLeft
-0.003100323 -0.3977105 1.625353 16 HipRight
0.02691615 -0.6907554 1.618853 17 KneeRight
0.03214252 -0.9308085 1.668447 18 AnkleRight
0.01989944 -0.9831524 1.568854 19 FootRight
-0.0532648 0.1030522 1.752625 20 SpineShoulder
-0.09051419 -0.1386514 1.491991 21 HandTipLeft
-0.1265718 -0.1743253 1.553833 22 ThumbLeft
-0.1028677 -0.1393393 1.493939 23 HandTipRight
-0.05264308 -0.1706021 1.508625 24 ThumbRight
-0.07640534 -0.4076642 1.6688 0 SpineBase
-0.06325258 -0.1121284 1.722052 1 SpineMid
-0.05052666 0.1726037 1.760459 2 Neck
-0.2325383 0.05483279 1.782558 4 ShoulderLeft
-0.2943891 -0.1157546 1.783175 5 ElbowLeft
-0.1556433 -0.1358267 1.626169 6 WristLeft
-0.1315149 -0.1359696 1.550161 7 HandLeft
0.1161583 0.05410765 1.734986 8 ShoulderRight
0.1686492 -0.106966 1.712401 9 ElbowRight
0.009017245 -0.1327174 1.579151 10 WristRight
-0.04311327 -0.1412589 1.524001 11 HandRight
-0.1468589 -0.4009485 1.643369 12 HipLeft
-0.161683 -0.7001023 1.634667 13 KneeLeft
-0.173401 -0.942778 1.684055 14 AnkleLeft
-0.1883953 -0.9923713 1.583839 15 FootLeft
-0.002959476 -0.3977803 1.625872 16 HipRight
0.02687959 -0.690751 1.619295 17 KneeRight
0.03227362 -0.9269622 1.667337 18 AnkleRight
0.02069459 -0.9787763 1.567602 19 FootRight
-0.05370392 0.1028113 1.75324 20 SpineShoulder
-0.08625259 -0.1351846 1.488409 21 HandTipLeft
-0.1301711 -0.1745194 1.556351 22 ThumbLeft
-0.09137028 -0.1381991 1.487531 23 HandTipRight
-0.04667166 -0.1752352 1.512739 24 ThumbRight
-0.07617298 -0.407432 1.670271 0 SpineBase
-0.06342348 -0.1121081 1.723081 1 SpineMid
-0.05091535 0.1724746 1.761233 2 Neck
-0.2353129 0.05638484 1.782918 4 ShoulderLeft
-0.2941304 -0.1157677 1.78298 5 ElbowLeft
-0.1541555 -0.1348963 1.627118 6 WristLeft
-0.1303822 -0.1326564 1.548767 7 HandLeft
0.1156434 0.05402862 1.736594 8 ShoulderRight
0.1686588 -0.1061114 1.716116 9 ElbowRight
0.006574208 -0.1284564 1.585524 10 WristRight
-0.04284016 -0.1407614 1.5239 11 HandRight
-0.1466814 -0.4007015 1.644809 12 HipLeft
-0.1616042 -0.7001259 1.634709 13 KneeLeft
-0.1726699 -0.9413216 1.683207 14 AnkleLeft
-0.1301601 -0.9931617 1.679897 15 FootLeft
-0.002627251 -0.3975561 1.627329 16 HipRight
0.02705828 -0.6908075 1.620297 17 KneeRight
0.03280133 -0.9261677 1.668072 18 AnkleRight
0.02191034 -0.9777802 1.568305 19 FootRight
-0.05404089 0.1027136 1.754066 20 SpineShoulder
-0.08412296 -0.1369322 1.486595 21 HandTipLeft
-0.156096 -0.1397182 1.527923 22 ThumbLeft
-0.08728439 -0.1385302 1.485106 23 HandTipRight
-0.07922212 -0.1202612 1.524889 24 ThumbRight
-0.07609379 -0.4073936 1.670463 0 SpineBase
-0.06347383 -0.1121209 1.723207 1 SpineMid
-0.05110537 0.1724126 1.761343 2 Neck
-0.2359411 0.05667175 1.782692 4 ShoulderLeft
-0.2941702 -0.11553 1.782823 5 ElbowLeft
-0.1543811 -0.1348201 1.626843 6 WristLeft
-0.1279711 -0.1322248 1.546615 7 HandLeft
0.1158941 0.05414244 1.736948 8 ShoulderRight
0.1684551 -0.1060692 1.716981 9 ElbowRight
0.007037174 -0.1286207 1.5856 10 WristRight
-0.04231815 -0.142009 1.524026 11 HandRight
-0.1466417 -0.4006565 1.644919 12 HipLeft
-0.1615492 -0.7001059 1.634671 13 KneeLeft
-0.1723986 -0.9409195 1.682892 14 AnkleLeft
-0.1265689 -0.9932939 1.671997 15 FootLeft
-0.002487938 -0.3975291 1.627619 16 HipRight
0.02710009 -0.6908353 1.620468 17 KneeRight
0.03343536 -0.9257444 1.668407 18 AnkleRight
0.02297318 -0.9775604 1.568752 19 FootRight
-0.05418816 0.102666 1.754179 20 SpineShoulder
-0.08240677 -0.1369173 1.485537 21 HandTipLeft
-0.1217363 -0.1706784 1.557458 22 ThumbLeft
-0.08461245 -0.1381052 1.487674 23 HandTipRight
-0.03696643 -0.1115269 1.50555 24 ThumbRight
-0.07590537 -0.4073515 1.672282 0 SpineBase
-0.06370597 -0.1121386 1.72408 1 SpineMid
-0.05151829 0.1724103 1.761626 2 Neck
-0.2373966 0.05716861 1.782368 4 ShoulderLeft
-0.2948986 -0.1160249 1.781243 5 ElbowLeft
-0.1529178 -0.1341656 1.627249 6 WristLeft
-0.1131967 -0.1297822 1.565258 7 HandLeft
0.1164865 0.05421387 1.737899 8 ShoulderRight
0.1677863 -0.1070205 1.722307 9 ElbowRight
0.00855648 -0.1292639 1.588177 10 WristRight
-0.05219425 -0.1642701 1.54704 11 HandRight
-0.1466749 -0.4004885 1.645973 12 HipLeft
-0.1614276 -0.7004179 1.634926 13 KneeLeft
-0.172096 -0.9406141 1.682726 14 AnkleLeft
-0.1361503 -0.9978983 1.673257 15 FootLeft
-0.001939849 -0.3976934 1.63039 16 HipRight
0.02732973 -0.6911007 1.621777 17 KneeRight
0.0338238 -0.9246668 1.668692 18 AnkleRight
0.02383473 -0.9760002 1.56837 19 FootRight
-0.05456094 0.1026572 1.754572 20 SpineShoulder
-0.07360478 -0.1377698 1.491865 21 HandTipLeft
-0.1327416 -0.1891172 1.565454 22 ThumbLeft
-0.08251316 -0.1462898 1.494002 23 HandTipRight
-0.03071946 -0.1212061 1.504823 24 ThumbRight
-0.07569573 -0.4071276 1.673447 0 SpineBase
-0.06370991 -0.1120587 1.724605 1 SpineMid
-0.0516217 0.172439 1.761689 2 Neck
-0.2354492 0.05635279 1.780369 4 ShoulderLeft
-0.2948281 -0.1164133 1.778126 5 ElbowLeft
-0.1528238 -0.1369496 1.624521 6 WristLeft
-0.1298175 -0.129683 1.551128 7 HandLeft
0.1170589 0.05424846 1.738851 8 ShoulderRight
0.1673042 -0.1078906 1.725949 9 ElbowRight
0.01586011 -0.1396148 1.584632 10 WristRight
-0.05519783 -0.1505805 1.529575 11 HandRight
-0.1467011 -0.4001772 1.646565 12 HipLeft
-0.1613455 -0.7003944 1.635097 13 KneeLeft
-0.1722599 -0.9413917 1.683181 14 AnkleLeft
-0.1850676 -0.9904043 1.582121 15 FootLeft
-0.001366914 -0.3976419 1.632231 16 HipRight
0.02738176 -0.691067 1.622844 17 KneeRight
0.03387352 -0.9256829 1.670209 18 AnkleRight
0.02455495 -0.976965 1.569821 19 FootRight
-0.05463797 0.1026792 1.754727 20 SpineShoulder
-0.08193571 -0.1439558 1.491103 21 HandTipLeft
-0.1286212 -0.1710082 1.563357 22 ThumbLeft
-0.08997506 -0.1431143 1.50364 23 HandTipRight
-0.03144361 -0.1190997 1.511797 24 ThumbRight
-0.07549607 -0.4075302 1.674054 0 SpineBase
-0.06368453 -0.1122553 1.724818 1 SpineMid
-0.05167997 0.172348 1.761635 2 Neck
-0.2323466 0.05475802 1.779245 4 ShoulderLeft
-0.2950353 -0.116632 1.777593 5 ElbowLeft
-0.1531634 -0.1384289 1.624064 6 WristLeft
-0.1307009 -0.1297643 1.551174 7 HandLeft
0.1174533 0.05422335 1.739411 8 ShoulderRight
0.1671494 -0.108806 1.727046 9 ElbowRight
0.01782102 -0.1422917 1.583836 10 WristRight
-0.08457397 -0.1408529 1.533461 11 HandRight
-0.1467966 -0.400414 1.647014 12 HipLeft
-0.1614304 -0.700192 1.635247 13 KneeLeft
-0.1724991 -0.9413502 1.683316 14 AnkleLeft
-0.1850885 -0.9902739 1.582126 15 FootLeft
-0.0008415217 -0.3981909 1.632943 16 HipRight
0.02733902 -0.6906893 1.623544 17 KneeRight
0.03382785 -0.9253747 1.670196 18 AnkleRight
0.02474945 -0.9761755 1.569313 19 FootRight
-0.05467606 0.1025841 1.754729 20 SpineShoulder
-0.08320235 -0.1419478 1.495263 21 HandTipLeft
-0.1581047 -0.134779 1.5316 22 ThumbLeft
-0.1262997 -0.1230454 1.524506 23 HandTipRight
-0.09483784 -0.110148 1.551642 24 ThumbRight
-0.07552715 -0.4077214 1.674703 0 SpineBase
-0.06373458 -0.1122999 1.725009 1 SpineMid
-0.05173699 0.172397 1.761491 2 Neck
-0.2318541 0.05455152 1.779443 4 ShoulderLeft
-0.2957712 -0.1158858 1.778458 5 ElbowLeft
-0.1535903 -0.1375664 1.625212 6 WristLeft
-0.1301232 -0.1307775 1.552883 7 HandLeft
0.1175134 0.05421282 1.739564 8 ShoulderRight
0.1669611 -0.109389 1.727434 9 ElbowRight
0.01726308 -0.1441225 1.584957 10 WristRight
-0.08582427 -0.1423447 1.535828 11 HandRight
-0.1470691 -0.4006641 1.648049 12 HipLeft
-0.161576 -0.7001138 1.635597 13 KneeLeft
-0.1728746 -0.9423417 1.683742 14 AnkleLeft
-0.1855351 -0.9909884 1.582449 15 FootLeft
-0.00075636 -0.3982958 1.63324 16 HipRight
0.02722847 -0.6907631 1.624026 17 KneeRight
0.03358172 -0.9261885 1.670498 18 AnkleRight
0.02439973 -0.9766203 1.569412 19 FootRight
-0.05472811 0.1025962 1.754699 20 SpineShoulder
-0.08413476 -0.1405866 1.498123 21 HandTipLeft
-0.1267093 -0.169001 1.560716 22 ThumbLeft
-0.1267113 -0.126787 1.528293 23 HandTipRight
-0.08307639 -0.1185539 1.568545 24 ThumbRight
-0.07574178 -0.4077207 1.674986 0 SpineBase
-0.06397749 -0.1123779 1.725126 1 SpineMid
-0.05218502 0.1722433 1.76128 2 Neck
-0.2343788 0.05602655 1.780649 4 ShoulderLeft
-0.2960299 -0.1163483 1.77929 5 ElbowLeft
-0.1539249 -0.1368935 1.625806 6 WristLeft
-0.1316099 -0.1293405 1.551607 7 HandLeft
0.1168714 0.05375334 1.739973 8 ShoulderRight
0.166737 -0.1096961 1.727177 9 ElbowRight
0.0144502 -0.1403147 1.586587 10 WristRight
-0.09062761 -0.1390423 1.532191 11 HandRight
-0.1475302 -0.4006668 1.648556 12 HipLeft
-0.1618163 -0.7000793 1.635886 13 KneeLeft
-0.1735256 -0.9439901 1.684323 14 AnkleLeft
-0.186308 -0.9924737 1.582937 15 FootLeft
-0.0008198268 -0.3982821 1.63334 16 HipRight
0.02678637 -0.6910066 1.624144 17 KneeRight
0.03295036 -0.9292823 1.670957 18 AnkleRight
0.02364557 -0.9794241 1.569674 19 FootRight
-0.05510588 0.1024629 1.754606 20 SpineShoulder
-0.08626121 -0.1363218 1.488679 21 HandTipLeft
-0.1226669 -0.1675091 1.556316 22 ThumbLeft
-0.1385712 -0.1318288 1.521112 23 HandTipRight
-0.08695042 -0.1160803 1.565032 24 ThumbRight
-0.0763244 -0.4077622 1.675016 0 SpineBase
-0.06447492 -0.1124688 1.725195 1 SpineMid
-0.05269824 0.1720942 1.761188 2 Neck
-0.2336599 0.05588683 1.781347 4 ShoulderLeft
-0.2962534 -0.1155579 1.782814 5 ElbowLeft
-0.1554309 -0.1356636 1.628028 6 WristLeft
-0.1353188 -0.1276751 1.551663 7 HandLeft
0.1167888 0.0538099 1.739643 8 ShoulderRight
0.1662442 -0.109854 1.72464 9 ElbowRight
0.009629257 -0.1319699 1.587351 10 WristRight
-0.08392878 -0.1406493 1.524284 11 HandRight
-0.1483537 -0.4008115 1.64903 12 HipLeft
-0.1620151 -0.7002967 1.636165 13 KneeLeft
-0.1749208 -0.9444799 1.684689 14 AnkleLeft
-0.1876271 -1.005686 1.629626 15 FootLeft
-0.001342223 -0.3982231 1.632946 16 HipRight
0.02610983 -0.6913481 1.623347 17 KneeRight
0.03260336 -0.930176 1.670551 18 AnkleRight
0.02310166 -0.980486 1.569401 19 FootRight
-0.05561616 0.1023313 1.754562 20 SpineShoulder
-0.09070618 -0.1337786 1.488067 21 HandTipLeft
-0.1059154 -0.150325 1.549273 22 ThumbLeft
-0.1279767 -0.1265389 1.517903 23 HandTipRight
-0.1077817 -0.1103274 1.536933 24 ThumbRight
-0.07695112 -0.4078445 1.674703 0 SpineBase
-0.06482024 -0.1125712 1.725119 1 SpineMid
-0.05289685 0.1719971 1.761167 2 Neck
-0.2339594 0.05482017 1.782428 4 ShoulderLeft
-0.2965176 -0.1155311 1.78512 5 ElbowLeft
-0.1571071 -0.1345896 1.628891 6 WristLeft
-0.1364364 -0.1265631 1.552276 7 HandLeft
0.1166059 0.05400988 1.739095 8 ShoulderRight
0.1656626 -0.1092812 1.720535 9 ElbowRight
0.007133937 -0.1302296 1.585393 10 WristRight
-0.07275921 -0.1423125 1.522964 11 HandRight
-0.1490723 -0.4010013 1.649129 12 HipLeft
-0.162179 -0.7002422 1.63611 13 KneeLeft
-0.1755251 -0.9441913 1.684167 14 AnkleLeft
-0.1896791 -0.9921648 1.582693 15 FootLeft
-0.001961995 -0.3981594 1.631881 16 HipRight
0.02548509 -0.691772 1.622514 17 KneeRight
0.03230875 -0.9316323 1.669994 18 AnkleRight
0.02240772 -0.981934 1.569039 19 FootRight
-0.05585029 0.1022309 1.75453 20 SpineShoulder
-0.09088714 -0.1306246 1.491069 21 HandTipLeft
-0.1350122 -0.1671373 1.563483 22 ThumbLeft
-0.11682 -0.1324849 1.510553 23 HandTipRight
-0.1072902 -0.1115296 1.530917 24 ThumbRight
-0.0774896 -0.4079653 1.674377 0 SpineBase
-0.06519232 -0.1127412 1.725076 1 SpineMid
-0.05320253 0.171768 1.761238 2 Neck
-0.232881 0.05383345 1.783905 4 ShoulderLeft
-0.2974429 -0.1158035 1.786504 5 ElbowLeft
-0.1588128 -0.1339304 1.629462 6 WristLeft
-0.1376194 -0.1258752 1.551625 7 HandLeft
0.1164996 0.05415092 1.738619 8 ShoulderRight
0.1653924 -0.1090616 1.718295 9 ElbowRight
0.00617497 -0.1304715 1.584113 10 WristRight
-0.06934644 -0.1410539 1.522538 11 HandRight
-0.1496103 -0.4011817 1.649175 12 HipLeft
-0.1623771 -0.7002527 1.636095 13 KneeLeft
-0.1761305 -0.9443495 1.684164 14 AnkleLeft
-0.1940759 -1.005594 1.634591 15 FootLeft
-0.002491155 -0.3981617 1.630945 16 HipRight
0.02505421 -0.6920716 1.621939 17 KneeRight
0.03157847 -0.9325052 1.670534 18 AnkleRight
0.0209631 -0.9831685 1.570378 19 FootRight
-0.05617744 0.102021 1.754575 20 SpineShoulder
-0.09580917 -0.1286326 1.490089 21 HandTipLeft
-0.1101282 -0.1528891 1.548209 22 ThumbLeft
-0.1082735 -0.1354889 1.488874 23 HandTipRight
-0.1063194 -0.1411199 1.531111 24 ThumbRight
-0.07930337 -0.4080978 1.673135 0 SpineBase
-0.06619219 -0.1130376 1.724432 1 SpineMid
-0.05362877 0.1713553 1.76085 2 Neck
-0.2353087 0.05546064 1.784267 4 ShoulderLeft
-0.2987868 -0.114851 1.785483 5 ElbowLeft
-0.1609032 -0.1321811 1.627767 6 WristLeft
-0.1382601 -0.1247382 1.549845 7 HandLeft
0.1149247 0.05407562 1.737268 8 ShoulderRight
0.1647552 -0.1082294 1.714731 9 ElbowRight
0.005147474 -0.1305947 1.581333 10 WristRight
-0.06404752 -0.1405943 1.519917 11 HandRight
-0.1513994 -0.4012898 1.648888 12 HipLeft
-0.1631449 -0.7001356 1.635723 13 KneeLeft
-0.1775586 -0.9451346 1.683383 14 AnkleLeft
-0.194988 -1.002248 1.622682 15 FootLeft
-0.004125286 -0.3982767 1.628646 16 HipRight
0.02420274 -0.6925765 1.621185 17 KneeRight
0.0305094 -0.9309653 1.669165 18 AnkleRight
0.01960894 -0.9812824 1.569513 19 FootRight
-0.05672693 0.101641 1.754148 20 SpineShoulder
-0.09724654 -0.1271878 1.489541 21 HandTipLeft
-0.1132996 -0.151376 1.544558 22 ThumbLeft
-0.1106988 -0.1353461 1.489634 23 HandTipRight
-0.06355333 -0.1067626 1.5226 24 ThumbRight
-0.07987402 -0.4079868 1.672766 0 SpineBase
-0.0665251 -0.1130528 1.724096 1 SpineMid
-0.05371625 0.1712624 1.760529 2 Neck
-0.2370089 0.05643025 1.784117 4 ShoulderLeft
-0.2989937 -0.1147001 1.78532 5 ElbowLeft
-0.1612046 -0.1318035 1.627523 6 WristLeft
-0.1246974 -0.1206673 1.560995 7 HandLeft
0.1150617 0.05394581 1.737104 8 ShoulderRight
0.1645646 -0.1081593 1.714434 9 ElbowRight
0.005213545 -0.1307521 1.580793 10 WristRight
-0.06421434 -0.156409 1.537882 11 HandRight
-0.1519737 -0.4011768 1.648752 12 HipLeft
-0.1632987 -0.7001078 1.635669 13 KneeLeft
-0.1780509 -0.9453424 1.682947 14 AnkleLeft
-0.1973711 -1.000437 1.619198 15 FootLeft
-0.00462259 -0.3981575 1.628044 16 HipRight
0.02401491 -0.6927263 1.621096 17 KneeRight
0.03053571 -0.9316481 1.669103 18 AnkleRight
0.01986024 -0.9818707 1.569478 19 FootRight
-0.05687764 0.1015652 1.753827 20 SpineShoulder
-0.08562742 -0.1342862 1.483109 21 HandTipLeft
-0.1432511 -0.1793002 1.564605 22 ThumbLeft
-0.1072761 -0.1364157 1.487188 23 HandTipRight
-0.03748583 -0.1128489 1.510792 24 ThumbRight
-0.08026573 -0.4080757 1.67253 0 SpineBase
-0.06668921 -0.1130984 1.723776 1 SpineMid
-0.05364229 0.1712365 1.760036 2 Neck
-0.2360911 0.05624339 1.783391 4 ShoulderLeft
-0.2983731 -0.114712 1.784225 5 ElbowLeft
-0.1605808 -0.131554 1.626445 6 WristLeft
-0.1245886 -0.1209524 1.560613 7 HandLeft
0.1144192 0.05360856 1.736915 8 ShoulderRight
0.1636623 -0.107668 1.713521 9 ElbowRight
0.00465795 -0.1305717 1.579556 10 WristRight
-0.05875292 -0.1462741 1.537442 11 HandRight
-0.1524607 -0.4012155 1.648701 12 HipLeft
-0.1634486 -0.7001899 1.635635 13 KneeLeft
-0.1784921 -0.9453672 1.682691 14 AnkleLeft
-0.1965256 -1.001346 1.620004 15 FootLeft
-0.004899292 -0.3983064 1.627672 16 HipRight
0.02377978 -0.6930734 1.621084 17 KneeRight
0.03054551 -0.9313462 1.668869 18 AnkleRight
0.02006369 -0.9815376 1.569171 19 FootRight
-0.05688009 0.1015314 1.753392 20 SpineShoulder
-0.08613999 -0.1343924 1.480209 21 HandTipLeft
-0.1431242 -0.179282 1.56474 22 ThumbLeft
-0.106344 -0.1331466 1.485401 23 HandTipRight
-0.08065394 -0.1929556 1.534973 24 ThumbRight
-0.08049209 -0.4080963 1.672257 0 SpineBase
-0.06761079 -0.1126975 1.724095 1 SpineMid
-0.05600721 0.1727843 1.762344 2 Neck
-0.2348798 0.05588974 1.783008 4 ShoulderLeft
-0.2989056 -0.1141919 1.783149 5 ElbowLeft
-0.1609589 -0.1313045 1.625573 6 WristLeft
-0.1258757 -0.1204267 1.562413 7 HandLeft
0.1144896 0.05363552 1.736743 8 ShoulderRight
0.1636385 -0.1075663 1.713305 9 ElbowRight
0.004854247 -0.1307433 1.579157 10 WristRight
-0.05058311 -0.1396163 1.548338 11 HandRight
-0.1527908 -0.4012238 1.648389 12 HipLeft
-0.1636159 -0.7000991 1.635436 13 KneeLeft
-0.1798316 -0.944448 1.681817 14 AnkleLeft
-0.193772 -1.001917 1.619996 15 FootLeft
-0.005005035 -0.3983224 1.627473 16 HipRight
0.02356332 -0.6927867 1.620812 17 KneeRight
0.03053995 -0.9306337 1.669001 18 AnkleRight
0.02016349 -0.9813648 1.569734 19 FootRight
-0.05884664 0.1027316 1.755085 20 SpineShoulder
-0.08833129 -0.1400976 1.482595 21 HandTipLeft
-0.1432664 -0.178725 1.564026 22 ThumbLeft
-0.1037189 -0.1374017 1.485503 23 HandTipRight
-0.03540344 -0.1571518 1.497414 24 ThumbRight
-0.08067831 -0.4081301 1.672176 0 SpineBase
-0.06774279 -0.1127314 1.723803 1 SpineMid
-0.05586696 0.1726406 1.761254 2 Neck
-0.2343917 0.05599575 1.782749 4 ShoulderLeft
-0.2991641 -0.114022 1.78208 5 ElbowLeft
-0.1610104 -0.1314583 1.624745 6 WristLeft
-0.1394286 -0.1241157 1.547734 7 HandLeft
0.1146426 0.05355549 1.736629 8 ShoulderRight
0.1636535 -0.1075586 1.713315 9 ElbowRight
0.004961719 -0.1313122 1.579181 10 WristRight
-0.05860012 -0.1410667 1.521088 11 HandRight
-0.153042 -0.4012415 1.648346 12 HipLeft
-0.163659 -0.7001325 1.635409 13 KneeLeft
-0.1803498 -0.9436654 1.680933 14 AnkleLeft
-0.1925197 -1.002324 1.621193 15 FootLeft
-0.005120205 -0.3983634 1.627374 16 HipRight
0.0235315 -0.692839 1.620825 17 KneeRight
0.03014435 -0.9314944 1.669362 18 AnkleRight
0.01966259 -0.9821181 1.570109 19 FootRight
-0.05881876 0.1026328 1.75428 20 SpineShoulder
-0.09595986 -0.1297152 1.485674 21 HandTipLeft
-0.1666401 -0.1067439 1.518641 22 ThumbLeft
-0.1055989 -0.1346619 1.487219 23 HandTipRight
-0.05147013 -0.1690446 1.498418 24 ThumbRight
-0.08185152 -0.4080766 1.670458 0 SpineBase
-0.06864453 -0.1128154 1.7212 1 SpineMid
-0.05592121 0.1721112 1.75702 2 Neck
-0.2336046 0.05610881 1.782185 4 ShoulderLeft
-0.3003255 -0.1131826 1.781515 5 ElbowLeft
-0.1623205 -0.1314729 1.624191 6 WristLeft
-0.1400887 -0.1242682 1.546014 7 HandLeft
0.1136106 0.05371736 1.735546 8 ShoulderRight
0.1638389 -0.1080433 1.711982 9 ElbowRight
0.005336065 -0.1321858 1.57774 10 WristRight
-0.06156664 -0.1420684 1.517832 11 HandRight
-0.1544138 -0.4011413 1.646794 12 HipLeft
-0.1641613 -0.6997409 1.634944 13 KneeLeft
-0.1802404 -0.9441775 1.67954 14 AnkleLeft
-0.1897054 -1.006079 1.628835 15 FootLeft
-0.005968258 -0.3983288 1.625578 16 HipRight
0.02299767 -0.6926019 1.620164 17 KneeRight
0.02936199 -0.928607 1.668657 18 AnkleRight
0.0186176 -0.9791562 1.569645 19 FootRight
-0.05913736 0.1022471 1.750498 20 SpineShoulder
-0.0964389 -0.1306557 1.48368 21 HandTipLeft
-0.1682451 -0.111067 1.519348 22 ThumbLeft
-0.1066502 -0.1354775 1.485122 23 HandTipRight
-0.05818169 -0.1700315 1.498564 24 ThumbRight
-0.08262276 -0.4081329 1.66892 0 SpineBase
-0.06908309 -0.1129844 1.719258 1 SpineMid
-0.05582123 0.1717235 1.754549 2 Neck
-0.2332738 0.05577689 1.781605 4 ShoulderLeft
-0.3004748 -0.1130935 1.780759 5 ElbowLeft
-0.1625281 -0.1316157 1.623423 6 WristLeft
-0.1404304 -0.125652 1.545212 7 HandLeft
0.1119171 0.05450331 1.733315 8 ShoulderRight
0.1640251 -0.1083403 1.710006 9 ElbowRight
0.004353799 -0.1322498 1.577201 10 WristRight
-0.06292015 -0.1424049 1.516514 11 HandRight
-0.1552341 -0.4012233 1.645489 12 HipLeft
-0.1645013 -0.6994576 1.634176 13 KneeLeft
-0.1803818 -0.9429252 1.677347 14 AnkleLeft
-0.1963773 -0.9870236 1.574843 15 FootLeft
-0.006616281 -0.3983231 1.623794 16 HipRight
0.02240448 -0.692468 1.61887 17 KneeRight
0.03009081 -0.9257722 1.668501 18 AnkleRight
0.01931072 -0.9772341 1.570565 19 FootRight
-0.05917619 0.1019202 1.748152 20 SpineShoulder
-0.09816341 -0.1302202 1.481797 21 HandTipLeft
-0.1682974 -0.1100124 1.517563 22 ThumbLeft
-0.1102262 -0.1372569 1.483323 23 HandTipRight
-0.0583121 -0.1724906 1.494849 24 ThumbRight
-0.0831281 -0.408349 1.668038 0 SpineBase
-0.0693562 -0.1130573 1.71852 1 SpineMid
-0.05586831 0.1717318 1.753946 2 Neck
-0.2329742 0.05561467 1.781311 4 ShoulderLeft
-0.3012332 -0.1120659 1.781831 5 ElbowLeft
-0.1634912 -0.1310342 1.624377 6 WristLeft
-0.1409855 -0.1260744 1.545199 7 HandLeft
0.1117483 0.05377875 1.732268 8 ShoulderRight
0.1641886 -0.1084441 1.70902 9 ElbowRight
0.00455925 -0.1326496 1.576232 10 WristRight
-0.06351376 -0.1429031 1.517276 11 HandRight
-0.1557703 -0.4014198 1.644765 12 HipLeft
-0.1645928 -0.6994198 1.633926 13 KneeLeft
-0.1806001 -0.9421973 1.676715 14 AnkleLeft
-0.1968002 -0.9860946 1.574229 15 FootLeft
-0.007043349 -0.3985328 1.622751 16 HipRight
0.02217311 -0.6925836 1.618433 17 KneeRight
0.02914192 -0.9273599 1.668492 18 AnkleRight
0.01791454 -0.9787242 1.570712 19 FootRight
-0.05927178 0.1019114 1.747513 20 SpineShoulder
-0.09794734 -0.1299581 1.484497 21 HandTipLeft
-0.1702523 -0.1123429 1.519063 22 ThumbLeft
-0.1121029 -0.1379112 1.485949 23 HandTipRight
-0.06474047 -0.1745464 1.494214 24 ThumbRight
-0.08358409 -0.4084349 1.667446 0 SpineBase
-0.06955544 -0.1131305 1.718042 1 SpineMid
-0.05583888 0.1716497 1.753554 2 Neck
-0.2327737 0.0545292 1.781078 4 ShoulderLeft
-0.3016986 -0.1125588 1.783176 5 ElbowLeft
-0.1645322 -0.1312721 1.625192 6 WristLeft
-0.1419395 -0.1257261 1.546257 7 HandLeft
0.112552 0.05406627 1.732309 8 ShoulderRight
0.1642607 -0.1086449 1.707509 9 ElbowRight
0.004411282 -0.1330723 1.575067 10 WristRight
-0.06427041 -0.143236 1.518077 11 HandRight
-0.1562302 -0.4015308 1.644328 12 HipLeft
-0.1648348 -0.6994028 1.633874 13 KneeLeft
-0.1809479 -0.9418313 1.676349 14 AnkleLeft
-0.1971405 -0.9854999 1.573928 15 FootLeft
-0.007471131 -0.3985765 1.622 16 HipRight
0.02181491 -0.692866 1.618119 17 KneeRight
0.02838414 -0.9277383 1.668794 18 AnkleRight
0.01704619 -0.9792735 1.571488 19 FootRight
-0.05929191 0.1018327 1.747101 20 SpineShoulder
-0.09841105 -0.1305368 1.485321 21 HandTipLeft
-0.1711687 -0.1136742 1.52071 22 ThumbLeft
-0.1121451 -0.1382635 1.484508 23 HandTipRight
-0.05726611 -0.1716691 1.497928 24 ThumbRight
-0.08383673 -0.4084528 1.667439 0 SpineBase
-0.06962357 -0.1131591 1.717958 1 SpineMid
-0.05572965 0.1715461 1.753319 2 Neck
-0.2329901 0.05420484 1.781299 4 ShoulderLeft
-0.3020374 -0.1122292 1.784327 5 ElbowLeft
-0.1669862 -0.1332794 1.6248 6 WristLeft
-0.1433634 -0.1264261 1.546738 7 HandLeft
0.1127941 0.05415303 1.732361 8 ShoulderRight
0.1642032 -0.1084269 1.707332 9 ElbowRight
0.004345031 -0.1332407 1.575007 10 WristRight
-0.06341944 -0.1436862 1.518893 11 HandRight
-0.1565102 -0.401578 1.644332 12 HipLeft
-0.1649195 -0.699371 1.633878 13 KneeLeft
-0.1811219 -0.9427834 1.676457 14 AnkleLeft
-0.1973422 -0.986278 1.574093 15 FootLeft
-0.007693991 -0.3985667 1.621997 16 HipRight
0.02168181 -0.6929234 1.618091 17 KneeRight
0.02923076 -0.9235611 1.668382 18 AnkleRight
0.01828139 -0.975508 1.571539 19 FootRight
-0.05924345 0.1017553 1.746913 20 SpineShoulder
-0.100469 -0.1331237 1.485992 21 HandTipLeft
-0.1711508 -0.1136079 1.520602 22 ThumbLeft
-0.1121378 -0.1382533 1.484417 23 HandTipRight
-0.058286 -0.1724234 1.498204 24 ThumbRight
-0.08422235 -0.4086167 1.667469 0 SpineBase
-0.06993178 -0.1132201 1.717912 1 SpineMid
-0.05602798 0.1715406 1.753252 2 Neck
-0.2326009 0.05395582 1.780401 4 ShoulderLeft
-0.3016541 -0.1122834 1.784048 5 ElbowLeft
-0.1665109 -0.1329359 1.624568 6 WristLeft
-0.1441126 -0.1250727 1.544522 7 HandLeft
0.1110307 0.05358755 1.731726 8 ShoulderRight
0.1624993 -0.1074322 1.706228 9 ElbowRight
0.0026983 -0.1327939 1.573974 10 WristRight
-0.06349833 -0.1432635 1.516392 11 HandRight
-0.156987 -0.4017616 1.644358 12 HipLeft
-0.1654021 -0.6989729 1.633738 13 KneeLeft
-0.1813769 -0.9418451 1.675677 14 AnkleLeft
-0.1974622 -0.9850045 1.573214 15 FootLeft
-0.007982784 -0.3987082 1.622056 16 HipRight
0.02148125 -0.69309 1.618196 17 KneeRight
0.02932132 -0.9233814 1.668466 18 AnkleRight
0.01851756 -0.9752588 1.571764 19 FootRight
-0.05952699 0.1017388 1.746848 20 SpineShoulder
-0.1000087 -0.1306039 1.483635 21 HandTipLeft
-0.1703821 -0.1089946 1.517376 22 ThumbLeft
-0.1120489 -0.1378463 1.485197 23 HandTipRight
-0.07105183 -0.1762715 1.504143 24 ThumbRight
-0.08435839 -0.4085317 1.667544 0 SpineBase
-0.07005516 -0.1131283 1.717883 1 SpineMid
-0.05613201 0.1717045 1.75307 2 Neck
-0.2328196 0.05368178 1.780236 4 ShoulderLeft
-0.3016248 -0.1123544 1.783661 5 ElbowLeft
-0.1662337 -0.1326663 1.624353 6 WristLeft
-0.1438702 -0.124326 1.542808 7 HandLeft
0.111737 0.05347118 1.732032 8 ShoulderRight
0.1618572 -0.1070672 1.706318 9 ElbowRight
0.00543456 -0.1379901 1.571111 10 WristRight
-0.07551968 -0.1404169 1.512735 11 HandRight
-0.1571389 -0.4016534 1.644444 12 HipLeft
-0.1657799 -0.6984145 1.633681 13 KneeLeft
-0.1810061 -0.9427643 1.676037 14 AnkleLeft
-0.1966661 -0.9860547 1.573624 15 FootLeft
-0.008103781 -0.3986417 1.622151 16 HipRight
0.0213117 -0.6929647 1.618367 17 KneeRight
0.02829304 -0.9248276 1.669141 18 AnkleRight
0.01729766 -0.976614 1.572447 19 FootRight
-0.05963751 0.1018784 1.74671 20 SpineShoulder
-0.09974484 -0.1305469 1.479851 21 HandTipLeft
-0.1642828 -0.09736425 1.516088 22 ThumbLeft
-0.08471508 -0.4082683 1.667596 0 SpineBase
-0.07029896 -0.1129312 1.717646 1 SpineMid
-0.05630022 0.1720039 1.752503 2 Neck
-0.235309 0.05532244 1.77936 4 ShoulderLeft
-0.3019518 -0.1113084 1.782496 5 ElbowLeft
-0.1660449 -0.1319907 1.623692 6 WristLeft
-0.144106 -0.1241861 1.542744 7 HandLeft
0.1125016 0.05319154 1.73235 8 ShoulderRight
0.1611652 -0.10675 1.706583 9 ElbowRight
0.003619919 -0.1363425 1.572439 10 WristRight
-0.06918939 -0.1430275 1.513998 11 HandRight
-0.1576047 -0.4012582 1.644248 12 HipLeft
-0.1661824 -0.6981781 1.633677 13 KneeLeft
-0.181998 -0.9433363 1.675616 14 AnkleLeft
-0.1972265 -0.986317 1.572832 15 FootLeft
-0.008440755 -0.3984967 1.622414 16 HipRight
0.02106302 -0.6930383 1.618497 17 KneeRight
0.02698514 -0.928088 1.669791 18 AnkleRight
0.01612054 -0.9795305 1.572764 19 FootRight
-0.05982284 0.1021402 1.746231 20 SpineShoulder
-0.09917935 -0.1343749 1.479656 21 HandTipLeft
-0.1707462 -0.1090373 1.516551 22 ThumbLeft
-0.110043 -0.1401396 1.481001 23 HandTipRight
-0.05406529 -0.168513 1.490737 24 ThumbRight
-0.08480533 -0.4080147 1.667583 0 SpineBase
-0.07044314 -0.1126497 1.717477 1 SpineMid
-0.05646277 0.1722879 1.752218 2 Neck
-0.2347397 0.0560963 1.778094 4 ShoulderLeft
-0.3024311 -0.1112035 1.780098 5 ElbowLeft
-0.1656739 -0.1320737 1.622074 6 WristLeft
-0.1456056 -0.1251874 1.542914 7 HandLeft
0.1103546 0.05391366 1.731561 8 ShoulderRight
0.1598539 -0.1065847 1.706944 9 ElbowRight
0.002806266 -0.136261 1.572213 10 WristRight
-0.06490972 -0.1447759 1.515648 11 HandRight
-0.1577649 -0.4009305 1.643862 12 HipLeft
-0.1666985 -0.6978264 1.633572 13 KneeLeft
-0.1818987 -0.9427995 1.6754 14 AnkleLeft
-0.1968823 -0.98577 1.572613 15 FootLeft
-0.008497605 -0.3982112 1.622756 16 HipRight
0.02098827 -0.6927289 1.618583 17 KneeRight
0.02683638 -0.9287232 1.669722 18 AnkleRight
0.01596645 -0.9798677 1.572491 19 FootRight
-0.05997935 0.1024246 1.745969 20 SpineShoulder
-0.100965 -0.1342628 1.482899 21 HandTipLeft
-0.1737773 -0.1199452 1.517089 22 ThumbLeft
-0.1105898 -0.1393915 1.483778 23 HandTipRight
-0.06653041 -0.1768394 1.496173 24 ThumbRight
-0.08612914 -0.4055817 1.666742 0 SpineBase
-0.07387075 -0.1099404 1.717349 1 SpineMid
-0.06263721 0.1752302 1.753316 2 Neck
-0.236618 0.06197091 1.770483 4 ShoulderLeft
-0.3049361 -0.1069153 1.776761 5 ElbowLeft
-0.1680094 -0.1332268 1.619755 6 WristLeft
-0.1484441 -0.1276439 1.541165 7 HandLeft
0.1057842 0.05332132 1.730607 8 ShoulderRight
0.1578426 -0.1058143 1.707711 9 ElbowRight
0.004032146 -0.1386279 1.569885 10 WristRight
-0.07647279 -0.1475456 1.511985 11 HandRight
-0.1596324 -0.3977085 1.641356 12 HipLeft
-0.1688639 -0.6952009 1.631315 13 KneeLeft
-0.1817526 -0.9411249 1.675001 14 AnkleLeft
-0.193886 -0.9855978 1.572814 15 FootLeft
-0.009302564 -0.3964303 1.623127 16 HipRight
0.02030822 -0.6918687 1.61926 17 KneeRight
0.02613596 -0.9303439 1.671836 18 AnkleRight
0.0174466 -0.9820457 1.574919 19 FootRight
-0.06539956 0.1053253 1.746684 20 SpineShoulder
-0.1055527 -0.1347235 1.48149 21 HandTipLeft
-0.1611065 -0.1005952 1.509895 22 ThumbLeft
-0.1158981 -0.1406201 1.48144 23 HandTipRight
-0.07845311 -0.1782846 1.495469 24 ThumbRight
-0.09145365 -0.3995737 1.663877 0 SpineBase
-0.08108245 -0.1048476 1.712467 1 SpineMid
-0.07128827 0.1791124 1.745816 2 Neck
-0.2405478 0.08390186 1.749092 4 ShoulderLeft
-0.3164946 -0.09622917 1.75548 5 ElbowLeft
-0.1733743 -0.132522 1.606447 6 WristLeft
-0.1450374 -0.1303485 1.532221 7 HandLeft
0.09699033 0.05332372 1.729356 8 ShoulderRight
0.1532712 -0.1033013 1.708614 9 ElbowRight
0.002006394 -0.1370291 1.568104 10 WristRight
-0.07181451 -0.1502308 1.507568 11 HandRight
-0.1661331 -0.3900191 1.634989 12 HipLeft
-0.1752119 -0.6874979 1.626205 13 KneeLeft
-0.1820908 -0.9408448 1.674855 14 AnkleLeft
-0.1851752 -0.9876696 1.573359 15 FootLeft
-0.01325183 -0.3922723 1.623258 16 HipRight
0.01635222 -0.6897184 1.619634 17 KneeRight
0.02652227 -0.927079 1.671631 18 AnkleRight
0.02643029 -0.9780723 1.573454 19 FootRight
-0.07372824 0.1095292 1.739907 20 SpineShoulder
-0.1010701 -0.1358789 1.474235 21 HandTipLeft
-0.1570833 -0.1010871 1.508291 22 ThumbLeft
-0.1170735 -0.1437992 1.473169 23 HandTipRight
-0.07039607 -0.1804593 1.48481 24 ThumbRight
-0.1052772 -0.4009747 1.656357 0 SpineBase
-0.09739956 -0.1064467 1.695723 1 SpineMid
-0.08891477 0.1775317 1.71848 2 Neck
-0.2583221 0.08068676 1.718969 4 ShoulderLeft
-0.3447967 -0.1003893 1.718792 5 ElbowLeft
-0.187427 -0.1377548 1.585739 6 WristLeft
-0.1638723 -0.1338847 1.515898 7 HandLeft
0.08593848 0.05056116 1.725053 8 ShoulderRight
0.1347889 -0.1080118 1.707088 9 ElbowRight
-0.01141105 -0.1414001 1.561051 10 WristRight
-0.1114835 -0.1508258 1.496352 11 HandRight
-0.1813168 -0.3906879 1.621288 12 HipLeft
-0.1859593 -0.6886985 1.623136 13 KneeLeft
-0.1884198 -0.9388292 1.674326 14 AnkleLeft
-0.1830062 -0.985579 1.572476 15 FootLeft
-0.02526692 -0.3943957 1.621455 16 HipRight
-0.01223759 -0.6896694 1.576008 17 KneeRight
0.01010241 -0.941469 1.619433 18 AnkleRight
-0.09116352 0.1079261 1.715284 20 SpineShoulder
-0.1135844 -0.1460893 1.457878 21 HandTipLeft
-0.1631288 -0.1103 1.482067 22 ThumbLeft
-0.1593625 -0.1455761 1.48061 23 HandTipRight
-0.08444099 -0.1668877 1.452205 24 ThumbRight
-0.1150794 -0.400766 1.644249 0 SpineBase
-0.1132041 -0.1060738 1.667166 1 SpineMid
-0.1099257 0.1782806 1.674015 2 Neck
-0.2692074 0.08102664 1.662085 4 ShoulderLeft
-0.3545622 -0.101551 1.669044 5 ElbowLeft
-0.1970535 -0.1411825 1.536719 6 WristLeft
-0.084583 -0.170212 1.472043 7 HandLeft
0.07119961 0.05037046 1.703743 8 ShoulderRight
0.122137 -0.1092616 1.705553 9 ElbowRight
-0.01063331 -0.1485526 1.548151 10 WristRight
-0.1153177 -0.1558445 1.477763 11 HandRight
-0.1915409 -0.3905968 1.603215 12 HipLeft
-0.1972151 -0.6982133 1.619046 13 KneeLeft
-0.1905281 -0.9389912 1.676518 14 AnkleLeft
-0.1725816 -0.9859974 1.576345 15 FootLeft
-0.03374385 -0.3942304 1.615466 16 HipRight
-0.02848476 -0.6396667 1.485353 17 KneeRight
0.01129496 -0.927985 1.476013 18 AnkleRight
-0.1109366 0.1086034 1.67467 20 SpineShoulder
-0.04916662 -0.1767492 1.465361 21 HandTipLeft
-0.08622576 -0.1714493 1.492308 22 ThumbLeft
-0.1650099 -0.1517364 1.45772 23 HandTipRight
-0.09108992 -0.178243 1.433357 24 ThumbRight
-0.1087823 -0.3989058 1.602124 0 SpineBase
-0.107527 -0.1014119 1.610969 1 SpineMid
-0.1056105 0.1855841 1.605113 2 Neck
-0.2558531 0.08625111 1.588836 4 ShoulderLeft
-0.3381068 -0.098848 1.589886 5 ElbowLeft
-0.1563434 -0.1371273 1.495385 6 WristLeft
-0.06558674 -0.1781722 1.448165 7 HandLeft
0.07078808 0.05608379 1.653586 8 ShoulderRight
0.1133625 -0.09541778 1.678998 9 ElbowRight
0.0180836 -0.156245 1.501825 10 WristRight
-0.02409224 -0.2126694 1.461606 11 HandRight
-0.1834262 -0.3892152 1.551925 12 HipLeft
-0.1902842 -0.6843262 1.585075 13 KneeLeft
-0.1896802 -0.9301458 1.662724 14 AnkleLeft
-0.1423277 -0.9811665 1.644939 15 FootLeft
-0.02939823 -0.3917294 1.583695 16 HipRight
-0.004321455 -0.6091883 1.413805 17 KneeRight
0.03804426 -0.8929644 1.330922 18 AnkleRight
-0.1062096 0.1153041 1.608898 20 SpineShoulder
-0.02633228 -0.1845924 1.419335 21 HandTipLeft
-0.03829274 -0.1254276 1.476266 22 ThumbLeft
-0.08054705 -0.4027609 1.533694 0 SpineBase
-0.08173456 -0.1026477 1.538221 1 SpineMid
-0.08201917 0.1865184 1.527167 2 Neck
-0.2293748 0.08348046 1.511097 4 ShoulderLeft
-0.2731786 -0.1117071 1.452635 5 ElbowLeft
-0.08317505 -0.1649739 1.389536 6 WristLeft
-0.02084418 -0.1841862 1.375804 7 HandLeft
0.0973127 0.05355492 1.581396 8 ShoulderRight
0.1340299 -0.09526962 1.608323 9 ElbowRight
0.0571546 -0.1520347 1.420777 10 WristRight
-0.06416607 -0.1586443 1.340209 11 HandRight
-0.1550358 -0.3922134 1.4848 12 HipLeft
-0.1721497 -0.6699438 1.530957 13 KneeLeft
-0.1818762 -0.897635 1.615753 14 AnkleLeft
-0.1611822 -0.955753 1.528218 15 FootLeft
-0.002506131 -0.3954041 1.51439 16 HipRight
0.03270296 -0.6229957 1.366526 17 KneeRight
0.09783904 -0.8889243 1.242391 18 AnkleRight
-0.08208583 0.1157725 1.53236 20 SpineShoulder
0.03085063 -0.1942582 1.341924 21 HandTipLeft
-0.01155363 -0.1509841 1.378094 22 ThumbLeft
-0.09661233 -0.159942 1.327123 23 HandTipRight
-0.01107768 -0.1857899 1.299875 24 ThumbRight
-0.004016615 -0.3898847 1.380008 0 SpineBase
-0.001125864 -0.08416917 1.396502 1 SpineMid
0.001519127 0.2085954 1.396496 2 Neck
-0.1395328 0.1022493 1.366555 4 ShoulderLeft
-0.2292286 -0.08060838 1.344451 5 ElbowLeft
-0.0459995 -0.1367926 1.263486 6 WristLeft
-0.006887081 -0.1316708 1.213113 7 HandLeft
0.1777425 0.06263644 1.451847 8 ShoulderRight
0.165325 -0.1191996 1.404123 9 ElbowRight
0.05204963 -0.141301 1.22806 10 WristRight
0.01943284 -0.1325289 1.208676 11 HandRight
-0.07967013 -0.3759497 1.33238 12 HipLeft
-0.1065971 -0.6358068 1.378337 13 KneeLeft
-0.1489221 -0.872665 1.501494 14 AnkleLeft
0.07170267 -0.3846464 1.359725 16 HipRight
0.1058484 -0.6308497 1.270206 17 KneeRight
0.04256604 -0.8525881 1.07162 18 AnkleRight
0.0008843545 0.1372088 1.398951 20 SpineShoulder
0.03492785 -0.1326016 1.187118 21 HandTipLeft
0.02054322 -0.1598559 1.222 22 ThumbLeft
-0.001149565 -0.1288388 1.183439 23 HandTipRight
0.01880444 -0.1134936 1.176125 24 ThumbRight
0.04813486 -0.3699487 1.301121 0 SpineBase
0.05096786 -0.05924692 1.322632 1 SpineMid
0.05301673 0.2370995 1.327319 2 Neck
-0.0955292 0.123299 1.293633 4 ShoulderLeft
-0.1892091 -0.05949694 1.269247 5 ElbowLeft
-0.002225285 -0.1048763 1.189933 6 WristLeft
0.06402092 -0.100927 1.159006 7 HandLeft
0.2278394 0.08679198 1.38036 8 ShoulderRight
0.2626579 -0.05916299 1.383324 9 ElbowRight
0.1460172 -0.07979357 1.209119 10 WristRight
0.1355882 -0.1223467 1.161601 11 HandRight
-0.02900154 -0.3561324 1.252228 12 HipLeft
-0.04850122 -0.6072203 1.236373 13 KneeLeft
-0.07118742 -0.8988815 1.251674 14 AnkleLeft
0.1226651 -0.3644469 1.28206 16 HipRight
0.1418082 -0.6158921 1.217166 17 KneeRight
0.1663861 -0.9078553 1.175884 18 AnkleRight
0.05261628 0.1650025 1.328559 20 SpineShoulder
0.1273601 -0.1297784 1.102698 21 HandTipLeft
0.030086 -0.09693695 1.104267 22 ThumbLeft
0.1329604 -0.1330561 1.097326 23 HandTipRight
0.1358418 -0.08544864 1.121 24 ThumbRight
0.09833696 -0.3534183 1.222569 0 SpineBase
0.09806041 -0.04315257 1.249589 1 SpineMid
0.09665975 0.2515034 1.259292 2 Neck
-0.05586778 0.1342343 1.223759 4 ShoulderLeft
-0.1479165 -0.03420797 1.192373 5 ElbowLeft
0.0450383 -0.0634874 1.120579 6 WristLeft
0.09494121 -0.05785752 1.060598 7 HandLeft
0.2688812 0.108803 1.300865 8 ShoulderRight
0.3024516 -0.05664697 1.257456 9 ElbowRight
0.2132174 -0.09792513 1.072067 10 WristRight
0.1965351 -0.1055605 1.050052 11 HandRight
0.01806528 -0.3383487 1.174766 12 HipLeft
0.02552628 -0.6350557 1.08268 13 KneeLeft
0.1729978 -0.3489328 1.202679 16 HipRight
0.1558337 -0.6022954 1.161842 17 KneeRight
0.1411684 -0.8962224 1.148059 18 AnkleRight
0.09717298 0.1799757 1.259273 20 SpineShoulder
0.1358234 -0.05589986 1.03646 21 HandTipLeft
0.09470475 -0.04184729 1.017375 22 ThumbLeft
0.1770873 -0.09293112 1.013001 23 HandTipRight
0.2082255 -0.07570151 1.031591 24 ThumbRight
0.1454622 -0.3190098 1.10233 0 SpineBase
0.1502672 -0.0152226 1.128187 1 SpineMid
0.1525656 0.2712118 1.136247 2 Neck
-0.001639997 0.1593935 1.113637 4 ShoulderLeft
-0.1068156 -0.01792948 1.098679 5 ElbowLeft
0.074045 -0.04062765 0.9958366 6 WristLeft
0.1396167 -0.04335893 0.9638872 7 HandLeft
0.321781 0.135255 1.172081 8 ShoulderRight
0.3544718 -0.02770097 1.13431 9 ElbowRight
0.2637659 -0.06717852 0.9737344 10 WristRight
0.2320611 -0.07341676 0.9685544 11 HandRight
0.05948396 -0.3009279 1.061751 12 HipLeft
0.1413682 -0.5837278 0.9505017 13 KneeLeft
0.2223453 -0.3176111 1.075467 16 HipRight
0.2174183 -0.6176265 1.051841 17 KneeRight
0.15232 0.2019632 1.136594 20 SpineShoulder
0.1816355 -0.03209634 0.9224432 21 HandTipLeft
0.1381792 -0.0148716 0.9060416 22 ThumbLeft
0.2129406 -0.08411305 0.9038088 23 HandTipRight
0.190041 -0.02897598 0.9444 24 ThumbRight
0.1756313 -0.3135946 0.9703863 0 SpineBase
0.1817462 -0.008848827 1.006372 1 SpineMid
0.1844619 0.2758331 1.023256 2 Neck
0.03125612 0.1602807 0.9980286 4 ShoulderLeft
-0.07318369 -0.01976766 0.9874065 5 ElbowLeft
0.1085953 -0.05344709 0.8889474 6 WristLeft
0.1607273 -0.03465414 0.8292031 7 HandLeft
0.3552494 0.1412022 1.056549 8 ShoulderRight
0.3912378 -0.03164747 1.067089 9 ElbowRight
0.300542 -0.07195042 0.8809054 10 WristRight
0.2687718 -0.06964091 0.8320058 11 HandRight
0.08597759 -0.2954665 0.9326583 12 HipLeft
0.1497849 -0.5861907 0.8412223 13 KneeLeft
0.2529115 -0.3102641 0.9415216 16 HipRight
0.2308163 -0.6062291 0.9474415 17 KneeRight
0.1842012 0.2073338 1.021375 20 SpineShoulder
0.2018493 -0.02950327 0.8034736 21 HandTipLeft
0.1499159 -0.02421564 0.7890356 22 ThumbLeft
0.2362685 -0.07072681 0.7824884 23 HandTipRight
0.2417829 -0.1070625 0.8193334 24 ThumbRight
0.1977879 -0.3149802 0.8461705 0 SpineBase
0.2009204 -0.004042406 0.8988233 1 SpineMid
0.2000344 0.2828045 0.9307802 2 Neck
0.05035979 0.1630833 0.9023765 4 ShoulderLeft
-0.05768304 -0.01749888 0.8854458 5 ElbowLeft
0.1296764 -0.04676653 0.7960645 6 WristLeft
0.1801628 -0.03597252 0.7297952 7 HandLeft
0.3650955 0.1353308 0.9482025 8 ShoulderRight
0.3921571 -0.0291904 0.8971542 9 ElbowRight
0.2843034 -0.06986259 0.7203406 10 WristRight
0.2667426 -0.07499754 0.7037448 11 HandRight
0.1063894 -0.2933395 0.8022487 12 HipLeft
0.1182566 -0.5841391 0.6777045 13 KneeLeft
0.2735065 -0.312341 0.8247933 16 HipRight
0.2639064 -0.6059602 0.8390129 17 KneeRight
0.2006851 0.214183 0.9250904 20 SpineShoulder
0.2215308 -0.03121549 0.7017413 21 HandTipLeft
0.1799215 -0.007040145 0.6967419 22 ThumbLeft
0.1918149 -0.3340658 0.7418064 0 SpineBase
0.2044123 -0.001913894 0.8047945 1 SpineMid
0.2109099 0.3010336 0.8429942 2 Neck
0.06627675 0.1731322 0.802361 4 ShoulderLeft
-0.04981238 0.006523939 0.7808931 5 ElbowLeft
0.1381461 -0.01943753 0.6897678 6 WristLeft
0.3143336 0.1016579 0.7768643 8 ShoulderRight
0.3174293 -0.04318563 0.6603295 9 ElbowRight
0.1171442 0.02159156 0.6580604 10 WristRight
0.09707031 -0.3109999 0.7086852 12 HipLeft
0.09834808 -0.6048763 0.6056803 13 KneeLeft
0.2696279 -0.328622 0.7118471 16 HipRight
0.2755536 -0.6170573 0.7359799 17 KneeRight
0.2098305 0.2289864 0.8357555 20 SpineShoulder
0.190309 -0.3195783 0.6744226 0 SpineBase
0.2089201 0.01031643 0.7308934 1 SpineMid
0.2202237 0.3084524 0.7602857 2 Neck
0.06867097 0.1909757 0.7322125 4 ShoulderLeft
-0.03705646 0.02988814 0.6887738 5 ElbowLeft
0.1296652 0.01463808 0.5861575 6 WristLeft
0.1872914 0.007195272 0.5825452 7 HandLeft
0.3053299 0.1081536 0.6881578 8 ShoulderRight
0.2967617 -0.08604763 0.5915823 9 ElbowRight
0.1042667 -0.002787846 0.6110306 10 WristRight
0.06451283 0.004557633 0.6222343 11 HandRight
0.09640857 -0.2948479 0.6473982 12 HipLeft
0.04361008 -0.5842599 0.5351865 13 KneeLeft
0.2659805 -0.3145103 0.6388993 16 HipRight
0.301682 -0.600805 0.6532248 17 KneeRight
0.2179961 0.2380125 0.7552549 20 SpineShoulder
0.2319837 0.01430271 0.5286272 21 HandTipLeft
0.1670534 0.07617442 0.5981765 22 ThumbLeft
0.1477681 -0.3200156 0.6008699 0 SpineBase
0.1509785 -0.05146661 0.6309929 1 SpineMid
0.1483662 0.1897782 0.6339429 2 Neck
0.07694629 0.1736389 0.6439771 4 ShoulderLeft
-0.0001556127 0.01654068 0.5927798 5 ElbowLeft
0.1739066 -0.004021272 0.5343144 6 WristLeft
0.2412763 -0.008111585 0.528389 7 HandLeft
0.2703796 0.09280598 0.5654721 8 ShoulderRight
0.396885 0.1109728 0.617897 9 ElbowRight
0.2379461 0.06869203 0.5342996 10 WristRight
0.2121211 0.07888786 0.536748 11 HandRight
0.07570925 -0.2947341 0.5666029 12 HipLeft
0.1351333 -0.5794073 0.4566424 13 KneeLeft
0.2025269 -0.3128083 0.573856 16 HipRight
0.2206047 -0.6062694 0.5019303 17 KneeRight
0.1495658 0.1331863 0.6358454 20 SpineShoulder
0.2987343 -0.009424266 0.5154666 21 HandTipLeft
0.2211326 0.005167006 0.503 22 ThumbLeft
0.1599022 0.05247986 0.5270596 23 HandTipRight
0.2066575 0.05634581 0.50625 24 ThumbRight
0.1152161 -0.3332606 0.525474 1 SpineMid
0.05502472 -0.09900433 0.5724713 4 ShoulderLeft
0.1513447 0.2568457 0.5359295 7 HandLeft
0.2501915 -0.1835985 0.5027899 8 ShoulderRight
0.1237344 -0.153342 0.5617995 20 SpineShoulder
0.3389614 0.3011281 0.5219153 23 HandTipRight
0.2482151 0.2732325 0.5065 24 ThumbRight
