X              Y         Z      JointType 
-0.1311558 0.09408577 1.705354 0 SpineBase
-0.1182576 0.3896494 1.657802 1 SpineMid
-0.1049286 0.6708366 1.599105 2 Neck
-0.2759105 0.5548393 1.632827 4 ShoulderLeft
-0.3548667 0.3571064 1.730038 5 ElbowLeft
-0.4726555 0.2668449 1.593124 6 WristLeft
-0.489278 0.2752645 1.595553 7 HandLeft
0.05178546 0.5510351 1.579567 8 ShoulderRight
0.1244685 0.348113 1.644628 9 ElbowRight
0.1843006 0.2293393 1.490345 10 WristRight
0.1986437 0.2269524 1.462773 11 HandRight
-0.2037432 0.09316764 1.676015 12 HipLeft
-0.2173373 -0.2009274 1.757739 13 KneeLeft
-0.1665454 -0.5499352 1.910615 14 AnkleLeft
-0.1808901 -0.6330181 1.871606 15 FootLeft
-0.05314511 0.09115137 1.664872 16 HipRight
-0.01707893 -0.2152259 1.724815 17 KneeRight
-0.02210985 -0.5564726 1.898963 18 AnkleRight
-0.03873334 -0.6060434 1.773936 19 FootRight
-0.1083456 0.6025572 1.615652 20 SpineShoulder
-0.5346187 0.2743934 1.549433 21 HandTipLeft
-0.4466843 0.3028754 1.55225 22 ThumbLeft
0.2237751 0.2367831 1.40947 23 HandTipRight
0.1614101 0.2519775 1.418917 24 ThumbRight
-0.1217607 0.09548967 1.712191 0 SpineBase
-0.1080339 0.3910792 1.664968 1 SpineMid
-0.09385966 0.6723531 1.606608 2 Neck
-0.2650891 0.5585176 1.645062 4 ShoulderLeft
-0.3408829 0.3559171 1.73606 5 ElbowLeft
-0.460066 0.2674816 1.599244 6 WristLeft
-0.4727373 0.2773243 1.607764 7 HandLeft
0.06013807 0.5524432 1.583985 8 ShoulderRight
0.1350251 0.3513272 1.649998 9 ElbowRight
0.1899256 0.234013 1.492777 10 WristRight
0.2088754 0.2284512 1.468145 11 HandRight
-0.1937057 0.09505868 1.684619 12 HipLeft
-0.2104381 -0.2064696 1.754567 13 KneeLeft
-0.1659539 -0.5504539 1.910236 14 AnkleLeft
-0.1821593 -0.6330713 1.869668 15 FootLeft
-0.0447653 0.09206684 1.670049 16 HipRight
-0.003506079 -0.2113323 1.734927 17 KneeRight
-0.01573423 -0.5563392 1.909135 18 AnkleRight
-0.02128452 -0.6409028 1.874301 19 FootRight
-0.09748185 0.6040444 1.623073 20 SpineShoulder
-0.509519 0.2752108 1.558573 21 HandTipLeft
-0.426652 0.3020323 1.561429 22 ThumbLeft
0.2259049 0.2373654 1.413619 23 HandTipRight
0.1686566 0.25887 1.426413 24 ThumbRight
-0.1117045 0.09829295 1.720945 0 SpineBase
-0.09810206 0.3928425 1.6733 1 SpineMid
-0.08419096 0.6732068 1.614548 2 Neck
-0.255013 0.561211 1.654639 4 ShoulderLeft
-0.3294908 0.3553346 1.744265 5 ElbowLeft
-0.4495045 0.2680951 1.607456 6 WristLeft
-0.4626176 0.2788742 1.616951 7 HandLeft
0.06976067 0.5535896 1.590219 8 ShoulderRight
0.145429 0.3540192 1.653888 9 ElbowRight
0.1938922 0.2346159 1.496146 10 WristRight
0.2125206 0.2254494 1.471831 11 HandRight
-0.1835939 0.09823692 1.694309 12 HipLeft
-0.2040605 -0.2143436 1.755962 13 KneeLeft
-0.1687828 -0.5550453 1.911619 14 AnkleLeft
-0.1839669 -0.6375181 1.868777 15 FootLeft
-0.03524433 0.09439395 1.677825 16 HipRight
0.003641464 -0.2080191 1.738391 17 KneeRight
-0.01028003 -0.5554367 1.917789 18 AnkleRight
-0.01799876 -0.6392387 1.874081 19 FootRight
-0.08772992 0.6051108 1.631112 20 SpineShoulder
-0.503504 0.2785626 1.574101 21 HandTipLeft
-0.4175 0.3043448 1.5725 22 ThumbLeft
0.2316946 0.233749 1.410076 23 HandTipRight
0.1744662 0.2561732 1.432081 24 ThumbRight
-0.1281903 0.09855788 1.715943 0 SpineBase
-0.1105363 0.3944856 1.696595 1 SpineMid
-0.09331007 0.6757208 1.665964 2 Neck
-0.2747624 0.5581756 1.692662 4 ShoulderLeft
-0.4393441 0.3892932 1.781251 5 ElbowLeft
-0.5666416 0.3687912 1.719402 6 WristLeft
-0.6100026 0.3558877 1.694986 7 HandLeft
0.06593521 0.5545352 1.646398 8 ShoulderRight
0.1545895 0.3190999 1.692222 9 ElbowRight
0.2496401 0.1652521 1.595619 10 WristRight
0.2797477 0.1397721 1.573815 11 HandRight
-0.2008959 0.09567464 1.685521 12 HipLeft
-0.2286634 -0.1854529 1.737181 13 KneeLeft
-0.2014927 -0.541442 1.929023 14 AnkleLeft
-0.2066679 -0.6257849 1.890268 15 FootLeft
-0.05025834 0.09742761 1.676386 16 HipRight
-0.01442291 -0.197213 1.706244 17 KneeRight
-0.01038889 -0.5530337 1.919416 18 AnkleRight
-0.008614883 -0.6373834 1.879171 19 FootRight
-0.09759079 0.6074089 1.675469 20 SpineShoulder
-0.661869 0.3612694 1.681392 21 HandTipLeft
-0.5935256 0.3144167 1.699795 22 ThumbLeft
0.3091123 0.124707 1.555156 23 HandTipRight
0.2671324 0.1024703 1.606286 24 ThumbRight
-0.1293002 0.09723394 1.715475 0 SpineBase
-0.1111439 0.3929116 1.697198 1 SpineMid
-0.09330674 0.6734928 1.668252 2 Neck
-0.2790722 0.5553862 1.696839 4 ShoulderLeft
-0.4399917 0.354785 1.75296 5 ElbowLeft
-0.5777965 0.212095 1.728038 6 WristLeft
-0.5888726 0.2078784 1.722329 7 HandLeft
0.06608699 0.5517948 1.646681 8 ShoulderRight
0.1552071 0.3014623 1.679055 9 ElbowRight
0.2323532 0.1208992 1.626464 10 WristRight
0.2623869 0.07434884 1.608281 11 HandRight
-0.2018764 0.09464845 1.685505 12 HipLeft
-0.2300641 -0.1852942 1.736339 13 KneeLeft
-0.2013699 -0.5422564 1.929067 14 AnkleLeft
-0.2069665 -0.6265253 1.889858 15 FootLeft
-0.0514698 0.09579625 1.67545 16 HipRight
-0.01660851 -0.2002293 1.706729 17 KneeRight
-0.01061548 -0.553372 1.91881 18 AnkleRight
-0.008675176 -0.6377844 1.879419 19 FootRight
-0.09779874 0.6053501 1.677266 20 SpineShoulder
-0.6334968 0.1778647 1.728323 21 HandTipLeft
-0.5547943 0.1867289 1.742462 22 ThumbLeft
0.3147601 0.01963794 1.614174 23 HandTipRight
0.2198537 0.04870852 1.639692 24 ThumbRight
-0.1317788 0.09415944 1.715599 0 SpineBase
-0.1122209 0.3897067 1.698733 1 SpineMid
-0.09293292 0.6701497 1.671325 2 Neck
-0.275669 0.5492005 1.691495 4 ShoulderLeft
-0.3855087 0.3152949 1.740608 5 ElbowLeft
-0.4445492 0.1239241 1.721883 6 WristLeft
-0.4615712 0.07550172 1.720395 7 HandLeft
0.06652681 0.548229 1.646949 8 ShoulderRight
0.1495946 0.2956889 1.679008 9 ElbowRight
0.2035703 0.1056349 1.631527 10 WristRight
0.2063337 0.05051679 1.616047 11 HandRight
-0.2043627 0.09175175 1.685599 12 HipLeft
-0.2290562 -0.1920078 1.740683 13 KneeLeft
-0.2013739 -0.5419377 1.928933 14 AnkleLeft
-0.2070144 -0.6262205 1.88989 15 FootLeft
-0.05382353 0.09269968 1.675736 16 HipRight
-0.01868117 -0.2026282 1.705942 17 KneeRight
-0.01069286 -0.5542901 1.918529 18 AnkleRight
-0.008784981 -0.6387155 1.879522 19 FootRight
-0.09780907 0.6020274 1.679963 20 SpineShoulder
-0.4844708 0.01721012 1.750479 21 HandTipLeft
-0.4227053 0.06284507 1.722637 22 ThumbLeft
0.2219582 -0.006365545 1.637374 23 HandTipRight
0.1643025 0.03647574 1.62228 24 ThumbRight
-0.1287975 0.09006996 1.714917 0 SpineBase
-0.1136193 0.3859841 1.695836 1 SpineMid
-0.09821043 0.667475 1.664781 2 Neck
-0.2785592 0.5468261 1.682165 4 ShoulderLeft
-0.3880567 0.3208644 1.748291 5 ElbowLeft
-0.50257 0.1575746 1.734227 6 WristLeft
-0.5381905 0.1296998 1.730734 7 HandLeft
0.06396801 0.5467331 1.640803 8 ShoulderRight
0.1553656 0.3002481 1.682997 9 ElbowRight
0.2506908 0.135313 1.609963 10 WristRight
0.2829849 0.112476 1.591997 11 HandRight
-0.2014878 0.0867016 1.684369 12 HipLeft
-0.2228212 -0.1945779 1.739428 13 KneeLeft
-0.2011452 -0.5407947 1.928819 14 AnkleLeft
-0.2038001 -0.6254836 1.892517 15 FootLeft
-0.05085445 0.08975297 1.675747 16 HipRight
-0.01078278 -0.1939343 1.697245 17 KneeRight
-0.01171093 -0.5541906 1.918325 18 AnkleRight
-0.009206485 -0.6385844 1.879028 19 FootRight
-0.1021146 0.5990486 1.674472 20 SpineShoulder
-0.5643377 0.1130017 1.738628 21 HandTipLeft
-0.5157317 0.09585504 1.746375 22 ThumbLeft
0.315954 0.08633335 1.582066 23 HandTipRight
0.2653646 0.07731413 1.628857 24 ThumbRight
-0.1289044 0.09010167 1.714869 0 SpineBase
-0.113697 0.386025 1.69562 1 SpineMid
-0.09824144 0.6675421 1.664448 2 Neck
-0.2786134 0.5470047 1.681974 4 ShoulderLeft
-0.38561 0.3188382 1.748451 5 ElbowLeft
-0.4888322 0.1481344 1.745833 6 WristLeft
-0.5222214 0.1178562 1.743435 7 HandLeft
0.06395941 0.5467131 1.640293 8 ShoulderRight
0.155397 0.2990851 1.681922 9 ElbowRight
0.2492436 0.1308449 1.615613 10 WristRight
0.2830099 0.1047927 1.601273 11 HandRight
-0.2015851 0.08674485 1.684335 12 HipLeft
-0.222753 -0.1947532 1.739483 13 KneeLeft
-0.2010438 -0.5404975 1.928702 14 AnkleLeft
-0.2040002 -0.6251678 1.892329 15 FootLeft
-0.05096577 0.08977292 1.675684 16 HipRight
-0.01103785 -0.1945277 1.697698 17 KneeRight
-0.01171765 -0.5542227 1.918302 18 AnkleRight
-0.009066394 -0.6386129 1.879016 19 FootRight
-0.1021598 0.5991087 1.674166 20 SpineShoulder
-0.5384223 0.09324265 1.750247 21 HandTipLeft
-0.4964921 0.08397838 1.761818 22 ThumbLeft
0.3363007 0.07818877 1.590885 23 HandTipRight
0.2568769 0.06869069 1.627214 24 ThumbRight
-0.1289428 0.09007321 1.714816 0 SpineBase
-0.113707 0.3860278 1.695503 1 SpineMid
-0.09821035 0.6675998 1.664301 2 Neck
-0.2785711 0.546773 1.681418 4 ShoulderLeft
-0.3843455 0.3171173 1.749319 5 ElbowLeft
-0.4844289 0.1447397 1.750596 6 WristLeft
-0.5177627 0.1147692 1.748602 7 HandLeft
0.06396649 0.5466375 1.6398 8 ShoulderRight
0.1553008 0.298804 1.681655 9 ElbowRight
0.2485852 0.1291057 1.618822 10 WristRight
0.2812675 0.1020581 1.607417 11 HandRight
-0.2016309 0.08672636 1.684287 12 HipLeft
-0.2225937 -0.194919 1.739523 13 KneeLeft
-0.2009724 -0.5404457 1.92863 14 AnkleLeft
-0.2040588 -0.6251175 1.89251 15 FootLeft
-0.05099418 0.08973547 1.675627 16 HipRight
-0.01114277 -0.1946804 1.697808 17 KneeRight
-0.01171836 -0.5542235 1.918303 18 AnkleRight
-0.008747609 -0.638597 1.878905 19 FootRight
-0.1021401 0.5991514 1.674025 20 SpineShoulder
-0.5360546 0.09108868 1.753515 21 HandTipLeft
-0.4887789 0.08519668 1.76475 22 ThumbLeft
0.3335853 0.07492761 1.600792 23 HandTipRight
0.2469769 0.06828649 1.631417 24 ThumbRight
-0.1238073 0.0875115 1.710007 0 SpineBase
-0.1111642 0.3842842 1.690531 1 SpineMid
-0.09711429 0.6665105 1.65977 2 Neck
-0.2727717 0.5466906 1.671038 4 ShoulderLeft
-0.3389853 0.313868 1.713599 5 ElbowLeft
-0.3700092 0.117453 1.674289 6 WristLeft
-0.3725227 0.06434059 1.668944 7 HandLeft
0.06370468 0.5430563 1.635843 8 ShoulderRight
0.1251285 0.2991787 1.668149 9 ElbowRight
0.1421661 0.1013098 1.624748 10 WristRight
0.1447923 0.04967149 1.611302 11 HandRight
-0.1964556 0.08562529 1.678631 12 HipLeft
-0.2166447 -0.2027984 1.737345 13 KneeLeft
-0.2008175 -0.5398035 1.928494 14 AnkleLeft
-0.2048344 -0.6244376 1.893019 15 FootLeft
-0.04603383 0.08573703 1.671715 16 HipRight
-0.01495172 -0.2059313 1.698838 17 KneeRight
-0.01199326 -0.5544936 1.917304 18 AnkleRight
-0.009099607 -0.6389092 1.878631 19 FootRight
-0.1007654 0.5979537 1.669354 20 SpineShoulder
-0.3774745 0.002067653 1.675797 21 HandTipLeft
-0.3339981 0.05473688 1.652785 22 ThumbLeft
0.1523268 -0.008204589 1.617719 23 HandTipRight
0.1065519 0.0480779 1.60391 24 ThumbRight
-0.1237288 0.08741929 1.710397 0 SpineBase
-0.111037 0.3842384 1.69092 1 SpineMid
-0.09708626 0.6665689 1.660229 2 Neck
-0.2727084 0.5469719 1.671249 4 ShoulderLeft
-0.3390196 0.3138994 1.713423 5 ElbowLeft
-0.3694277 0.1172997 1.674655 6 WristLeft
-0.3709 0.06419799 1.669444 7 HandLeft
0.06373491 0.5428864 1.636731 8 ShoulderRight
0.1249654 0.298896 1.668408 9 ElbowRight
0.1421314 0.100844 1.626183 10 WristRight
0.1443529 0.04926823 1.61251 11 HandRight
-0.1963984 0.08558647 1.678884 12 HipLeft
-0.2168859 -0.2036067 1.738641 13 KneeLeft
-0.2008811 -0.5397524 1.928674 14 AnkleLeft
-0.2046843 -0.6243978 1.892975 15 FootLeft
-0.04594414 0.08559626 1.672261 16 HipRight
-0.01485492 -0.2070563 1.700825 17 KneeRight
-0.01199753 -0.5544271 1.917348 18 AnkleRight
-0.009126631 -0.6388555 1.87885 19 FootRight
-0.1007004 0.5979784 1.669789 20 SpineShoulder
-0.3731105 0.002555146 1.677289 21 HandTipLeft
-0.3355143 0.04274141 1.651067 22 ThumbLeft
0.1498489 -0.00726292 1.618221 23 HandTipRight
0.1086427 0.03556576 1.600333 24 ThumbRight
-0.1235788 0.08734754 1.71092 0 SpineBase
-0.110901 0.384203 1.69138 1 SpineMid
-0.09709533 0.6666013 1.660726 2 Neck
-0.2727272 0.5471484 1.671381 4 ShoulderLeft
-0.3390394 0.3139063 1.713218 5 ElbowLeft
-0.3688036 0.1166526 1.675084 6 WristLeft
-0.3705322 0.06413682 1.670747 7 HandLeft
0.06371995 0.5427915 1.637409 8 ShoulderRight
0.1247349 0.2983221 1.669074 9 ElbowRight
0.1420955 0.1003512 1.626494 10 WristRight
0.1446498 0.05129051 1.609118 11 HandRight
-0.1963013 0.08551282 1.679182 12 HipLeft
-0.2168615 -0.2039463 1.739519 13 KneeLeft
-0.2008123 -0.5397823 1.928719 14 AnkleLeft
-0.204801 -0.6244074 1.89285 15 FootLeft
-0.04575021 0.08556302 1.673045 16 HipRight
-0.01470977 -0.2049055 1.700359 17 KneeRight
-0.01202268 -0.5542987 1.91732 18 AnkleRight
-0.009180428 -0.6387351 1.878906 19 FootRight
-0.1006662 0.597988 1.670266 20 SpineShoulder
-0.3729756 0.002684271 1.679672 21 HandTipLeft
-0.3345008 0.04532794 1.651333 22 ThumbLeft
0.1507759 -0.01159466 1.620902 23 HandTipRight
0.10983 0.02300933 1.594833 24 ThumbRight
-0.1235298 0.08734311 1.715022 0 SpineBase
-0.1111879 0.3838625 1.693799 1 SpineMid
-0.09837885 0.6660941 1.661845 2 Neck
-0.2735971 0.5488536 1.672415 4 ShoulderLeft
-0.3400143 0.3145949 1.711578 5 ElbowLeft
-0.3688898 0.1173738 1.675424 6 WristLeft
-0.3703847 0.06443254 1.67046 7 HandLeft
0.06265453 0.5426011 1.640033 8 ShoulderRight
0.1245672 0.2963893 1.671051 9 ElbowRight
0.1462314 0.09949851 1.624948 10 WristRight
0.1494164 0.05270438 1.602072 11 HandRight
-0.1961142 0.08541264 1.683142 12 HipLeft
-0.217202 -0.2047654 1.744061 13 KneeLeft
-0.2008032 -0.5395876 1.930075 14 AnkleLeft
-0.2051924 -0.6241324 1.892837 15 FootLeft
-0.04584866 0.08572745 1.677297 16 HipRight
-0.01308942 -0.1989325 1.698857 17 KneeRight
-0.01176219 -0.5530136 1.917291 18 AnkleRight
-0.01297185 -0.637584 1.880575 19 FootRight
-0.1016466 0.5975049 1.671741 20 SpineShoulder
-0.3736325 0.002071582 1.678887 21 HandTipLeft
-0.3310652 0.06164645 1.656325 22 ThumbLeft
0.1596728 0.0003174237 1.614711 23 HandTipRight
0.1099322 0.04116077 1.590767 24 ThumbRight
-0.1238987 0.08770924 1.714879 0 SpineBase
-0.1111256 0.3841635 1.69383 1 SpineMid
-0.09785289 0.6665869 1.662086 2 Neck
-0.2733707 0.5489588 1.672285 4 ShoulderLeft
-0.3398451 0.3147704 1.711442 5 ElbowLeft
-0.369357 0.1177435 1.674591 6 WristLeft
-0.3705015 0.06467344 1.669569 7 HandLeft
0.06275987 0.5426407 1.640092 8 ShoulderRight
0.1268504 0.296425 1.671797 9 ElbowRight
0.1782361 0.1079025 1.614074 10 WristRight
0.1977027 0.07038429 1.580037 11 HandRight
-0.1964328 0.08568137 1.683066 12 HipLeft
-0.216901 -0.2045489 1.743848 13 KneeLeft
-0.200853 -0.5395291 1.93008 14 AnkleLeft
-0.2052351 -0.6240686 1.892706 15 FootLeft
-0.04626349 0.08619504 1.67704 16 HipRight
-0.01319374 -0.195411 1.695616 17 KneeRight
-0.01183716 -0.5532514 1.917371 18 AnkleRight
-0.01349383 -0.6378125 1.880697 19 FootRight
-0.1012663 0.5979275 1.671907 20 SpineShoulder
-0.374109 0.002220675 1.678669 21 HandTipLeft
-0.3328443 0.04628521 1.653467 22 ThumbLeft
0.2367081 0.01837153 1.572799 23 HandTipRight
0.1681729 0.04694326 1.584687 24 ThumbRight
-0.1244318 0.08801098 1.714841 0 SpineBase
-0.1113036 0.3842777 1.693921 1 SpineMid
-0.0978896 0.6666119 1.662239 2 Neck
-0.2733842 0.5489973 1.67235 4 ShoulderLeft
-0.3399293 0.314819 1.711448 5 ElbowLeft
-0.3699057 0.1179068 1.674313 6 WristLeft
-0.3712393 0.06407964 1.668827 7 HandLeft
0.06271505 0.5427495 1.6401 8 ShoulderRight
0.1361445 0.2993784 1.671488 9 ElbowRight
0.2189545 0.1282847 1.59667 10 WristRight
0.249288 0.08711541 1.573162 11 HandRight
-0.1969129 0.08593602 1.683073 12 HipLeft
-0.2168753 -0.2045289 1.743824 13 KneeLeft
-0.2008223 -0.539077 1.929891 14 AnkleLeft
-0.2050538 -0.6236395 1.892603 15 FootLeft
-0.04683749 0.08653489 1.676945 16 HipRight
-0.01311816 -0.1954336 1.695705 17 KneeRight
-0.01189021 -0.5534601 1.917444 18 AnkleRight
-0.01274358 -0.6380231 1.880597 19 FootRight
-0.1013273 0.5979686 1.672037 20 SpineShoulder
-0.3756325 0.002010631 1.676236 21 HandTipLeft
-0.3326287 0.04847382 1.652682 22 ThumbLeft
0.3009262 0.04743022 1.557083 23 HandTipRight
0.2363823 0.04941645 1.607286 24 ThumbRight
-0.1293918 0.0937385 1.709825 0 SpineBase
-0.1197473 0.3890805 1.692549 1 SpineMid
-0.1100755 0.6700617 1.664112 2 Neck
-0.2833279 0.548043 1.674437 4 ShoulderLeft
-0.3458463 0.3142893 1.714692 5 ElbowLeft
-0.3706391 0.1169754 1.675065 6 WristLeft
-0.370811 0.06399566 1.669036 7 HandLeft
0.06421196 0.5513236 1.645195 8 ShoulderRight
0.2884136 0.4583594 1.631669 9 ElbowRight
0.458497 0.4870536 1.514986 10 WristRight
0.4847308 0.5041316 1.480514 11 HandRight
-0.20217 0.09113032 1.67681 12 HipLeft
-0.2114407 -0.1964669 1.730876 13 KneeLeft
-0.2014823 -0.5398962 1.929152 14 AnkleLeft
-0.2044714 -0.6245621 1.891943 15 FootLeft
-0.05131288 0.09256428 1.673057 16 HipRight
-0.008155392 -0.1950482 1.696084 17 KneeRight
-0.01028812 -0.5509673 1.918221 18 AnkleRight
-0.008978065 -0.6355625 1.880664 19 FootRight
-0.1125599 0.6017792 1.673114 20 SpineShoulder
-0.3758242 0.001720012 1.672831 21 HandTipLeft
-0.3332648 0.05646551 1.657012 22 ThumbLeft
0.5159085 0.5468706 1.453581 23 HandTipRight
0.5313514 0.5127021 1.508778 24 ThumbRight
-0.1294034 0.09372634 1.709733 0 SpineBase
-0.1197595 0.3890724 1.692444 1 SpineMid
-0.1100681 0.6700622 1.664007 2 Neck
-0.283205 0.5479406 1.674021 4 ShoulderLeft
-0.3458189 0.3142593 1.714594 5 ElbowLeft
-0.3705616 0.116945 1.674924 6 WristLeft
-0.3711272 0.06403475 1.668348 7 HandLeft
0.06435918 0.5513287 1.645069 8 ShoulderRight
0.2895811 0.4585602 1.630895 9 ElbowRight
0.4589421 0.4877145 1.514682 10 WristRight
0.4849125 0.5042206 1.479926 11 HandRight
-0.2021753 0.09112298 1.676762 12 HipLeft
-0.2112558 -0.1964097 1.730445 13 KneeLeft
-0.2014855 -0.5397127 1.929091 14 AnkleLeft
-0.2044473 -0.624382 1.891859 15 FootLeft
-0.05133097 0.09254479 1.672914 16 HipRight
-0.00811529 -0.1953815 1.695952 17 KneeRight
-0.01018298 -0.5509395 1.918283 18 AnkleRight
-0.009304928 -0.6355432 1.880795 19 FootRight
-0.1125585 0.6017768 1.673008 20 SpineShoulder
-0.375672 0.001717025 1.672195 21 HandTipLeft
-0.3329187 0.05722335 1.657425 22 ThumbLeft
0.515444 0.5463719 1.452273 23 HandTipRight
0.5318975 0.5153052 1.5104 24 ThumbRight
-0.1292742 0.0936476 1.709279 0 SpineBase
-0.1196541 0.3889712 1.691924 1 SpineMid
-0.1099197 0.6699441 1.663429 2 Neck
-0.282907 0.5477223 1.673002 4 ShoulderLeft
-0.3456132 0.3141603 1.713935 5 ElbowLeft
-0.3702764 0.116831 1.674284 6 WristLeft
-0.3707949 0.06309404 1.667872 7 HandLeft
0.06488332 0.5511122 1.644552 8 ShoulderRight
0.2932827 0.4600577 1.628894 9 ElbowRight
0.4598989 0.4896251 1.514034 10 WristRight
0.4855564 0.5077932 1.478818 11 HandRight
-0.2020503 0.09102359 1.676329 12 HipLeft
-0.210824 -0.1968353 1.730196 13 KneeLeft
-0.2015217 -0.5398824 1.92899 14 AnkleLeft
-0.2043266 -0.6245501 1.891582 15 FootLeft
-0.05119978 0.09248514 1.672456 16 HipRight
-0.007693376 -0.1946412 1.694037 17 KneeRight
-0.009597318 -0.5510384 1.918445 18 AnkleRight
-0.009486674 -0.6356246 1.880592 19 FootRight
-0.1124256 0.6016605 1.672444 20 SpineShoulder
-0.3735557 0.001632513 1.672971 21 HandTipLeft
-0.3312696 0.06132125 1.657772 22 ThumbLeft
0.5197442 0.5517617 1.454618 23 HandTipRight
0.5206404 0.4761127 1.485889 24 ThumbRight
-0.1264801 0.09424922 1.703509 0 SpineBase
-0.1178501 0.3884942 1.686359 1 SpineMid
-0.1087643 0.6684715 1.657959 2 Neck
-0.2826042 0.5475927 1.670032 4 ShoulderLeft
-0.343944 0.3133142 1.710677 5 ElbowLeft
-0.3678869 0.1159792 1.670411 6 WristLeft
-0.3697764 0.06211924 1.664442 7 HandLeft
0.0754003 0.5496924 1.637704 8 ShoulderRight
0.3335644 0.5137982 1.595078 9 ElbowRight
0.4852746 0.5841375 1.481407 10 WristRight
0.4904212 0.5978562 1.459777 11 HandRight
-0.199041 0.09148701 1.671054 12 HipLeft
-0.2086052 -0.2011942 1.730828 13 KneeLeft
-0.2011755 -0.5386723 1.927977 14 AnkleLeft
-0.2036397 -0.6233879 1.891476 15 FootLeft
-0.04870884 0.09316103 1.666194 16 HipRight
-0.00722192 -0.1901529 1.683802 17 KneeRight
-0.006265316 -0.5480911 1.918614 18 AnkleRight
-0.01023042 -0.6326161 1.880943 19 FootRight
-0.1111205 0.6004257 1.666962 20 SpineShoulder
-0.3777548 0.001301408 1.668658 21 HandTipLeft
-0.331636 0.05358051 1.654466 22 ThumbLeft
0.5206976 0.6488089 1.441263 23 HandTipRight
0.5386669 0.5857427 1.484545 24 ThumbRight
-0.1267318 0.09409808 1.703071 0 SpineBase
-0.1180321 0.3882497 1.686098 1 SpineMid
-0.1089028 0.6681194 1.657855 2 Neck
-0.2830121 0.5475529 1.669421 4 ShoulderLeft
-0.3448184 0.3131827 1.710031 5 ElbowLeft
-0.3692517 0.1159205 1.669723 6 WristLeft
-0.3713245 0.06278766 1.663753 7 HandLeft
0.07530664 0.5494143 1.637827 8 ShoulderRight
0.3328603 0.5129615 1.59474 9 ElbowRight
0.4844983 0.5831006 1.480808 10 WristRight
0.4885917 0.5970358 1.459981 11 HandRight
-0.1992817 0.09140389 1.670613 12 HipLeft
-0.2089751 -0.2014669 1.730756 13 KneeLeft
-0.2011754 -0.5385048 1.92782 14 AnkleLeft
-0.2034661 -0.6232446 1.891612 15 FootLeft
-0.04895647 0.09294446 1.665752 16 HipRight
-0.007612873 -0.1899204 1.68284 17 KneeRight
-0.006326487 -0.5482835 1.918711 18 AnkleRight
-0.01101232 -0.6327552 1.880734 19 FootRight
-0.1112686 0.600105 1.666818 20 SpineShoulder
-0.3782915 0.001301892 1.671074 21 HandTipLeft
-0.3320698 0.0523093 1.654288 22 ThumbLeft
0.5184134 0.6496768 1.444981 23 HandTipRight
0.5381007 0.6019952 1.496714 24 ThumbRight
-0.1271987 0.09399957 1.702822 0 SpineBase
-0.1181764 0.3881217 1.686051 1 SpineMid
-0.1089007 0.6679098 1.657946 2 Neck
-0.2833198 0.5478148 1.669205 4 ShoulderLeft
-0.3457612 0.3134684 1.70985 5 ElbowLeft
-0.3730249 0.1167686 1.668537 6 WristLeft
-0.3761873 0.06302527 1.662836 7 HandLeft
0.07532513 0.5486638 1.638442 8 ShoulderRight
0.3325175 0.5122738 1.594992 9 ElbowRight
0.4841128 0.582589 1.481114 10 WristRight
0.4894204 0.5953044 1.462479 11 HandRight
-0.1997654 0.09142407 1.670356 12 HipLeft
-0.2096783 -0.2012732 1.730436 13 KneeLeft
-0.2011665 -0.5387688 1.927901 14 AnkleLeft
-0.203552 -0.6234953 1.891598 15 FootLeft
-0.04940926 0.09272469 1.665507 16 HipRight
-0.008383255 -0.1916357 1.683789 17 KneeRight
-0.006553842 -0.5485154 1.918649 18 AnkleRight
-0.0103216 -0.6330197 1.880573 19 FootRight
-0.1113046 0.5999316 1.666867 20 SpineShoulder
-0.3841733 0.002815704 1.670448 21 HandTipLeft
-0.3359092 0.0539934 1.655706 22 ThumbLeft
0.5170497 0.6452501 1.442482 23 HandTipRight
0.5361111 0.6067857 1.4998 24 ThumbRight
-0.1270421 0.09469098 1.706043 0 SpineBase
-0.1188616 0.3885227 1.690857 1 SpineMid
-0.1102965 0.6680975 1.66488 2 Neck
-0.2855777 0.5499822 1.675003 4 ShoulderLeft
-0.3486256 0.3148883 1.714038 5 ElbowLeft
-0.3747936 0.1178878 1.673642 6 WristLeft
-0.3768199 0.06343811 1.667839 7 HandLeft
0.07466581 0.5490789 1.645779 8 ShoulderRight
0.3302712 0.5151992 1.599356 9 ElbowRight
0.479533 0.5902988 1.48554 10 WristRight
0.486038 0.6043471 1.467179 11 HandRight
-0.1996861 0.09171388 1.672763 12 HipLeft
-0.2082506 -0.2022628 1.734671 13 KneeLeft
-0.2008831 -0.5391434 1.927775 14 AnkleLeft
-0.2037991 -0.6238359 1.891643 15 FootLeft
-0.04917568 0.09382101 1.669711 16 HipRight
-0.006991934 -0.1880232 1.687848 17 KneeRight
-0.00607732 -0.5481422 1.918606 18 AnkleRight
-0.01063302 -0.6326803 1.8818 19 FootRight
-0.1125268 0.6001391 1.673242 20 SpineShoulder
-0.3813421 0.002064307 1.672871 21 HandTipLeft
-0.3369015 0.05778595 1.658869 22 ThumbLeft
0.515806 0.6552652 1.448616 23 HandTipRight
0.5304532 0.5769919 1.477101 24 ThumbRight
-0.1270875 0.09478798 1.706188 0 SpineBase
-0.1188889 0.388595 1.690954 1 SpineMid
-0.1102997 0.6681523 1.664926 2 Neck
-0.285706 0.5501325 1.675077 4 ShoulderLeft
-0.3487725 0.3151035 1.714193 5 ElbowLeft
-0.3748431 0.1181293 1.673537 6 WristLeft
-0.3769243 0.06363665 1.667323 7 HandLeft
0.07457617 0.5491816 1.645881 8 ShoulderRight
0.3300735 0.5152161 1.599433 9 ElbowRight
0.4793775 0.5902474 1.485625 10 WristRight
0.4851394 0.6041607 1.466501 11 HandRight
-0.1997158 0.09176241 1.672835 12 HipLeft
-0.208429 -0.2021421 1.734887 13 KneeLeft
-0.2008918 -0.5391841 1.927775 14 AnkleLeft
-0.2038657 -0.6238725 1.891655 15 FootLeft
-0.04923604 0.09397216 1.669939 16 HipRight
-0.006997495 -0.1877598 1.688181 17 KneeRight
-0.006073083 -0.5482002 1.918807 18 AnkleRight
-0.01053719 -0.6327312 1.88174 19 FootRight
-0.1125361 0.6001976 1.6733 20 SpineShoulder
-0.3805202 0.001719519 1.673637 21 HandTipLeft
-0.3369773 0.05309924 1.657958 22 ThumbLeft
0.5173306 0.6580244 1.455028 23 HandTipRight
0.5300167 0.57509 1.476687 24 ThumbRight
-0.1271631 0.09484524 1.706277 0 SpineBase
-0.118948 0.3886941 1.691018 1 SpineMid
-0.1103457 0.6683201 1.664945 2 Neck
-0.2857877 0.5502792 1.675012 4 ShoulderLeft
-0.348859 0.3152801 1.714179 5 ElbowLeft
-0.3750954 0.1183654 1.673291 6 WristLeft
-0.3765188 0.06368004 1.666817 7 HandLeft
0.07451198 0.5491927 1.645986 8 ShoulderRight
0.3299607 0.5152528 1.599329 9 ElbowRight
0.4792721 0.5902815 1.485529 10 WristRight
0.4852061 0.604343 1.466707 11 HandRight
-0.1997841 0.09182332 1.672891 12 HipLeft
-0.2085118 -0.2020862 1.735261 13 KneeLeft
-0.2009667 -0.5393207 1.92777 14 AnkleLeft
-0.2036916 -0.6240221 1.891612 15 FootLeft
-0.04931687 0.09401987 1.670061 16 HipRight
-0.007116701 -0.1881541 1.689084 17 KneeRight
-0.006117741 -0.5481982 1.918788 18 AnkleRight
-0.01091518 -0.6327172 1.881829 19 FootRight
-0.1125859 0.6003457 1.673335 20 SpineShoulder
-0.3828271 0.001630105 1.673952 21 HandTipLeft
-0.3370632 0.05762842 1.658845 22 ThumbLeft
0.5171442 0.6591315 1.454718 23 HandTipRight
0.5310564 0.5781165 1.4804 24 ThumbRight
-0.128352 0.095382 1.70758 0 SpineBase
-0.12079 0.389415 1.69274 1 SpineMid
-0.1128332 0.6692553 1.667016 2 Neck
-0.288505 0.5497617 1.679793 4 ShoulderLeft
-0.3511646 0.3151456 1.718596 5 ElbowLeft
-0.3791384 0.1186319 1.676915 6 WristLeft
-0.3818806 0.06533338 1.670029 7 HandLeft
0.07091968 0.5501956 1.64612 8 ShoulderRight
0.3278061 0.5154593 1.594892 9 ElbowRight
0.4763864 0.5915148 1.480791 10 WristRight
0.4812137 0.6054403 1.460465 11 HandRight
-0.2011315 0.09249848 1.675293 12 HipLeft
-0.2106492 -0.202242 1.737203 13 KneeLeft
-0.2009229 -0.5390726 1.928559 14 AnkleLeft
-0.2046015 -0.6236952 1.891922 15 FootLeft
-0.05040978 0.09440158 1.670493 16 HipRight
-0.008718599 -0.1931863 1.694213 17 KneeRight
-0.006943657 -0.5484563 1.919007 18 AnkleRight
-0.008800799 -0.6330757 1.881969 19 FootRight
-0.1149152 0.6012273 1.675326 20 SpineShoulder
-0.3884397 0.005861666 1.675898 21 HandTipLeft
-0.34252 0.06250948 1.663691 22 ThumbLeft
0.5121464 0.6605171 1.45167 23 HandTipRight
0.5247318 0.5726815 1.466957 24 ThumbRight
-0.1284191 0.09538087 1.707653 0 SpineBase
-0.1208528 0.3894534 1.692799 1 SpineMid
-0.1128893 0.6693422 1.66706 2 Neck
-0.2886777 0.5498284 1.6798 4 ShoulderLeft
-0.3514131 0.3150719 1.718787 5 ElbowLeft
-0.3797958 0.1186666 1.676839 6 WristLeft
-0.3826196 0.06518462 1.669876 7 HandLeft
0.07077701 0.5501703 1.646153 8 ShoulderRight
0.3277121 0.515494 1.594811 9 ElbowRight
0.4761123 0.5917654 1.480614 10 WristRight
0.4813704 0.605938 1.461012 11 HandRight
-0.2011973 0.09250187 1.675433 12 HipLeft
-0.2106497 -0.2027334 1.737923 13 KneeLeft
-0.2008988 -0.539108 1.928541 14 AnkleLeft
-0.2044166 -0.623741 1.891882 15 FootLeft
-0.05046649 0.09439624 1.670505 16 HipRight
-0.008782879 -0.1938387 1.694915 17 KneeRight
-0.007266237 -0.5487248 1.918801 18 AnkleRight
-0.008469317 -0.6333536 1.881835 19 FootRight
-0.1149735 0.6012999 1.675373 20 SpineShoulder
-0.3898733 0.006273718 1.674986 21 HandTipLeft
-0.3430876 0.06249005 1.664124 22 ThumbLeft
0.5099939 0.6590953 1.445733 23 HandTipRight
0.5245074 0.5732822 1.46683 24 ThumbRight
-0.1285678 0.09535015 1.707844 0 SpineBase
-0.1210232 0.389459 1.693009 1 SpineMid
-0.1130628 0.6693869 1.667281 2 Neck
-0.2888412 0.5495301 1.679619 4 ShoulderLeft
-0.3516851 0.315066 1.719012 5 ElbowLeft
-0.380223 0.1187038 1.676956 6 WristLeft
-0.382103 0.06450256 1.67061 7 HandLeft
0.07056133 0.5501868 1.646238 8 ShoulderRight
0.3275764 0.5155277 1.594804 9 ElbowRight
0.4759923 0.591809 1.480636 10 WristRight
0.4810337 0.6060473 1.461611 11 HandRight
-0.2013247 0.0925096 1.675684 12 HipLeft
-0.2106708 -0.2026408 1.737915 13 KneeLeft
-0.200834 -0.5392889 1.928712 14 AnkleLeft
-0.2048149 -0.6238678 1.891679 15 FootLeft
-0.05060709 0.09433625 1.670608 16 HipRight
-0.00885498 -0.1943238 1.695649 17 KneeRight
-0.007872213 -0.5492057 1.918711 18 AnkleRight
-0.007885833 -0.6338096 1.881199 19 FootRight
-0.1151474 0.6013348 1.675592 20 SpineShoulder
-0.3851022 0.002217614 1.675149 21 HandTipLeft
-0.3424068 0.06141409 1.662843 22 ThumbLeft
0.5146732 0.6626092 1.456811 23 HandTipRight
0.5232165 0.5713736 1.464823 24 ThumbRight
-0.1288892 0.09528086 1.70808 0 SpineBase
-0.121555 0.389324 1.694033 1 SpineMid
-0.1137564 0.6689587 1.66876 2 Neck
-0.2905608 0.548753 1.681747 4 ShoulderLeft
-0.3513046 0.3134885 1.722447 5 ElbowLeft
-0.3768546 0.1165344 1.681384 6 WristLeft
-0.3785231 0.06339819 1.673066 7 HandLeft
0.0693481 0.5502064 1.64589 8 ShoulderRight
0.3263944 0.5177544 1.588403 9 ElbowRight
0.4723804 0.595744 1.472102 10 WristRight
0.4792259 0.6097301 1.455582 11 HandRight
-0.2015758 0.09207026 1.676363 12 HipLeft
-0.2103001 -0.2032762 1.739224 13 KneeLeft
-0.2006032 -0.5389838 1.928168 14 AnkleLeft
-0.205144 -0.6234977 1.890694 15 FootLeft
-0.05095362 0.09457351 1.67012 16 HipRight
-0.00836888 -0.1924172 1.692319 17 KneeRight
-0.006635689 -0.5490463 1.918918 18 AnkleRight
-0.01105599 -0.6335413 1.881346 19 FootRight
-0.1158021 0.601003 1.676936 20 SpineShoulder
-0.381782 0.00166118 1.678763 21 HandTipLeft
-0.3406787 0.05923375 1.664201 22 ThumbLeft
0.5049627 0.663224 1.439873 23 HandTipRight
0.523152 0.5861601 1.467741 24 ThumbRight
-0.1289008 0.09526396 1.707948 0 SpineBase
-0.1215763 0.3893174 1.694013 1 SpineMid
-0.1138073 0.6689591 1.668805 2 Neck
-0.2905827 0.5486024 1.681668 4 ShoulderLeft
-0.3513382 0.3135109 1.72238 5 ElbowLeft
-0.3768216 0.1165695 1.681177 6 WristLeft
-0.3783793 0.06350123 1.673051 7 HandLeft
0.0693356 0.5502156 1.645895 8 ShoulderRight
0.3262686 0.5180193 1.588508 9 ElbowRight
0.4722351 0.5966927 1.472706 10 WristRight
0.4794072 0.6098741 1.455976 11 HandRight
-0.2015772 0.09201279 1.676235 12 HipLeft
-0.2102448 -0.2032472 1.739103 13 KneeLeft
-0.2006676 -0.5388067 1.928021 14 AnkleLeft
-0.2048506 -0.6233767 1.891043 15 FootLeft
-0.05097032 0.09458558 1.669973 16 HipRight
-0.008249796 -0.1911422 1.691023 17 KneeRight
-0.006646746 -0.5490438 1.918904 18 AnkleRight
-0.01066106 -0.6335565 1.881312 19 FootRight
-0.1158388 0.6009999 1.676959 20 SpineShoulder
-0.3816779 0.001660188 1.678302 21 HandTipLeft
-0.3405972 0.05908195 1.664068 22 ThumbLeft
0.5036584 0.6627474 1.437253 23 HandTipRight
0.5241678 0.5876821 1.470027 24 ThumbRight
-0.1289196 0.0952555 1.707898 0 SpineBase
-0.1216008 0.3893124 1.694001 1 SpineMid
-0.1138547 0.6689594 1.668833 2 Neck
-0.2905883 0.5485637 1.681639 4 ShoulderLeft
-0.3513677 0.3135772 1.722279 5 ElbowLeft
-0.3766629 0.1166387 1.68089 6 WristLeft
-0.3781559 0.06340052 1.672264 7 HandLeft
0.06930254 0.5502196 1.645899 8 ShoulderRight
0.3261867 0.5181007 1.588552 9 ElbowRight
0.4721656 0.5970942 1.473016 10 WristRight
0.479645 0.6103269 1.456256 11 HandRight
-0.2015978 0.09199032 1.676163 12 HipLeft
-0.210207 -0.2032082 1.738923 13 KneeLeft
-0.2006927 -0.5386863 1.927978 14 AnkleLeft
-0.2047572 -0.6232715 1.891089 15 FootLeft
-0.05098519 0.09458842 1.669939 16 HipRight
-0.008282512 -0.1905449 1.690303 17 KneeRight
-0.006659089 -0.5490503 1.918896 18 AnkleRight
-0.01039736 -0.6335711 1.881236 19 FootRight
-0.1158779 0.6009979 1.676975 20 SpineShoulder
-0.3808366 0.001308248 1.678957 21 HandTipLeft
-0.3405038 0.0514074 1.66045 22 ThumbLeft
0.5045374 0.6639025 1.439753 23 HandTipRight
0.5241073 0.5875773 1.469905 24 ThumbRight
-0.1273932 0.0986643 1.702243 0 SpineBase
-0.1182912 0.390088 1.689303 1 SpineMid
-0.1065238 0.6669917 1.66596 2 Neck
-0.2849546 0.551257 1.684786 4 ShoulderLeft
-0.3508904 0.3124025 1.714296 5 ElbowLeft
-0.3772261 0.1160274 1.671928 6 WristLeft
-0.3768716 0.06290317 1.668518 7 HandLeft
0.07723944 0.5580139 1.634521 8 ShoulderRight
0.2562831 0.6118407 1.552582 9 ElbowRight
0.1152125 0.7483721 1.520935 10 WristRight
0.07893539 0.7830796 1.550997 11 HandRight
-0.2001401 0.09558997 1.670851 12 HipLeft
-0.2112574 -0.1980976 1.735278 13 KneeLeft
-0.2010016 -0.538785 1.927723 14 AnkleLeft
-0.2045401 -0.6234304 1.89137 15 FootLeft
-0.04933555 0.09778108 1.663944 16 HipRight
-0.008377681 -0.182157 1.686484 17 KneeRight
-0.006523014 -0.5479244 1.918164 18 AnkleRight
-0.01169653 -0.632459 1.882071 19 FootRight
-0.1097586 0.5998417 1.673584 20 SpineShoulder
-0.3782823 0.002827537 1.67546 21 HandTipLeft
-0.340073 0.05739752 1.656016 22 ThumbLeft
0.04932104 0.8062543 1.574651 23 HandTipRight
0.1074117 0.7988644 1.538 24 ThumbRight
-0.1270506 0.1020529 1.701296 0 SpineBase
-0.1163982 0.3917893 1.689433 1 SpineMid
-0.1032517 0.6677308 1.667022 2 Neck
-0.2843733 0.5518801 1.68556 4 ShoulderLeft
-0.3512702 0.3124836 1.714674 5 ElbowLeft
-0.3770911 0.1158925 1.673175 6 WristLeft
-0.3768588 0.06290484 1.671556 7 HandLeft
0.0773072 0.5581115 1.633138 8 ShoulderRight
0.2564621 0.6113331 1.550965 9 ElbowRight
0.09515633 0.7261364 1.534445 10 WristRight
0.05402994 0.761276 1.564739 11 HandRight
-0.2000761 0.09871338 1.670214 12 HipLeft
-0.2116377 -0.1970216 1.736031 13 KneeLeft
-0.2010644 -0.538917 1.928056 14 AnkleLeft
-0.2046726 -0.623544 1.891398 15 FootLeft
-0.04871349 0.1013065 1.662665 16 HipRight
-0.008228799 -0.1797672 1.686031 17 KneeRight
-0.007154629 -0.5483497 1.91782 18 AnkleRight
-0.01110353 -0.6329375 1.881758 19 FootRight
-0.1068083 0.600784 1.674419 20 SpineShoulder
-0.3771248 0.003251366 1.677164 21 HandTipLeft
-0.3397378 0.06098992 1.660212 22 ThumbLeft
0.01347442 0.7845454 1.592276 23 HandTipRight
0.08175138 0.7797044 1.548545 24 ThumbRight
-0.1272945 0.1067198 1.699053 0 SpineBase
-0.1153802 0.3935832 1.689057 1 SpineMid
-0.1019546 0.6680242 1.667639 2 Neck
-0.2836771 0.5522509 1.686256 4 ShoulderLeft
-0.3529715 0.3121637 1.716271 5 ElbowLeft
-0.3782452 0.1152869 1.676136 6 WristLeft
-0.3790731 0.06222451 1.675761 7 HandLeft
0.07811257 0.5576017 1.63063 8 ShoulderRight
0.2575203 0.612175 1.550374 9 ElbowRight
0.08791731 0.7218958 1.539334 10 WristRight
0.04897014 0.7582341 1.567007 11 HandRight
-0.2005985 0.1032436 1.668516 12 HipLeft
-0.2086777 -0.1930815 1.729416 13 KneeLeft
-0.2010055 -0.5393472 1.928205 14 AnkleLeft
-0.2047608 -0.6239432 1.891236 15 FootLeft
-0.04869875 0.1059384 1.659814 16 HipRight
-0.008735493 -0.1797491 1.686768 17 KneeRight
-0.007923818 -0.5483347 1.91748 18 AnkleRight
-0.01068962 -0.6329698 1.881569 19 FootRight
-0.1055919 0.6013427 1.674811 20 SpineShoulder
-0.3808517 0.00242805 1.680493 21 HandTipLeft
-0.3422017 0.05870157 1.663047 22 ThumbLeft
0.003728211 0.7938614 1.593656 23 HandTipRight
0.083703 0.7768021 1.5458 24 ThumbRight
-0.2324801 0.1032156 1.738441 0 SpineBase
-0.2112033 0.3910694 1.733554 1 SpineMid
-0.1898859 0.6652983 1.71757 2 Neck
-0.3636945 0.5437723 1.729204 4 ShoulderLeft
-0.4531403 0.3065919 1.790267 5 ElbowLeft
-0.4772694 0.1096345 1.751796 6 WristLeft
-0.4800497 0.05729508 1.746688 7 HandLeft
-0.02064168 0.542908 1.683505 8 ShoulderRight
0.15052 0.6043027 1.587153 9 ElbowRight
-0.01955006 0.7052249 1.57139 10 WristRight
-0.03389321 0.7174962 1.574718 11 HandRight
-0.3050835 0.1032846 1.71136 12 HipLeft
-0.2843863 -0.2198664 1.779576 13 KneeLeft
-0.2154623 -0.546535 1.941094 14 AnkleLeft
-0.2165257 -0.6297327 1.891201 15 FootLeft
-0.1506235 0.09904896 1.696317 16 HipRight
-0.1002534 -0.2330143 1.71841 17 KneeRight
-0.04239544 -0.5628878 1.893111 18 AnkleRight
-0.003124487 -0.6387153 1.867764 19 FootRight
-0.1952893 0.5985922 1.723479 20 SpineShoulder
-0.4832522 -0.00278614 1.755055 21 HandTipLeft
-0.4427544 0.05098879 1.725107 22 ThumbLeft
-0.060543 0.7396517 1.614439 23 HandTipRight
-0.0133559 0.7440225 1.56553 24 ThumbRight
-0.2336241 0.1034936 1.738028 0 SpineBase
-0.2118416 0.3911731 1.733467 1 SpineMid
-0.1901129 0.6653036 1.717668 2 Neck
-0.3637611 0.5437574 1.729281 4 ShoulderLeft
-0.4534095 0.3069662 1.790477 5 ElbowLeft
-0.4779532 0.1101042 1.751737 6 WristLeft
-0.4800943 0.0575733 1.744327 7 HandLeft
-0.02113099 0.5427864 1.683315 8 ShoulderRight
0.150166 0.6027659 1.586109 9 ElbowRight
-0.01986123 0.70377 1.570452 10 WristRight
-0.03225997 0.7192244 1.574849 11 HandRight
-0.3061631 0.1036529 1.710984 12 HipLeft
-0.2845872 -0.2200644 1.779706 13 KneeLeft
-0.2155638 -0.5463757 1.941251 14 AnkleLeft
-0.2164042 -0.6295589 1.891204 15 FootLeft
-0.1517732 0.09922209 1.695861 16 HipRight
-0.1006715 -0.2332476 1.718181 17 KneeRight
-0.04272601 -0.5624185 1.892541 18 AnkleRight
-0.003802918 -0.6383153 1.868223 19 FootRight
-0.1956025 0.5986145 1.723547 20 SpineShoulder
-0.4822583 -0.002912315 1.750414 21 HandTipLeft
-0.4401237 0.05100605 1.722016 22 ThumbLeft
-0.2345563 0.103809 1.737607 0 SpineBase
-0.2125223 0.3912554 1.733372 1 SpineMid
-0.190519 0.6652356 1.717825 2 Neck
-0.363905 0.5437819 1.729416 4 ShoulderLeft
-0.4534601 0.3068916 1.790396 5 ElbowLeft
-0.4776168 0.1102122 1.750094 6 WristLeft
-0.477681 0.05766935 1.743655 7 HandLeft
-0.02130958 0.542819 1.683222 8 ShoulderRight
0.1521134 0.5960272 1.585426 9 ElbowRight
-0.01698407 0.6986087 1.57052 10 WristRight
-0.02887801 0.7156069 1.581853 11 HandRight
-0.3070222 0.1040135 1.710689 12 HipLeft
-0.2849789 -0.2198148 1.779573 13 KneeLeft
-0.2155965 -0.546377 1.94164 14 AnkleLeft
-0.2170309 -0.6293604 1.890711 15 FootLeft
-0.1527506 0.0994825 1.695291 16 HipRight
-0.101834 -0.2342372 1.71779 17 KneeRight
-0.0447695 -0.5614558 1.890996 18 AnkleRight
-0.004330687 -0.6364006 1.869195 19 FootRight
-0.1960752 0.5985801 1.723644 20 SpineShoulder
-0.4779859 -0.003386564 1.749766 21 HandTipLeft
-0.4407393 0.05136397 1.72192 22 ThumbLeft
-0.2323745 0.1194031 1.758813 0 SpineBase
-0.193528 0.4066606 1.760484 1 SpineMid
-0.1526702 0.6807429 1.750731 2 Neck
-0.3575095 0.5452628 1.738252 4 ShoulderLeft
-0.4527414 0.3119693 1.802329 5 ElbowLeft
-0.4800663 0.1157874 1.761759 6 WristLeft
-0.4795047 0.06246093 1.755154 7 HandLeft
-0.008148283 0.5450193 1.701521 8 ShoulderRight
0.1659638 0.5975304 1.604993 9 ElbowRight
0.03159655 0.7369556 1.558008 10 WristRight
0.03622182 0.7931178 1.599984 11 HandRight
-0.3034503 0.1216868 1.73133 12 HipLeft
-0.2891105 -0.2086967 1.785705 13 KneeLeft
-0.2161651 -0.5463802 1.943537 14 AnkleLeft
-0.2164201 -0.6291832 1.89141 15 FootLeft
-0.1519865 0.1124781 1.717263 16 HipRight
-0.1039079 -0.2288594 1.72846 17 KneeRight
-0.04052003 -0.5655713 1.894093 18 AnkleRight
-0.0515093 -0.6115835 1.76654 19 FootRight
-0.1630316 0.6140567 1.755114 20 SpineShoulder
-0.4772075 0.003164075 1.759203 21 HandTipLeft
-0.4450445 0.05214574 1.730677 22 ThumbLeft
0.01366307 0.8255582 1.587332 23 HandTipRight
0.0606329 0.8186624 1.576178 24 ThumbRight
-0.2323248 0.1194919 1.758914 0 SpineBase
-0.1933415 0.4067512 1.760535 1 SpineMid
-0.1525388 0.680788 1.750737 2 Neck
-0.3573987 0.5451737 1.73802 4 ShoulderLeft
-0.4527306 0.3118631 1.802271 5 ElbowLeft
-0.4801131 0.1156902 1.761702 6 WristLeft
-0.4786488 0.06336878 1.755368 7 HandLeft
-0.007918036 0.5447165 1.701236 8 ShoulderRight
0.1662605 0.5968021 1.604553 9 ElbowRight
0.03255641 0.7389429 1.5675 10 WristRight
0.03160182 0.7939862 1.609644 11 HandRight
-0.3033952 0.1218115 1.731411 12 HipLeft
-0.2890958 -0.2082998 1.785708 13 KneeLeft
-0.2161825 -0.5461134 1.943625 14 AnkleLeft
-0.2161912 -0.6289094 1.891396 15 FootLeft
-0.151949 0.1125278 1.717374 16 HipRight
-0.1039283 -0.2288122 1.728604 17 KneeRight
-0.04181424 -0.564844 1.893554 18 AnkleRight
-0.05278578 -0.6108657 1.766 19 FootRight
-0.1628742 0.6141136 1.755128 20 SpineShoulder
-0.478444 0.00758014 1.758925 21 HandTipLeft
-0.4451049 0.05071724 1.730743 22 ThumbLeft
0.00386983 0.8296806 1.607494 23 HandTipRight
0.05404925 0.8147804 1.583 24 ThumbRight
-0.2322035 0.1195685 1.759008 0 SpineBase
-0.1934133 0.4066946 1.760428 1 SpineMid
-0.1537857 0.6801206 1.749773 2 Neck
-0.3576816 0.5451441 1.737945 4 ShoulderLeft
-0.4525146 0.3118248 1.802195 5 ElbowLeft
-0.4800158 0.1156415 1.761808 6 WristLeft
-0.4784319 0.06397516 1.757761 7 HandLeft
-0.009634575 0.5461339 1.700657 8 ShoulderRight
0.167907 0.5876836 1.604555 9 ElbowRight
-0.003812898 0.685688 1.581796 10 WristRight
0.004758004 0.7252111 1.61807 11 HandRight
-0.303325 0.1219274 1.731578 12 HipLeft
-0.2891728 -0.2078899 1.785799 13 KneeLeft
-0.2161903 -0.5460473 1.94363 14 AnkleLeft
-0.2162608 -0.6288602 1.891487 15 FootLeft
-0.1517692 0.1125751 1.717405 16 HipRight
-0.1040432 -0.228811 1.72859 17 KneeRight
-0.04371179 -0.5628405 1.891002 18 AnkleRight
-0.05488988 -0.6088836 1.763474 19 FootRight
-0.1636699 0.6136652 1.754461 20 SpineShoulder
-0.4775418 0.007205139 1.762305 21 HandTipLeft
-0.4452589 0.04939469 1.731018 22 ThumbLeft
-0.08484092 0.1285526 1.726831 0 SpineBase
-0.04655046 0.3989338 1.701331 1 SpineMid
-0.008616055 0.6550686 1.663485 2 Neck
-0.2216939 0.6303827 1.723004 4 ShoulderLeft
-0.421588 0.7927151 1.765974 5 ElbowLeft
-0.5514643 0.9341817 1.775667 6 WristLeft
-0.5473836 0.9353079 1.765921 7 HandLeft
0.1342517 0.5538939 1.643451 8 ShoulderRight
0.1564224 0.2784415 1.636212 9 ElbowRight
0.151611 0.07506727 1.598878 10 WristRight
0.1378278 0.01894446 1.589918 11 HandRight
-0.1560786 0.1291716 1.70825 12 HipLeft
-0.1882246 -0.2088837 1.743455 13 KneeLeft
-0.1921222 -0.5680306 1.902011 14 AnkleLeft
-0.2220104 -0.6463869 1.869471 15 FootLeft
-0.009883553 0.1232528 1.675826 16 HipRight
0.01793152 -0.1852322 1.69142 17 KneeRight
-0.02239469 -0.5563455 1.899674 18 AnkleRight
-0.03919481 -0.6389178 1.858717 19 FootRight
-0.01770584 0.5929399 1.674914 20 SpineShoulder
-0.5660284 0.986132 1.770462 21 HandTipLeft
-0.5835783 0.9043187 1.782091 22 ThumbLeft
0.1344491 -0.03793223 1.580463 23 HandTipRight
0.1656138 0.02300539 1.597933 24 ThumbRight
-0.08622896 0.1315699 1.727711 0 SpineBase
-0.04423834 0.3984694 1.701358 1 SpineMid
0.002121719 0.6493619 1.663285 2 Neck
-0.2131836 0.6355765 1.720045 4 ShoulderLeft
-0.4104089 0.8014802 1.761958 5 ElbowLeft
-0.5435691 0.9400159 1.771011 6 WristLeft
-0.5540613 0.9515702 1.766162 7 HandLeft
0.1430732 0.5502029 1.641994 8 ShoulderRight
0.1565369 0.2741493 1.634084 9 ElbowRight
0.1417913 0.07618707 1.590703 10 WristRight
0.1281889 0.01836135 1.573307 11 HandRight
-0.1574324 0.1326844 1.708931 12 HipLeft
-0.187023 -0.2048373 1.747783 13 KneeLeft
-0.1920348 -0.5700812 1.905793 14 AnkleLeft
-0.2228113 -0.6479049 1.867671 15 FootLeft
-0.01129673 0.125511 1.67686 16 HipRight
0.009747252 -0.198319 1.705874 17 KneeRight
-0.02199871 -0.5568749 1.900078 18 AnkleRight
-0.03987324 -0.6391876 1.85861 19 FootRight
-0.009639884 0.5888925 1.674778 20 SpineShoulder
-0.57535 0.9670257 1.774454 21 HandTipLeft
-0.5714506 0.920128 1.76719 22 ThumbLeft
0.1230332 -0.03798129 1.559121 23 HandTipRight
0.1547985 0.01641839 1.588084 24 ThumbRight
-0.08795851 0.133751 1.728212 0 SpineBase
-0.04117564 0.3977101 1.701538 1 SpineMid
0.01120917 0.6452842 1.66343 2 Neck
-0.2008076 0.633495 1.714496 4 ShoulderLeft
-0.3959539 0.8023826 1.755118 5 ElbowLeft
-0.5306159 0.9396755 1.763311 6 WristLeft
-0.5458664 0.950855 1.75959 7 HandLeft
0.1499545 0.5455945 1.642059 8 ShoulderRight
0.1576518 0.2692685 1.630637 9 ElbowRight
0.1341456 0.07554466 1.571397 10 WristRight
0.1264918 0.02032448 1.541095 11 HandRight
-0.1596771 0.1359823 1.708799 12 HipLeft
-0.1870843 -0.201803 1.747767 13 KneeLeft
-0.1918927 -0.5714517 1.907227 14 AnkleLeft
-0.2216986 -0.6495754 1.868261 15 FootLeft
-0.0126688 0.1266566 1.677925 16 HipRight
0.005478217 -0.2012813 1.71153 17 KneeRight
-0.02186178 -0.5573007 1.900336 18 AnkleRight
-0.04137956 -0.6391221 1.857476 19 FootRight
-0.001875476 0.5854714 1.674915 20 SpineShoulder
-0.5799167 0.9606585 1.779805 21 HandTipLeft
-0.5645967 0.9205323 1.789214 22 ThumbLeft
0.1063132 -0.04010943 1.535148 23 HandTipRight
0.1567406 0.009703286 1.544412 24 ThumbRight
-0.05571412 0.1045113 1.728033 0 SpineBase
-0.02605141 0.3818977 1.717188 1 SpineMid
0.004159252 0.6452883 1.693121 2 Neck
-0.1697998 0.5697803 1.690238 4 ShoulderLeft
-0.3853653 0.7177131 1.621229 5 ElbowLeft
-0.5300298 0.8357381 1.556776 6 WristLeft
-0.5471401 0.8345751 1.552399 7 HandLeft
0.1470833 0.5359693 1.666119 8 ShoulderRight
0.1976468 0.2776985 1.672736 9 ElbowRight
0.2040841 0.07362133 1.63741 10 WristRight
0.2046634 0.0129079 1.624866 11 HandRight
-0.1336851 0.1039943 1.695868 12 HipLeft
-0.17431 -0.226598 1.750429 13 KneeLeft
-0.1828581 -0.5664159 1.900943 14 AnkleLeft
-0.2179279 -0.6426832 1.871185 15 FootLeft
0.02444954 0.09941987 1.689071 16 HipRight
0.0358609 -0.1931847 1.698189 17 KneeRight
-0.01936436 -0.5560063 1.900407 18 AnkleRight
-0.04003407 -0.6377223 1.858702 19 FootRight
-0.003317535 0.5812366 1.701289 20 SpineShoulder
-0.5715881 0.8774168 1.566369 21 HandTipLeft
-0.5033464 0.8554458 1.5318 22 ThumbLeft
0.2062986 -0.04214169 1.601958 23 HandTipRight
0.2349845 0.01193189 1.615889 24 ThumbRight
-0.05496285 0.1042809 1.728077 0 SpineBase
-0.02335037 0.3815551 1.714991 1 SpineMid
0.00860031 0.6452733 1.688127 2 Neck
-0.1772938 0.5820116 1.687449 4 ShoulderLeft
-0.4003706 0.6997783 1.684043 5 ElbowLeft
-0.56327 0.8046924 1.659359 6 WristLeft
-0.5990458 0.8499264 1.658158 7 HandLeft
0.1496638 0.5372917 1.662444 8 ShoulderRight
0.201788 0.2737311 1.667268 9 ElbowRight
0.2044589 0.06683202 1.637836 10 WristRight
0.2062224 0.007948676 1.625317 11 HandRight
-0.1319575 0.1044449 1.697116 12 HipLeft
-0.1711005 -0.2277867 1.749273 13 KneeLeft
-0.1818235 -0.5669797 1.900671 14 AnkleLeft
-0.2190445 -0.6422561 1.870913 15 FootLeft
0.02491286 0.09889047 1.688568 16 HipRight
0.03720753 -0.1964594 1.700454 17 KneeRight
-0.01872986 -0.5558778 1.90081 18 AnkleRight
-0.04000059 -0.6373973 1.858491 19 FootRight
0.0007314245 0.5811337 1.696938 20 SpineShoulder
-0.644186 0.901539 1.660443 21 HandTipLeft
-0.5552955 0.8570538 1.65 22 ThumbLeft
0.2059692 -0.04662342 1.605301 23 HandTipRight
0.2340335 0.01215331 1.612455 24 ThumbRight
-0.05421079 0.103682 1.728262 0 SpineBase
-0.02073794 0.380699 1.712389 1 SpineMid
0.01292701 0.6445451 1.682268 2 Neck
-0.1785416 0.5845753 1.687258 4 ShoulderLeft
-0.4200899 0.6855367 1.720322 5 ElbowLeft
-0.5901646 0.7776133 1.727459 6 WristLeft
-0.6360965 0.8230911 1.749847 7 HandLeft
0.1531002 0.5356099 1.657819 8 ShoulderRight
0.2041575 0.2719409 1.660086 9 ElbowRight
0.205586 0.06457558 1.630177 10 WristRight
0.2049305 0.0200168 1.607008 11 HandRight
-0.1306599 0.1046671 1.698037 12 HipLeft
-0.1704683 -0.2279237 1.748682 13 KneeLeft
-0.1815083 -0.5669848 1.900482 14 AnkleLeft
-0.2194724 -0.6419361 1.869537 15 FootLeft
0.02516184 0.09742239 1.688288 16 HipRight
0.03768322 -0.198974 1.702406 17 KneeRight
-0.01801501 -0.5556854 1.901068 18 AnkleRight
-0.0398559 -0.6370269 1.858304 19 FootRight
0.004643026 0.5803708 1.691861 20 SpineShoulder
-0.6847138 0.8677748 1.759387 21 HandTipLeft
-0.6373023 0.8369133 1.7313 22 ThumbLeft
0.2143048 -0.04614968 1.580986 23 HandTipRight
0.2372695 0.0005247237 1.592389 24 ThumbRight
-0.04965943 0.09731164 1.684538 0 SpineBase
-0.01487829 0.3756595 1.657858 1 SpineMid
0.01950886 0.6397337 1.618925 2 Neck
-0.1782528 0.5864093 1.640943 4 ShoulderLeft
-0.4237883 0.6569819 1.662002 5 ElbowLeft
-0.6020398 0.7349122 1.646721 6 WristLeft
-0.645929 0.7774416 1.655488 7 HandLeft
0.1756681 0.5347301 1.603363 8 ShoulderRight
0.2151076 0.2648382 1.615128 9 ElbowRight
0.2232542 0.06728723 1.567823 10 WristRight
0.2266452 0.01401538 1.542786 11 HandRight
-0.1233064 0.101148 1.653799 12 HipLeft
-0.124243 -0.2439433 1.56639 13 KneeLeft
-0.1324787 -0.595846 1.564033 14 AnkleLeft
-0.1437988 -0.6738281 1.469727 15 FootLeft
0.02619396 0.08927754 1.645289 16 HipRight
0.01240735 -0.230498 1.738134 17 KneeRight
-0.05226521 -0.5450221 1.86632 18 AnkleRight
-0.03903185 -0.6287544 1.832185 19 FootRight
0.01107687 0.5756435 1.630588 20 SpineShoulder
-0.6945893 0.811825 1.65924 21 HandTipLeft
-0.6294826 0.8009273 1.662385 22 ThumbLeft
0.2239206 -0.049362 1.523267 23 HandTipRight
0.2585122 0.01927484 1.517485 24 ThumbRight
-0.04524513 0.09386706 1.678469 0 SpineBase
-0.01399853 0.3744006 1.653229 1 SpineMid
0.01755018 0.6401023 1.615431 2 Neck
-0.1805024 0.5853974 1.636861 4 ShoulderLeft
-0.4245538 0.6540821 1.658011 5 ElbowLeft
-0.6031825 0.7311933 1.643333 6 WristLeft
-0.6475158 0.7702798 1.649526 7 HandLeft
0.1743996 0.5357251 1.601425 8 ShoulderRight
0.2157376 0.2655039 1.615027 9 ElbowRight
0.2271506 0.06770904 1.570071 10 WristRight
0.2311472 0.009982521 1.548601 11 HandRight
-0.1182317 0.09645545 1.646786 12 HipLeft
-0.1178322 -0.2466854 1.547609 13 KneeLeft
-0.1138681 -0.5770169 1.411583 14 AnkleLeft
-0.1218918 -0.6211834 1.285842 15 FootLeft
0.02972363 0.08718459 1.640198 16 HipRight
0.01428413 -0.23143 1.735433 17 KneeRight
-0.05053252 -0.5644876 1.81358 18 AnkleRight
0.009824784 0.5756242 1.626959 20 SpineShoulder
-0.6998632 0.8142036 1.652311 21 HandTipLeft
-0.6343158 0.7970751 1.6628 22 ThumbLeft
0.2309602 -0.04707066 1.526738 23 HandTipRight
0.2619726 0.01895622 1.52766 24 ThumbRight
-0.04216254 0.09057231 1.674221 0 SpineBase
-0.01373522 0.3733069 1.650524 1 SpineMid
0.01476545 0.6410075 1.614853 2 Neck
-0.1815968 0.5815011 1.632364 4 ShoulderLeft
-0.4253047 0.6485263 1.652126 5 ElbowLeft
-0.6040576 0.7253248 1.636424 6 WristLeft
-0.6526566 0.7642105 1.639725 7 HandLeft
0.1730661 0.5347061 1.599846 8 ShoulderRight
0.2162231 0.2657143 1.615796 9 ElbowRight
0.2285135 0.06735143 1.574567 10 WristRight
0.2331727 0.008452841 1.5554 11 HandRight
-0.1149853 0.09255388 1.64184 12 HipLeft
-0.117562 -0.2436665 1.512923 13 KneeLeft
-0.1022437 -0.5535685 1.332918 14 AnkleLeft
-0.1040265 -0.5696422 1.212155 15 FootLeft
0.03245049 0.08468344 1.636673 16 HipRight
0.01678888 -0.2330786 1.733661 17 KneeRight
-0.04666831 -0.5658013 1.813843 18 AnkleRight
0.008036423 0.5758682 1.62557 20 SpineShoulder
-0.7022781 0.8082728 1.645434 21 HandTipLeft
-0.6284502 0.783525 1.652819 22 ThumbLeft
0.23673 -0.04708673 1.53306 23 HandTipRight
0.2637497 0.02285482 1.540467 24 ThumbRight
0.1307023 -0.04046272 1.061957 0 SpineBase
0.1550099 0.2529526 1.033819 1 SpineMid
-0.01989317 0.4330294 0.9512786 4 ShoulderLeft
-0.1061191 0.1990918 0.9667646 5 ElbowLeft
-0.110381 -0.002628469 0.9290506 6 WristLeft
-0.1138445 -0.04104592 0.9211337 7 HandLeft
0.298763 0.4233329 0.9950241 8 ShoulderRight
0.3539411 0.1596336 1.031109 9 ElbowRight
0.3698927 -0.03441923 0.9666883 10 WristRight
0.3653974 -0.07675298 0.936064 11 HandRight
0.04500226 -0.03863736 1.01776 12 HipLeft
0.02227405 -0.3031273 0.9572133 13 KneeLeft
0.06113775 -0.7538601 0.9330433 14 AnkleLeft
0.207561 -0.03963136 1.03644 16 HipRight
0.2067732 -0.2898391 1.055585 17 KneeRight
0.136363 -0.6972498 1.274423 18 AnkleRight
0.1709456 0.4590524 1.005069 20 SpineShoulder
-0.1173543 -0.08427501 0.907442 21 HandTipLeft
-0.1465519 -0.03085241 0.9055473 22 ThumbLeft
0.3788776 -0.1147515 0.9221584 23 HandTipRight
0.3906629 -0.05687619 0.9047758 24 ThumbRight
0.1305861 -0.04483456 1.052419 0 SpineBase
0.1588417 0.2480303 1.024035 1 SpineMid
-0.01678345 0.4270119 0.9360531 4 ShoulderLeft
-0.1046292 0.1934996 0.9523761 5 ElbowLeft
-0.1104749 -0.008392293 0.9158641 6 WristLeft
-0.1117253 -0.04405969 0.8974971 7 HandLeft
0.3008931 0.4199635 0.9850395 8 ShoulderRight
0.3575296 0.1503887 1.019882 9 ElbowRight
0.3730535 -0.04437058 0.9579357 10 WristRight
0.368466 -0.0890211 0.9278794 11 HandRight
0.04508972 -0.04226173 1.007562 12 HipLeft
0.02601147 -0.3030754 0.9493061 13 KneeLeft
0.0619604 -0.7580202 0.9299706 14 AnkleLeft
0.2071703 -0.04443647 1.027503 16 HipRight
0.1511439 -0.2977848 1.000678 17 KneeRight
0.08143828 -0.7049367 1.219157 18 AnkleRight
0.1781767 0.453262 0.994456 20 SpineShoulder
-0.1151797 -0.09141068 0.8822662 21 HandTipLeft
-0.1461271 -0.03165559 0.8808023 22 ThumbLeft
0.3774901 -0.1352758 0.9151661 23 HandTipRight
0.3852969 -0.06863238 0.8889266 24 ThumbRight
0.1503363 -0.1192694 0.9018285 0 SpineBase
0.170677 0.169857 0.8671439 1 SpineMid
-0.005992063 0.360659 0.7861847 4 ShoulderLeft
-0.1009572 0.1463721 0.795938 5 ElbowLeft
-0.1229729 -0.05357442 0.7496625 6 WristLeft
-0.1248427 -0.09852776 0.7435308 7 HandLeft
0.3082458 0.3690702 0.8412327 8 ShoulderRight
0.3879205 0.1079146 0.8897055 9 ElbowRight
0.4255176 -0.08890712 0.855298 10 WristRight
0.4372288 -0.1230111 0.8460867 11 HandRight
0.0628122 -0.1153218 0.8599728 12 HipLeft
0.02962827 -0.3692174 0.8319547 13 KneeLeft
0.07089429 -0.7150414 0.8558734 14 AnkleLeft
0.2259907 -0.1141131 0.8747894 16 HipRight
0.1836762 -0.36642 0.8613887 17 KneeRight
0.1828306 0.3714351 0.8316234 20 SpineShoulder
-0.1270921 -0.154072 0.7569061 21 HandTipLeft
-0.1599417 -0.1040386 0.7278637 22 ThumbLeft
0.4535903 -0.1592363 0.8516234 23 HandTipRight
0.452866 -0.1025753 0.8078334 24 ThumbRight
