X              Y         Z      JointType 
-0.03526377 0.07530573 1.785083 0 SpineBase
-0.02094767 0.3731931 1.732077 1 SpineMid
-0.006994751 0.6572465 1.66758 2 Neck
-0.1914949 0.5183547 1.771045 4 ShoulderLeft
-0.3244765 0.3500866 1.843922 5 ElbowLeft
-0.4651525 0.2014232 1.837384 6 WristLeft
-0.495321 0.1719346 1.835949 7 HandLeft
0.1055722 0.5162146 1.613611 8 ShoulderRight
0.1898794 0.2717906 1.61678 9 ElbowRight
0.2191957 0.06927393 1.577307 10 WristRight
0.2207922 0.03523687 1.574089 11 HandRight
-0.1027234 0.07456517 1.77505 12 HipLeft
-0.05825765 -0.2673219 1.846223 13 KneeLeft
0.007843181 -0.610503 1.928375 14 AnkleLeft
-0.009651184 -0.668457 1.879883 15 FootLeft
0.03369841 0.07306327 1.724393 16 HipRight
0.008809276 -0.2791405 1.767055 17 KneeRight
0.04944246 -0.6057322 1.890242 18 AnkleRight
0.004470825 -0.6694336 1.848633 19 FootRight
-0.01043816 0.5881954 1.685644 20 SpineShoulder
-0.5460857 0.1004285 1.872776 21 HandTipLeft
-0.5118476 0.1396565 1.797404 22 ThumbLeft
0.2383058 -0.04130306 1.579368 23 HandTipRight
0.1843368 0.0301555 1.58644 24 ThumbRight
-0.03335153 0.07405551 1.788226 0 SpineBase
-0.01913299 0.3731537 1.735116 1 SpineMid
-0.005124269 0.6583735 1.670756 2 Neck
-0.1909581 0.5176826 1.77055 4 ShoulderLeft
-0.3172409 0.3384154 1.820418 5 ElbowLeft
-0.448422 0.1815909 1.802527 6 WristLeft
-0.4677497 0.1537326 1.799251 7 HandLeft
0.1107625 0.5187129 1.620379 8 ShoulderRight
0.1967611 0.2740782 1.634812 9 ElbowRight
0.23065 0.07345842 1.590757 10 WristRight
0.2369959 0.04463745 1.601961 11 HandRight
-0.1016959 0.07290202 1.777111 12 HipLeft
-0.06595063 -0.2902753 1.877052 13 KneeLeft
-0.01267393 -0.61393 1.960321 14 AnkleLeft
-0.03976594 -0.6707848 1.938803 15 FootLeft
0.03671577 0.07242553 1.728893 16 HipRight
0.02663247 -0.2830119 1.795187 17 KneeRight
0.04375121 -0.6009058 1.899134 18 AnkleRight
0.006585304 -0.6703687 1.849144 19 FootRight
-0.008594171 0.5890195 1.688764 20 SpineShoulder
-0.521962 0.07347273 1.838759 21 HandTipLeft
-0.4838341 0.1162391 1.76281 22 ThumbLeft
0.254523 -0.02994228 1.602571 23 HandTipRight
0.2031174 0.03539374 1.621572 24 ThumbRight
-0.03168127 0.07768033 1.810564 0 SpineBase
-0.01429883 0.375593 1.751857 1 SpineMid
0.002110949 0.659995 1.682476 2 Neck
-0.1783121 0.5273959 1.761355 4 ShoulderLeft
-0.234816 0.2974087 1.767659 5 ElbowLeft
-0.2702063 0.1033572 1.697615 6 WristLeft
-0.2799496 0.06582575 1.691566 7 HandLeft
0.1233852 0.5255141 1.651062 8 ShoulderRight
0.2036957 0.2810528 1.673431 9 ElbowRight
0.251547 0.08096536 1.648123 10 WristRight
0.2506452 0.04029826 1.653639 11 HandRight
-0.102803 0.07650618 1.79022 12 HipLeft
-0.08326901 -0.2588228 1.835411 13 KneeLeft
-0.06369203 -0.6034794 2.008589 14 AnkleLeft
-0.09522969 -0.6547295 1.94681 15 FootLeft
0.04165451 0.07540199 1.761205 16 HipRight
0.04543083 -0.2915215 1.825259 17 KneeRight
0.04868441 -0.6001831 1.903447 18 AnkleRight
0.03441218 -0.6690634 1.858146 19 FootRight
-0.001905388 0.5908254 1.701668 20 SpineShoulder
-0.2941039 -0.01020719 1.694266 21 HandTipLeft
-0.2652587 0.05014003 1.653406 22 ThumbLeft
0.2720296 -0.03528454 1.665925 23 HandTipRight
0.2159343 0.03775778 1.673467 24 ThumbRight
-0.02841553 0.07840642 1.811478 0 SpineBase
-0.01250298 0.3762076 1.755338 1 SpineMid
0.002376482 0.6605782 1.690866 2 Neck
-0.1768339 0.5294891 1.757923 4 ShoulderLeft
-0.1892321 0.2781214 1.741931 5 ElbowLeft
-0.1835371 0.08032194 1.669881 6 WristLeft
-0.1706656 0.04410005 1.674584 7 HandLeft
0.1261789 0.5283443 1.665251 8 ShoulderRight
0.1983484 0.2861295 1.687001 9 ElbowRight
0.2444225 0.08516814 1.655604 10 WristRight
0.2404148 0.04308761 1.662371 11 HandRight
-0.1008056 0.07721628 1.790251 12 HipLeft
-0.08949852 -0.25729 1.83838 13 KneeLeft
-0.09316977 -0.5906103 2.005567 14 AnkleLeft
-0.1096531 -0.6531709 1.944409 15 FootLeft
0.04591253 0.0761387 1.762944 16 HipRight
0.04714156 -0.2892147 1.827164 17 KneeRight
0.04943183 -0.5962749 1.904183 18 AnkleRight
0.0426851 -0.6669064 1.841619 19 FootRight
-0.001139678 0.5914297 1.708616 20 SpineShoulder
-0.1591595 -0.01326055 1.682855 21 HandTipLeft
-0.1445645 0.03278607 1.6491 22 ThumbLeft
0.2617304 -0.02894739 1.673208 23 HandTipRight
0.2076478 0.04032825 1.671105 24 ThumbRight
-0.02990445 0.07714215 1.813983 0 SpineBase
-0.01512908 0.3760975 1.763993 1 SpineMid
-0.001145282 0.6622171 1.705365 2 Neck
-0.1775551 0.5307128 1.755168 4 ShoulderLeft
-0.1868301 0.2782037 1.734874 5 ElbowLeft
-0.1293294 0.09171579 1.651191 6 WristLeft
-0.1004663 0.07045124 1.663782 7 HandLeft
0.1255944 0.5302957 1.675394 8 ShoulderRight
0.1915505 0.2901995 1.701465 9 ElbowRight
0.2311279 0.08710174 1.666373 10 WristRight
0.222297 0.04285079 1.666001 11 HandRight
-0.1020612 0.07623752 1.790408 12 HipLeft
-0.09701018 -0.2575455 1.85445 13 KneeLeft
-0.09996099 -0.5891281 2.001151 14 AnkleLeft
-0.1139191 -0.6504222 1.940005 15 FootLeft
0.04388384 0.07475473 1.768516 16 HipRight
0.04736336 -0.2752922 1.830296 17 KneeRight
0.0498856 -0.596622 1.911016 18 AnkleRight
0.04317977 -0.6647091 1.851589 19 FootRight
-0.004514775 0.592613 1.721868 20 SpineShoulder
-0.0782512 0.02802523 1.678279 21 HandTipLeft
-0.07391597 0.09373658 1.643962 22 ThumbLeft
0.2386344 -0.02865159 1.680456 23 HandTipRight
0.1902517 0.04039463 1.67379 24 ThumbRight
-0.044171 0.08357114 1.850765 0 SpineBase
-0.03699906 0.3782048 1.799075 1 SpineMid
-0.03017007 0.6598426 1.738416 2 Neck
-0.1968278 0.5310504 1.751096 4 ShoulderLeft
-0.2166075 0.2901503 1.72079 5 ElbowLeft
-0.1424544 0.1108264 1.638488 6 WristLeft
-0.1338268 0.06997712 1.645327 7 HandLeft
0.103671 0.5459084 1.751261 8 ShoulderRight
0.14577 0.3146061 1.764005 9 ElbowRight
0.1647582 0.1181217 1.692273 10 WristRight
0.1592679 0.05503969 1.685842 11 HandRight
-0.1147842 0.07881734 1.809544 12 HipLeft
-0.1379976 -0.2662454 1.939967 13 KneeLeft
-0.1037479 -0.5881546 2.005241 14 AnkleLeft
-0.1168233 -0.6531987 1.94968 15 FootLeft
0.02870185 0.08533315 1.822132 16 HipRight
0.01333876 -0.2872957 1.824311 17 KneeRight
0.03734767 -0.6012908 1.912771 18 AnkleRight
0.02595637 -0.6657603 1.84448 19 FootRight
-0.03170338 0.5913412 1.755375 20 SpineShoulder
-0.1102384 0.02169154 1.663358 21 HandTipLeft
-0.09796473 0.09946229 1.712857 22 ThumbLeft
0.1655844 -0.01218258 1.682407 23 HandTipRight
0.1260184 0.040378 1.692909 24 ThumbRight
-0.06374269 0.08437385 1.868116 0 SpineBase
-0.05230379 0.379384 1.815639 1 SpineMid
-0.04204179 0.6612928 1.752061 2 Neck
-0.2082017 0.5321434 1.754291 4 ShoulderLeft
-0.2482018 0.2929148 1.738654 5 ElbowLeft
-0.2475023 0.09492248 1.672867 6 WristLeft
-0.2585371 0.05876985 1.667033 7 HandLeft
0.09554989 0.5480471 1.765781 8 ShoulderRight
0.1272221 0.3128228 1.784835 9 ElbowRight
0.1427952 0.1118603 1.73363 10 WristRight
0.1410824 0.0519746 1.736136 11 HandRight
-0.1354052 0.08109545 1.830177 12 HipLeft
-0.1335655 -0.2765082 1.927645 13 KneeLeft
-0.08743155 -0.5871371 1.997639 14 AnkleLeft
-0.04288532 -0.641876 1.899549 15 FootLeft
0.01041648 0.08455518 1.835718 16 HipRight
-0.005800201 -0.2757036 1.823713 17 KneeRight
-0.002868628 -0.6024117 1.935492 18 AnkleRight
0.01752949 -0.6636935 1.854537 19 FootRight
-0.04445364 0.592694 1.769886 20 SpineShoulder
-0.2544878 -0.02153933 1.676631 21 HandTipLeft
-0.294551 0.06725135 1.670929 22 ThumbLeft
0.151068 -0.01469129 1.735529 23 HandTipRight
0.1134221 0.03310904 1.741687 24 ThumbRight
-0.06564119 0.08482533 1.869457 0 SpineBase
-0.05441248 0.3798485 1.817539 1 SpineMid
-0.04391131 0.6617565 1.754357 2 Neck
-0.2107064 0.5318555 1.755376 4 ShoulderLeft
-0.256706 0.2919123 1.748644 5 ElbowLeft
-0.2776175 0.0948566 1.684868 6 WristLeft
-0.2873915 0.05737996 1.686237 7 HandLeft
0.09342238 0.5487133 1.769176 8 ShoulderRight
0.1256506 0.3125178 1.78712 9 ElbowRight
0.1424852 0.1109214 1.740778 10 WristRight
0.1422931 0.05198513 1.746664 11 HandRight
-0.1372518 0.08191454 1.831362 12 HipLeft
-0.1277651 -0.2734072 1.91999 13 KneeLeft
-0.08706569 -0.5870653 1.997643 14 AnkleLeft
-0.03865105 -0.6459546 1.904222 15 FootLeft
0.008480332 0.08460497 1.837221 16 HipRight
-0.01579258 -0.2637846 1.829267 17 KneeRight
-0.002764592 -0.5982238 1.944502 18 AnkleRight
0.01818337 -0.6609144 1.864957 19 FootRight
-0.04644354 0.5931557 1.772108 20 SpineShoulder
-0.2902865 -0.01848372 1.693308 21 HandTipLeft
-0.2985624 0.02347771 1.650563 22 ThumbLeft
0.1528964 -0.01666854 1.750467 23 HandTipRight
0.1141596 0.03795648 1.752467 24 ThumbRight
-0.06841937 0.0853559 1.870968 0 SpineBase
-0.05738129 0.3804457 1.820567 1 SpineMid
-0.04673947 0.6624674 1.759252 2 Neck
-0.2205781 0.5330833 1.764508 4 ShoulderLeft
-0.2888257 0.2992757 1.778688 5 ElbowLeft
-0.3312173 0.1004734 1.740819 6 WristLeft
-0.3493799 0.05957667 1.745932 7 HandLeft
0.09041943 0.5489816 1.773995 8 ShoulderRight
0.1275932 0.3091879 1.793217 9 ElbowRight
0.1515576 0.1055537 1.76915 10 WristRight
0.157623 0.05153562 1.772832 11 HandRight
-0.1396552 0.08237509 1.832733 12 HipLeft
-0.1203569 -0.2671677 1.91641 13 KneeLeft
-0.1032191 -0.5817473 2.011052 14 AnkleLeft
-0.06298828 -0.6557617 1.955078 15 FootLeft
0.005423184 0.08516469 1.838845 16 HipRight
-0.01493339 -0.261766 1.853718 17 KneeRight
0.01093202 -0.5862077 1.98379 18 AnkleRight
0.02861759 -0.6566785 1.922732 19 FootRight
-0.0493684 0.5938241 1.776501 20 SpineShoulder
-0.3649195 -0.01421171 1.762002 21 HandTipLeft
-0.3802245 0.07479087 1.748091 22 ThumbLeft
0.1717914 -0.02080836 1.781042 23 HandTipRight
0.1286531 0.04211405 1.781833 24 ThumbRight
-0.06952921 0.08567476 1.870183 0 SpineBase
-0.0577785 0.3808381 1.820615 1 SpineMid
-0.04662833 0.6632617 1.759993 2 Neck
-0.2228896 0.5335158 1.768053 4 ShoulderLeft
-0.3024536 0.3156567 1.812113 5 ElbowLeft
-0.3596159 0.1194914 1.787403 6 WristLeft
-0.3771136 0.07187174 1.793548 7 HandLeft
0.09030528 0.5490295 1.774006 8 ShoulderRight
0.1349428 0.3080471 1.795729 9 ElbowRight
0.1691543 0.1057915 1.777231 10 WristRight
0.1836478 0.05616804 1.778445 11 HandRight
-0.1406966 0.08283241 1.832461 12 HipLeft
-0.1362238 -0.2435463 1.919001 13 KneeLeft
-0.1096423 -0.579461 2.017909 14 AnkleLeft
-0.1170467 -0.6432545 1.960712 15 FootLeft
0.004211166 0.08526701 1.837212 16 HipRight
0.01720592 -0.2733578 1.907901 17 KneeRight
0.03871782 -0.5844397 2.001464 18 AnkleRight
0.04079941 -0.6572708 1.943368 19 FootRight
-0.04941373 0.5944744 1.777017 20 SpineShoulder
-0.3955749 -0.0007062626 1.815594 21 HandTipLeft
-0.4079354 0.08762462 1.799143 22 ThumbLeft
0.2026818 -0.01516565 1.792863 23 HandTipRight
0.1543315 0.04290985 1.791833 24 ThumbRight
-0.06793728 0.08763498 1.867157 0 SpineBase
-0.05504496 0.3827604 1.817937 1 SpineMid
-0.04088794 0.6652769 1.756312 2 Neck
-0.2175532 0.5326344 1.773082 4 ShoulderLeft
-0.3024094 0.3192421 1.828184 5 ElbowLeft
-0.3599603 0.1227737 1.81165 6 WristLeft
-0.3647632 0.07401483 1.821214 7 HandLeft
0.09074429 0.5504097 1.771466 8 ShoulderRight
0.1453896 0.308713 1.793767 9 ElbowRight
0.1839229 0.1071924 1.776734 10 WristRight
0.1973111 0.05494728 1.766593 11 HandRight
-0.1391644 0.08495846 1.830574 12 HipLeft
-0.1371431 -0.2359373 1.916823 13 KneeLeft
-0.112295 -0.5771311 2.020406 14 AnkleLeft
-0.1173224 -0.6434768 1.960127 15 FootLeft
0.005826082 0.08699943 1.832994 16 HipRight
0.02564158 -0.2517967 1.919505 17 KneeRight
0.04513801 -0.5806574 2.008969 18 AnkleRight
0.04749847 -0.6547262 1.950449 19 FootRight
-0.04456906 0.5964459 1.773583 20 SpineShoulder
-0.3827164 -0.0007158139 1.84833 21 HandTipLeft
-0.3925136 0.09846757 1.824429 22 ThumbLeft
0.2202838 -0.01660008 1.782335 23 HandTipRight
0.1684303 0.03192122 1.7905 24 ThumbRight
-0.06642956 0.08751219 1.863439 0 SpineBase
-0.0519016 0.3824015 1.813951 1 SpineMid
-0.03630123 0.6643096 1.752305 2 Neck
-0.2143254 0.5316455 1.774433 4 ShoulderLeft
-0.2882579 0.3099426 1.837701 5 ElbowLeft
-0.3362402 0.1104521 1.827653 6 WristLeft
-0.3322048 0.06519955 1.830412 7 HandLeft
0.09111439 0.5503903 1.770974 8 ShoulderRight
0.1512397 0.3088408 1.788899 9 ElbowRight
0.1929095 0.1085308 1.758291 10 WristRight
0.1994286 0.05399523 1.743936 11 HandRight
-0.1377736 0.08503596 1.827894 12 HipLeft
-0.1342472 -0.2327224 1.914206 13 KneeLeft
-0.1121084 -0.5747534 2.019433 14 AnkleLeft
-0.1169169 -0.6419947 1.960045 15 FootLeft
0.007344866 0.08662786 1.8282 16 HipRight
0.02595184 -0.2486912 1.917092 17 KneeRight
0.04646198 -0.5796314 2.009328 18 AnkleRight
0.04921056 -0.6539017 1.951411 19 FootRight
-0.04025595 0.5956727 1.769418 20 SpineShoulder
-0.3460389 -0.01185517 1.862535 21 HandTipLeft
-0.3618451 0.1166423 1.8408 22 ThumbLeft
0.2200974 -0.01579178 1.765256 23 HandTipRight
0.1641433 0.0500887 1.764125 24 ThumbRight
-0.06592891 0.08651922 1.860314 0 SpineBase
-0.0507727 0.3817975 1.811908 1 SpineMid
-0.03451048 0.6638266 1.750787 2 Neck
-0.2093786 0.5288588 1.774617 4 ShoulderLeft
-0.2746551 0.303103 1.834482 5 ElbowLeft
-0.3059284 0.0999134 1.823313 6 WristLeft
-0.2985387 0.05990189 1.820261 7 HandLeft
0.09165541 0.5503311 1.770221 8 ShoulderRight
0.1537011 0.3090242 1.784808 9 ElbowRight
0.1944457 0.1096614 1.743393 10 WristRight
0.1934302 0.05736931 1.727388 11 HandRight
-0.1372218 0.08449896 1.825801 12 HipLeft
-0.1317055 -0.2352078 1.913735 13 KneeLeft
-0.1117039 -0.5736651 2.018622 14 AnkleLeft
-0.1171899 -0.6421082 1.959596 15 FootLeft
0.007719016 0.08514614 1.824001 16 HipRight
0.0263561 -0.2476125 1.913522 17 KneeRight
0.04585781 -0.5790534 2.008734 18 AnkleRight
0.049367 -0.6540911 1.951311 19 FootRight
-0.03868388 0.5951895 1.767825 20 SpineShoulder
-0.3072461 -0.02124989 1.85195 21 HandTipLeft
-0.3282579 0.1104371 1.8204 22 ThumbLeft
0.2116212 -0.01252248 1.739588 23 HandTipRight
0.1650938 0.03975941 1.742263 24 ThumbRight
-0.06629858 0.08528751 1.856917 0 SpineBase
-0.0504634 0.3814432 1.811671 1 SpineMid
-0.03328783 0.663442 1.753585 2 Neck
-0.209919 0.5294599 1.777847 4 ShoulderLeft
-0.2563607 0.2984197 1.823543 5 ElbowLeft
-0.252627 0.09206823 1.787469 6 WristLeft
-0.2398342 0.04728482 1.787987 7 HandLeft
0.09792776 0.5489625 1.761426 8 ShoulderRight
0.1540361 0.309284 1.780878 9 ElbowRight
0.1888147 0.1113122 1.725613 10 WristRight
0.1815989 0.05617834 1.711923 11 HandRight
-0.1369701 0.08365119 1.823712 12 HipLeft
-0.1291037 -0.2383717 1.913259 13 KneeLeft
-0.1111153 -0.5728031 2.017941 14 AnkleLeft
-0.1173524 -0.6414765 1.959915 15 FootLeft
0.006615388 0.08360258 1.819358 16 HipRight
0.02865895 -0.2545219 1.912475 17 KneeRight
0.04639408 -0.5795057 2.007914 18 AnkleRight
0.05165447 -0.6553497 1.95142 19 FootRight
-0.03773946 0.5947875 1.769532 20 SpineShoulder
-0.2428222 -0.02664782 1.808986 21 HandTipLeft
-0.288381 0.07481692 1.797222 22 ThumbLeft
0.192633 -0.01476874 1.722041 23 HandTipRight
0.148564 0.03429602 1.725818 24 ThumbRight
-0.06460335 0.08401608 1.853342 0 SpineBase
-0.04914124 0.3810498 1.811349 1 SpineMid
-0.0314371 0.6636965 1.756339 2 Neck
-0.2089807 0.5301631 1.778981 4 ShoulderLeft
-0.2493722 0.2971697 1.816271 5 ElbowLeft
-0.2452704 0.09386494 1.77319 6 WristLeft
-0.2304557 0.0491726 1.769528 7 HandLeft
0.1001759 0.5481319 1.758831 8 ShoulderRight
0.1537743 0.308632 1.775811 9 ElbowRight
0.1825552 0.1103112 1.718071 10 WristRight
0.1740878 0.05509564 1.706896 11 HandRight
-0.1352048 0.082373 1.821341 12 HipLeft
-0.1264937 -0.2387124 1.911931 13 KneeLeft
-0.110564 -0.5718694 2.017197 14 AnkleLeft
-0.117892 -0.6416736 1.959744 15 FootLeft
0.008255905 0.0824507 1.81453 16 HipRight
0.029722 -0.2544082 1.910934 17 KneeRight
0.04699806 -0.5797438 2.007136 18 AnkleRight
0.0517411 -0.6553617 1.951499 19 FootRight
-0.03602076 0.5948337 1.771402 20 SpineShoulder
-0.2288661 -0.02266609 1.782616 21 HandTipLeft
-0.2740312 0.05047943 1.767556 22 ThumbLeft
0.1842664 -0.01723748 1.717908 23 HandTipRight
0.1434092 0.03801822 1.718684 24 ThumbRight
-0.06147418 0.08293256 1.851092 0 SpineBase
-0.04647796 0.3809039 1.811149 1 SpineMid
-0.02920733 0.6646959 1.758493 2 Neck
-0.2061277 0.5296143 1.779044 4 ShoulderLeft
-0.2469465 0.2948456 1.80987 5 ElbowLeft
-0.2436555 0.09345958 1.756824 6 WristLeft
-0.2335513 0.05669454 1.755163 7 HandLeft
0.09986339 0.5481144 1.760188 8 ShoulderRight
0.1535656 0.307584 1.769935 9 ElbowRight
0.1765755 0.108288 1.71313 10 WristRight
0.1686827 0.05290149 1.703595 11 HandRight
-0.1317343 0.08093875 1.8193 12 HipLeft
-0.1239679 -0.23913 1.910758 13 KneeLeft
-0.1097039 -0.5703089 2.015993 14 AnkleLeft
-0.1183205 -0.6418879 1.959454 15 FootLeft
0.01102749 0.08173876 1.812218 16 HipRight
0.03108948 -0.2569403 1.910022 17 KneeRight
0.04636293 -0.5803488 2.006242 18 AnkleRight
0.05188026 -0.6554298 1.951355 19 FootRight
-0.03365194 0.5955361 1.773096 20 SpineShoulder
-0.2366054 -0.01947148 1.764128 21 HandTipLeft
-0.2801468 0.0698348 1.747385 22 ThumbLeft
0.1761888 -0.0181169 1.716998 23 HandTipRight
0.1362332 0.05386511 1.708 24 ThumbRight
-0.05726788 0.08146805 1.849083 0 SpineBase
-0.04249628 0.3800752 1.809033 1 SpineMid
-0.02657525 0.6648708 1.756498 2 Neck
-0.203662 0.5294032 1.779088 4 ShoulderLeft
-0.2455911 0.3005975 1.805275 5 ElbowLeft
-0.2542786 0.1031628 1.738266 6 WristLeft
-0.2562198 0.05990802 1.731129 7 HandLeft
0.09977172 0.548023 1.760961 8 ShoulderRight
0.1533792 0.3069066 1.764801 9 ElbowRight
0.1721916 0.1071098 1.708938 10 WristRight
0.1683363 0.05071558 1.700336 11 HandRight
-0.127194 0.07916907 1.817741 12 HipLeft
-0.1210513 -0.2386191 1.908581 13 KneeLeft
-0.1092433 -0.5702176 2.015272 14 AnkleLeft
-0.1192063 -0.6431088 1.956561 15 FootLeft
0.01485479 0.08060355 1.809745 16 HipRight
0.03354824 -0.2582132 1.907948 17 KneeRight
0.04613984 -0.5806354 2.005304 18 AnkleRight
0.05191837 -0.6563635 1.950063 19 FootRight
-0.03065744 0.5955071 1.771426 20 SpineShoulder
-0.2545735 -0.01687792 1.736692 21 HandTipLeft
-0.2967081 0.07259544 1.7339 22 ThumbLeft
0.1741047 -0.01835913 1.712598 23 HandTipRight
0.135689 0.03639102 1.715667 24 ThumbRight
-0.05471821 0.08126927 1.84778 0 SpineBase
-0.04041062 0.3799351 1.807811 1 SpineMid
-0.02513936 0.664858 1.755506 2 Neck
-0.2018754 0.5298709 1.779381 4 ShoulderLeft
-0.2459701 0.3044884 1.804332 5 ElbowLeft
-0.2630797 0.1092457 1.732142 6 WristLeft
-0.2745191 0.0592729 1.721819 7 HandLeft
0.1050919 0.5468368 1.7573 8 ShoulderRight
0.1547936 0.3068329 1.762346 9 ElbowRight
0.1721863 0.1064914 1.708253 10 WristRight
0.1749643 0.05177103 1.700793 11 HandRight
-0.1243689 0.07903006 1.816136 12 HipLeft
-0.1182821 -0.2390262 1.910127 13 KneeLeft
-0.1089577 -0.5699329 2.014835 14 AnkleLeft
-0.12019 -0.6440986 1.956795 15 FootLeft
0.01706223 0.0803983 1.808754 16 HipRight
0.03573957 -0.2624112 1.907228 17 KneeRight
0.04674384 -0.5823931 2.006416 18 AnkleRight
0.05194018 -0.6562464 1.949619 19 FootRight
-0.02905642 0.5954738 1.770424 20 SpineShoulder
-0.2724918 -0.01350885 1.729325 21 HandTipLeft
-0.3065085 0.0640856 1.722953 22 ThumbLeft
0.1827093 -0.01833148 1.710559 23 HandTipRight
0.1434696 0.03457339 1.72025 24 ThumbRight
-0.05299073 0.0809188 1.847017 0 SpineBase
-0.03912633 0.3799505 1.80804 1 SpineMid
-0.02392289 0.6653264 1.757092 2 Neck
-0.2005977 0.5291526 1.778821 4 ShoulderLeft
-0.2462136 0.3059292 1.804118 5 ElbowLeft
-0.2653363 0.1109628 1.731678 6 WristLeft
-0.2766745 0.05912481 1.724233 7 HandLeft
0.104571 0.547017 1.758435 8 ShoulderRight
0.1559257 0.3072551 1.761681 9 ElbowRight
0.1726784 0.1067837 1.7079 10 WristRight
0.1788068 0.05211988 1.7007 11 HandRight
-0.1228772 0.07878844 1.815519 12 HipLeft
-0.1174968 -0.2376215 1.908582 13 KneeLeft
-0.1089579 -0.5699172 2.014796 14 AnkleLeft
-0.1196031 -0.6437954 1.956468 15 FootLeft
0.01895097 0.07994572 1.80788 16 HipRight
0.03672773 -0.2584034 1.904281 17 KneeRight
0.0470173 -0.5817304 2.00656 18 AnkleRight
0.05198993 -0.6563551 1.949373 19 FootRight
-0.02781991 0.5958064 1.771602 20 SpineShoulder
-0.2757488 -0.01490712 1.731444 21 HandTipLeft
-0.3113308 0.07350845 1.7285 22 ThumbLeft
0.1854908 -0.01825771 1.709967 23 HandTipRight
0.1486431 0.03086242 1.716846 24 ThumbRight
-0.0512275 0.0801255 1.846441 0 SpineBase
-0.03728955 0.3792111 1.806221 1 SpineMid
-0.02257518 0.6647318 1.753915 2 Neck
-0.19889 0.5290982 1.778888 4 ShoulderLeft
-0.2462345 0.3060977 1.804544 5 ElbowLeft
-0.2705714 0.1108336 1.734989 6 WristLeft
-0.2800058 0.05895722 1.739014 7 HandLeft
0.1038565 0.5470726 1.760045 8 ShoulderRight
0.159267 0.3059801 1.761029 9 ElbowRight
0.1823371 0.1058342 1.70883 10 WristRight
0.1916346 0.05133886 1.70456 11 HandRight
-0.121291 0.07819755 1.815039 12 HipLeft
-0.1161431 -0.2378897 1.908802 13 KneeLeft
-0.1088233 -0.5700025 2.014651 14 AnkleLeft
-0.1195733 -0.6433257 1.956581 15 FootLeft
0.02082625 0.07897558 1.807247 16 HipRight
0.03751654 -0.258857 1.904283 17 KneeRight
0.04741436 -0.5792951 2.006029 18 AnkleRight
0.0521467 -0.6557413 1.950684 19 FootRight
-0.0263256 0.5952052 1.768899 20 SpineShoulder
-0.2804976 -0.01807033 1.743446 21 HandTipLeft
-0.3115434 0.0320769 1.736 22 ThumbLeft
0.2011771 -0.01901842 1.712034 23 HandTipRight
0.1617209 0.03514621 1.720857 24 ThumbRight
-0.04947496 0.07909836 1.845766 0 SpineBase
-0.03570158 0.378392 1.805845 1 SpineMid
-0.02100326 0.6639802 1.754374 2 Neck
-0.1974166 0.5278969 1.778361 4 ShoulderLeft
-0.245561 0.3045447 1.806048 5 ElbowLeft
-0.2714817 0.106443 1.747877 6 WristLeft
-0.273414 0.05581239 1.755524 7 HandLeft
0.1036422 0.5469347 1.761031 8 ShoulderRight
0.1622064 0.3040749 1.761105 9 ElbowRight
0.1887671 0.103596 1.713371 10 WristRight
0.1955341 0.05055019 1.711132 11 HandRight
-0.1196028 0.07715528 1.814346 12 HipLeft
-0.1146613 -0.2383817 1.90864 13 KneeLeft
-0.108795 -0.5700027 2.01455 14 AnkleLeft
-0.1193273 -0.6425223 1.956729 15 FootLeft
0.02256607 0.07800742 1.806627 16 HipRight
0.03843382 -0.2593836 1.904217 17 KneeRight
0.04755399 -0.5785314 2.005794 18 AnkleRight
0.05220925 -0.6561371 1.950132 19 FootRight
-0.02474938 0.5944483 1.769089 20 SpineShoulder
-0.2746962 -0.01553589 1.758819 21 HandTipLeft
-0.3090906 0.06874752 1.767 22 ThumbLeft
0.2046606 -0.02235262 1.721887 23 HandTipRight
0.2287724 0.03744294 1.717143 24 ThumbRight
-0.04893714 0.0783238 1.844902 0 SpineBase
-0.03483145 0.3776033 1.804781 1 SpineMid
-0.01987088 0.6632463 1.753066 2 Neck
-0.196237 0.5269442 1.777789 4 ShoulderLeft
-0.2431187 0.2973472 1.809839 5 ElbowLeft
-0.2640794 0.09594863 1.764796 6 WristLeft
-0.2597452 0.05475167 1.772687 7 HandLeft
0.1035812 0.5467743 1.761508 8 ShoulderRight
0.1639237 0.3022735 1.76173 9 ElbowRight
0.1921374 0.1013182 1.718289 10 WristRight
0.195363 0.04791151 1.718218 11 HandRight
-0.1190389 0.07642851 1.813485 12 HipLeft
-0.112978 -0.2401009 1.908908 13 KneeLeft
-0.1086248 -0.5709442 2.014616 14 AnkleLeft
-0.118725 -0.6414799 1.956935 15 FootLeft
0.02305372 0.07722316 1.805784 16 HipRight
0.03894481 -0.2596747 1.903807 17 KneeRight
0.04771805 -0.578107 2.005485 18 AnkleRight
0.05222201 -0.6566305 1.950136 19 FootRight
-0.02365597 0.5937006 1.767896 20 SpineShoulder
-0.2631321 -0.01836217 1.777666 21 HandTipLeft
-0.2967911 0.0609681 1.7794 22 ThumbLeft
0.2043986 -0.02223099 1.72788 23 HandTipRight
0.1644818 0.05226256 1.728328 24 ThumbRight
-0.04885812 0.07802922 1.84466 0 SpineBase
-0.03465094 0.3773352 1.804234 1 SpineMid
-0.01970965 0.6630853 1.752118 2 Neck
-0.1958065 0.5265112 1.77767 4 ShoulderLeft
-0.2415566 0.2946846 1.810873 5 ElbowLeft
-0.2596993 0.0922828 1.77004 6 WristLeft
-0.2488932 0.05514648 1.779398 7 HandLeft
0.1036043 0.5467908 1.761902 8 ShoulderRight
0.1644606 0.3015834 1.762065 9 ElbowRight
0.1921887 0.1001576 1.720923 10 WristRight
0.1934418 0.04857028 1.721863 11 HandRight
-0.1189472 0.07615254 1.813303 12 HipLeft
-0.1125236 -0.2401314 1.90826 13 KneeLeft
-0.1086694 -0.571548 2.014814 14 AnkleLeft
-0.1185849 -0.6416768 1.957315 15 FootLeft
0.0231155 0.07692086 1.805483 16 HipRight
0.03921385 -0.2597488 1.903647 17 KneeRight
0.04784075 -0.5767142 2.005019 18 AnkleRight
0.05300611 -0.6563863 1.948741 19 FootRight
-0.02347978 0.5935122 1.767076 20 SpineShoulder
-0.2552828 -0.022141 1.787252 21 HandTipLeft
-0.2888623 0.08044892 1.777667 22 ThumbLeft
0.2033731 -0.02156948 1.731348 23 HandTipRight
0.1612244 0.05181695 1.736882 24 ThumbRight
-0.04891971 0.07762158 1.844128 0 SpineBase
-0.03441484 0.3771442 1.804217 1 SpineMid
-0.01891437 0.6628934 1.752751 2 Neck
-0.1957269 0.5265704 1.777987 4 ShoulderLeft
-0.2399244 0.2924372 1.811133 5 ElbowLeft
-0.2566225 0.08973753 1.771053 6 WristLeft
-0.2427734 0.05312958 1.777764 7 HandLeft
0.1036183 0.5466709 1.762024 8 ShoulderRight
0.1648414 0.3008191 1.761962 9 ElbowRight
0.1922024 0.09915922 1.721641 10 WristRight
0.1923674 0.04648435 1.722093 11 HandRight
-0.1189466 0.07571181 1.812726 12 HipLeft
-0.1117459 -0.2408767 1.908025 13 KneeLeft
-0.1084198 -0.5742694 2.014945 14 AnkleLeft
-0.1194084 -0.6463467 1.955346 15 FootLeft
0.02300024 0.07656009 1.805002 16 HipRight
0.03993623 -0.2614169 1.903659 17 KneeRight
0.04778582 -0.5767227 2.005164 18 AnkleRight
0.05220604 -0.6570978 1.949637 19 FootRight
-0.02286675 0.5933152 1.767477 20 SpineShoulder
-0.2529783 -0.02257998 1.787216 21 HandTipLeft
-0.2875953 0.08145292 1.782333 22 ThumbLeft
0.2030473 -0.02203294 1.733639 23 HandTipRight
0.1591606 0.02835214 1.746667 24 ThumbRight
-0.04725626 0.07751858 1.842192 0 SpineBase
-0.03287607 0.3768881 1.803911 1 SpineMid
-0.01743221 0.6626191 1.753844 2 Neck
-0.1944431 0.5272086 1.779144 4 ShoulderLeft
-0.2379832 0.2946674 1.813421 5 ElbowLeft
-0.3027957 0.1082526 1.746736 6 WristLeft
-0.3259794 0.09038264 1.740925 7 HandLeft
0.1035465 0.5467136 1.762622 8 ShoulderRight
0.166331 0.300242 1.762504 9 ElbowRight
0.2152689 0.1033311 1.718224 10 WristRight
0.2358114 0.07175407 1.696238 11 HandRight
-0.1173716 0.07553002 1.811001 12 HipLeft
-0.1107807 -0.2395787 1.905632 13 KneeLeft
-0.1080909 -0.5750619 2.014009 14 AnkleLeft
-0.1187948 -0.6458632 1.955783 15 FootLeft
0.02469274 0.07655584 1.802852 16 HipRight
0.04148163 -0.2580204 1.902107 17 KneeRight
0.0473485 -0.5751739 2.004434 18 AnkleRight
0.05330227 -0.6573398 1.946705 19 FootRight
-0.02138043 0.5930447 1.768224 20 SpineShoulder
-0.3938888 0.01561379 1.747817 21 HandTipLeft
-0.3056578 0.1255034 1.755875 22 ThumbLeft
0.26818 -0.001223913 1.683561 23 HandTipRight
0.2178998 0.06512439 1.7184 24 ThumbRight
-0.04580171 0.07860187 1.84044 0 SpineBase
-0.03172906 0.3772293 1.803242 1 SpineMid
-0.01681794 0.6625642 1.753896 2 Neck
-0.1940528 0.5280134 1.780453 4 ShoulderLeft
-0.2543634 0.3111175 1.820259 5 ElbowLeft
-0.3701867 0.1575814 1.740035 6 WristLeft
-0.4066633 0.1583174 1.722606 7 HandLeft
0.1036725 0.5467351 1.762912 8 ShoulderRight
0.1846277 0.3007653 1.76515 9 ElbowRight
0.2779093 0.1267392 1.698806 10 WristRight
0.310184 0.109757 1.662096 11 HandRight
-0.1156671 0.07629757 1.809101 12 HipLeft
-0.110497 -0.2390654 1.905308 13 KneeLeft
-0.1078972 -0.5733542 2.012164 14 AnkleLeft
-0.1187593 -0.6458954 1.955988 15 FootLeft
0.02587476 0.07790626 1.801224 16 HipRight
0.04302786 -0.2535639 1.90027 17 KneeRight
0.04660008 -0.5742937 2.003641 18 AnkleRight
0.05411675 -0.654845 1.94477 19 FootRight
-0.02064315 0.5930659 1.768156 20 SpineShoulder
-0.4766726 0.1248409 1.717112 21 HandTipLeft
-0.4039201 0.1271103 1.756833 22 ThumbLeft
0.357702 0.05103702 1.633164 23 HandTipRight
0.3051847 0.08336201 1.7027 24 ThumbRight
-0.04515482 0.0794148 1.838936 0 SpineBase
-0.03124371 0.3774582 1.80281 1 SpineMid
-0.01658687 0.6625372 1.754027 2 Neck
-0.1937974 0.5281409 1.780558 4 ShoulderLeft
-0.3143431 0.3374712 1.821399 5 ElbowLeft
-0.4732005 0.2512385 1.71785 6 WristLeft
-0.5101517 0.2516127 1.707076 7 HandLeft
0.1107008 0.5456498 1.758645 8 ShoulderRight
0.2263717 0.3221399 1.763626 9 ElbowRight
0.3569396 0.2004803 1.65397 10 WristRight
0.3902508 0.1843956 1.63415 11 HandRight
-0.1149027 0.07713605 1.807477 12 HipLeft
-0.1103082 -0.2388022 1.905134 13 KneeLeft
-0.1082316 -0.5740378 2.012615 14 AnkleLeft
-0.1181198 -0.6461936 1.955792 15 FootLeft
0.02639561 0.07872345 1.799748 16 HipRight
0.04361239 -0.2505812 1.898684 17 KneeRight
0.04555284 -0.5747036 2.003237 18 AnkleRight
0.05101064 -0.6543924 1.952312 19 FootRight
-0.02038022 0.5930846 1.768188 20 SpineShoulder
-0.6030856 0.2553998 1.701249 21 HandTipLeft
-0.4882922 0.2182366 1.751563 22 ThumbLeft
0.4565821 0.1493228 1.591671 23 HandTipRight
0.39417 0.1577037 1.672483 24 ThumbRight
-0.0447381 0.07988704 1.837702 0 SpineBase
-0.03084885 0.3776968 1.802333 1 SpineMid
-0.01641291 0.66258 1.754084 2 Neck
-0.1941792 0.5286748 1.781286 4 ShoulderLeft
-0.3127471 0.335545 1.821234 5 ElbowLeft
-0.4837373 0.2740627 1.720275 6 WristLeft
-0.5254843 0.2854998 1.706504 7 HandLeft
0.1091248 0.5466636 1.760087 8 ShoulderRight
0.2362241 0.3246828 1.76117 9 ElbowRight
0.3693968 0.2074589 1.649864 10 WristRight
0.4057379 0.2098723 1.628229 11 HandRight
-0.1144459 0.07745239 1.806133 12 HipLeft
-0.1102197 -0.2371272 1.903983 13 KneeLeft
-0.1078553 -0.5764951 2.014871 14 AnkleLeft
-0.1177393 -0.6459543 1.956123 15 FootLeft
0.02675284 0.0792892 1.798647 16 HipRight
0.04423448 -0.2472602 1.89686 17 KneeRight
0.04536843 -0.5759029 2.002499 18 AnkleRight
0.05292029 -0.6583457 1.947696 19 FootRight
-0.02015878 0.5931611 1.768164 20 SpineShoulder
-0.6120102 0.290751 1.699861 21 HandTipLeft
-0.5030302 0.2494065 1.752412 22 ThumbLeft
0.4725571 0.1895324 1.58377 23 HandTipRight
0.4178627 0.1820814 1.666588 24 ThumbRight
-0.04424683 0.08019979 1.836946 0 SpineBase
-0.03040436 0.3779095 1.802004 1 SpineMid
-0.01614825 0.6626604 1.754203 2 Neck
-0.1942004 0.5283847 1.781302 4 ShoulderLeft
-0.3113974 0.3332709 1.820922 5 ElbowLeft
-0.4887281 0.2881429 1.722989 6 WristLeft
-0.5314507 0.3020573 1.70784 7 HandLeft
0.1153939 0.5466293 1.755173 8 ShoulderRight
0.2454004 0.3270417 1.759655 9 ElbowRight
0.3860507 0.2206887 1.6468 10 WristRight
0.4158492 0.2250959 1.62714 11 HandRight
-0.1138594 0.07768407 1.805337 12 HipLeft
-0.1102015 -0.2356647 1.902444 13 KneeLeft
-0.1079345 -0.5773425 2.016062 14 AnkleLeft
-0.1176932 -0.646237 1.956064 15 FootLeft
0.02715121 0.07967016 1.797897 16 HipRight
0.04454283 -0.2466555 1.896642 17 KneeRight
0.04499327 -0.5760863 2.001574 18 AnkleRight
0.05316545 -0.6578446 1.948521 19 FootRight
-0.01984724 0.5932729 1.768189 20 SpineShoulder
-0.6260821 0.3196633 1.705584 21 HandTipLeft
-0.5119105 0.2637148 1.756154 22 ThumbLeft
0.4849005 0.214599 1.583122 23 HandTipRight
0.4344869 0.1960192 1.667958 24 ThumbRight
-0.04410116 0.08016311 1.83667 0 SpineBase
-0.03015438 0.3779335 1.801874 1 SpineMid
-0.0157915 0.6627131 1.754326 2 Neck
-0.1942107 0.5285031 1.781673 4 ShoulderLeft
-0.3091118 0.3310206 1.822421 5 ElbowLeft
-0.4877664 0.2908144 1.724772 6 WristLeft
-0.5297052 0.2994194 1.712822 7 HandLeft
0.1127397 0.5472573 1.757522 8 ShoulderRight
0.2497071 0.3266721 1.758901 9 ElbowRight
0.3922821 0.2223155 1.64664 10 WristRight
0.418974 0.2279545 1.628099 11 HandRight
-0.1136847 0.07764135 1.804821 12 HipLeft
-0.1103969 -0.2345224 1.901885 13 KneeLeft
-0.1081188 -0.5774036 2.016023 14 AnkleLeft
-0.1177665 -0.6465384 1.95661 15 FootLeft
0.02725218 0.07964102 1.797794 16 HipRight
0.04474715 -0.2462353 1.896485 17 KneeRight
0.0449426 -0.576546 2.001499 18 AnkleRight
0.05332175 -0.6578284 1.947752 19 FootRight
-0.01951175 0.5933231 1.768234 20 SpineShoulder
-0.6153862 0.3129199 1.707022 21 HandTipLeft
-0.5086493 0.2611187 1.773167 22 ThumbLeft
0.490044 0.2189834 1.587545 23 HandTipRight
0.4375346 0.1997674 1.66503 24 ThumbRight
-0.04370708 0.08022847 1.836244 0 SpineBase
-0.02961583 0.3780664 1.801618 1 SpineMid
-0.01522065 0.6628498 1.754455 2 Neck
-0.1939561 0.5280905 1.781825 4 ShoulderLeft
-0.3057768 0.3281465 1.823967 5 ElbowLeft
-0.4855901 0.2918621 1.726794 6 WristLeft
-0.5317524 0.2928954 1.712611 7 HandLeft
0.1130855 0.5474883 1.75811 8 ShoulderRight
0.2535474 0.3268536 1.758047 9 ElbowRight
0.4002105 0.2270215 1.646988 10 WristRight
0.422794 0.2294382 1.626288 11 HandRight
-0.1132637 0.07762624 1.804471 12 HipLeft
-0.1102404 -0.2342996 1.901397 13 KneeLeft
-0.1083524 -0.5773847 2.015907 14 AnkleLeft
-0.1178417 -0.6466632 1.956735 15 FootLeft
0.02758963 0.07978265 1.797319 16 HipRight
0.04503278 -0.2458597 1.896356 17 KneeRight
0.04506813 -0.5765164 2.001406 18 AnkleRight
0.05344193 -0.6561623 1.94734 19 FootRight
-0.01892446 0.5934687 1.768255 20 SpineShoulder
-0.623476 0.3052707 1.717902 21 HandTipLeft
-0.4956648 0.2548672 1.758875 22 ThumbLeft
0.4936869 0.2180005 1.583202 23 HandTipRight
0.4397521 0.2018739 1.670591 24 ThumbRight
-0.04347917 0.08013175 1.836181 0 SpineBase
-0.02927259 0.3780913 1.801692 1 SpineMid
-0.01460347 0.6630107 1.754998 2 Neck
-0.1936494 0.5279143 1.782286 4 ShoulderLeft
-0.3035816 0.3262644 1.824584 5 ElbowLeft
-0.4838643 0.2917934 1.727667 6 WristLeft
-0.5303546 0.2907996 1.71075 7 HandLeft
0.1109699 0.5478003 1.760184 8 ShoulderRight
0.2558425 0.3277253 1.757232 9 ElbowRight
0.4015746 0.2269997 1.645703 10 WristRight
0.4231158 0.2308208 1.623149 11 HandRight
-0.112984 0.07747201 1.804359 12 HipLeft
-0.1097837 -0.2340732 1.901207 13 KneeLeft
-0.1091641 -0.5767409 2.014234 14 AnkleLeft
-0.1177604 -0.6465048 1.957211 15 FootLeft
0.02775977 0.07974544 1.79725 16 HipRight
0.04527134 -0.2457364 1.896323 17 KneeRight
0.04507443 -0.5764381 2.001406 18 AnkleRight
0.0543473 -0.655102 1.947777 19 FootRight
-0.01836772 0.5936034 1.768643 20 SpineShoulder
-0.6217782 0.3019735 1.714413 21 HandTipLeft
-0.4970835 0.2529457 1.783 22 ThumbLeft
0.4928823 0.2184948 1.580895 23 HandTipRight
0.4399233 0.2036031 1.660812 24 ThumbRight
-0.04335256 0.0801447 1.836235 0 SpineBase
-0.02876035 0.3782256 1.802009 1 SpineMid
-0.0136528 0.6632842 1.756013 2 Neck
-0.1933535 0.5285735 1.784616 4 ShoulderLeft
-0.3024807 0.3253793 1.824547 5 ElbowLeft
-0.4830014 0.2914913 1.727897 6 WristLeft
-0.5301161 0.2894844 1.710901 7 HandLeft
0.1099664 0.547843 1.76128 8 ShoulderRight
0.2566337 0.3284222 1.756919 9 ElbowRight
0.4019899 0.2275366 1.645009 10 WristRight
0.4239889 0.2306987 1.622705 11 HandRight
-0.1127751 0.07744189 1.80464 12 HipLeft
-0.109391 -0.2344258 1.901159 13 KneeLeft
-0.1091977 -0.5766883 2.014195 14 AnkleLeft
-0.1174382 -0.6465388 1.957585 15 FootLeft
0.0278943 0.07980058 1.797096 16 HipRight
0.04544349 -0.2453577 1.896166 17 KneeRight
0.04519863 -0.5765231 2.001239 18 AnkleRight
0.05353853 -0.653432 1.94834 19 FootRight
-0.01749755 0.5938517 1.769454 20 SpineShoulder
-0.6217773 0.3014938 1.714743 21 HandTipLeft
-0.4983685 0.2530544 1.7702 22 ThumbLeft
0.4917853 0.2174805 1.578672 23 HandTipRight
0.4371122 0.2017178 1.6624 24 ThumbRight
-0.04283173 0.08024333 1.8364 0 SpineBase
-0.02778351 0.3784402 1.80265 1 SpineMid
-0.01237762 0.6635541 1.757457 2 Neck
-0.1932222 0.5291287 1.786535 4 ShoulderLeft
-0.3017398 0.3247209 1.825168 5 ElbowLeft
-0.4820922 0.2913929 1.727949 6 WristLeft
-0.5269136 0.2893915 1.712859 7 HandLeft
0.1133363 0.5476161 1.760173 8 ShoulderRight
0.2575973 0.3287285 1.75665 9 ElbowRight
0.4025496 0.227635 1.64437 10 WristRight
0.4234189 0.2310233 1.622031 11 HandRight
-0.1120883 0.07756111 1.804944 12 HipLeft
-0.1090516 -0.2345811 1.90113 13 KneeLeft
-0.1092152 -0.5764781 2.013544 14 AnkleLeft
-0.1170838 -0.6461596 1.957431 15 FootLeft
0.02825276 0.07989385 1.797184 16 HipRight
0.04603381 -0.2444918 1.895947 17 KneeRight
0.044812 -0.5765851 2.001078 18 AnkleRight
0.05432664 -0.6523457 1.948677 19 FootRight
-0.01626054 0.5941188 1.770684 20 SpineShoulder
-0.6171599 0.3019978 1.71447 21 HandTipLeft
-0.49478 0.25332 1.773352 22 ThumbLeft
0.490676 0.2175296 1.573821 23 HandTipRight
0.4381323 0.2025166 1.660155 24 ThumbRight
-0.04254238 0.08022968 1.836586 0 SpineBase
-0.02713893 0.3784452 1.803187 1 SpineMid
-0.01139099 0.6635472 1.758566 2 Neck
-0.1925916 0.5293271 1.788077 4 ShoulderLeft
-0.3009693 0.3238753 1.826122 5 ElbowLeft
-0.4812476 0.2912109 1.72836 6 WristLeft
-0.5271779 0.2902806 1.714455 7 HandLeft
0.1147122 0.5471475 1.760072 8 ShoulderRight
0.2587115 0.328933 1.756535 9 ElbowRight
0.4044622 0.2299664 1.643254 10 WristRight
0.4253063 0.2323366 1.621662 11 HandRight
-0.1116761 0.07751036 1.805377 12 HipLeft
-0.1086451 -0.2349836 1.900884 13 KneeLeft
-0.1086905 -0.5766132 2.013994 14 AnkleLeft
-0.117034 -0.6463015 1.957376 15 FootLeft
0.02843469 0.07989826 1.797224 16 HipRight
0.04631325 -0.2446528 1.896025 17 KneeRight
0.04495007 -0.5769772 2.000531 18 AnkleRight
0.05434992 -0.6521865 1.950341 19 FootRight
-0.01534451 0.5941201 1.771642 20 SpineShoulder
-0.6177814 0.3026189 1.719062 21 HandTipLeft
-0.5000839 0.2520486 1.766274 22 ThumbLeft
0.4941415 0.2152807 1.572667 23 HandTipRight
0.4375001 0.2018764 1.665279 24 ThumbRight
-0.04201781 0.08036432 1.836739 0 SpineBase
-0.02708179 0.3784867 1.802767 1 SpineMid
-0.01241495 0.6633871 1.756074 2 Neck
-0.1921803 0.5295155 1.788955 4 ShoulderLeft
-0.3006706 0.3236285 1.826556 5 ElbowLeft
-0.4808878 0.2911212 1.72861 6 WristLeft
-0.5273347 0.2898652 1.715559 7 HandLeft
0.1132573 0.5473577 1.76132 8 ShoulderRight
0.2590393 0.3293092 1.756799 9 ElbowRight
0.4045689 0.2301863 1.643354 10 WristRight
0.4260391 0.2317744 1.622582 11 HandRight
-0.1112841 0.07752418 1.805434 12 HipLeft
-0.1084355 -0.2353103 1.900885 13 KneeLeft
-0.1087969 -0.576036 2.013258 14 AnkleLeft
-0.1170997 -0.6467294 1.957435 15 FootLeft
0.02907409 0.08018491 1.797503 16 HipRight
0.04635204 -0.2446666 1.896027 17 KneeRight
0.04517556 -0.5768276 2.000554 18 AnkleRight
0.0544493 -0.6532713 1.951547 19 FootRight
-0.01594728 0.5940477 1.769871 20 SpineShoulder
-0.6180071 0.3020624 1.718927 21 HandTipLeft
-0.4971654 0.2532222 1.771872 22 ThumbLeft
0.4950928 0.2128332 1.57456 23 HandTipRight
0.4389891 0.2021926 1.664669 24 ThumbRight
-0.04148155 0.08037309 1.836849 0 SpineBase
-0.0260795 0.3785291 1.803593 1 SpineMid
-0.01055899 0.6634865 1.758821 2 Neck
-0.1914447 0.5293346 1.790211 4 ShoulderLeft
-0.2990405 0.3234437 1.82775 5 ElbowLeft
-0.479238 0.2894923 1.73026 6 WristLeft
-0.5226452 0.2843379 1.717437 7 HandLeft
0.1117764 0.5474217 1.762589 8 ShoulderRight
0.2602334 0.3291391 1.75711 9 ElbowRight
0.4050481 0.2298677 1.642814 10 WristRight
0.4243569 0.2272984 1.624484 11 HandRight
-0.1108288 0.0774121 1.805621 12 HipLeft
-0.1081683 -0.2353492 1.900576 13 KneeLeft
-0.1081456 -0.5770915 2.014796 14 AnkleLeft
-0.1171361 -0.647135 1.957474 15 FootLeft
0.02966092 0.08029681 1.797557 16 HipRight
0.04653331 -0.2445428 1.89601 17 KneeRight
0.04500298 -0.5768331 2.000553 18 AnkleRight
0.05574735 -0.6532758 1.948988 19 FootRight
-0.01437973 0.5941229 1.771955 20 SpineShoulder
-0.6152068 0.2946478 1.722231 21 HandTipLeft
-0.4868443 0.2478285 1.78075 22 ThumbLeft
0.4949737 0.2062606 1.575336 23 HandTipRight
0.4373693 0.2003438 1.664589 24 ThumbRight
-0.04101907 0.08012036 1.837308 0 SpineBase
-0.02529992 0.3783771 1.804645 1 SpineMid
-0.009533344 0.6634663 1.760769 2 Neck
-0.1907459 0.529264 1.791026 4 ShoulderLeft
-0.2985291 0.3232161 1.828278 5 ElbowLeft
-0.4786772 0.2876803 1.731277 6 WristLeft
-0.5233576 0.2833768 1.717571 7 HandLeft
0.1109791 0.5472869 1.763441 8 ShoulderRight
0.2609631 0.3288133 1.757366 9 ElbowRight
0.4056653 0.229417 1.643036 10 WristRight
0.4248155 0.2259672 1.625022 11 HandRight
-0.1103309 0.07700951 1.806357 12 HipLeft
-0.1080623 -0.235411 1.900367 13 KneeLeft
-0.1080171 -0.5770736 2.013991 14 AnkleLeft
-0.1169875 -0.6472327 1.957312 15 FootLeft
0.03004599 0.08016065 1.797788 16 HipRight
0.04706929 -0.2459143 1.896939 17 KneeRight
0.04456729 -0.57705 2.000263 18 AnkleRight
0.05657919 -0.6529005 1.947561 19 FootRight
-0.01341845 0.5940623 1.773657 20 SpineShoulder
-0.61466 0.2933293 1.722475 21 HandTipLeft
-0.4866377 0.2475208 1.773945 22 ThumbLeft
0.4952924 0.2037183 1.576339 23 HandTipRight
0.4370528 0.2002284 1.664023 24 ThumbRight
-0.04070384 0.08009638 1.837372 0 SpineBase
-0.02480137 0.3784142 1.805007 1 SpineMid
-0.008869188 0.6635692 1.761589 2 Neck
-0.1904987 0.5293002 1.791317 4 ShoulderLeft
-0.2974765 0.3230218 1.829436 5 ElbowLeft
-0.4774822 0.2873237 1.732189 6 WristLeft
-0.5230918 0.2839492 1.718137 7 HandLeft
0.1168603 0.5459465 1.760854 8 ShoulderRight
0.2611872 0.3287379 1.757489 9 ElbowRight
0.4057864 0.2294714 1.642898 10 WristRight
0.4255621 0.2266279 1.625766 11 HandRight
-0.1099936 0.07698465 1.806502 12 HipLeft
-0.1079544 -0.235509 1.900287 13 KneeLeft
-0.1082626 -0.5765229 2.013041 14 AnkleLeft
-0.116812 -0.6472777 1.957233 15 FootLeft
0.03032165 0.08013764 1.797772 16 HipRight
0.04707713 -0.2459139 1.896924 17 KneeRight
0.04458397 -0.5781034 2.00034 18 AnkleRight
0.05700856 -0.6532278 1.946153 19 FootRight
-0.01279751 0.5941463 1.77435 20 SpineShoulder
-0.6140751 0.2948096 1.720645 21 HandTipLeft
-0.4894259 0.2479924 1.778104 22 ThumbLeft
0.4958749 0.2055643 1.578214 23 HandTipRight
0.4374764 0.2001721 1.664881 24 ThumbRight
-0.04020603 0.08012046 1.837658 0 SpineBase
-0.02424742 0.3784806 1.805629 1 SpineMid
-0.008370854 0.6636494 1.762592 2 Neck
-0.1900665 0.5292272 1.792315 4 ShoulderLeft
-0.2971692 0.3229154 1.829862 5 ElbowLeft
-0.4771813 0.2871972 1.732482 6 WristLeft
-0.5198953 0.2863651 1.717243 7 HandLeft
0.1184873 0.5453238 1.760584 8 ShoulderRight
0.2620392 0.3287228 1.75777 9 ElbowRight
0.4062267 0.2296903 1.64228 10 WristRight
0.4252478 0.229707 1.624245 11 HandRight
-0.1094405 0.07697166 1.806926 12 HipLeft
-0.1074578 -0.2373217 1.900841 13 KneeLeft
-0.1084448 -0.5759845 2.012051 14 AnkleLeft
-0.1175123 -0.6472497 1.955917 15 FootLeft
0.03073259 0.08018738 1.79792 16 HipRight
0.04722445 -0.2458648 1.896892 17 KneeRight
0.04424643 -0.5784827 2.00024 18 AnkleRight
0.0571352 -0.6524702 1.94626 19 FootRight
-0.01228114 0.5942217 1.775258 20 SpineShoulder
-0.6091096 0.2976404 1.719685 21 HandTipLeft
-0.4975066 0.2498818 1.752455 22 ThumbLeft
0.4949479 0.2085214 1.574068 23 HandTipRight
0.4372287 0.2010934 1.664018 24 ThumbRight
-0.04007654 0.08014575 1.837738 0 SpineBase
-0.02405755 0.3785799 1.805966 1 SpineMid
-0.008180283 0.6638362 1.763308 2 Neck
-0.1899805 0.5292222 1.792648 4 ShoulderLeft
-0.2970796 0.3228767 1.829914 5 ElbowLeft
-0.4771003 0.2872081 1.732531 6 WristLeft
-0.5204359 0.2863179 1.71741 7 HandLeft
0.1157153 0.5458786 1.762496 8 ShoulderRight
0.2621706 0.3288065 1.757918 9 ElbowRight
0.4060126 0.229214 1.64247 10 WristRight
0.4239779 0.2302721 1.623342 11 HandRight
-0.109356 0.07696364 1.806933 12 HipLeft
-0.1073206 -0.2374119 1.900903 13 KneeLeft
-0.108673 -0.5757011 2.011568 14 AnkleLeft
-0.1181528 -0.6473598 1.954863 15 FootLeft
0.03091688 0.08027062 1.798115 16 HipRight
0.04729517 -0.2459785 1.897019 17 KneeRight
0.04422247 -0.5785288 2.000229 18 AnkleRight
0.05706555 -0.6528613 1.946844 19 FootRight
-0.0120872 0.5943853 1.775874 20 SpineShoulder
-0.6101903 0.2969061 1.721549 21 HandTipLeft
-0.490629 0.2496988 1.765021 22 ThumbLeft
0.4927723 0.2088948 1.56798 23 HandTipRight
0.4369431 0.2014866 1.663209 24 ThumbRight
-0.04001835 0.08018981 1.837836 0 SpineBase
-0.02394211 0.3786545 1.806212 1 SpineMid
-0.008037346 0.6639113 1.763677 2 Neck
-0.1899003 0.5293124 1.793098 4 ShoulderLeft
-0.2970573 0.3228826 1.829978 5 ElbowLeft
-0.4770567 0.2871904 1.732558 6 WristLeft
-0.5201772 0.2858216 1.717973 7 HandLeft
0.1141867 0.5460392 1.763543 8 ShoulderRight
0.2624813 0.3287635 1.75801 9 ElbowRight
0.4060245 0.2290046 1.64231 10 WristRight
0.4250685 0.2296757 1.62279 11 HandRight
-0.1092981 0.07698548 1.807005 12 HipLeft
-0.1073276 -0.2373953 1.900826 13 KneeLeft
-0.1085334 -0.5761451 2.012167 14 AnkleLeft
-0.1181664 -0.6477682 1.955183 15 FootLeft
0.03096109 0.08033561 1.798226 16 HipRight
0.04731113 -0.2459671 1.896996 17 KneeRight
0.04425583 -0.5786064 2.000255 18 AnkleRight
0.0566795 -0.6518506 1.946906 19 FootRight
-0.01195077 0.594462 1.776218 20 SpineShoulder
-0.6095432 0.2973695 1.721179 21 HandTipLeft
-0.5097958 0.2460751 1.768667 22 ThumbLeft
0.493802 0.2073238 1.570613 23 HandTipRight
0.4365341 0.2012143 1.664483 24 ThumbRight
-0.03964217 0.08025377 1.838477 0 SpineBase
-0.02338413 0.3788441 1.807414 1 SpineMid
-0.007358636 0.6641929 1.765431 2 Neck
-0.1899176 0.5298024 1.794741 4 ShoulderLeft
-0.2970488 0.3228264 1.830812 5 ElbowLeft
-0.4768013 0.2872478 1.732712 6 WristLeft
-0.5205888 0.28671 1.718219 7 HandLeft
0.1197787 0.5451931 1.761862 8 ShoulderRight
0.2621439 0.3294802 1.758733 9 ElbowRight
0.405281 0.229635 1.642456 10 WristRight
0.4247774 0.2314921 1.621045 11 HandRight
-0.1087858 0.07712084 1.807909 12 HipLeft
-0.1072964 -0.2373863 1.900807 13 KneeLeft
-0.1087318 -0.5753936 2.01233 14 AnkleLeft
-0.1181439 -0.6484406 1.95618 15 FootLeft
0.03118405 0.0803477 1.798619 16 HipRight
0.04746226 -0.2464449 1.897513 17 KneeRight
0.04442658 -0.5785604 2.000558 18 AnkleRight
0.0563328 -0.6522498 1.948562 19 FootRight
-0.01130133 0.5947219 1.77784 20 SpineShoulder
-0.6103214 0.2969738 1.721915 21 HandTipLeft
-0.4802418 0.2508008 1.762857 22 ThumbLeft
0.492288 0.2109827 1.566836 23 HandTipRight
0.4369289 0.2023904 1.6658 24 ThumbRight
-0.03947603 0.08028716 1.838607 0 SpineBase
-0.02319054 0.378984 1.807832 1 SpineMid
-0.007200784 0.664458 1.76621 2 Neck
-0.1899288 0.5298586 1.795472 4 ShoulderLeft
-0.2970805 0.3228355 1.830962 5 ElbowLeft
-0.4768605 0.2872881 1.732664 6 WristLeft
-0.5194646 0.2873769 1.716898 7 HandLeft
0.1169351 0.5458732 1.763389 8 ShoulderRight
0.2619439 0.329848 1.758775 9 ElbowRight
0.4046967 0.2324811 1.63958 10 WristRight
0.4237647 0.2335801 1.615765 11 HandRight
-0.1086022 0.07711367 1.808033 12 HipLeft
-0.1072478 -0.2370524 1.900251 13 KneeLeft
-0.1086004 -0.5756317 2.01241 14 AnkleLeft
-0.1185378 -0.6478307 1.955116 15 FootLeft
0.03134266 0.08045224 1.798779 16 HipRight
0.04751378 -0.2465121 1.897549 17 KneeRight
0.04479179 -0.5791783 2.000967 18 AnkleRight
0.05551459 -0.6517721 1.949372 19 FootRight
-0.01113175 0.5949538 1.778528 20 SpineShoulder
-0.6093362 0.2977525 1.720325 21 HandTipLeft
-0.4890738 0.2497538 1.768845 22 ThumbLeft
0.4908371 0.2138432 1.562142 23 HandTipRight
0.4365342 0.2085498 1.659333 24 ThumbRight
-0.03940276 0.08010546 1.838709 0 SpineBase
-0.02306048 0.3789275 1.808011 1 SpineMid
-0.006978948 0.6645099 1.76646 2 Neck
-0.1898182 0.5298067 1.795543 4 ShoulderLeft
-0.2971668 0.322859 1.831041 5 ElbowLeft
-0.4768978 0.2875298 1.732559 6 WristLeft
-0.5191205 0.2881874 1.718524 7 HandLeft
0.1139926 0.5461856 1.764549 8 ShoulderRight
0.2619709 0.3300091 1.758551 9 ElbowRight
0.4041811 0.2334892 1.637924 10 WristRight
0.4241988 0.2348304 1.612129 11 HandRight
-0.1085419 0.07684865 1.80825 12 HipLeft
-0.1072218 -0.2370673 1.900214 13 KneeLeft
-0.1085699 -0.57521 2.012186 14 AnkleLeft
-0.1185805 -0.6479361 1.955236 15 FootLeft
0.03140892 0.080323 1.798784 16 HipRight
0.04757611 -0.2468761 1.897601 17 KneeRight
0.04448327 -0.5794001 2.000415 18 AnkleRight
0.05585237 -0.6516096 1.948981 19 FootRight
-0.01093886 0.5949759 1.778762 20 SpineShoulder
-0.6083466 0.2986447 1.721431 21 HandTipLeft
-0.4876922 0.2503216 1.768292 22 ThumbLeft
0.4913703 0.2153741 1.56227 23 HandTipRight
0.4361089 0.2074451 1.655993 24 ThumbRight
-0.03935181 0.08009315 1.838759 0 SpineBase
-0.02298152 0.3789288 1.808105 1 SpineMid
-0.006893582 0.6645188 1.766562 2 Neck
-0.1897937 0.5297902 1.795568 4 ShoulderLeft
-0.2973138 0.322957 1.831137 5 ElbowLeft
-0.4770437 0.2877056 1.732625 6 WristLeft
-0.5187876 0.2891819 1.720729 7 HandLeft
0.1131115 0.5462956 1.76496 8 ShoulderRight
0.261999 0.3301673 1.758284 9 ElbowRight
0.4037256 0.2342204 1.636556 10 WristRight
0.4237564 0.2349612 1.610594 11 HandRight
-0.1085027 0.07682501 1.808241 12 HipLeft
-0.1072167 -0.2370073 1.900104 13 KneeLeft
-0.1085727 -0.5752224 2.012177 14 AnkleLeft
-0.1181985 -0.6478472 1.955402 15 FootLeft
0.03148678 0.08032702 1.798942 16 HipRight
0.04765121 -0.2475259 1.89788 17 KneeRight
0.04455393 -0.5794474 2.000345 18 AnkleRight
0.05583309 -0.6518551 1.94915 19 FootRight
-0.01085452 0.5949835 1.778865 20 SpineShoulder
-0.607392 0.3033434 1.718205 21 HandTipLeft
-0.4964451 0.2517688 1.768538 22 ThumbLeft
0.4902091 0.2148608 1.558583 23 HandTipRight
0.4364615 0.2079291 1.655987 24 ThumbRight
-0.0393175 0.08011103 1.838797 0 SpineBase
-0.02293858 0.3789376 1.808176 1 SpineMid
-0.006856291 0.6645053 1.766642 2 Neck
-0.1896844 0.52987 1.795671 4 ShoulderLeft
-0.2976855 0.3229315 1.831724 5 ElbowLeft
-0.4776766 0.2881555 1.733453 6 WristLeft
-0.521616 0.2917978 1.721841 7 HandLeft
0.1182664 0.5453649 1.762343 8 ShoulderRight
0.2620045 0.3302405 1.758078 9 ElbowRight
0.4033178 0.2345527 1.635518 10 WristRight
0.4235299 0.2344331 1.609367 11 HandRight
-0.1084555 0.07684897 1.808231 12 HipLeft
-0.1073444 -0.2365254 1.899632 13 KneeLeft
-0.1083117 -0.5756997 2.012874 14 AnkleLeft
-0.1177005 -0.6478585 1.955041 15 FootLeft
0.03151287 0.0803431 1.799046 16 HipRight
0.04765621 -0.2475455 1.897911 17 KneeRight
0.04459369 -0.5794273 2.000401 18 AnkleRight
0.056024 -0.6518862 1.949092 19 FootRight
-0.0108158 0.5949759 1.778945 20 SpineShoulder
-0.6132676 0.3084322 1.719535 21 HandTipLeft
-0.5016944 0.2536293 1.776667 22 ThumbLeft
0.489575 0.2152866 1.556342 23 HandTipRight
0.4358264 0.2074751 1.6518 24 ThumbRight
-0.03929731 0.08002309 1.838877 0 SpineBase
-0.02288593 0.3788911 1.808271 1 SpineMid
-0.006778182 0.6644902 1.76673 2 Neck
-0.1896255 0.5298815 1.795698 4 ShoulderLeft
-0.2978347 0.3229733 1.832092 5 ElbowLeft
-0.4783743 0.2887991 1.734594 6 WristLeft
-0.5229931 0.2925664 1.723847 7 HandLeft
0.1160533 0.5456674 1.76349 8 ShoulderRight
0.2620307 0.3303031 1.757769 9 ElbowRight
0.4030811 0.2346684 1.634725 10 WristRight
0.4225054 0.2348325 1.608295 11 HandRight
-0.1084471 0.07673664 1.808342 12 HipLeft
-0.1073351 -0.2364726 1.899566 13 KneeLeft
-0.1084115 -0.575581 2.01249 14 AnkleLeft
-0.117712 -0.6478422 1.955122 15 FootLeft
0.03153266 0.08028127 1.799082 16 HipRight
0.04765881 -0.2475506 1.897915 17 KneeRight
0.04463827 -0.57946 2.000417 18 AnkleRight
0.05614628 -0.6520327 1.948606 19 FootRight
-0.0107445 0.5949534 1.779036 20 SpineShoulder
-0.6151515 0.309799 1.722441 21 HandTipLeft
-0.4942386 0.254227 1.774986 22 ThumbLeft
0.488695 0.2149031 1.553542 23 HandTipRight
0.4351348 0.2079232 1.654063 24 ThumbRight
-0.03919018 0.08000936 1.838951 0 SpineBase
-0.02278597 0.3788793 1.808402 1 SpineMid
-0.006704663 0.6644716 1.76689 2 Neck
-0.1894881 0.5299278 1.795795 4 ShoulderLeft
-0.2979787 0.3229048 1.832685 5 ElbowLeft
-0.4789948 0.2894511 1.735923 6 WristLeft
-0.5218772 0.2939782 1.725366 7 HandLeft
0.1146324 0.5459455 1.764206 8 ShoulderRight
0.2620334 0.3303283 1.757632 9 ElbowRight
0.4028485 0.2348085 1.6342 10 WristRight
0.4235863 0.2349957 1.607732 11 HandRight
-0.1083535 0.07669453 1.808365 12 HipLeft
-0.1073328 -0.236469 1.899573 13 KneeLeft
-0.108453 -0.5752869 2.011959 14 AnkleLeft
-0.1177602 -0.6479097 1.955162 15 FootLeft
0.03164693 0.08030124 1.799203 16 HipRight
0.04765462 -0.2475691 1.897945 17 KneeRight
0.04465046 -0.5792767 2.000445 18 AnkleRight
0.05532599 -0.6515565 1.949961 19 FootRight
-0.01066423 0.594937 1.779192 20 SpineShoulder
-0.6136399 0.3080733 1.724066 21 HandTipLeft
-0.5021777 0.256408 1.765941 22 ThumbLeft
0.490683 0.2147331 1.553405 23 HandTipRight
0.4348539 0.2087776 1.653376 24 ThumbRight
-0.03919944 0.07990748 1.838838 0 SpineBase
-0.02271276 0.3788652 1.808382 1 SpineMid
-0.006436615 0.664512 1.766887 2 Neck
-0.1892003 0.5299803 1.79578 4 ShoulderLeft
-0.2977426 0.3241079 1.833579 5 ElbowLeft
-0.4793533 0.2898716 1.738267 6 WristLeft
-0.5158745 0.289943 1.726842 7 HandLeft
0.1195127 0.545237 1.762035 8 ShoulderRight
0.2622221 0.3298162 1.756159 9 ElbowRight
0.403463 0.2418249 1.627384 10 WristRight
0.4297474 0.2443516 1.606024 11 HandRight
-0.1083645 0.07662831 1.808303 12 HipLeft
-0.1073217 -0.2364958 1.899394 13 KneeLeft
-0.1086532 -0.5749534 2.011206 14 AnkleLeft
-0.1182539 -0.6480796 1.952397 15 FootLeft
0.03161725 0.08010007 1.798931 16 HipRight
0.04766076 -0.2476663 1.897892 17 KneeRight
0.04461475 -0.5795515 2.000611 18 AnkleRight
0.05577438 -0.6528131 1.947619 19 FootRight
-0.01046335 0.5949596 1.779184 20 SpineShoulder
-0.6149386 0.3069095 1.732712 21 HandTipLeft
-0.4955092 0.2534253 1.775107 22 ThumbLeft
0.497575 0.2368734 1.573347 23 HandTipRight
0.4357858 0.2114777 1.63385 24 ThumbRight
-0.03912698 0.07992057 1.838737 0 SpineBase
-0.02257595 0.3788542 1.808298 1 SpineMid
-0.006219337 0.6644568 1.766794 2 Neck
-0.1885945 0.5300679 1.795383 4 ShoulderLeft
-0.3129932 0.3375971 1.838327 5 ElbowLeft
-0.4869164 0.2874893 1.734863 6 WristLeft
-0.5219359 0.2913073 1.729003 7 HandLeft
0.121832 0.5454103 1.761417 8 ShoulderRight
0.2620569 0.3299302 1.755931 9 ElbowRight
0.4031684 0.2477376 1.623006 10 WristRight
0.4288074 0.2593091 1.59639 11 HandRight
-0.1082579 0.07670001 1.807941 12 HipLeft
-0.1073427 -0.236436 1.899164 13 KneeLeft
-0.1087427 -0.5749121 2.010942 14 AnkleLeft
-0.1180373 -0.6479608 1.954225 15 FootLeft
0.03166072 0.08009149 1.798929 16 HipRight
0.04763935 -0.2474241 1.89776 17 KneeRight
0.04523078 -0.5804905 2.000496 18 AnkleRight
0.05562263 -0.6527205 1.947721 19 FootRight
-0.01026806 0.5949181 1.779096 20 SpineShoulder
-0.5903887 0.2633293 1.745636 21 HandTipLeft
-0.4875349 0.2533697 1.752385 22 ThumbLeft
0.4993849 0.2298502 1.576947 23 HandTipRight
0.4051408 0.2261118 1.628722 24 ThumbRight
-0.0389053 0.07972912 1.838445 0 SpineBase
-0.02202139 0.3787777 1.808101 1 SpineMid
-0.005194379 0.6645329 1.766675 2 Neck
-0.1881033 0.5302299 1.795288 4 ShoulderLeft
-0.3151217 0.341713 1.839761 5 ElbowLeft
-0.4912615 0.2898335 1.741586 6 WristLeft
-0.5206217 0.2979369 1.740417 7 HandLeft
0.1255184 0.5447266 1.759368 8 ShoulderRight
0.262082 0.3304597 1.755558 9 ElbowRight
0.4075038 0.2660463 1.617496 10 WristRight
0.4298104 0.2849595 1.604892 11 HandRight
-0.1080997 0.07668724 1.807738 12 HipLeft
-0.1078364 -0.2356027 1.898883 13 KneeLeft
-0.1088354 -0.5746465 2.010647 14 AnkleLeft
-0.1177136 -0.6477773 1.954262 15 FootLeft
0.03196155 0.07960324 1.798491 16 HipRight
0.04765348 -0.2475581 1.897897 17 KneeRight
0.04588747 -0.5801494 2.000591 18 AnkleRight
0.05609738 -0.6524586 1.947913 19 FootRight
-0.009370835 0.5949513 1.778959 20 SpineShoulder
-0.6073712 0.2735991 1.729468 21 HandTipLeft
-0.5232319 0.2767617 1.696974 22 ThumbLeft
0.4971283 0.2499104 1.568838 23 HandTipRight
0.4849885 0.3328194 1.6125 24 ThumbRight
-0.0387138 0.07959888 1.837912 0 SpineBase
-0.02134807 0.3786285 1.80769 1 SpineMid
-0.003852243 0.6643075 1.766297 2 Neck
-0.1877197 0.5303843 1.795231 4 ShoulderLeft
-0.3176433 0.3444355 1.841104 5 ElbowLeft
-0.4953333 0.2923 1.746377 6 WristLeft
-0.5192465 0.3047963 1.747486 7 HandLeft
0.1275151 0.5443987 1.758628 8 ShoulderRight
0.2626431 0.3309671 1.755174 9 ElbowRight
0.4108733 0.2724274 1.617654 10 WristRight
0.4308768 0.2882771 1.610992 11 HandRight
-0.1080085 0.07674684 1.807449 12 HipLeft
-0.1084209 -0.2336206 1.897753 13 KneeLeft
-0.1089427 -0.5743613 2.010239 14 AnkleLeft
-0.11838 -0.6478117 1.953331 15 FootLeft
0.03227556 0.07917679 1.797597 16 HipRight
0.04742612 -0.2473341 1.89764 17 KneeRight
0.04589511 -0.5801536 2.000716 18 AnkleRight
0.0555421 -0.6530427 1.9481 19 FootRight
-0.008213945 0.5947508 1.778574 20 SpineShoulder
-0.60436 0.2844016 1.730231 21 HandTipLeft
-0.5263759 0.2835548 1.7048 22 ThumbLeft
0.5017017 0.2582367 1.578328 23 HandTipRight
0.485835 0.3346008 1.620938 24 ThumbRight
-0.03877869 0.07944683 1.837628 0 SpineBase
-0.02250893 0.3781069 1.804214 1 SpineMid
-0.007497991 0.6632832 1.75675 2 Neck
-0.1875254 0.5301766 1.795215 4 ShoulderLeft
-0.3341686 0.3561588 1.841171 5 ElbowLeft
-0.5604739 0.3268195 1.776317 6 WristLeft
-0.5925183 0.3350143 1.759438 7 HandLeft
0.1216256 0.5445055 1.760945 8 ShoulderRight
0.2647859 0.3319344 1.755052 9 ElbowRight
0.4152244 0.2766766 1.618664 10 WristRight
0.4356651 0.2901991 1.612977 11 HandRight
-0.1081166 0.07670671 1.807368 12 HipLeft
-0.1092556 -0.2313751 1.896719 13 KneeLeft
-0.1090937 -0.5744854 2.010087 14 AnkleLeft
-0.1186027 -0.6479726 1.954843 15 FootLeft
0.03225457 0.07888868 1.796967 16 HipRight
0.04728001 -0.2473834 1.897452 17 KneeRight
0.04606386 -0.5801976 2.000728 18 AnkleRight
0.05503234 -0.6530118 1.94836 19 FootRight
-0.01113042 0.5938695 1.770759 20 SpineShoulder
-0.6667844 0.328745 1.783172 21 HandTipLeft
-0.6314492 0.3172887 1.7445 22 ThumbLeft
0.5073138 0.2641588 1.584469 23 HandTipRight
0.4842469 0.3344428 1.617981 24 ThumbRight
-0.03844987 0.07939442 1.837285 0 SpineBase
-0.0214969 0.3781094 1.804323 1 SpineMid
-0.004332977 0.6634111 1.759009 2 Neck
-0.1876444 0.5301318 1.795431 4 ShoulderLeft
-0.3508928 0.3741553 1.841874 5 ElbowLeft
-0.5662863 0.3525711 1.771223 6 WristLeft
-0.582133 0.3783487 1.76405 7 HandLeft
0.1266987 0.5439091 1.758815 8 ShoulderRight
0.2689287 0.3364719 1.75428 9 ElbowRight
0.4228098 0.2874196 1.619646 10 WristRight
0.4402182 0.3056717 1.612285 11 HandRight
-0.1078435 0.07672234 1.807151 12 HipLeft
-0.1094059 -0.230538 1.896437 13 KneeLeft
-0.1090377 -0.5742634 2.009935 14 AnkleLeft
-0.1182615 -0.6477153 1.95496 15 FootLeft
0.03258565 0.07877877 1.796526 16 HipRight
0.0472663 -0.2473316 1.897274 17 KneeRight
0.04495471 -0.5806177 2.001013 18 AnkleRight
0.055956 -0.654845 1.946673 19 FootRight
-0.008669862 0.5939538 1.772217 20 SpineShoulder
-0.6735004 0.3907031 1.7877 21 HandTipLeft
-0.6330467 0.359543 1.733056 22 ThumbLeft
0.5106615 0.2814537 1.576615 23 HandTipRight
0.4897878 0.3529216 1.619133 24 ThumbRight
-0.03750496 0.07954951 1.836307 0 SpineBase
-0.02066845 0.3782305 1.804101 1 SpineMid
-0.003520364 0.6635525 1.759628 2 Neck
-0.1881593 0.5301406 1.795592 4 ShoulderLeft
-0.369886 0.3905202 1.841794 5 ElbowLeft
-0.5635152 0.3913887 1.772397 6 WristLeft
-0.602325 0.4193329 1.76629 7 HandLeft
0.1288245 0.5448151 1.757429 8 ShoulderRight
0.2781136 0.3447008 1.75039 9 ElbowRight
0.4355356 0.304564 1.61726 10 WristRight
0.4492911 0.3235169 1.608551 11 HandRight
-0.107056 0.0768075 1.806447 12 HipLeft
-0.1093267 -0.2292493 1.895863 13 KneeLeft
-0.1087952 -0.5737368 2.009742 14 AnkleLeft
-0.1178579 -0.6477534 1.955145 15 FootLeft
0.03359858 0.0790678 1.795327 16 HipRight
0.04757819 -0.2471447 1.896841 17 KneeRight
0.04499266 -0.5798668 2.00047 18 AnkleRight
0.05586675 -0.6572634 1.948297 19 FootRight
-0.007858519 0.5940862 1.772612 20 SpineShoulder
-0.7042554 0.4264561 1.761904 21 HandTipLeft
-0.6009971 0.46557 1.781714 22 ThumbLeft
0.5231053 0.3043037 1.573391 23 HandTipRight
0.4954107 0.3717737 1.613636 24 ThumbRight
-0.03655179 0.07971898 1.835415 0 SpineBase
-0.01972042 0.3784031 1.803784 1 SpineMid
-0.002654823 0.6637287 1.760003 2 Neck
-0.188701 0.5302365 1.795676 4 ShoulderLeft
-0.3793725 0.3986302 1.841898 5 ElbowLeft
-0.5717511 0.4153519 1.771626 6 WristLeft
-0.6112028 0.4399593 1.767027 7 HandLeft
0.1302476 0.5447963 1.755041 8 ShoulderRight
0.2845846 0.3518871 1.746497 9 ElbowRight
0.4430706 0.3152247 1.613771 10 WristRight
0.4530979 0.3347515 1.605207 11 HandRight
-0.1061791 0.07692598 1.805855 12 HipLeft
-0.1092768 -0.2291314 1.895554 13 KneeLeft
-0.1082793 -0.5747559 2.010776 14 AnkleLeft
-0.1178483 -0.6471148 1.953827 15 FootLeft
0.03455431 0.07933342 1.794135 16 HipRight
0.04795851 -0.2468136 1.895999 17 KneeRight
0.04526566 -0.5811291 2.001004 18 AnkleRight
0.05612748 -0.6598268 1.947132 19 FootRight
-0.006960278 0.5942606 1.772826 20 SpineShoulder
-0.7131743 0.4522273 1.768993 21 HandTipLeft
-0.6034306 0.4836766 1.777647 22 ThumbLeft
0.5259792 0.3193508 1.570503 23 HandTipRight
0.4973422 0.3843206 1.609636 24 ThumbRight
-0.03655511 0.07971222 1.835363 0 SpineBase
-0.01965798 0.3784028 1.803772 1 SpineMid
-0.002468992 0.6637307 1.760108 2 Neck
-0.1890546 0.5302311 1.795822 4 ShoulderLeft
-0.3815489 0.4004839 1.842048 5 ElbowLeft
-0.5736092 0.4182501 1.771134 6 WristLeft
-0.6100849 0.4418292 1.767295 7 HandLeft
0.1288942 0.5447782 1.755452 8 ShoulderRight
0.2860672 0.3537371 1.745555 9 ElbowRight
0.4446492 0.3175338 1.612836 10 WristRight
0.45271 0.3371179 1.604643 11 HandRight
-0.1061808 0.07692228 1.805854 12 HipLeft
-0.1093024 -0.2289334 1.895383 13 KneeLeft
-0.1077956 -0.5750933 2.011392 14 AnkleLeft
-0.1176603 -0.6475263 1.953948 15 FootLeft
0.03454983 0.07933708 1.793982 16 HipRight
0.04803922 -0.2466987 1.895805 17 KneeRight
0.04535191 -0.5803586 2.000868 18 AnkleRight
0.05518069 -0.6580837 1.948983 19 FootRight
-0.006804202 0.5942626 1.772896 20 SpineShoulder
-0.7145919 0.4537622 1.770281 21 HandTipLeft
-0.6069072 0.489634 1.787778 22 ThumbLeft
0.5264253 0.3239192 1.569864 23 HandTipRight
0.4888998 0.383947 1.602143 24 ThumbRight
-0.03618178 0.07995459 1.834777 0 SpineBase
-0.01922162 0.3785721 1.803474 1 SpineMid
-0.002082438 0.663824 1.760109 2 Neck
-0.1895211 0.530172 1.795812 4 ShoulderLeft
-0.3825309 0.4016283 1.842391 5 ElbowLeft
-0.5741449 0.4209351 1.770642 6 WristLeft
-0.6107402 0.439117 1.765995 7 HandLeft
0.1305851 0.5452311 1.753274 8 ShoulderRight
0.2898419 0.3577428 1.742875 9 ElbowRight
0.4478453 0.3235245 1.608926 10 WristRight
0.4559087 0.3418137 1.600813 11 HandRight
-0.1058467 0.07715829 1.805578 12 HipLeft
-0.1091562 -0.2285987 1.895134 13 KneeLeft
-0.1074959 -0.5753187 2.011804 14 AnkleLeft
-0.1178332 -0.6476032 1.953651 15 FootLeft
0.03492203 0.07959495 1.792957 16 HipRight
0.04803872 -0.2463647 1.895413 17 KneeRight
0.04481648 -0.5800046 2.000865 18 AnkleRight
0.05524293 -0.6585665 1.94872 19 FootRight
-0.006401428 0.5943733 1.772846 20 SpineShoulder
-0.7168652 0.4513007 1.775226 21 HandTipLeft
-0.600773 0.484257 1.7855 22 ThumbLeft
0.5293396 0.3316517 1.569445 23 HandTipRight
0.4995319 0.3924748 1.608111 24 ThumbRight
-0.0361892 0.0799395 1.834697 0 SpineBase
-0.01910266 0.3785904 1.803365 1 SpineMid
-0.001851195 0.6638824 1.760007 2 Neck
-0.1903106 0.5282392 1.792206 4 ShoulderLeft
-0.3820598 0.4016686 1.841953 5 ElbowLeft
-0.5738568 0.4204349 1.770651 6 WristLeft
-0.6098912 0.4341751 1.765229 7 HandLeft
0.1298947 0.5455306 1.753122 8 ShoulderRight
0.2914133 0.3594607 1.740171 9 ElbowRight
0.4495182 0.3251182 1.606422 10 WristRight
0.458761 0.3430464 1.597099 11 HandRight
-0.1058144 0.07717958 1.805579 12 HipLeft
-0.1087591 -0.2292984 1.894735 13 KneeLeft
-0.1077206 -0.5746313 2.011184 14 AnkleLeft
-0.1174264 -0.6474639 1.954172 15 FootLeft
0.03489767 0.07956698 1.792778 16 HipRight
0.04809541 -0.2462823 1.895166 17 KneeRight
0.04488837 -0.5805891 2.001004 18 AnkleRight
0.05503393 -0.6581386 1.949012 19 FootRight
-0.006194164 0.5944191 1.772748 20 SpineShoulder
-0.7163097 0.4436632 1.773171 21 HandTipLeft
-0.6406577 0.4928894 1.819667 22 ThumbLeft
0.5328169 0.3303859 1.563708 23 HandTipRight
0.4945376 0.3900912 1.603526 24 ThumbRight
-0.03645957 0.0799942 1.834291 0 SpineBase
-0.02057005 0.3784437 1.801094 1 SpineMid
-0.005777199 0.6631951 1.754397 2 Neck
-0.1907271 0.5272683 1.790409 4 ShoulderLeft
-0.3809381 0.4011898 1.841153 5 ElbowLeft
-0.573409 0.415255 1.770715 6 WristLeft
-0.5878562 0.4214644 1.767484 7 HandLeft
0.1292114 0.545611 1.752898 8 ShoulderRight
0.2921141 0.3608945 1.737565 9 ElbowRight
0.4499997 0.3271542 1.603469 10 WristRight
0.4607313 0.3445626 1.591686 11 HandRight
-0.106045 0.07729828 1.805327 12 HipLeft
-0.1088166 -0.2289003 1.894458 13 KneeLeft
-0.1076419 -0.5742793 2.010937 14 AnkleLeft
-0.1173571 -0.6477409 1.954659 15 FootLeft
0.03459259 0.07955787 1.792167 16 HipRight
0.04810831 -0.2467353 1.895257 17 KneeRight
0.04527583 -0.5804493 2.001082 18 AnkleRight
0.05541712 -0.6596217 1.948627 19 FootRight
-0.009351943 0.5939092 1.768169 20 SpineShoulder
-0.6822425 0.4397486 1.785347 21 HandTipLeft
-0.5721431 0.4601044 1.767134 22 ThumbLeft
0.5351467 0.3327928 1.559934 23 HandTipRight
0.4992251 0.3943038 1.597889 24 ThumbRight
-0.036507 0.08004919 1.834192 0 SpineBase
-0.0205494 0.3784802 1.801082 1 SpineMid
-0.005497104 0.6633452 1.754704 2 Neck
-0.190876 0.5273054 1.790764 4 ShoulderLeft
-0.3806396 0.4010259 1.840816 5 ElbowLeft
-0.5731584 0.41451 1.770427 6 WristLeft
-0.5868081 0.4206614 1.766967 7 HandLeft
0.1280723 0.5455499 1.753228 8 ShoulderRight
0.2920589 0.3612723 1.736521 9 ElbowRight
0.4499766 0.3278741 1.602404 10 WristRight
0.4606681 0.3460726 1.590504 11 HandRight
-0.1060653 0.07732316 1.805315 12 HipLeft
-0.1089153 -0.2288999 1.894396 13 KneeLeft
-0.1076243 -0.5743771 2.011098 14 AnkleLeft
-0.1173547 -0.6477026 1.954777 15 FootLeft
0.03451222 0.0796487 1.791943 16 HipRight
0.04810352 -0.2467357 1.895256 17 KneeRight
0.04564111 -0.5803674 2.002024 18 AnkleRight
0.05545663 -0.6595396 1.94861 19 FootRight
-0.009185986 0.5940145 1.768326 20 SpineShoulder
-0.6795396 0.4385501 1.785926 21 HandTipLeft
-0.5719988 0.4612258 1.769981 22 ThumbLeft
0.5349045 0.3339808 1.558079 23 HandTipRight
0.4994689 0.3951195 1.597214 24 ThumbRight
-0.03669218 0.08018605 1.834007 0 SpineBase
-0.02058592 0.3785266 1.801013 1 SpineMid
-0.005460947 0.6633602 1.754738 2 Neck
-0.1914298 0.5276208 1.791379 4 ShoulderLeft
-0.3803574 0.4006876 1.840356 5 ElbowLeft
-0.5730101 0.4131862 1.770223 6 WristLeft
-0.6094026 0.4272694 1.763296 7 HandLeft
0.1271483 0.5454713 1.753345 8 ShoulderRight
0.2707617 0.3452018 1.739176 9 ElbowRight
0.4367282 0.3324496 1.612144 10 WristRight
0.4597071 0.3470514 1.587705 11 HandRight
-0.1061706 0.07740232 1.805267 12 HipLeft
-0.1084234 -0.2309588 1.894539 13 KneeLeft
-0.107456 -0.5744478 2.011273 14 AnkleLeft
-0.1174002 -0.6476865 1.954991 15 FootLeft
0.03423873 0.07985098 1.791595 16 HipRight
0.04803356 -0.2468763 1.895249 17 KneeRight
0.04566736 -0.5804561 2.002059 18 AnkleRight
0.05518464 -0.6572912 1.950119 19 FootRight
-0.009174747 0.5940259 1.768331 20 SpineShoulder
-0.7163031 0.4351063 1.771968 21 HandTipLeft
-0.6050516 0.4716776 1.78225 22 ThumbLeft
0.5337234 0.3355371 1.555786 23 HandTipRight
0.4866666 0.3916894 1.588222 24 ThumbRight
-0.03713212 0.08037071 1.833588 0 SpineBase
-0.02097236 0.3786643 1.800553 1 SpineMid
-0.005675066 0.6634163 1.754508 2 Neck
-0.1930002 0.528166 1.791727 4 ShoulderLeft
-0.3805396 0.4002005 1.839262 5 ElbowLeft
-0.5735335 0.4116826 1.770189 6 WristLeft
-0.6102434 0.4258606 1.762873 7 HandLeft
0.1254409 0.5455052 1.753332 8 ShoulderRight
0.2617341 0.3413115 1.742808 9 ElbowRight
0.4278256 0.3342341 1.615571 10 WristRight
0.4595411 0.3480494 1.585626 11 HandRight
-0.1065881 0.07756623 1.804953 12 HipLeft
-0.1095484 -0.2297478 1.89345 13 KneeLeft
-0.1074826 -0.5741842 2.010745 14 AnkleLeft
-0.1180547 -0.6473416 1.953596 15 FootLeft
0.03381448 0.08004391 1.791159 16 HipRight
0.04789296 -0.2467316 1.895178 17 KneeRight
0.04564028 -0.5803252 2.002052 18 AnkleRight
0.05425272 -0.6567482 1.950595 19 FootRight
-0.009424147 0.5940982 1.768056 20 SpineShoulder
-0.7165921 0.4334931 1.770968 21 HandTipLeft
-0.6125639 0.4728486 1.783692 22 ThumbLeft
0.5326932 0.3360826 1.553672 23 HandTipRight
0.4941531 0.393952 1.593821 24 ThumbRight
-0.04022936 0.0806075 1.832482 0 SpineBase
-0.02504608 0.3784182 1.797105 1 SpineMid
-0.01083163 0.6624222 1.748012 2 Neck
-0.1965489 0.5285982 1.790149 4 ShoulderLeft
-0.3823382 0.399332 1.836724 5 ElbowLeft
-0.5756485 0.4098189 1.768781 6 WristLeft
-0.6155277 0.42342 1.760424 7 HandLeft
0.1233285 0.5452455 1.752551 8 ShoulderRight
0.2841234 0.3602366 1.729923 9 ElbowRight
0.4449015 0.3312264 1.598649 10 WristRight
0.4552301 0.3441909 1.583752 11 HandRight
-0.1096571 0.07787154 1.804023 12 HipLeft
-0.1118248 -0.2281234 1.891497 13 KneeLeft
-0.1075718 -0.573961 2.010327 14 AnkleLeft
-0.1179537 -0.6469395 1.952143 15 FootLeft
0.03081595 0.08020584 1.79001 16 HipRight
0.04696589 -0.2455896 1.894642 17 KneeRight
0.04569398 -0.5801708 2.00209 18 AnkleRight
0.05393217 -0.6554675 1.949258 19 FootRight
-0.01430963 0.5933222 1.762397 20 SpineShoulder
-0.718304 0.431566 1.774018 21 HandTipLeft
-0.6501194 0.4835741 1.809333 22 ThumbLeft
0.5267902 0.3291951 1.550621 23 HandTipRight
0.4923453 0.3939025 1.592949 24 ThumbRight
-0.04196624 0.08068018 1.831718 0 SpineBase
-0.02749672 0.3781752 1.794852 1 SpineMid
-0.01358686 0.6618583 1.744677 2 Neck
-0.2002247 0.5285017 1.7883 4 ShoulderLeft
-0.3849853 0.3989251 1.834379 5 ElbowLeft
-0.5784248 0.4093067 1.767043 6 WristLeft
-0.6173726 0.4244105 1.754868 7 HandLeft
0.121866 0.5449299 1.751765 8 ShoulderRight
0.2838518 0.3603668 1.729108 9 ElbowRight
0.4437676 0.3301581 1.597021 10 WristRight
0.4551991 0.3385993 1.58197 11 HandRight
-0.111416 0.07801021 1.803318 12 HipLeft
-0.113256 -0.2278664 1.890933 13 KneeLeft
-0.1077619 -0.5742825 2.010077 14 AnkleLeft
-0.1174342 -0.647134 1.952778 15 FootLeft
0.02917148 0.08021496 1.789241 16 HipRight
0.04364776 -0.2433651 1.892117 17 KneeRight
0.04566152 -0.5797862 2.002246 18 AnkleRight
0.05399089 -0.6555526 1.949059 19 FootRight
-0.01702586 0.5928379 1.759281 20 SpineShoulder
-0.7202668 0.4291519 1.756329 21 HandTipLeft
-0.609266 0.466162 1.761591 22 ThumbLeft
0.5278705 0.3238372 1.553084 23 HandTipRight
0.4928293 0.3900928 1.592951 24 ThumbRight
-0.05006572 0.08008394 1.829176 0 SpineBase
-0.03169801 0.3774192 1.791505 1 SpineMid
-0.01513861 0.6610783 1.741237 2 Neck
-0.2057738 0.5288194 1.783072 4 ShoulderLeft
-0.3932123 0.4021798 1.827071 5 ElbowLeft
-0.5860828 0.4163317 1.758947 6 WristLeft
-0.5999704 0.4317884 1.750666 7 HandLeft
0.1168982 0.540904 1.734253 8 ShoulderRight
0.2757612 0.355952 1.725932 9 ElbowRight
0.4349286 0.3211493 1.593944 10 WristRight
0.44849 0.3214107 1.580048 11 HandRight
-0.1197677 0.07786339 1.800748 12 HipLeft
-0.1195824 -0.2286773 1.889979 13 KneeLeft
-0.106336 -0.5865521 2.016476 14 AnkleLeft
-0.1171446 -0.6476198 1.954209 15 FootLeft
0.02160527 0.07921493 1.786806 16 HipRight
0.03147047 -0.2471302 1.885409 17 KneeRight
0.04270976 -0.5832378 2.001817 18 AnkleRight
0.05392833 -0.6557602 1.948842 19 FootRight
-0.01913818 0.5920687 1.755866 20 SpineShoulder
-0.6958854 0.4579959 1.77136 21 HandTipLeft
-0.5698584 0.4703792 1.762059 22 ThumbLeft
0.52349 0.3047039 1.5558 23 HandTipRight
0.4943839 0.374715 1.592455 24 ThumbRight
-0.06737985 0.07752094 1.825338 0 SpineBase
-0.04100847 0.3738581 1.78386 1 SpineMid
-0.0181823 0.6560141 1.729404 2 Neck
-0.2148157 0.5292765 1.771526 4 ShoulderLeft
-0.4130806 0.4132893 1.814303 5 ElbowLeft
-0.6030864 0.4401465 1.742343 6 WristLeft
-0.6161385 0.4566794 1.736401 7 HandLeft
0.1133347 0.5373348 1.725317 8 ShoulderRight
0.2390026 0.3284802 1.720614 9 ElbowRight
0.4062763 0.2959038 1.599134 10 WristRight
0.4355309 0.2921653 1.576406 11 HandRight
-0.1373104 0.07708326 1.796476 12 HipLeft
-0.1277766 -0.2367219 1.890857 13 KneeLeft
-0.1075128 -0.5879186 2.017267 14 AnkleLeft
-0.1171151 -0.647508 1.95431 15 FootLeft
0.005059142 0.07495525 1.783472 16 HipRight
0.000808153 -0.280034 1.847458 17 KneeRight
0.03941994 -0.5942064 2.002658 18 AnkleRight
0.03781064 -0.6582239 1.941165 19 FootRight
-0.02375168 0.5874926 1.745288 20 SpineShoulder
-0.7101968 0.4835786 1.750908 21 HandTipLeft
-0.5950355 0.4947893 1.731037 22 ThumbLeft
0.5088035 0.2700087 1.550934 23 HandTipRight
0.4756881 0.3414117 1.582538 24 ThumbRight
-0.07405964 0.07556219 1.823115 0 SpineBase
-0.04589378 0.3696057 1.777301 1 SpineMid
-0.01938277 0.6485143 1.716622 2 Neck
-0.2192424 0.5291508 1.763187 4 ShoulderLeft
-0.4208376 0.4213363 1.804598 5 ElbowLeft
-0.6092727 0.4551964 1.731803 6 WristLeft
-0.6245068 0.4733978 1.722294 7 HandLeft
0.1120772 0.5346898 1.720976 8 ShoulderRight
0.2393325 0.3272288 1.719848 9 ElbowRight
0.3996721 0.2749014 1.595438 10 WristRight
0.4306451 0.2695177 1.573035 11 HandRight
-0.1440539 0.07551966 1.793857 12 HipLeft
-0.1478118 -0.2455202 1.897542 13 KneeLeft
-0.1072981 -0.5876896 2.016324 14 AnkleLeft
-0.04538637 -0.6529463 1.954367 15 FootLeft
-0.001235141 0.07269137 1.78167 16 HipRight
-0.01292136 -0.2728111 1.807405 17 KneeRight
0.02504842 -0.5966406 1.977404 18 AnkleRight
0.0203267 -0.6594907 1.931054 19 FootRight
-0.02609492 0.5808457 1.734132 20 SpineShoulder
-0.7143774 0.4995578 1.730128 21 HandTipLeft
-0.601598 0.5108228 1.71942 22 ThumbLeft
0.5037491 0.2438237 1.551274 23 HandTipRight
0.4799697 0.3195938 1.583273 24 ThumbRight
-0.08335754 0.07315707 1.816497 0 SpineBase
-0.05015241 0.3648719 1.767541 1 SpineMid
-0.01797082 0.6417658 1.70417 2 Neck
-0.2213332 0.5283976 1.751816 4 ShoulderLeft
-0.4233189 0.4273281 1.793513 5 ElbowLeft
-0.60728 0.4691149 1.712819 6 WristLeft
-0.6252298 0.4840684 1.702002 7 HandLeft
0.1111495 0.527191 1.709236 8 ShoulderRight
0.2372217 0.3221393 1.716847 9 ElbowRight
0.3925852 0.2547768 1.59314 10 WristRight
0.4211549 0.2479716 1.57041 11 HandRight
-0.1539452 0.07404488 1.786469 12 HipLeft
-0.1601394 -0.2555109 1.899899 13 KneeLeft
-0.1116715 -0.5856351 2.014152 14 AnkleLeft
-0.04358248 -0.6304143 1.929008 15 FootLeft
-0.00960735 0.0694899 1.775788 16 HipRight
-0.02733707 -0.2571721 1.747567 17 KneeRight
0.0003500375 -0.5842323 1.923595 18 AnkleRight
0.01007843 -0.6513672 1.870117 19 FootRight
-0.0261078 0.5745506 1.72222 20 SpineShoulder
-0.7132804 0.510713 1.706703 21 HandTipLeft
-0.6087339 0.5265458 1.705857 22 ThumbLeft
0.4899288 0.2164587 1.544917 23 HandTipRight
0.4692223 0.2955161 1.5732 24 ThumbRight
-0.0950234 0.0654576 1.775222 0 SpineBase
-0.05050617 0.34946 1.716322 1 SpineMid
-0.00666487 0.6204233 1.647539 2 Neck
-0.212061 0.5208985 1.689381 4 ShoulderLeft
-0.4213089 0.4349264 1.724543 5 ElbowLeft
-0.6007652 0.4861636 1.638884 6 WristLeft
-0.6294686 0.4977612 1.632546 7 HandLeft
0.1196256 0.5080093 1.665859 8 ShoulderRight
0.2337765 0.2949092 1.684777 9 ElbowRight
0.3897684 0.2175385 1.568298 10 WristRight
0.4203758 0.2106327 1.546766 11 HandRight
-0.1665281 0.06762706 1.742414 12 HipLeft
-0.1669555 -0.2654188 1.891771 13 KneeLeft
-0.1148941 -0.5935733 2.011812 14 AnkleLeft
-0.1069946 -0.65625 1.916992 15 FootLeft
-0.0197363 0.06074297 1.737359 16 HipRight
-0.02137583 -0.2729578 1.631218 17 KneeRight
0.01656802 -0.5968842 1.696565 18 AnkleRight
0.05723473 -0.6653347 1.619327 19 FootRight
-0.01747329 0.5545427 1.666556 20 SpineShoulder
-0.7178902 0.5175702 1.625282 21 HandTipLeft
-0.6399844 0.5587031 1.656222 22 ThumbLeft
0.4878255 0.1753128 1.523466 23 HandTipRight
0.4639871 0.2562957 1.551455 24 ThumbRight
-0.09271383 0.05521215 1.747413 0 SpineBase
-0.04625077 0.3408352 1.693009 1 SpineMid
-0.0009846888 0.6126192 1.625933 2 Neck
-0.207755 0.5156304 1.666737 4 ShoulderLeft
-0.4210407 0.4322686 1.700123 5 ElbowLeft
-0.5991588 0.484039 1.611725 6 WristLeft
-0.6217188 0.4950325 1.598001 7 HandLeft
0.126352 0.4981671 1.644515 8 ShoulderRight
0.2403055 0.2810213 1.662857 9 ElbowRight
0.396152 0.2007705 1.548347 10 WristRight
0.4287294 0.1968106 1.526832 11 HandRight
-0.1642134 0.06065439 1.715687 12 HipLeft
-0.1570267 -0.2814368 1.887047 13 KneeLeft
-0.1141629 -0.5958349 2.009787 14 AnkleLeft
-0.1222741 -0.6571656 1.958195 15 FootLeft
-0.01743145 0.04727221 1.708267 16 HipRight
-0.001391903 -0.3095876 1.584124 17 KneeRight
0.04301492 -0.6099959 1.589777 18 AnkleRight
0.07880493 -0.6778305 1.509697 19 FootRight
-0.01214365 0.5466161 1.644743 20 SpineShoulder
-0.7064788 0.520794 1.591203 21 HandTipLeft
-0.6124502 0.5452731 1.607579 22 ThumbLeft
0.4965767 0.1607324 1.503465 23 HandTipRight
0.4690172 0.240087 1.52575 24 ThumbRight
-0.04442202 0.02018438 1.651264 0 SpineBase
-0.0126922 0.3109081 1.597136 1 SpineMid
0.01789815 0.5874134 1.531019 2 Neck
-0.1740441 0.4899952 1.561734 4 ShoulderLeft
-0.3793504 0.3736177 1.596163 5 ElbowLeft
-0.5575883 0.3890367 1.491995 6 WristLeft
-0.5909305 0.4006732 1.477997 7 HandLeft
0.159772 0.4592657 1.541478 8 ShoulderRight
0.2512865 0.2440198 1.586714 9 ElbowRight
0.3815954 0.1108401 1.492141 10 WristRight
0.4198941 0.0919865 1.466493 11 HandRight
-0.1161808 0.02551616 1.618214 12 HipLeft
-0.135532 -0.2309805 1.782709 13 KneeLeft
-0.11576 -0.5663661 1.98952 14 AnkleLeft
-0.1215515 -0.6523739 1.949721 15 FootLeft
0.02926262 0.01398573 1.613536 16 HipRight
0.04280256 -0.3237325 1.548448 17 KneeRight
0.07446127 -0.6210623 1.492004 18 AnkleRight
0.1134329 -0.6839203 1.408791 19 FootRight
0.01040512 0.5203078 1.549514 20 SpineShoulder
-0.6637197 0.4095419 1.453427 21 HandTipLeft
-0.5720432 0.4318041 1.440195 22 ThumbLeft
0.4750371 0.0483606 1.451169 23 HandTipRight
0.4275121 0.1089577 1.408536 24 ThumbRight
-0.006235372 0.008433376 1.573597 0 SpineBase
0.01518349 0.3039364 1.522544 1 SpineMid
0.03556696 0.5842736 1.459417 2 Neck
-0.1379769 0.4819722 1.483535 4 ShoulderLeft
-0.3107048 0.3141987 1.523327 5 ElbowLeft
-0.4765319 0.2302453 1.429534 6 WristLeft
-0.505257 0.2210409 1.411732 7 HandLeft
0.187892 0.4535672 1.473841 8 ShoulderRight
0.2613845 0.2226886 1.522871 9 ElbowRight
0.3276269 0.03338844 1.467651 10 WristRight
0.3490764 -0.03004684 1.448555 11 HandRight
-0.07871243 0.01029873 1.540621 12 HipLeft
-0.1087137 -0.2357345 1.714341 13 KneeLeft
-0.1087837 -0.5430738 1.958656 14 AnkleLeft
-0.11842 -0.6319727 1.943445 15 FootLeft
0.06653743 0.006188025 1.535749 16 HipRight
0.08124334 -0.3188325 1.506501 17 KneeRight
0.08653205 -0.6403298 1.48208 18 AnkleRight
0.1154511 -0.7025524 1.409648 19 FootRight
0.03061572 0.5163229 1.477135 20 SpineShoulder
-0.5699273 0.1814739 1.378965 21 HandTipLeft
-0.4968165 0.2285584 1.334417 22 ThumbLeft
0.3590492 -0.09289872 1.438302 23 HandTipRight
0.3436848 0.003681572 1.389684 24 ThumbRight
0.02823922 0.004759877 1.510363 0 SpineBase
0.04374812 0.3042642 1.460427 1 SpineMid
0.05818981 0.5876334 1.3983 2 Neck
-0.1010226 0.4812286 1.401363 4 ShoulderLeft
-0.2202312 0.2717406 1.440911 5 ElbowLeft
-0.2963653 0.08371107 1.394476 6 WristLeft
-0.2870938 0.07631847 1.389374 7 HandLeft
0.2142822 0.4562349 1.415097 8 ShoulderRight
0.2468489 0.2289683 1.458992 9 ElbowRight
0.2545857 0.02346909 1.431272 10 WristRight
0.2320385 0.01103164 1.422821 11 HandRight
-0.04440966 0.006897659 1.474117 12 HipLeft
-0.07876608 -0.2648549 1.645866 13 KneeLeft
-0.1004323 -0.5443895 1.918332 14 AnkleLeft
-0.1132876 -0.6290082 1.917233 15 FootLeft
0.09955567 0.002397799 1.475779 16 HipRight
0.1018457 -0.3107756 1.466246 17 KneeRight
0.0970645 -0.6433847 1.47226 18 AnkleRight
0.10977 -0.7001531 1.412805 19 FootRight
0.0547342 0.5190383 1.41574 20 SpineShoulder
-0.2988118 -0.001963458 1.370425 21 HandTipLeft
-0.2980148 0.08934104 1.309474 22 ThumbLeft
0.2263836 -0.07889263 1.417468 23 HandTipRight
0.1947454 0.01140541 1.386121 24 ThumbRight
0.05070762 -0.0004888962 1.455544 0 SpineBase
0.06645823 0.3019871 1.409512 1 SpineMid
0.08074827 0.5875236 1.35138 2 Neck
-0.06670418 0.4686639 1.34121 4 ShoulderLeft
-0.1259501 0.2471449 1.378505 5 ElbowLeft
-0.1410348 0.04124465 1.355563 6 WristLeft
-0.1144403 0.00833615 1.364479 7 HandLeft
0.2341214 0.4547335 1.373743 8 ShoulderRight
0.2473987 0.2403702 1.421744 9 ElbowRight
0.2395699 0.03482807 1.39094 10 WristRight
0.2363316 0.003158783 1.380664 11 HandRight
-0.02180456 0.0005591671 1.416472 12 HipLeft
-0.059632 -0.250849 1.531418 13 KneeLeft
-0.09375939 -0.5177969 1.8144 14 AnkleLeft
-0.08441829 -0.5537935 1.707175 15 FootLeft
0.1207744 -0.001510095 1.423699 16 HipRight
0.1239849 -0.2981955 1.430974 17 KneeRight
0.1016825 -0.6415742 1.470562 18 AnkleRight
0.1071342 -0.6732641 1.36491 19 FootRight
0.07738114 0.5184752 1.36778 20 SpineShoulder
-0.1045595 -0.04268755 1.369734 21 HandTipLeft
-0.08233251 0.03338485 1.330968 22 ThumbLeft
0.2255625 -0.07689379 1.388039 23 HandTipRight
0.2004218 0.01747336 1.329098 24 ThumbRight
0.1116594 -0.02312634 1.350408 0 SpineBase
0.1177014 0.2836556 1.306971 1 SpineMid
0.1221311 0.5720676 1.251111 2 Neck
-0.03149725 0.4411839 1.237145 4 ShoulderLeft
-0.1014345 0.2114056 1.225249 5 ElbowLeft
-0.08887305 0.009659717 1.169303 6 WristLeft
-0.0908142 -0.02832189 1.170531 7 HandLeft
0.2818513 0.4378288 1.280622 8 ShoulderRight
0.3387716 0.2323578 1.319031 9 ElbowRight
0.3859646 0.03638592 1.265626 10 WristRight
0.3874292 -0.002380399 1.260952 11 HandRight
0.03523113 -0.02041997 1.31231 12 HipLeft
0.009481945 -0.3149626 1.326324 13 KneeLeft
-0.08690767 -0.6020687 1.574782 14 AnkleLeft
-0.1057739 -0.6665039 1.550781 15 FootLeft
0.1821792 -0.02462109 1.317865 16 HipRight
0.1449593 -0.3260106 1.387521 17 KneeRight
0.1079076 -0.6434827 1.462877 18 AnkleRight
0.1160105 -0.6747819 1.357433 19 FootRight
0.1212546 0.5024706 1.266903 20 SpineShoulder
-0.09560452 -0.0789304 1.182312 21 HandTipLeft
-0.05020418 -0.04085473 1.168 22 ThumbLeft
0.4015627 -0.08669623 1.250592 23 HandTipRight
0.3499107 -0.02438414 1.218917 24 ThumbRight
0.1163027 -0.02436244 1.34401 0 SpineBase
0.1196534 0.2832088 1.303539 1 SpineMid
0.1225306 0.5720041 1.249674 2 Neck
-0.03059158 0.4403405 1.234783 4 ShoulderLeft
-0.09629956 0.2123137 1.20509 5 ElbowLeft
-0.08762621 0.01390863 1.135744 6 WristLeft
-0.08877915 -0.03221076 1.133579 7 HandLeft
0.2824929 0.437476 1.278993 8 ShoulderRight
0.3483294 0.2269271 1.305099 9 ElbowRight
0.4031011 0.03335634 1.250491 10 WristRight
0.4166006 -0.0009193017 1.236217 11 HandRight
0.03988004 -0.0220288 1.305447 12 HipLeft
0.0175108 -0.329206 1.303829 13 KneeLeft
-0.06834567 -0.6191021 1.498616 14 AnkleLeft
-0.09741211 -0.675293 1.46582 15 FootLeft
0.1865492 -0.02544076 1.311926 16 HipRight
0.1498498 -0.3319549 1.380785 17 KneeRight
0.1089568 -0.6442881 1.459048 18 AnkleRight
0.03723145 -0.6977539 1.436523 19 FootRight
0.12194 0.5023418 1.265057 20 SpineShoulder
-0.0806507 -0.1148774 1.140748 21 HandTipLeft
-0.035882 0.0009396579 1.202833 22 ThumbLeft
0.4419691 -0.08441752 1.236404 23 HandTipRight
0.3861851 -0.03984297 1.200348 24 ThumbRight
0.1444027 -0.03998863 1.276084 0 SpineBase
0.1464607 0.27145 1.231659 1 SpineMid
0.1469845 0.5629583 1.173421 2 Neck
0.0221417 0.4259369 1.130391 4 ShoulderLeft
-0.06418594 0.1877998 1.075879 5 ElbowLeft
-0.06756132 -0.003717738 0.9862884 6 WristLeft
-0.07559663 -0.03291363 0.9773677 7 HandLeft
0.3173756 0.4077492 1.213522 8 ShoulderRight
0.4090206 0.19306 1.220537 9 ElbowRight
0.4918211 0.01103793 1.164084 10 WristRight
0.5112815 -0.03008783 1.152648 11 HandRight
0.06501077 -0.03446476 1.234031 12 HipLeft
0.06714015 -0.3345585 1.152424 13 KneeLeft
0.01798389 -0.7289517 1.180308 14 AnkleLeft
0.2157579 -0.04333288 1.247444 16 HipRight
0.1633546 -0.3431458 1.274469 17 KneeRight
0.07686051 -0.6272556 1.2902 18 AnkleRight
0.1471219 0.4927452 1.189777 20 SpineShoulder
-0.07325745 -0.1152145 0.9623493 21 HandTipLeft
-0.04124072 -0.03588057 0.9549807 22 ThumbLeft
0.527938 -0.09070455 1.153434 23 HandTipRight
0.5027892 -0.003196667 1.101925 24 ThumbRight
0.1642849 -0.05605306 1.230999 0 SpineBase
0.1655776 0.2557756 1.182218 1 SpineMid
0.1646015 0.5473928 1.120365 2 Neck
0.0479317 0.4210071 1.086239 4 ShoulderLeft
-0.04402987 0.1676607 1.026164 5 ElbowLeft
-0.0329219 -0.02708692 0.9447207 6 WristLeft
-0.04472422 -0.05094263 0.9341338 7 HandLeft
0.3325563 0.3831903 1.171453 8 ShoulderRight
0.4244218 0.1806144 1.195939 9 ElbowRight
0.5070177 -0.00122057 1.138774 10 WristRight
0.5271248 -0.03729732 1.119545 11 HandRight
0.08371463 -0.04813042 1.186664 12 HipLeft
0.1107092 -0.3477892 1.131962 13 KneeLeft
0.06197027 -0.7289722 0.9881514 14 AnkleLeft
0.2346471 -0.06018097 1.206506 16 HipRight
0.1534041 -0.3473639 1.213716 17 KneeRight
0.03433119 -0.7321184 1.234334 18 AnkleRight
0.1651543 0.4772515 1.137604 20 SpineShoulder
-0.03825912 -0.132906 0.9196115 21 HandTipLeft
-0.003256286 -0.02221367 0.9508572 22 ThumbLeft
0.5388603 -0.08993839 1.111152 23 HandTipRight
0.5094466 -0.008967178 1.06576 24 ThumbRight
0.2403847 -0.05704273 1.112267 0 SpineBase
0.2256173 0.2328524 1.057345 1 SpineMid
0.2081983 0.5022992 0.9891668 2 Neck
0.2760962 0.502086 0.99548 4 ShoulderLeft
0.1374897 0.2510881 0.9529337 5 ElbowLeft
0.1063184 -0.02732529 0.9096936 6 WristLeft
0.09951445 -0.1824278 0.9094244 7 HandLeft
0.3512402 0.3841929 1.045291 8 ShoulderRight
0.4436805 0.1291982 1.1134 9 ElbowRight
0.4801264 -0.07324119 1.095401 10 WristRight
0.4937917 -0.1308678 1.104445 11 HandRight
0.182367 -0.04826308 1.064508 12 HipLeft
0.1739849 -0.4151623 0.9309854 13 KneeLeft
0.1699318 -0.7340226 0.8340035 14 AnkleLeft
0.2833022 -0.06225716 1.090953 16 HipRight
0.2174522 -0.3538638 1.099619 17 KneeRight
0.1483069 -0.6736791 1.24855 19 FootRight
0.2129032 0.4377832 1.007969 20 SpineShoulder
0.4871483 -0.173446 1.114293 23 HandTipRight
0.4923369 -0.1543432 1.077556 24 ThumbRight
0.2349601 -0.07197309 1.058403 0 SpineBase
0.2297408 0.2128924 1.001912 1 SpineMid
0.2176219 0.4771464 0.9263343 2 Neck
0.2855448 0.4768561 0.932601 4 ShoulderLeft
0.141925 -0.06682494 0.877659 6 WristLeft
0.3242427 0.3855028 0.9642697 8 ShoulderRight
0.4195996 0.1438844 1.063651 9 ElbowRight
0.4565596 -0.05400819 1.09602 10 WristRight
0.4540629 -0.1154265 1.101929 11 HandRight
0.1860593 -0.06170147 1.006277 12 HipLeft
0.1616891 -0.3586075 0.9081694 13 KneeLeft
0.1486343 -0.7295929 1.045292 14 AnkleLeft
0.270818 -0.07927036 1.040275 16 HipRight
0.2378129 -0.3743168 1.050604 17 KneeRight
0.1604844 -0.6669772 1.225451 19 FootRight
0.2212675 0.4139229 0.9470737 20 SpineShoulder
0.4609001 -0.1981578 1.1326 23 HandTipRight
0.4282438 -0.1306217 1.074882 24 ThumbRight
0.2590933 -0.1319254 0.9854152 0 SpineBase
0.2439523 0.1577255 0.9036029 1 SpineMid
0.2206984 0.4270911 0.8000805 2 Neck
0.3185942 0.4149494 0.8293145 4 ShoulderLeft
0.1626682 0.1723271 0.7864832 5 ElbowLeft
0.1346525 -0.1082501 0.7492587 6 WristLeft
0.1451983 -0.1673297 0.7579376 7 HandLeft
0.2945361 0.3725538 0.8392733 8 ShoulderRight
0.3841032 0.1281162 0.9418078 9 ElbowRight
0.2827456 -0.1235567 0.9458634 12 HipLeft
0.1692755 -0.4048952 0.8744275 13 KneeLeft
0.0295102 -0.7824972 0.8153663 14 AnkleLeft
0.2185393 -0.1306084 0.9553573 16 HipRight
0.3006416 -0.4035487 0.9882303 17 KneeRight
0.15731 -0.6342969 1.336334 19 FootRight
0.2273767 0.3629933 0.8284954 20 SpineShoulder
0.2555841 -0.1414652 0.9620316 0 SpineBase
0.2446177 0.1402871 0.8648939 1 SpineMid
0.2297087 0.4022513 0.7543843 2 Neck
0.379558 0.4240757 0.8327118 4 ShoulderLeft
0.2272397 0.1844345 0.766492 5 ElbowLeft
0.1577164 -0.08868273 0.7229794 6 WristLeft
0.1465896 -0.1461046 0.7174903 7 HandLeft
0.3047532 0.3536689 0.7953932 8 ShoulderRight
0.3938732 0.1088754 0.8980433 9 ElbowRight
0.2855629 -0.1396669 0.9221536 12 HipLeft
0.163442 -0.4186652 0.868566 13 KneeLeft
0.01298956 -0.793637 0.833982 14 AnkleLeft
0.2078176 -0.1340014 0.9320775 16 HipRight
0.2988166 -0.4104798 0.9384338 17 KneeRight
0.2341394 0.3396571 0.7829537 20 SpineShoulder
0.1496368 -0.2274003 0.7095088 21 HandTipLeft
0.2110235 -0.1196969 0.7838846 22 ThumbLeft
0.2474171 -0.2061261 0.9000235 0 SpineBase
0.2682509 -0.006871854 0.8203582 1 SpineMid
0.2836509 0.1804914 0.7176765 2 Neck
0.4325121 0.2049906 0.7945473 4 ShoulderLeft
0.1778089 -0.1945498 0.5488994 6 WristLeft
0.1494715 -0.217576 0.5613741 7 HandLeft
0.3787931 0.3445311 0.7426648 8 ShoulderRight
0.2339765 0.1175303 0.6287714 9 ElbowRight
0.3854319 -0.008894774 0.8080796 10 WristRight
0.464133 -0.1222491 0.9180943 11 HandRight
0.2714071 -0.2234978 0.8604259 12 HipLeft
0.120737 -0.5447119 0.8256385 13 KneeLeft
0.2023539 -0.1754848 0.8703346 16 HipRight
0.3619716 -0.4124973 0.8838887 17 KneeRight
0.5831462 -0.7345794 0.9459099 18 AnkleRight
0.2804278 0.135388 0.7458144 20 SpineShoulder
0.2547885 -0.1951818 0.8616844 0 SpineBase
0.2832289 -0.001708853 0.7891845 1 SpineMid
0.3002677 0.1805822 0.7013882 2 Neck
0.4487639 0.2050101 0.7782675 4 ShoulderLeft
0.1748286 -0.2099059 0.7237293 6 WristLeft
0.1504179 -0.3445981 0.7658594 7 HandLeft
0.5143831 0.1547781 0.8543031 8 ShoulderRight
0.4806953 -0.050729 0.8816841 9 ElbowRight
0.5375731 -0.2433296 0.83632 10 WristRight
0.2046541 -0.1673559 0.8239076 12 HipLeft
0.176143 -0.5155345 0.8166453 13 KneeLeft
0.2868416 -0.2052253 0.8236622 16 HipRight
0.3766515 -0.4538508 0.8969514 17 KneeRight
0.2973363 0.1367706 0.7259139 20 SpineShoulder
0.0970098 -0.5373126 0.8244894 0 SpineBase
0.1556338 -0.4010101 0.7693856 1 SpineMid
0.2079534 -0.263434 0.701085 2 Neck
0.3587613 -0.2313544 0.779217 4 ShoulderLeft
0.274545 -0.2751926 0.6410961 6 WristLeft
0.3391439 -0.3281197 0.6917064 7 HandLeft
0.416092 -0.2789825 0.8625669 8 ShoulderRight
0.7077523 -0.25934 0.8258406 14 AnkleLeft
0.195997 -0.2980372 0.7204906 20 SpineShoulder
0.2149558 -0.5768472 0.7968164 0 SpineBase
0.2366312 -0.4085014 0.7489679 1 SpineMid
0.2506178 -0.2404482 0.6878247 2 Neck
0.4005384 -0.2085764 0.7656807 4 ShoulderLeft
0.2218849 -0.2466005 0.678573 6 WristLeft
0.4575872 -0.2563557 0.8491186 8 ShoulderRight
0.2665632 -0.4531604 0.5415745 10 WristRight
0.2493759 -0.2818467 0.7051737 20 SpineShoulder
0.2307399 -0.5424007 0.7480586 0 SpineBase
0.2492426 -0.3677715 0.7034734 1 SpineMid
0.2614914 -0.1922734 0.6425264 2 Neck
0.4111078 -0.160684 0.7199307 4 ShoulderLeft
0.2157389 -0.2187097 0.679733 6 WristLeft
0.4679684 -0.2088055 0.8034283 8 ShoulderRight
0.2929994 -0.4597017 0.6602697 10 WristRight
0.2596998 -0.2360343 0.6602876 20 SpineShoulder
0.2412927 -0.5495902 0.7412502 0 SpineBase
0.2551138 -0.381828 0.6833335 1 SpineMid
0.2617684 -0.2218875 0.6074273 2 Neck
0.411429 -0.189468 0.6851388 4 ShoulderLeft
0.2080137 -0.2493735 0.6840394 6 WristLeft
0.4681755 -0.2373556 0.7686915 8 ShoulderRight
0.3188612 -0.4612123 0.6654498 10 WristRight
0.2615677 -0.2608444 0.6289806 20 SpineShoulder
0.2633213 -0.387563 0.6701619 1 SpineMid
0.4102519 -0.1887417 0.6761059 4 ShoulderLeft
0.2311062 -0.3446589 0.6003217 6 WristLeft
0.466974 -0.236631 0.759669 8 ShoulderRight
0.2810144 -0.3619469 0.3725545 10 WristRight
0.2621486 -0.261988 0.619409 20 SpineShoulder
0.2339296 -0.4518422 0.6810251 1 SpineMid
0.3844826 -0.248507 0.6845666 4 ShoulderLeft
0.3106342 -0.311784 0.4962951 6 WristLeft
0.4414198 -0.2959167 0.7680911 8 ShoulderRight
0.2350409 -0.3247074 0.6271943 20 SpineShoulder
0.2339296 -0.4518422 0.6810251 1 SpineMid
0.3844826 -0.248507 0.6845666 4 ShoulderLeft
0.3106342 -0.311784 0.4962951 6 WristLeft
0.4414198 -0.2959167 0.7680911 8 ShoulderRight
0.2350409 -0.3247074 0.6271943 20 SpineShoulder
0.2798757 -0.2893637 0.4178173 6 WristLeft
