X              Y         Z      JointType 
-0.04762586 0.09111461 1.802146 0 SpineBase
-0.03204761 0.3871341 1.735124 1 SpineMid
-0.01677354 0.6694282 1.656671 2 Neck
-0.1737555 0.5528013 1.727755 4 ShoulderLeft
-0.2329419 0.321119 1.823737 5 ElbowLeft
-0.2827629 0.1174741 1.805796 6 WristLeft
-0.2842624 0.1091595 1.806142 7 HandLeft
0.09456009 0.5328606 1.60664 8 ShoulderRight
0.1771803 0.3102213 1.603974 9 ElbowRight
-0.1081999 0.09411276 1.788694 12 HipLeft
-0.07522779 -0.2716211 1.833505 13 KneeLeft
-0.01035781 -0.6330845 1.878383 14 AnkleLeft
-0.06790707 -0.6861308 1.87453 15 FootLeft
0.01489873 0.08453792 1.744918 16 HipRight
-0.006342545 -0.2666062 1.771026 17 KneeRight
0.01130907 -0.6069617 1.846237 18 AnkleRight
-0.01311206 -0.6766875 1.778818 19 FootRight
-0.02055643 0.6008301 1.678213 20 SpineShoulder
-0.2925605 0.02470864 1.824518 21 HandTipLeft
-0.292354 0.07991743 1.77475 22 ThumbLeft
-0.04762586 0.09111461 1.802146 0 SpineBase
-0.03204761 0.3871341 1.735124 1 SpineMid
-0.01677354 0.6694282 1.656671 2 Neck
-0.1737555 0.5528013 1.727755 4 ShoulderLeft
-0.2329419 0.321119 1.823737 5 ElbowLeft
-0.2827629 0.1174741 1.805796 6 WristLeft
-0.2842624 0.1091595 1.806142 7 HandLeft
0.09456009 0.5328606 1.60664 8 ShoulderRight
0.1771803 0.3102213 1.603974 9 ElbowRight
-0.1081999 0.09411276 1.788694 12 HipLeft
-0.07522779 -0.2716211 1.833505 13 KneeLeft
-0.01035781 -0.6330845 1.878383 14 AnkleLeft
-0.06790707 -0.6861308 1.87453 15 FootLeft
0.01489873 0.08453792 1.744918 16 HipRight
-0.006342545 -0.2666062 1.771026 17 KneeRight
0.01130907 -0.6069617 1.846237 18 AnkleRight
-0.01311206 -0.6766875 1.778818 19 FootRight
-0.02055643 0.6008301 1.678213 20 SpineShoulder
-0.2925605 0.02470864 1.824518 21 HandTipLeft
-0.292354 0.07991743 1.77475 22 ThumbLeft
-0.0480336 0.09201176 1.803877 0 SpineBase
-0.03196084 0.3880923 1.738 1 SpineMid
-0.01596142 0.6704471 1.661144 2 Neck
-0.1736131 0.5528681 1.728983 4 ShoulderLeft
-0.2291125 0.3138286 1.813156 5 ElbowLeft
-0.2654601 0.1097041 1.772156 6 WristLeft
-0.2713613 0.08592387 1.77149 7 HandLeft
0.09703924 0.5345956 1.61406 8 ShoulderRight
0.177444 0.3134551 1.610167 9 ElbowRight
-0.1087236 0.09468848 1.789803 12 HipLeft
-0.07317467 -0.2729547 1.82692 13 KneeLeft
-0.07078198 -0.5920851 1.941165 14 AnkleLeft
-0.08214796 -0.6574703 1.887088 15 FootLeft
0.01469725 0.08581574 1.747468 16 HipRight
-0.005281631 -0.2664864 1.771628 17 KneeRight
0.01216323 -0.6059714 1.846724 18 AnkleRight
-0.02005685 -0.6652309 1.800724 19 FootRight
-0.01994883 0.6018329 1.682245 20 SpineShoulder
-0.2785872 0.03561347 1.772317 21 HandTipLeft
-0.2760181 0.09244063 1.730167 22 ThumbLeft
-0.0480336 0.09201176 1.803877 0 SpineBase
-0.03196084 0.3880923 1.738 1 SpineMid
-0.01596142 0.6704471 1.661144 2 Neck
-0.1736131 0.5528681 1.728983 4 ShoulderLeft
-0.2291125 0.3138286 1.813156 5 ElbowLeft
-0.2654601 0.1097041 1.772156 6 WristLeft
-0.2713613 0.08592387 1.77149 7 HandLeft
0.09703924 0.5345956 1.61406 8 ShoulderRight
0.177444 0.3134551 1.610167 9 ElbowRight
-0.1087236 0.09468848 1.789803 12 HipLeft
-0.07317467 -0.2729547 1.82692 13 KneeLeft
-0.07078198 -0.5920851 1.941165 14 AnkleLeft
-0.08214796 -0.6574703 1.887088 15 FootLeft
0.01469725 0.08581574 1.747468 16 HipRight
-0.005281631 -0.2664864 1.771628 17 KneeRight
0.01216323 -0.6059714 1.846724 18 AnkleRight
-0.02005685 -0.6652309 1.800724 19 FootRight
-0.01994883 0.6018329 1.682245 20 SpineShoulder
-0.2785872 0.03561347 1.772317 21 HandTipLeft
-0.2760181 0.09244063 1.730167 22 ThumbLeft
-0.04841143 0.0934938 1.80673 0 SpineBase
-0.03219341 0.3895949 1.743524 1 SpineMid
-0.01603158 0.6717958 1.670007 2 Neck
-0.1745252 0.5540349 1.732336 4 ShoulderLeft
-0.2288443 0.3171563 1.811505 5 ElbowLeft
-0.2732681 0.1169034 1.764675 6 WristLeft
-0.285702 0.1194276 1.76865 7 HandLeft
0.09831873 0.5390652 1.627095 8 ShoulderRight
0.1747273 0.3207478 1.629431 9 ElbowRight
-0.1093475 0.09559524 1.791354 12 HipLeft
-0.08618013 -0.2745639 1.828231 13 KneeLeft
-0.08507351 -0.5760337 1.967774 14 AnkleLeft
-0.08309551 -0.6577858 1.890272 15 FootLeft
0.01475555 0.08794331 1.752035 16 HipRight
0.001626911 -0.2608053 1.774287 17 KneeRight
0.01309224 -0.6041451 1.847216 18 AnkleRight
-0.01453288 -0.6630464 1.795238 19 FootRight
-0.02005624 0.603229 1.690226 20 SpineShoulder
-0.3203711 0.03945967 1.767381 21 HandTipLeft
-0.2906124 0.1053413 1.725867 22 ThumbLeft
-0.04841143 0.0934938 1.80673 0 SpineBase
-0.03219341 0.3895949 1.743524 1 SpineMid
-0.01603158 0.6717958 1.670007 2 Neck
-0.1745252 0.5540349 1.732336 4 ShoulderLeft
-0.2288443 0.3171563 1.811505 5 ElbowLeft
-0.2732681 0.1169034 1.764675 6 WristLeft
-0.285702 0.1194276 1.76865 7 HandLeft
0.09831873 0.5390652 1.627095 8 ShoulderRight
0.1747273 0.3207478 1.629431 9 ElbowRight
-0.1093475 0.09559524 1.791354 12 HipLeft
-0.08618013 -0.2745639 1.828231 13 KneeLeft
-0.08507351 -0.5760337 1.967774 14 AnkleLeft
-0.08309551 -0.6577858 1.890272 15 FootLeft
0.01475555 0.08794331 1.752035 16 HipRight
0.001626911 -0.2608053 1.774287 17 KneeRight
0.01309224 -0.6041451 1.847216 18 AnkleRight
-0.01453288 -0.6630464 1.795238 19 FootRight
-0.02005624 0.603229 1.690226 20 SpineShoulder
-0.3203711 0.03945967 1.767381 21 HandTipLeft
-0.2906124 0.1053413 1.725867 22 ThumbLeft
-0.05652224 0.09475864 1.818002 0 SpineBase
-0.03863034 0.3906706 1.760387 1 SpineMid
-0.02035932 0.672879 1.692967 2 Neck
-0.1812777 0.5540518 1.740491 4 ShoulderLeft
-0.2487807 0.3511028 1.84702 5 ElbowLeft
-0.3211658 0.1663629 1.783719 6 WristLeft
-0.3472585 0.1397412 1.77785 7 HandLeft
0.09789823 0.5423526 1.665978 8 ShoulderRight
0.1713511 0.3308868 1.676191 9 ElbowRight
-0.1176103 0.09611571 1.797502 12 HipLeft
-0.1203513 -0.2764827 1.867572 13 KneeLeft
-0.08592188 -0.5804036 1.977704 14 AnkleLeft
-0.1109009 -0.6416016 1.955078 15 FootLeft
0.007063883 0.09008688 1.770154 16 HipRight
0.00819756 -0.2588972 1.77932 17 KneeRight
0.013354 -0.6032078 1.848161 18 AnkleRight
-0.01419193 -0.6624583 1.792453 19 FootRight
-0.02495767 0.6042748 1.71164 20 SpineShoulder
-0.4147917 0.07382144 1.776817 21 HandTipLeft
-0.3424949 0.1608707 1.742966 22 ThumbLeft
-0.05652224 0.09475864 1.818002 0 SpineBase
-0.03863034 0.3906706 1.760387 1 SpineMid
-0.02035932 0.672879 1.692967 2 Neck
-0.1812777 0.5540518 1.740491 4 ShoulderLeft
-0.2487807 0.3511028 1.84702 5 ElbowLeft
-0.3211658 0.1663629 1.783719 6 WristLeft
-0.3472585 0.1397412 1.77785 7 HandLeft
0.09789823 0.5423526 1.665978 8 ShoulderRight
0.1713511 0.3308868 1.676191 9 ElbowRight
-0.1176103 0.09611571 1.797502 12 HipLeft
-0.1203513 -0.2764827 1.867572 13 KneeLeft
-0.08592188 -0.5804036 1.977704 14 AnkleLeft
-0.1109009 -0.6416016 1.955078 15 FootLeft
0.007063883 0.09008688 1.770154 16 HipRight
0.00819756 -0.2588972 1.77932 17 KneeRight
0.013354 -0.6032078 1.848161 18 AnkleRight
-0.01419193 -0.6624583 1.792453 19 FootRight
-0.02495767 0.6042748 1.71164 20 SpineShoulder
-0.4147917 0.07382144 1.776817 21 HandTipLeft
-0.3424949 0.1608707 1.742966 22 ThumbLeft
-0.05652224 0.09475864 1.818002 0 SpineBase
-0.03863034 0.3906706 1.760387 1 SpineMid
-0.02035932 0.672879 1.692967 2 Neck
-0.1812777 0.5540518 1.740491 4 ShoulderLeft
-0.2487807 0.3511028 1.84702 5 ElbowLeft
-0.3211658 0.1663629 1.783719 6 WristLeft
-0.3472585 0.1397412 1.77785 7 HandLeft
0.09789823 0.5423526 1.665978 8 ShoulderRight
0.1713511 0.3308868 1.676191 9 ElbowRight
-0.1176103 0.09611571 1.797502 12 HipLeft
-0.1203513 -0.2764827 1.867572 13 KneeLeft
-0.08592188 -0.5804036 1.977704 14 AnkleLeft
-0.1109009 -0.6416016 1.955078 15 FootLeft
0.007063883 0.09008688 1.770154 16 HipRight
0.00819756 -0.2588972 1.77932 17 KneeRight
0.013354 -0.6032078 1.848161 18 AnkleRight
-0.01419193 -0.6624583 1.792453 19 FootRight
-0.02495767 0.6042748 1.71164 20 SpineShoulder
-0.4147917 0.07382144 1.776817 21 HandTipLeft
-0.3424949 0.1608707 1.742966 22 ThumbLeft
-0.07915868 0.09207864 1.854687 0 SpineBase
-0.06394487 0.3902597 1.804232 1 SpineMid
-0.04926049 0.6753793 1.743028 2 Neck
-0.2124404 0.5560323 1.766782 4 ShoulderLeft
-0.315972 0.3696708 1.858241 5 ElbowLeft
-0.4344804 0.2121507 1.802581 6 WristLeft
-0.475272 0.1874338 1.787772 7 HandLeft
0.08703116 0.5550691 1.741609 8 ShoulderRight
0.1565256 0.3434108 1.78275 9 ElbowRight
0.2171393 0.1803646 1.668102 10 WristRight
0.2338553 0.1830987 1.646801 11 HandRight
-0.1430216 0.09129712 1.823706 12 HipLeft
-0.1499872 -0.2811811 1.923809 13 KneeLeft
-0.08965383 -0.584392 2.010033 14 AnkleLeft
-0.1096982 -0.6401201 1.955752 15 FootLeft
-0.01181678 0.08958974 1.815962 16 HipRight
0.007039677 -0.2561609 1.80356 17 KneeRight
0.01293358 -0.6015403 1.851433 18 AnkleRight
-0.01096827 -0.665494 1.775994 19 FootRight
-0.05288025 0.605969 1.760216 20 SpineShoulder
-0.5592084 0.152817 1.795939 21 HandTipLeft
-0.4764981 0.1639063 1.744 22 ThumbLeft
0.2919418 0.1483911 1.599217 23 HandTipRight
0.2210188 0.1805415 1.598982 24 ThumbRight
-0.07915868 0.09207864 1.854687 0 SpineBase
-0.06394487 0.3902597 1.804232 1 SpineMid
-0.04926049 0.6753793 1.743028 2 Neck
-0.2124404 0.5560323 1.766782 4 ShoulderLeft
-0.315972 0.3696708 1.858241 5 ElbowLeft
-0.4344804 0.2121507 1.802581 6 WristLeft
-0.475272 0.1874338 1.787772 7 HandLeft
0.08703116 0.5550691 1.741609 8 ShoulderRight
0.1565256 0.3434108 1.78275 9 ElbowRight
0.2171393 0.1803646 1.668102 10 WristRight
0.2338553 0.1830987 1.646801 11 HandRight
-0.1430216 0.09129712 1.823706 12 HipLeft
-0.1499872 -0.2811811 1.923809 13 KneeLeft
-0.08965383 -0.584392 2.010033 14 AnkleLeft
-0.1096982 -0.6401201 1.955752 15 FootLeft
-0.01181678 0.08958974 1.815962 16 HipRight
0.007039677 -0.2561609 1.80356 17 KneeRight
0.01293358 -0.6015403 1.851433 18 AnkleRight
-0.01096827 -0.665494 1.775994 19 FootRight
-0.05288025 0.605969 1.760216 20 SpineShoulder
-0.5592084 0.152817 1.795939 21 HandTipLeft
-0.4764981 0.1639063 1.744 22 ThumbLeft
0.2919418 0.1483911 1.599217 23 HandTipRight
0.2210188 0.1805415 1.598982 24 ThumbRight
-0.08458894 0.09378426 1.864766 0 SpineBase
-0.07014445 0.3914075 1.815296 1 SpineMid
-0.05578587 0.6758291 1.754473 2 Neck
-0.2229082 0.555913 1.775354 4 ShoulderLeft
-0.3235008 0.3692873 1.856828 5 ElbowLeft
-0.4499548 0.2221049 1.795847 6 WristLeft
-0.4960206 0.2097157 1.777838 7 HandLeft
0.08344646 0.5555912 1.755963 8 ShoulderRight
0.1524641 0.3497868 1.802368 9 ElbowRight
0.2296085 0.2053395 1.675527 10 WristRight
0.2546307 0.2251514 1.661723 11 HandRight
-0.1490723 0.09241952 1.831477 12 HipLeft
-0.1535532 -0.2790505 1.927518 13 KneeLeft
-0.09020898 -0.5825189 2.010355 14 AnkleLeft
-0.1051578 -0.6463014 1.954406 15 FootLeft
-0.01645897 0.09176875 1.828048 16 HipRight
0.004316638 -0.2659845 1.816935 17 KneeRight
0.01169917 -0.600481 1.863209 18 AnkleRight
-0.009127548 -0.6656941 1.776649 19 FootRight
-0.05938099 0.6065999 1.771634 20 SpineShoulder
-0.5668563 0.1753395 1.774213 21 HandTipLeft
-0.4950096 0.2147719 1.733322 22 ThumbLeft
0.3137864 0.2092204 1.607322 23 HandTipRight
0.2351251 0.2340124 1.626259 24 ThumbRight
-0.08458894 0.09378426 1.864766 0 SpineBase
-0.07014445 0.3914075 1.815296 1 SpineMid
-0.05578587 0.6758291 1.754473 2 Neck
-0.2229082 0.555913 1.775354 4 ShoulderLeft
-0.3235008 0.3692873 1.856828 5 ElbowLeft
-0.4499548 0.2221049 1.795847 6 WristLeft
-0.4960206 0.2097157 1.777838 7 HandLeft
0.08344646 0.5555912 1.755963 8 ShoulderRight
0.1524641 0.3497868 1.802368 9 ElbowRight
0.2296085 0.2053395 1.675527 10 WristRight
0.2546307 0.2251514 1.661723 11 HandRight
-0.1490723 0.09241952 1.831477 12 HipLeft
-0.1535532 -0.2790505 1.927518 13 KneeLeft
-0.09020898 -0.5825189 2.010355 14 AnkleLeft
-0.1051578 -0.6463014 1.954406 15 FootLeft
-0.01645897 0.09176875 1.828048 16 HipRight
0.004316638 -0.2659845 1.816935 17 KneeRight
0.01169917 -0.600481 1.863209 18 AnkleRight
-0.009127548 -0.6656941 1.776649 19 FootRight
-0.05938099 0.6065999 1.771634 20 SpineShoulder
-0.5668563 0.1753395 1.774213 21 HandTipLeft
-0.4950096 0.2147719 1.733322 22 ThumbLeft
0.3137864 0.2092204 1.607322 23 HandTipRight
0.2351251 0.2340124 1.626259 24 ThumbRight
-0.0871728 0.09549744 1.871288 0 SpineBase
-0.07324584 0.3927747 1.821941 1 SpineMid
-0.05934091 0.6768556 1.761262 2 Neck
-0.227845 0.5568145 1.780975 4 ShoulderLeft
-0.3279567 0.3688881 1.856503 5 ElbowLeft
-0.461242 0.2328931 1.792518 6 WristLeft
-0.5026542 0.2294118 1.773214 7 HandLeft
0.08067374 0.5556849 1.762637 8 ShoulderRight
0.1460448 0.3551475 1.814243 9 ElbowRight
0.2356052 0.2262134 1.682836 10 WristRight
0.2612909 0.244291 1.662991 11 HandRight
-0.1527443 0.09418209 1.838079 12 HipLeft
-0.1580143 -0.288421 1.934141 13 KneeLeft
-0.09432552 -0.5932028 2.008122 14 AnkleLeft
-0.09257813 -0.6508042 1.941741 15 FootLeft
-0.01808699 0.09330536 1.834166 16 HipRight
-0.002298777 -0.2653492 1.82607 17 KneeRight
-0.008036549 -0.5869147 1.913064 18 AnkleRight
-0.01230623 -0.6601563 1.835294 19 FootRight
-0.0628318 0.6077103 1.778384 20 SpineShoulder
-0.5777692 0.2003579 1.7641 21 HandTipLeft
-0.4912693 0.2419428 1.729324 22 ThumbLeft
0.3276503 0.2378854 1.606095 23 HandTipRight
0.2427162 0.2484414 1.62518 24 ThumbRight
-0.0871728 0.09549744 1.871288 0 SpineBase
-0.07324584 0.3927747 1.821941 1 SpineMid
-0.05934091 0.6768556 1.761262 2 Neck
-0.227845 0.5568145 1.780975 4 ShoulderLeft
-0.3279567 0.3688881 1.856503 5 ElbowLeft
-0.461242 0.2328931 1.792518 6 WristLeft
-0.5026542 0.2294118 1.773214 7 HandLeft
0.08067374 0.5556849 1.762637 8 ShoulderRight
0.1460448 0.3551475 1.814243 9 ElbowRight
0.2356052 0.2262134 1.682836 10 WristRight
0.2612909 0.244291 1.662991 11 HandRight
-0.1527443 0.09418209 1.838079 12 HipLeft
-0.1580143 -0.288421 1.934141 13 KneeLeft
-0.09432552 -0.5932028 2.008122 14 AnkleLeft
-0.09257813 -0.6508042 1.941741 15 FootLeft
-0.01808699 0.09330536 1.834166 16 HipRight
-0.002298777 -0.2653492 1.82607 17 KneeRight
-0.008036549 -0.5869147 1.913064 18 AnkleRight
-0.01230623 -0.6601563 1.835294 19 FootRight
-0.0628318 0.6077103 1.778384 20 SpineShoulder
-0.5777692 0.2003579 1.7641 21 HandTipLeft
-0.4912693 0.2419428 1.729324 22 ThumbLeft
0.3276503 0.2378854 1.606095 23 HandTipRight
0.2427162 0.2484414 1.62518 24 ThumbRight
-0.0871728 0.09549744 1.871288 0 SpineBase
-0.07324584 0.3927747 1.821941 1 SpineMid
-0.05934091 0.6768556 1.761262 2 Neck
-0.227845 0.5568145 1.780975 4 ShoulderLeft
-0.3279567 0.3688881 1.856503 5 ElbowLeft
-0.461242 0.2328931 1.792518 6 WristLeft
-0.5026542 0.2294118 1.773214 7 HandLeft
0.08067374 0.5556849 1.762637 8 ShoulderRight
0.1460448 0.3551475 1.814243 9 ElbowRight
0.2356052 0.2262134 1.682836 10 WristRight
0.2612909 0.244291 1.662991 11 HandRight
-0.1527443 0.09418209 1.838079 12 HipLeft
-0.1580143 -0.288421 1.934141 13 KneeLeft
-0.09432552 -0.5932028 2.008122 14 AnkleLeft
-0.09257813 -0.6508042 1.941741 15 FootLeft
-0.01808699 0.09330536 1.834166 16 HipRight
-0.002298777 -0.2653492 1.82607 17 KneeRight
-0.008036549 -0.5869147 1.913064 18 AnkleRight
-0.01230623 -0.6601563 1.835294 19 FootRight
-0.0628318 0.6077103 1.778384 20 SpineShoulder
-0.5777692 0.2003579 1.7641 21 HandTipLeft
-0.4912693 0.2419428 1.729324 22 ThumbLeft
0.3276503 0.2378854 1.606095 23 HandTipRight
0.2427162 0.2484414 1.62518 24 ThumbRight
-0.08764315 0.09597945 1.872327 0 SpineBase
-0.07357831 0.3930002 1.822718 1 SpineMid
-0.05955602 0.6768979 1.761822 2 Neck
-0.2288555 0.5570087 1.782901 4 ShoulderLeft
-0.3288645 0.3726102 1.858193 5 ElbowLeft
-0.4655615 0.2418878 1.793845 6 WristLeft
-0.5082947 0.2414894 1.774751 7 HandLeft
0.08061181 0.555556 1.763234 8 ShoulderRight
0.1461012 0.3556916 1.815492 9 ElbowRight
0.2412422 0.2339378 1.68278 10 WristRight
0.2713124 0.2539865 1.658524 11 HandRight
-0.1534041 0.09483061 1.83925 12 HipLeft
-0.1578253 -0.2881353 1.934044 13 KneeLeft
-0.09491279 -0.5927781 2.007819 14 AnkleLeft
-0.09234524 -0.6504576 1.941402 15 FootLeft
-0.01840125 0.09360734 1.835022 16 HipRight
-0.01535324 -0.2690426 1.858497 17 KneeRight
-0.02998506 -0.5875332 1.960762 18 AnkleRight
-0.04537964 -0.6552734 1.886719 19 FootRight
-0.06307422 0.6077918 1.778993 20 SpineShoulder
-0.583141 0.2157875 1.762006 21 HandTipLeft
-0.500795 0.2505165 1.72817 22 ThumbLeft
0.3397889 0.2510291 1.604805 23 HandTipRight
0.2626161 0.2545041 1.6112 24 ThumbRight
-0.08789881 0.09618436 1.872445 0 SpineBase
-0.07350042 0.3931372 1.822902 1 SpineMid
-0.05879201 0.677089 1.762294 2 Neck
-0.2264235 0.5577531 1.783245 4 ShoulderLeft
-0.3294994 0.3737918 1.859612 5 ElbowLeft
-0.4673898 0.2482316 1.791938 6 WristLeft
-0.5077453 0.2446955 1.773722 7 HandLeft
0.08210615 0.5551859 1.76091 8 ShoulderRight
0.1498162 0.3563574 1.814824 9 ElbowRight
0.2705651 0.2595545 1.676588 10 WristRight
0.2887096 0.2547765 1.647688 11 HandRight
-0.1537997 0.09508222 1.839563 12 HipLeft
-0.1548871 -0.2849126 1.933845 13 KneeLeft
-0.09209748 -0.6025665 2.003378 14 AnkleLeft
-0.09070674 -0.6554653 1.937574 15 FootLeft
-0.01852667 0.09377147 1.834845 16 HipRight
-0.01953788 -0.2655559 1.875767 17 KneeRight
-0.02623864 -0.5859715 1.9592 18 AnkleRight
-0.0489757 -0.6532937 1.909741 19 FootRight
-0.06252095 0.6079669 1.779362 20 SpineShoulder
-0.5839016 0.2242694 1.765988 21 HandTipLeft
-0.4998374 0.2451231 1.72563 22 ThumbLeft
0.352906 0.2477659 1.592557 23 HandTipRight
0.3244491 0.2315008 1.668072 24 ThumbRight
-0.08752274 0.09673706 1.870101 0 SpineBase
-0.0720484 0.3934166 1.821647 1 SpineMid
-0.05575748 0.6770751 1.761742 2 Neck
-0.2245907 0.557667 1.786081 4 ShoulderLeft
-0.3275232 0.3735933 1.860645 5 ElbowLeft
-0.4663937 0.251483 1.790648 6 WristLeft
-0.4983694 0.2463662 1.772115 7 HandLeft
0.0849745 0.5543929 1.758757 8 ShoulderRight
0.1538953 0.3479569 1.812994 9 ElbowRight
0.2711321 0.2593175 1.675434 10 WristRight
0.2959099 0.2509189 1.64311 11 HandRight
-0.1537578 0.09559255 1.837992 12 HipLeft
-0.1473194 -0.2681083 1.928834 13 KneeLeft
-0.0912988 -0.6050533 2.002208 14 AnkleLeft
-0.08980684 -0.6563022 1.936575 15 FootLeft
-0.01775273 0.09426824 1.831416 16 HipRight
-0.02289173 -0.2638859 1.884977 17 KneeRight
-0.01895537 -0.579537 1.957949 18 AnkleRight
-0.05013015 -0.6533456 1.912878 19 FootRight
-0.05994771 0.6080436 1.778619 20 SpineShoulder
-0.5715512 0.2238668 1.761365 21 HandTipLeft
-0.4859093 0.2578929 1.728183 22 ThumbLeft
0.357322 0.2437702 1.586271 23 HandTipRight
0.3215984 0.2257861 1.676295 24 ThumbRight
-0.08666569 0.09610143 1.867736 0 SpineBase
-0.06947459 0.3924279 1.819431 1 SpineMid
-0.05118014 0.6755061 1.75968 2 Neck
-0.2221399 0.5576862 1.788483 4 ShoulderLeft
-0.3255438 0.3724945 1.86073 5 ElbowLeft
-0.4659687 0.2551786 1.786617 6 WristLeft
-0.4958516 0.2593538 1.767839 7 HandLeft
0.08849524 0.552744 1.756204 8 ShoulderRight
0.1601569 0.3484984 1.809607 9 ElbowRight
0.2746247 0.2565091 1.672579 10 WristRight
0.3015393 0.2447671 1.639494 11 HandRight
-0.1532093 0.09525245 1.836611 12 HipLeft
-0.1466773 -0.2669043 1.928009 13 KneeLeft
-0.09146927 -0.6028674 2.001357 14 AnkleLeft
-0.08987385 -0.6544271 1.93733 15 FootLeft
-0.01665622 0.09328732 1.827981 16 HipRight
-0.01506349 -0.2586631 1.884474 17 KneeRight
-0.01795369 -0.5789428 1.958457 18 AnkleRight
-0.05024751 -0.652999 1.914118 19 FootRight
-0.05586819 0.6066286 1.776518 20 SpineShoulder
-0.5690499 0.2284806 1.751926 21 HandTipLeft
-0.4866408 0.2704917 1.722596 22 ThumbLeft
0.36251 0.24044 1.585575 23 HandTipRight
0.3284251 0.2180218 1.673727 24 ThumbRight
-0.08633849 0.09597524 1.866633 0 SpineBase
-0.06827373 0.3922034 1.818315 1 SpineMid
-0.04903902 0.6751438 1.758576 2 Neck
-0.2205983 0.5576933 1.789351 4 ShoulderLeft
-0.3252234 0.3718147 1.860815 5 ElbowLeft
-0.4675441 0.2581401 1.78504 6 WristLeft
-0.4956415 0.2646139 1.767943 7 HandLeft
0.08918327 0.5527725 1.754857 8 ShoulderRight
0.1618502 0.3485079 1.808528 9 ElbowRight
0.2758408 0.2557802 1.671867 10 WristRight
0.3048655 0.244785 1.638394 11 HandRight
-0.1529631 0.09514114 1.835978 12 HipLeft
-0.1463493 -0.2667098 1.927616 13 KneeLeft
-0.09375032 -0.6005433 2.001953 14 AnkleLeft
-0.08983642 -0.6522672 1.938617 15 FootLeft
-0.01629717 0.09316753 1.826386 16 HipRight
-0.01480724 -0.2579159 1.884207 17 KneeRight
-0.0171061 -0.5799194 1.958352 18 AnkleRight
-0.05046507 -0.65316 1.914838 19 FootRight
-0.0539546 0.6063007 1.775413 20 SpineShoulder
-0.5699053 0.236591 1.752856 21 HandTipLeft
-0.4849945 0.2789331 1.724224 22 ThumbLeft
0.3665634 0.2402766 1.584566 23 HandTipRight
0.327472 0.2174697 1.672412 24 ThumbRight
-0.0848326 0.09420583 1.864017 0 SpineBase
-0.06470553 0.390094 1.815299 1 SpineMid
-0.0436911 0.672771 1.755283 2 Neck
-0.2160515 0.557047 1.78843 4 ShoulderLeft
-0.3239376 0.3719799 1.860498 5 ElbowLeft
-0.4705532 0.2674608 1.780391 6 WristLeft
-0.4935355 0.2801066 1.76159 7 HandLeft
0.09384765 0.5497393 1.751117 8 ShoulderRight
0.1668883 0.3484031 1.804415 9 ElbowRight
0.2790532 0.2533651 1.668282 10 WristRight
0.3122931 0.2421262 1.632657 11 HandRight
-0.1517188 0.09372864 1.833667 12 HipLeft
-0.1432584 -0.2703837 1.926321 13 KneeLeft
-0.09320472 -0.6018646 2.001379 14 AnkleLeft
-0.08981195 -0.6532197 1.938088 15 FootLeft
-0.01463568 0.09110492 1.82363 16 HipRight
-0.01431953 -0.2591452 1.884539 17 KneeRight
-0.01616731 -0.5801064 1.957717 18 AnkleRight
-0.04968213 -0.6532977 1.915092 19 FootRight
-0.04900386 0.6039817 1.7722 20 SpineShoulder
-0.5635945 0.2677972 1.735429 21 HandTipLeft
-0.4857303 0.2957921 1.719019 22 ThumbLeft
0.3626565 0.2374569 1.5891 23 HandTipRight
0.3378089 0.2137892 1.654133 24 ThumbRight
-0.08392061 0.09329665 1.862878 0 SpineBase
-0.06288291 0.3889128 1.81375 1 SpineMid
-0.04113266 0.6713544 1.753314 2 Neck
-0.2137657 0.5563167 1.787521 4 ShoulderLeft
-0.3237702 0.3716649 1.860211 5 ElbowLeft
-0.4735018 0.2735932 1.777998 6 WristLeft
-0.4977882 0.285139 1.759245 7 HandLeft
0.09408437 0.5496702 1.750443 8 ShoulderRight
0.1690124 0.3478199 1.803031 9 ElbowRight
0.280333 0.2522748 1.666719 10 WristRight
0.3167739 0.235743 1.631442 11 HandRight
-0.1510021 0.09298577 1.832812 12 HipLeft
-0.1411359 -0.2726193 1.924459 13 KneeLeft
-0.09278448 -0.6007931 2.001281 14 AnkleLeft
-0.08955185 -0.6523117 1.938482 15 FootLeft
-0.01356956 0.09006613 1.822229 16 HipRight
-0.01072321 -0.2602689 1.88339 17 KneeRight
-0.01426283 -0.5773343 1.956454 18 AnkleRight
-0.04715739 -0.6525861 1.913644 19 FootRight
-0.04660962 0.6026213 1.770347 20 SpineShoulder
-0.5692083 0.2817229 1.735129 21 HandTipLeft
-0.4809217 0.2539374 1.805273 22 ThumbLeft
0.3790834 0.2292364 1.603116 23 HandTipRight
0.3237823 0.207935 1.666077 24 ThumbRight
-0.08243028 0.09164806 1.859552 0 SpineBase
-0.05959103 0.3870542 1.809582 1 SpineMid
-0.0360142 0.6692758 1.748168 2 Neck
-0.2079173 0.5532362 1.780044 4 ShoulderLeft
-0.323472 0.369856 1.85671 5 ElbowLeft
-0.4754218 0.2866906 1.761825 6 WristLeft
-0.4991018 0.299356 1.736425 7 HandLeft
0.09495451 0.549223 1.748661 8 ShoulderRight
0.1781696 0.3419293 1.795046 9 ElbowRight
0.2842787 0.2398234 1.659203 10 WristRight
0.3093305 0.2083134 1.622927 11 HandRight
-0.149793 0.09172212 1.829335 12 HipLeft
-0.1378893 -0.272369 1.920708 13 KneeLeft
-0.09181026 -0.5972422 1.999462 14 AnkleLeft
-0.08991729 -0.650212 1.939792 15 FootLeft
-0.0118588 0.08808071 1.819096 16 HipRight
-0.007518314 -0.2603786 1.882372 17 KneeRight
-0.01415861 -0.5777139 1.956787 18 AnkleRight
-0.04681639 -0.6523733 1.913401 19 FootRight
-0.0419464 0.6005989 1.765467 20 SpineShoulder
-0.574168 0.2837855 1.736784 21 HandTipLeft
-0.463468 0.2642719 1.777333 22 ThumbLeft
0.351815 0.1787352 1.603185 23 HandTipRight
0.3020716 0.1686694 1.641769 24 ThumbRight
-0.0830714 0.0816584 1.831724 0 SpineBase
-0.05359194 0.3730472 1.773592 1 SpineMid
-0.02380575 0.6507683 1.703206 2 Neck
-0.1963784 0.5389531 1.732047 4 ShoulderLeft
-0.3000159 0.35447 1.789368 5 ElbowLeft
-0.4196134 0.263288 1.659117 6 WristLeft
-0.4628427 0.2554803 1.631318 7 HandLeft
0.113791 0.5318248 1.718044 8 ShoulderRight
0.1749761 0.3282233 1.76996 9 ElbowRight
0.273129 0.1945865 1.641028 10 WristRight
0.2815726 0.1580268 1.61234 11 HandRight
-0.1516501 0.08268774 1.798744 12 HipLeft
-0.1677328 -0.2833307 1.90555 13 KneeLeft
-0.09922272 -0.615258 1.997731 14 AnkleLeft
-0.05975755 -0.6417651 1.888329 15 FootLeft
-0.01132302 0.07754645 1.794106 16 HipRight
-0.03179301 -0.2646181 1.762116 17 KneeRight
-0.02573281 -0.5849127 1.882455 18 AnkleRight
-0.02912903 -0.6533203 1.822266 19 FootRight
-0.03125013 0.583272 1.722821 20 SpineShoulder
-0.5217825 0.2384495 1.59746 21 HandTipLeft
-0.4625199 0.2221503 1.649656 22 ThumbLeft
0.3112595 0.1159081 1.587515 23 HandTipRight
0.2657163 0.1268639 1.635652 24 ThumbRight
-0.08409867 0.0818639 1.808368 0 SpineBase
-0.05148384 0.3703048 1.749162 1 SpineMid
-0.01921137 0.6452519 1.678264 2 Neck
-0.1883366 0.5346262 1.69486 4 ShoulderLeft
-0.2874362 0.3497334 1.751564 5 ElbowLeft
-0.404494 0.2531297 1.623311 6 WristLeft
-0.4430391 0.2437034 1.591171 7 HandLeft
0.1194625 0.5268451 1.701681 8 ShoulderRight
0.1745505 0.324054 1.761474 9 ElbowRight
0.2717415 0.1917106 1.636914 10 WristRight
0.2843411 0.1530776 1.607138 11 HandRight
-0.1537359 0.08424823 1.771276 12 HipLeft
-0.1702282 -0.2837519 1.902498 13 KneeLeft
-0.1019827 -0.6186122 1.994472 14 AnkleLeft
-0.06685786 -0.6274124 1.876015 15 FootLeft
-0.01135051 0.07652956 1.774622 16 HipRight
-0.03418312 -0.2616733 1.682938 17 KneeRight
-0.01282999 -0.5848798 1.792438 18 AnkleRight
-0.001487732 -0.6435547 1.704102 19 FootRight
-0.02721531 0.5784332 1.697949 20 SpineShoulder
-0.5036102 0.2310485 1.557348 21 HandTipLeft
-0.4497696 0.2104841 1.606325 22 ThumbLeft
0.3196613 0.1110207 1.580803 23 HandTipRight
0.2653251 0.1257031 1.63345 24 ThumbRight
-0.07936414 0.07491034 1.778046 0 SpineBase
-0.04459023 0.3622944 1.71608 1 SpineMid
-0.01053043 0.6362681 1.642647 2 Neck
-0.1808211 0.526674 1.660388 4 ShoulderLeft
-0.2801462 0.344797 1.720562 5 ElbowLeft
-0.384446 0.2469299 1.582284 6 WristLeft
-0.4241698 0.2347043 1.545709 7 HandLeft
0.1271857 0.5154839 1.671174 8 ShoulderRight
0.1761707 0.3178951 1.74295 9 ElbowRight
0.2741757 0.1595043 1.630754 10 WristRight
0.2972303 0.1448804 1.593007 11 HandRight
-0.1496014 0.0788311 1.742176 12 HipLeft
-0.1602017 -0.2914486 1.883388 13 KneeLeft
-0.1117754 -0.6033443 1.991106 14 AnkleLeft
-0.1235893 -0.6578645 1.937402 15 FootLeft
-0.006019557 0.06805711 1.743599 16 HipRight
-0.008060292 -0.2642081 1.6184 17 KneeRight
0.00924234 -0.5785643 1.679928 18 AnkleRight
0.01921082 -0.6411133 1.597656 19 FootRight
-0.0189435 0.5696986 1.662955 20 SpineShoulder
-0.4842126 0.2219846 1.508005 21 HandTipLeft
-0.4422219 0.2014761 1.5702 22 ThumbLeft
0.3347383 0.1045281 1.566566 23 HandTipRight
0.2816442 0.114258 1.614044 24 ThumbRight
-0.06046044 0.0497364 1.720029 0 SpineBase
-0.02962666 0.3378792 1.657118 1 SpineMid
0.0003059225 0.6123819 1.582492 2 Neck
-0.1652055 0.5054382 1.597658 4 ShoulderLeft
-0.2267509 0.3286858 1.700401 5 ElbowLeft
-0.3584177 0.2420001 1.522842 6 WristLeft
-0.4044991 0.2241181 1.473509 7 HandLeft
0.1428889 0.4952641 1.614455 8 ShoulderRight
0.1912989 0.2934246 1.6918 9 ElbowRight
0.2840014 0.1406594 1.608775 10 WristRight
0.321682 0.1184993 1.558386 11 HandRight
-0.1298793 0.05257636 1.681447 12 HipLeft
-0.1222918 -0.3180212 1.85258 13 KneeLeft
-0.1041854 -0.599828 1.992583 14 AnkleLeft
-0.1195152 -0.6549889 1.943717 15 FootLeft
0.01143 0.04486063 1.688201 16 HipRight
0.0280192 -0.2954352 1.547829 17 KneeRight
0.05544687 -0.5929293 1.533937 18 AnkleRight
0.07591002 -0.6552075 1.449918 19 FootRight
-0.007057772 0.5457181 1.603101 20 SpineShoulder
-0.460866 0.2182099 1.424819 21 HandTipLeft
-0.4252254 0.1897814 1.489778 22 ThumbLeft
0.3576738 0.08450723 1.533011 23 HandTipRight
0.3168157 0.0772413 1.572875 24 ThumbRight
-0.01448024 0.01325569 1.606173 0 SpineBase
0.01592232 0.3031141 1.541625 1 SpineMid
0.04495976 0.5785245 1.465055 2 Neck
-0.118626 0.4699583 1.468714 4 ShoulderLeft
-0.1900468 0.291554 1.560432 5 ElbowLeft
-0.2994317 0.1997038 1.38329 6 WristLeft
-0.342103 0.1754973 1.325665 7 HandLeft
0.1886462 0.457546 1.496047 8 ShoulderRight
0.2262603 0.2435977 1.571598 9 ElbowRight
0.3128628 0.09975881 1.467546 10 WristRight
0.3563673 0.1083019 1.426474 11 HandRight
-0.08466697 0.01722499 1.564883 12 HipLeft
-0.1001804 -0.2645465 1.741633 13 KneeLeft
-0.09740684 -0.5725476 1.968725 14 AnkleLeft
-0.1084749 -0.6360017 1.945113 15 FootLeft
0.05631335 0.008707181 1.577075 16 HipRight
0.08567289 -0.3019207 1.47264 17 KneeRight
0.1072222 -0.6472688 1.454987 18 AnkleRight
0.1389557 -0.694237 1.385267 19 FootRight
0.03789435 0.5117469 1.486139 20 SpineShoulder
-0.3888752 0.1669692 1.25408 21 HandTipLeft
-0.384521 0.1457088 1.3264 22 ThumbLeft
0.3892087 0.09109484 1.36883 23 HandTipRight
0.3704998 0.09540226 1.441091 24 ThumbRight
-0.01448024 0.01325569 1.606173 0 SpineBase
0.01592232 0.3031141 1.541625 1 SpineMid
0.04495976 0.5785245 1.465055 2 Neck
-0.118626 0.4699583 1.468714 4 ShoulderLeft
-0.1900468 0.291554 1.560432 5 ElbowLeft
-0.2994317 0.1997038 1.38329 6 WristLeft
-0.342103 0.1754973 1.325665 7 HandLeft
0.1886462 0.457546 1.496047 8 ShoulderRight
0.2262603 0.2435977 1.571598 9 ElbowRight
0.3128628 0.09975881 1.467546 10 WristRight
0.3563673 0.1083019 1.426474 11 HandRight
-0.08466697 0.01722499 1.564883 12 HipLeft
-0.1001804 -0.2645465 1.741633 13 KneeLeft
-0.09740684 -0.5725476 1.968725 14 AnkleLeft
-0.1084749 -0.6360017 1.945113 15 FootLeft
0.05631335 0.008707181 1.577075 16 HipRight
0.08567289 -0.3019207 1.47264 17 KneeRight
0.1072222 -0.6472688 1.454987 18 AnkleRight
0.1389557 -0.694237 1.385267 19 FootRight
0.03789435 0.5117469 1.486139 20 SpineShoulder
-0.3888752 0.1669692 1.25408 21 HandTipLeft
-0.384521 0.1457088 1.3264 22 ThumbLeft
0.3892087 0.09109484 1.36883 23 HandTipRight
0.3704998 0.09540226 1.441091 24 ThumbRight
0.03084983 0.00270598 1.504253 0 SpineBase
0.05411042 0.3019708 1.446943 1 SpineMid
0.07581811 0.585227 1.377542 2 Neck
-0.07366423 0.4566676 1.36899 4 ShoulderLeft
-0.1772905 0.2695616 1.411323 5 ElbowLeft
-0.2481589 0.1296529 1.289499 6 WristLeft
-0.2895479 0.1237656 1.242371 7 HandLeft
0.2314533 0.4452095 1.410715 8 ShoulderRight
0.2652847 0.2335604 1.470806 9 ElbowRight
0.3486811 0.1091986 1.340806 10 WristRight
0.3644187 0.1266534 1.32888 11 HandRight
-0.04044397 0.006397182 1.462777 12 HipLeft
-0.06125933 -0.2562153 1.604611 13 KneeLeft
-0.08263804 -0.5311619 1.867425 14 AnkleLeft
-0.07115365 -0.5666918 1.766783 15 FootLeft
0.1006547 -0.001109454 1.475328 16 HipRight
0.1179733 -0.3187247 1.410434 17 KneeRight
0.1196814 -0.6495659 1.431478 18 AnkleRight
0.1271087 -0.6803449 1.33265 19 FootRight
0.07061352 0.5166668 1.396776 20 SpineShoulder
-0.304296 0.09881289 1.196409 21 HandTipLeft
-0.2501763 0.1048289 1.2393 22 ThumbLeft
0.4217123 0.1179937 1.294418 23 HandTipRight
0.3624644 0.0969086 1.338032 24 ThumbRight
0.1194112 0.006572208 1.352887 0 SpineBase
0.1267164 0.3097334 1.294862 1 SpineMid
0.1322156 0.594588 1.224841 2 Neck
-0.003494719 0.4679111 1.216925 4 ShoulderLeft
-0.08754517 0.2746761 1.249212 5 ElbowLeft
-0.1228646 0.126854 1.12028 6 WristLeft
-0.131565 0.1256984 1.105535 7 HandLeft
0.2843911 0.4629917 1.252234 8 ShoulderRight
0.3421527 0.2397073 1.288458 9 ElbowRight
0.4016009 0.1550152 1.117995 10 WristRight
0.4185534 0.2010718 1.108258 11 HandRight
0.0445657 0.009673395 1.314525 12 HipLeft
0.02463556 -0.308097 1.309623 13 KneeLeft
-0.04892959 -0.5774883 1.568417 14 AnkleLeft
-0.03855446 -0.6103756 1.468342 15 FootLeft
0.1879889 0.003133141 1.321032 16 HipRight
0.1679976 -0.3114216 1.36411 17 KneeRight
0.1284767 -0.6380139 1.420827 18 AnkleRight
0.1350318 -0.6687464 1.32174 19 FootRight
0.1310999 0.5259064 1.244111 20 SpineShoulder
-0.1541153 0.1240362 1.049333 21 HandTipLeft
-0.1349528 0.08778511 1.109057 22 ThumbLeft
0.4409911 0.2038323 1.050164 23 HandTipRight
0.4382865 0.1674207 1.09 24 ThumbRight
0.1495664 0.0108238 1.29922 0 SpineBase
0.1580166 0.3110764 1.242279 1 SpineMid
0.02264144 0.4546745 1.167999 4 ShoulderLeft
-0.05727761 0.2741739 1.182822 5 ElbowLeft
-0.0990468 0.1531754 1.029302 6 WristLeft
-0.1275665 0.1335435 1.003162 7 HandLeft
0.29806 0.469832 1.187158 8 ShoulderRight
0.3697831 0.2474413 1.23144 9 ElbowRight
0.4241108 0.1613404 1.059909 10 WristRight
0.4551338 0.1781925 1.045863 11 HandRight
0.07148331 0.01460023 1.26207 12 HipLeft
0.06368951 -0.3065901 1.22692 13 KneeLeft
-0.002766764 -0.6280856 1.425613 14 AnkleLeft
-0.03356934 -0.6831055 1.400391 15 FootLeft
0.2194996 0.006468673 1.26633 16 HipRight
0.2174635 -0.3132585 1.337848 17 KneeRight
0.129688 -0.641102 1.420025 18 AnkleRight
0.06835938 -0.6948242 1.394531 19 FootRight
0.1629528 0.5246434 1.192412 20 SpineShoulder
-0.1839786 0.1174882 0.9410153 21 HandTipLeft
-0.1649515 0.1097897 1.012667 22 ThumbLeft
0.4879486 0.1636448 0.9833829 23 HandTipRight
0.4535237 0.1393932 1.040154 24 ThumbRight
0.1641856 0.01195223 1.189883 0 SpineBase
0.1972003 0.2959346 1.13375 1 SpineMid
0.0783162 0.452522 1.058866 4 ShoulderLeft
-0.02830228 0.2856043 1.080965 5 ElbowLeft
-0.06340063 0.1588621 0.9302216 6 WristLeft
-0.07375683 0.1568502 0.8985013 7 HandLeft
0.3438245 0.4383826 1.085762 8 ShoulderRight
0.4227867 0.214031 1.121402 9 ElbowRight
0.487148 0.121991 0.9569584 10 WristRight
0.5097463 0.1430907 0.9318497 11 HandRight
0.07968136 0.02398918 1.150694 12 HipLeft
0.1355201 -0.2933522 1.099103 13 KneeLeft
0.1338657 -0.6876146 1.066005 14 AnkleLeft
0.238882 -0.0007624408 1.159136 16 HipRight
0.206498 -0.3050473 1.214923 17 KneeRight
0.1044691 -0.6544111 1.304601 19 FootRight
0.2192763 0.4968157 1.084685 20 SpineShoulder
-0.07546351 0.1481503 0.8426046 21 HandTipLeft
-0.1149968 0.1561785 0.8778824 22 ThumbLeft
0.1765695 -0.003419565 1.132301 0 SpineBase
0.2208426 0.2790228 1.08372 1 SpineMid
0.09597882 0.4317227 1.007933 4 ShoulderLeft
-0.02254933 0.2506825 1.013252 5 ElbowLeft
-0.08674069 0.1548283 0.8498482 6 WristLeft
-0.1021751 0.1591022 0.830379 7 HandLeft
0.3665107 0.4134028 1.040156 8 ShoulderRight
0.4461766 0.1945385 1.072427 9 ElbowRight
0.5162064 0.1085958 0.9073639 10 WristRight
0.5464428 0.1116157 0.8806151 11 HandRight
0.09159911 0.01039836 1.095043 12 HipLeft
0.1699023 -0.3009232 1.075335 13 KneeLeft
0.1673472 -0.6850426 0.9669019 14 AnkleLeft
0.2504616 -0.0168929 1.09997 16 HipRight
0.218259 -0.3216791 1.154028 17 KneeRight
0.1207017 -0.6517107 1.271216 19 FootRight
0.2504087 0.4779243 1.038753 20 SpineShoulder
-0.1594316 0.1606004 0.7836767 21 HandTipLeft
-0.1392833 0.1489228 0.8349091 22 ThumbLeft
0.5799804 0.07641446 0.8305035 23 HandTipRight
0.5922925 0.1283111 0.8698 24 ThumbRight
0.1758837 -0.0428193 1.014227 0 SpineBase
0.224296 0.2333563 0.9718673 1 SpineMid
0.1168716 0.3998684 0.9126494 4 ShoulderLeft
-0.01487235 0.2197439 0.9073281 5 ElbowLeft
-0.07634696 0.1160417 0.7474946 6 WristLeft
-0.09391414 0.1149868 0.7283649 7 HandLeft
0.3941707 0.3014887 0.9720402 8 ShoulderRight
0.4824971 0.1318755 0.9974123 9 ElbowRight
0.5493245 0.06558476 0.8221689 10 WristRight
0.5683759 0.09338833 0.81519 11 HandRight
0.08737371 -0.01756924 0.9895923 12 HipLeft
0.199131 -0.3179476 0.9706455 13 KneeLeft
0.2519025 -0.0642876 0.9724151 16 HipRight
0.2391709 -0.3608472 1.04677 17 KneeRight
0.1662614 -0.6563265 1.208951 19 FootRight
0.2564431 0.4266431 0.931671 20 SpineShoulder
-0.1364276 0.1324685 0.6590942 21 HandTipLeft
-0.1584932 0.1054518 0.738625 22 ThumbLeft
0.2489697 -0.1157037 0.9263849 0 SpineBase
0.2549656 0.1685314 0.8746403 1 SpineMid
0.1266193 0.360637 0.8244094 4 ShoulderLeft
-0.0044676 0.206859 0.8015542 5 ElbowLeft
0.007919455 0.07658302 0.61883 6 WristLeft
0.007743532 0.07725072 0.6053762 7 HandLeft
0.3558674 0.3316096 0.8190885 8 ShoulderRight
0.4938188 0.1264284 0.8973697 9 ElbowRight
0.6106646 -0.007791415 0.8197194 10 WristRight
0.1673761 -0.1060269 0.8968651 12 HipLeft
0.218158 -0.418938 0.8740589 13 KneeLeft
0.2866389 -0.802716 0.8834237 14 AnkleLeft
0.313773 -0.1173225 0.8863457 16 HipRight
0.3204611 -0.4431028 0.9398493 17 KneeRight
0.2541502 0.3698802 0.8295011 20 SpineShoulder
0.02201931 0.07420933 0.5530569 21 HandTipLeft
-0.04950552 0.09819481 0.574625 22 ThumbLeft
0.2544137 -0.1403945 0.8939056 0 SpineBase
0.247511 0.1364212 0.8356129 1 SpineMid
0.1316578 0.3493172 0.792459 4 ShoulderLeft
0.01137341 0.1977002 0.723181 5 ElbowLeft
0.03319508 0.1166246 0.6277511 6 WristLeft
0.04666613 0.0699411 0.5783122 7 HandLeft
0.3631318 0.3229941 0.7981552 8 ShoulderRight
0.502712 0.1209723 0.8799711 9 ElbowRight
0.6184751 -0.01960718 0.8147651 10 WristRight
0.1710284 -0.1318455 0.8640673 12 HipLeft
0.2085902 -0.4997357 0.8667109 13 KneeLeft
0.3183736 -0.1376315 0.8574847 16 HipRight
0.315363 -0.4502511 0.9122087 17 KneeRight
0.2384133 0.3330735 0.7852911 20 SpineShoulder
0.08270559 0.04839884 0.5261396 21 HandTipLeft
-0.004607857 0.08365563 0.524381 22 ThumbLeft
0.2550476 -0.1518497 0.8537874 0 SpineBase
0.2436228 0.1180927 0.7870928 1 SpineMid
0.1385455 0.326557 0.7317156 4 ShoulderLeft
0.06518661 0.1493851 0.6554439 5 ElbowLeft
0.1678002 0.03367552 0.5265377 6 WristLeft
0.1647524 0.04347081 0.5293558 7 HandLeft
0.3976695 0.2599901 0.7426623 8 ShoulderRight
0.5281566 0.1086942 0.8348494 9 ElbowRight
0.6071495 -0.01464995 0.7026311 10 WristRight
0.1719443 -0.1419038 0.8155408 12 HipLeft
0.1900557 -0.4450785 0.8563729 13 KneeLeft
0.1668045 -0.73369 0.8500966 14 AnkleLeft
0.3178439 -0.1495066 0.8249447 16 HipRight
0.3282711 -0.5119128 0.8621999 17 KneeRight
0.2284926 0.3062978 0.7252351 20 SpineShoulder
0.1648681 0.04275915 0.5207109 21 HandTipLeft
0.1150228 0.05129888 0.4892283 22 ThumbLeft
0.2740949 -0.1272701 0.803199 0 SpineBase
0.2294865 0.1314121 0.7554528 1 SpineMid
0.1743989 0.3709095 0.6919986 2 Neck
0.09288074 0.3286773 0.7118429 4 ShoulderLeft
0.178684 -0.01119554 0.5057204 6 WristLeft
0.1459248 -0.04770894 0.4744789 7 HandLeft
0.2123213 0.3230957 0.6551361 8 ShoulderRight
0.4240079 0.2341593 0.6733195 9 ElbowRight
0.5594078 0.1432648 0.7579042 10 WristRight
0.1991411 -0.1332559 0.7789465 12 HipLeft
0.1944137 -0.4888655 0.845574 13 KneeLeft
0.3248874 -0.1101791 0.7598115 16 HipRight
0.3580495 -0.4726568 0.796717 17 KneeRight
0.1895139 0.3145287 0.710757 20 SpineShoulder
0.146084 -0.04670107 0.465837 21 HandTipLeft
0.09627809 -0.03593521 0.4343621 22 ThumbLeft
0.2994789 -0.2363255 0.7802674 0 SpineBase
0.2440457 -0.08527933 0.7483211 1 SpineMid
0.1864732 0.0579749 0.7008638 2 Neck
0.09736916 0.01025585 0.7506658 4 ShoulderLeft
0.1217718 0.1979835 0.6067542 5 ElbowLeft
0.1714098 0.02132686 0.5240264 6 WristLeft
0.1886958 -0.0368095 0.4995556 7 HandLeft
0.3071996 -0.03583557 0.6459607 8 ShoulderRight
0.3751001 0.2209712 0.6169627 9 ElbowRight
0.4234866 0.4023792 0.5973333 10 WristRight
0.195114 -0.229471 0.761353 12 HipLeft
0.1908163 -0.5509988 0.8905216 13 KneeLeft
0.3788441 -0.2238386 0.7353424 16 HipRight
0.3387586 -0.5782261 0.7912405 17 KneeRight
0.2012031 0.02345659 0.715242 20 SpineShoulder
0.1882562 -0.03606777 0.4910909 21 HandTipLeft
0.1376892 -0.02564631 0.459851 22 ThumbLeft
0.3056295 -0.3699318 0.7787722 0 SpineBase
0.2381773 -0.1473575 0.7471195 1 SpineMid
0.1791178 0.06146301 0.6990444 2 Neck
0.09005046 0.01368496 0.7487935 4 ShoulderLeft
0.3227061 0.255215 0.5668424 6 WristLeft
0.369525 0.257577 0.5777869 7 HandLeft
0.30947 -0.03930679 0.6362861 8 ShoulderRight
0.3500242 0.2233433 0.5894105 9 ElbowRight
0.3785755 0.4086951 0.5561954 10 WristRight
0.1566581 -0.3670289 0.7842175 12 HipLeft
0.2484266 -0.6181228 0.9786083 13 KneeLeft
0.4300986 -0.3435949 0.7117991 16 HipRight
0.2231065 -0.6279817 0.8124399 17 KneeRight
0.1960676 0.02067107 0.7141182 20 SpineShoulder
0.3559195 -0.4075985 0.7093745 0 SpineBase
0.2692474 -0.1862714 0.6894891 1 SpineMid
0.179063 0.02868274 0.6495866 2 Neck
0.08933352 -0.01900066 0.6993952 4 ShoulderLeft
0.3401252 0.1930748 0.5275101 6 WristLeft
0.3655511 0.2076608 0.5274557 7 HandLeft
0.323667 -0.08192532 0.5767013 8 ShoulderRight
0.281031 0.3785253 0.5204517 10 WristRight
0.2671552 -0.6711155 0.7205532 17 KneeRight
0.2019197 -0.0234418 0.6626477 20 SpineShoulder
0.3800482 0.2369257 0.5222527 21 HandTipLeft
0.3516427 0.1434447 0.5015 22 ThumbLeft
0.3000255 -0.4656173 0.6807616 1 SpineMid
0.09334984 -0.2611483 0.6843468 4 ShoulderLeft
0.4026815 -0.06603043 0.5623155 6 WristLeft
0.3258454 -0.3239403 0.5602439 8 ShoulderRight
0.2126712 -0.2791407 0.6494592 20 SpineShoulder
0.3131437 -0.1347362 0.390179 6 WristLeft
0.198953 -0.1816975 0.4595736 10 WristRight
0.2361995 -0.2058184 0.5402796 11 HandRight
0.1841973 -0.1406566 0.4166253 15 FootLeft
0.1778025 -0.1341022 0.422344 19 FootRight
0.2161515 -0.2412229 0.552512 23 HandTipRight
0.2383527 -0.2203951 0.5027272 24 ThumbRight
