X              Y         Z      JointType 
-0.1051903 0.119844 1.822714 0 SpineBase
-0.07631735 0.4120826 1.77151 1 SpineMid
-0.0477262 0.6910189 1.709383 2 Neck
-0.2400148 0.5546476 1.745885 4 ShoulderLeft
-0.3488207 0.3385665 1.834287 5 ElbowLeft
-0.4503745 0.1421607 1.816266 6 WristLeft
-0.4648528 0.1212773 1.809013 7 HandLeft
0.07816437 0.575199 1.679808 8 ShoulderRight
0.1550771 0.3212075 1.685238 9 ElbowRight
0.1881697 0.1066315 1.626158 10 WristRight
0.1996081 0.08325566 1.599946 11 HandRight
-0.1762241 0.1129234 1.799297 12 HipLeft
-0.1886962 -0.182546 1.879287 13 KneeLeft
-0.05489269 -0.5753853 2.010413 14 AnkleLeft
-0.07524363 -0.6399112 1.963494 15 FootLeft
-0.03005439 0.1221654 1.776466 16 HipRight
-0.03650118 -0.2209128 1.823921 17 KneeRight
-0.02399403 -0.5707512 1.986644 18 AnkleRight
-0.02897875 -0.6324157 1.931407 19 FootRight
-0.05484176 0.6231803 1.726801 20 SpineShoulder
-0.5173079 0.06911999 1.843359 21 HandTipLeft
-0.421845 0.09292509 1.80725 22 ThumbLeft
0.2126565 0.02333927 1.584794 23 HandTipRight
0.2256478 0.09245732 1.573432 24 ThumbRight
-0.09641858 0.1228323 1.843531 0 SpineBase
-0.06990983 0.4165549 1.793444 1 SpineMid
-0.04381037 0.6971329 1.732615 2 Neck
-0.2344875 0.559606 1.756367 4 ShoulderLeft
-0.3317564 0.3311164 1.83402 5 ElbowLeft
-0.4196477 0.1277839 1.809368 6 WristLeft
-0.4322765 0.1067541 1.806721 7 HandLeft
0.08841877 0.5801649 1.707892 8 ShoulderRight
0.1639865 0.3259389 1.722794 9 ElbowRight
0.2061656 0.1103394 1.67441 10 WristRight
0.2165263 0.09222167 1.647677 11 HandRight
-0.1687899 0.1160643 1.81633 12 HipLeft
-0.1740568 -0.1933037 1.913393 13 KneeLeft
-0.05945505 -0.5743147 2.020608 14 AnkleLeft
-0.09202097 -0.6374973 1.990734 15 FootLeft
-0.02031183 0.1248428 1.801152 16 HipRight
-0.020301 -0.2233009 1.883679 17 KneeRight
-0.02178254 -0.5709853 2.010714 18 AnkleRight
-0.01648227 -0.633547 1.944165 19 FootRight
-0.05028958 0.628861 1.749697 20 SpineShoulder
-0.4970967 0.05747519 1.845894 21 HandTipLeft
-0.389762 0.07635837 1.8129 22 ThumbLeft
0.2340658 0.03167535 1.631278 23 HandTipRight
0.2399245 0.1028123 1.616966 24 ThumbRight
-0.08927573 0.1269818 1.853678 0 SpineBase
-0.06333444 0.4198644 1.806276 1 SpineMid
-0.0379314 0.6994762 1.748359 2 Neck
-0.2273133 0.5645331 1.766392 4 ShoulderLeft
-0.3134553 0.3248091 1.837626 5 ElbowLeft
-0.4091455 0.1254103 1.805446 6 WristLeft
-0.4141311 0.1163899 1.797663 7 HandLeft
0.09707411 0.5827283 1.726516 8 ShoulderRight
0.1703766 0.3281742 1.741111 9 ElbowRight
0.2101378 0.1133724 1.684799 10 WristRight
0.2224229 0.1016615 1.663687 11 HandRight
-0.1618262 0.1206594 1.826164 12 HipLeft
-0.168921 -0.1957476 1.920314 13 KneeLeft
-0.06293123 -0.572575 2.026734 14 AnkleLeft
-0.09639273 -0.6365861 1.997672 15 FootLeft
-0.01333997 0.1284448 1.811428 16 HipRight
-0.01221794 -0.2244644 1.89867 17 KneeRight
-0.01595019 -0.5715494 2.018844 18 AnkleRight
-0.02271349 -0.6298099 1.965069 19 FootRight
-0.04422322 0.6314537 1.764699 20 SpineShoulder
-0.4542878 0.07500293 1.825405 21 HandTipLeft
-0.3873153 0.09075601 1.774312 22 ThumbLeft
0.2439721 0.04523328 1.64252 23 HandTipRight
0.2353055 0.1041129 1.615129 24 ThumbRight
-0.09419082 0.1419396 1.827482 0 SpineBase
-0.07238495 0.4312055 1.817175 1 SpineMid
-0.0511667 0.7067785 1.795842 2 Neck
-0.2333109 0.5793417 1.797626 4 ShoulderLeft
-0.3700831 0.3609906 1.859804 5 ElbowLeft
-0.4710162 0.3425032 1.766266 6 WristLeft
-0.5120314 0.3282188 1.722018 7 HandLeft
0.0866304 0.6117895 1.778066 8 ShoulderRight
0.07658263 0.3303437 1.782631 9 ElbowRight
0.2729903 0.2992145 1.668435 10 WristRight
0.3170068 0.3003002 1.632429 11 HandRight
-0.1665523 0.1366334 1.797259 12 HipLeft
-0.1950512 -0.1780223 1.879892 13 KneeLeft
-0.1695595 -0.5350467 2.06085 14 AnkleLeft
-0.180323 -0.609876 2.00661 15 FootLeft
-0.01823694 0.1418682 1.788215 16 HipRight
0.01467582 -0.1805078 1.845373 17 KneeRight
0.02486799 -0.5553398 2.0452 18 AnkleRight
0.03264379 -0.6179376 1.999524 19 FootRight
-0.05643579 0.6397316 1.803083 20 SpineShoulder
-0.5687399 0.3276456 1.69773 21 HandTipLeft
-0.5752106 0.309515 1.760801 22 ThumbLeft
0.3824918 0.3235304 1.594561 23 HandTipRight
0.3557696 0.2629155 1.660581 24 ThumbRight
-0.09431025 0.1417113 1.826576 0 SpineBase
-0.07222738 0.4308016 1.816117 1 SpineMid
-0.0506353 0.7062772 1.794674 2 Neck
-0.2331464 0.5792834 1.796933 4 ShoulderLeft
-0.3695455 0.3607072 1.858815 5 ElbowLeft
-0.4704823 0.3419358 1.764842 6 WristLeft
-0.5120825 0.3279814 1.720766 7 HandLeft
0.08732412 0.6108347 1.776139 8 ShoulderRight
0.07673056 0.3308259 1.782868 9 ElbowRight
0.2729643 0.2985623 1.667773 10 WristRight
0.3165462 0.2991354 1.63281 11 HandRight
-0.1667066 0.13649 1.796519 12 HipLeft
-0.195342 -0.1775867 1.879151 13 KneeLeft
-0.1692351 -0.5350627 2.061301 14 AnkleLeft
-0.1801936 -0.6092475 2.006799 15 FootLeft
-0.01830268 0.1415487 1.787162 16 HipRight
0.01449917 -0.1805574 1.843985 17 KneeRight
0.02482438 -0.5561557 2.045336 18 AnkleRight
0.03301956 -0.6180056 1.998886 19 FootRight
-0.05600569 0.6392493 1.801944 20 SpineShoulder
-0.5663183 0.3266856 1.694444 21 HandTipLeft
-0.5754103 0.309007 1.759181 22 ThumbLeft
0.3842205 0.3222397 1.598961 23 HandTipRight
0.357563 0.2658648 1.661408 24 ThumbRight
-0.09440446 0.1411627 1.82503 0 SpineBase
-0.07210704 0.4301077 1.814342 1 SpineMid
-0.05024718 0.7055643 1.792775 2 Neck
-0.2327162 0.5790136 1.795545 4 ShoulderLeft
-0.3687756 0.3606168 1.857079 5 ElbowLeft
-0.4697503 0.3412658 1.762425 6 WristLeft
-0.5112966 0.3276121 1.718175 7 HandLeft
0.08875621 0.6072266 1.772354 8 ShoulderRight
0.07750812 0.3336467 1.782955 9 ElbowRight
0.2727449 0.2979026 1.667171 10 WristRight
0.3163158 0.2981107 1.631268 11 HandRight
-0.1669521 0.1361772 1.794895 12 HipLeft
-0.1955393 -0.1765429 1.877524 13 KneeLeft
-0.1692007 -0.5346202 2.060629 14 AnkleLeft
-0.1829569 -0.6088523 1.998947 15 FootLeft
-0.01824204 0.1407902 1.785696 16 HipRight
0.01427331 -0.1807432 1.842854 17 KneeRight
0.02484235 -0.5562034 2.045082 18 AnkleRight
0.0322322 -0.6179342 1.999727 19 FootRight
-0.05568663 0.638532 1.800069 20 SpineShoulder
-0.5666219 0.3287234 1.693597 21 HandTipLeft
-0.5728098 0.3065183 1.754429 22 ThumbLeft
0.3840822 0.3210302 1.596774 23 HandTipRight
0.3585726 0.265649 1.662155 24 ThumbRight
-0.09371385 0.1371173 1.815264 0 SpineBase
-0.06806575 0.4257326 1.804612 1 SpineMid
-0.04193702 0.7010713 1.78305 2 Neck
-0.225292 0.5765054 1.788359 4 ShoulderLeft
-0.3720601 0.3680249 1.857087 5 ElbowLeft
-0.4946476 0.3579919 1.773101 6 WristLeft
-0.5426558 0.3509371 1.738115 7 HandLeft
0.09848388 0.5927426 1.759754 8 ShoulderRight
0.1817397 0.323453 1.789014 9 ElbowRight
0.3422415 0.3130743 1.628485 10 WristRight
0.3623897 0.3286799 1.61791 11 HandRight
-0.1662112 0.1336642 1.786491 12 HipLeft
-0.1951208 -0.179511 1.876117 13 KneeLeft
-0.16775 -0.5337428 2.058764 14 AnkleLeft
-0.1822003 -0.6105605 1.995422 15 FootLeft
-0.0175454 0.135142 1.774265 16 HipRight
0.01426251 -0.1793305 1.829471 17 KneeRight
0.02614436 -0.5577174 2.043013 18 AnkleRight
0.03095638 -0.6191255 1.998005 19 FootRight
-0.04844642 0.63407 1.790384 20 SpineShoulder
-0.6093907 0.3545364 1.725504 21 HandTipLeft
-0.5493045 0.3086782 1.744561 22 ThumbLeft
0.4159064 0.3469138 1.578412 23 HandTipRight
0.4122335 0.2994669 1.647226 24 ThumbRight
-0.09351113 0.1369306 1.81474 0 SpineBase
-0.06792739 0.425626 1.804245 1 SpineMid
-0.04194328 0.7010322 1.782829 2 Neck
-0.2299896 0.5749713 1.792434 4 ShoulderLeft
-0.3971388 0.3865553 1.860297 5 ElbowLeft
-0.6026797 0.3960388 1.775689 6 WristLeft
-0.614535 0.3984681 1.760272 7 HandLeft
0.09831848 0.592534 1.758137 8 ShoulderRight
0.2398192 0.3523915 1.769262 9 ElbowRight
0.4074309 0.3553777 1.616799 10 WristRight
0.4209518 0.3672222 1.605864 11 HandRight
-0.1660898 0.133525 1.7863 12 HipLeft
-0.1944803 -0.1796978 1.875708 13 KneeLeft
-0.1676984 -0.5337198 2.058591 14 AnkleLeft
-0.1820337 -0.6104658 1.995398 15 FootLeft
-0.01727898 0.1349824 1.773447 16 HipRight
0.01468307 -0.179211 1.829273 17 KneeRight
0.02617648 -0.5577376 2.043093 18 AnkleRight
0.03125125 -0.6188788 1.997471 19 FootRight
-0.04842027 0.634015 1.790127 20 SpineShoulder
-0.6911504 0.4366344 1.77294 21 HandTipLeft
-0.6382172 0.3613125 1.7368 22 ThumbLeft
0.48366 0.3950184 1.578629 23 HandTipRight
0.4707022 0.340647 1.640263 24 ThumbRight
-0.09191954 0.1381643 1.813234 0 SpineBase
-0.06732114 0.4273372 1.805147 1 SpineMid
-0.042679 0.7050954 1.788408 2 Neck
-0.2498306 0.5722354 1.801852 4 ShoulderLeft
-0.4692968 0.4731097 1.86336 5 ElbowLeft
-0.6834735 0.4507029 1.816425 6 WristLeft
-0.713012 0.4593542 1.800892 7 HandLeft
0.09726913 0.5930455 1.762023 8 ShoulderRight
0.3032511 0.4341044 1.737412 9 ElbowRight
0.4818084 0.3933291 1.605284 10 WristRight
0.487334 0.4124883 1.597854 11 HandRight
-0.1645814 0.1342472 1.785186 12 HipLeft
-0.1934748 -0.1761817 1.871366 13 KneeLeft
-0.1676863 -0.5338023 2.058492 14 AnkleLeft
-0.1818294 -0.6103882 1.995075 15 FootLeft
-0.01571053 0.1368075 1.771682 16 HipRight
0.01594348 -0.1789891 1.829378 17 KneeRight
0.02619097 -0.5578236 2.043 18 AnkleRight
0.03189109 -0.6164604 1.995505 19 FootRight
-0.04867373 0.6373656 1.794169 20 SpineShoulder
-0.7631597 0.4614872 1.80937 21 HandTipLeft
-0.7162132 0.4206189 1.795542 22 ThumbLeft
0.5477278 0.4274904 1.56276 23 HandTipRight
0.551128 0.4096694 1.636333 24 ThumbRight
-0.08228666 0.1425735 1.823084 0 SpineBase
-0.07008595 0.4347998 1.818758 1 SpineMid
-0.05846351 0.714027 1.8049 2 Neck
-0.2624226 0.5599381 1.81849 4 ShoulderLeft
-0.4205916 0.3540728 1.917621 5 ElbowLeft
-0.5674107 0.1940095 1.944438 6 WristLeft
-0.5752304 0.1875513 1.939736 7 HandLeft
0.0866157 0.6020797 1.769541 8 ShoulderRight
0.3357776 0.5641455 1.672338 9 ElbowRight
0.5330082 0.5905046 1.571026 10 WristRight
0.5303642 0.6049441 1.56064 11 HandRight
-0.152935 0.1342886 1.796411 12 HipLeft
-0.1746002 -0.1602503 1.864733 13 KneeLeft
-0.1662645 -0.5377842 2.057796 14 AnkleLeft
-0.1795984 -0.6119752 1.995304 15 FootLeft
-0.008353107 0.1453606 1.780708 16 HipRight
0.03236806 -0.1592474 1.821876 17 KneeRight
0.02696075 -0.556817 2.046116 18 AnkleRight
0.02745828 -0.6147495 1.99988 19 FootRight
-0.06121179 0.6460212 1.810274 20 SpineShoulder
-0.6169692 0.1518345 1.953642 21 HandTipLeft
-0.540432 0.1649064 1.97325 22 ThumbLeft
0.6003798 0.6414161 1.545153 23 HandTipRight
0.5549121 0.5687433 1.547851 24 ThumbRight
-0.08489897 0.1424419 1.824316 0 SpineBase
-0.07257381 0.4347206 1.819294 1 SpineMid
-0.06072935 0.7139093 1.804497 2 Neck
-0.2621843 0.5599393 1.818018 4 ShoulderLeft
-0.4026656 0.3355673 1.918505 5 ElbowLeft
-0.5338424 0.162402 1.94677 6 WristLeft
-0.536289 0.1594027 1.93907 7 HandLeft
0.08417343 0.6030492 1.769242 8 ShoulderRight
0.3358614 0.565517 1.669832 9 ElbowRight
0.5238128 0.6185195 1.561582 10 WristRight
0.5191407 0.6142315 1.545475 11 HandRight
-0.1556185 0.1339431 1.797989 12 HipLeft
-0.1791107 -0.1636264 1.866963 13 KneeLeft
-0.1663443 -0.5384533 2.057932 14 AnkleLeft
-0.1802097 -0.6123622 1.995525 15 FootLeft
-0.01087145 0.145463 1.781553 16 HipRight
0.02721065 -0.1694245 1.831864 17 KneeRight
0.02681817 -0.5567195 2.045693 18 AnkleRight
0.02832203 -0.614545 1.999044 19 FootRight
-0.06359135 0.6459183 1.810092 20 SpineShoulder
-0.5816178 0.1225147 1.948033 21 HandTipLeft
-0.5007169 0.1384641 1.967437 22 ThumbLeft
0.5761251 0.6574303 1.527213 23 HandTipRight
0.557065 0.582497 1.569834 24 ThumbRight
-0.09112903 0.1411415 1.827054 0 SpineBase
-0.08057131 0.433167 1.819831 1 SpineMid
-0.07171512 0.711638 1.801522 2 Neck
-0.2622164 0.5597638 1.817054 4 ShoulderLeft
-0.3742465 0.3141295 1.915534 5 ElbowLeft
-0.4842791 0.1271755 1.947286 6 WristLeft
-0.4793013 0.1269465 1.936297 7 HandLeft
0.08002493 0.6035095 1.769109 8 ShoulderRight
0.3325032 0.5594603 1.668547 9 ElbowRight
0.5046058 0.61188 1.534067 10 WristRight
0.4913307 0.6198019 1.525408 11 HandRight
-0.1617877 0.1326746 1.801048 12 HipLeft
-0.1843729 -0.168391 1.872794 13 KneeLeft
-0.1668051 -0.5385872 2.057766 14 AnkleLeft
-0.1802411 -0.6096645 2.001218 15 FootLeft
-0.01694406 0.1442247 1.783872 16 HipRight
0.02501067 -0.1689747 1.831992 17 KneeRight
0.02630002 -0.5539447 2.04472 18 AnkleRight
0.02711786 -0.6137874 2.003303 19 FootRight
-0.07379828 0.6438614 1.808086 20 SpineShoulder
-0.5189908 0.07893169 1.943532 21 HandTipLeft
-0.4401549 0.1091279 1.971769 22 ThumbLeft
0.5326469 0.6805551 1.511763 23 HandTipRight
0.5390673 0.6122354 1.5561 24 ThumbRight
-0.06512216 0.08480766 1.684352 0 SpineBase
-0.04555913 0.3853983 1.670364 1 SpineMid
-0.03035909 0.6743198 1.64613 2 Neck
-0.1896499 0.5368975 1.698301 4 ShoulderLeft
-0.2653696 0.2965162 1.810081 5 ElbowLeft
-0.4694524 0.2256694 1.756715 6 WristLeft
-0.4981342 0.2112104 1.82331 7 HandLeft
0.09453277 0.5480223 1.565436 8 ShoulderRight
0.218686 0.3351794 1.496037 9 ElbowRight
0.2332924 0.4737309 1.292696 10 WristRight
0.221664 0.5128212 1.273607 11 HandRight
-0.1312818 0.07757513 1.676617 12 HipLeft
-0.20746 -0.254345 1.730502 13 KneeLeft
-0.2789127 -0.5737113 1.839674 14 AnkleLeft
-0.341427 -0.6253169 1.794448 15 FootLeft
0.003304658 0.08920541 1.619722 16 HipRight
0.03142817 -0.2278684 1.625247 17 KneeRight
-0.004521036 -0.5845504 1.810174 18 AnkleRight
0.005630374 -0.6451969 1.777642 19 FootRight
-0.03374079 0.6037287 1.653457 20 SpineShoulder
0.2412712 0.5721134 1.243307 23 HandTipRight
0.2541083 0.467952 1.236012 24 ThumbRight
-0.06282855 0.08730607 1.678643 0 SpineBase
-0.04675804 0.3874925 1.669156 1 SpineMid
-0.03422301 0.6768781 1.647519 2 Neck
-0.1919515 0.5371235 1.698035 4 ShoulderLeft
-0.46203 0.2187346 1.77513 6 WristLeft
-0.481293 0.2109036 1.824661 7 HandLeft
0.08949282 0.5503079 1.562711 8 ShoulderRight
0.2063966 0.397301 1.406296 9 ElbowRight
0.2023167 0.4839105 1.312928 10 WristRight
0.1923662 0.5286871 1.265192 11 HandRight
-0.1302359 0.07802641 1.673713 12 HipLeft
-0.2076588 -0.2408142 1.731237 13 KneeLeft
-0.2773887 -0.571386 1.850947 14 AnkleLeft
-0.3416024 -0.622312 1.812259 15 FootLeft
0.007130438 0.09400085 1.612345 16 HipRight
0.03086062 -0.2274886 1.624027 17 KneeRight
-0.004412182 -0.5842187 1.810291 18 AnkleRight
0.006065901 -0.6452782 1.77791 19 FootRight
-0.03689129 0.6062373 1.654199 20 SpineShoulder
0.2050378 0.584089 1.228518 23 HandTipRight
0.2236062 0.4777507 1.231126 24 ThumbRight
-0.1256057 0.06840193 1.711777 0 SpineBase
-0.13279 0.3878456 1.687623 1 SpineMid
-0.1387472 0.692098 1.652365 2 Neck
-0.2959157 0.5473541 1.698581 4 ShoulderLeft
-0.4997049 0.2290547 1.994631 7 HandLeft
-0.0614124 0.4935667 1.562079 8 ShoulderRight
0.05848806 0.4433964 1.353447 9 ElbowRight
0.01020697 0.5351347 1.292661 10 WristRight
-0.008862691 0.5705662 1.258661 11 HandRight
-0.1888586 0.06139398 1.715166 12 HipLeft
-0.2131433 -0.2153962 1.804272 13 KneeLeft
-0.2320392 -0.5620498 1.987682 14 AnkleLeft
-0.2694919 -0.6195614 1.965459 15 FootLeft
-0.05710127 0.07265976 1.639092 16 HipRight
-0.007381332 -0.2124349 1.617032 17 KneeRight
-0.003087462 -0.5862797 1.814664 18 AnkleRight
0.005566778 -0.6460227 1.776584 19 FootRight
-0.1374487 0.6180969 1.663022 20 SpineShoulder
-0.02674534 0.6256596 1.220901 23 HandTipRight
0.04657955 0.5724479 1.1976 24 ThumbRight
-0.09282118 0.1381192 1.86075 0 SpineBase
-0.07166279 0.4320306 1.846137 1 SpineMid
-0.05227283 0.7122497 1.819997 2 Neck
-0.247893 0.5735489 1.819382 4 ShoulderLeft
-0.3231816 0.3182719 1.861315 5 ElbowLeft
-0.3254325 0.09581872 1.839082 6 WristLeft
-0.3242928 0.08572383 1.842271 7 HandLeft
0.07061695 0.6088749 1.800059 8 ShoulderRight
0.1388806 0.3379728 1.776799 9 ElbowRight
0.1658468 0.1167434 1.757135 10 WristRight
0.1544435 0.05785464 1.774183 11 HandRight
-0.1633362 0.1323241 1.828664 12 HipLeft
-0.2004046 -0.2055424 1.903099 13 KneeLeft
-0.184231 -0.5486246 2.032205 14 AnkleLeft
-0.1924248 -0.6153197 1.977499 15 FootLeft
-0.01883872 0.1387402 1.823471 16 HipRight
0.00466389 -0.1864051 1.859949 17 KneeRight
-0.04126981 -0.5468143 2.038326 18 AnkleRight
-0.0429997 -0.611838 1.988099 19 FootRight
-0.05702297 0.6439067 1.828415 20 SpineShoulder
-0.3153893 0.02439945 1.850519 21 HandTipLeft
-0.354075 0.0921297 1.852133 22 ThumbLeft
0.1614038 0.005012714 1.773336 23 HandTipRight
0.1895788 0.06188859 1.774 24 ThumbRight
-0.1012868 0.1385924 1.853133 0 SpineBase
-0.08309188 0.4304385 1.835708 1 SpineMid
-0.06637695 0.7079122 1.8059 2 Neck
-0.2529209 0.574353 1.818487 4 ShoulderLeft
-0.3304172 0.3189573 1.86426 5 ElbowLeft
-0.3473192 0.09822618 1.830237 6 WristLeft
-0.3522435 0.08660187 1.827471 7 HandLeft
0.06111465 0.6011508 1.782618 8 ShoulderRight
0.1303966 0.3401624 1.783597 9 ElbowRight
0.1307132 0.1170439 1.77734 10 WristRight
0.104483 0.05930601 1.785995 11 HandRight
-0.1715167 0.132703 1.823724 12 HipLeft
-0.2044116 -0.2029962 1.899211 13 KneeLeft
-0.1828915 -0.5471523 2.034175 14 AnkleLeft
-0.1926918 -0.6150604 1.977634 15 FootLeft
-0.02734616 0.1393085 1.812692 16 HipRight
-0.01148718 -0.1967553 1.865043 17 KneeRight
-0.04524672 -0.551033 2.036743 18 AnkleRight
-0.04462375 -0.6136205 1.988899 19 FootRight
-0.07046195 0.6404096 1.815372 20 SpineShoulder
-0.347796 0.0215438 1.844766 21 HandTipLeft
-0.392241 0.085318 1.81985 22 ThumbLeft
0.1049175 0.004019926 1.786986 23 HandTipRight
0.1345929 0.06585164 1.79668 24 ThumbRight
-0.1212898 0.1334214 1.846635 0 SpineBase
-0.09970095 0.4241228 1.827495 1 SpineMid
-0.07931026 0.7016363 1.797346 2 Neck
-0.2645692 0.5704412 1.813202 4 ShoulderLeft
-0.3519348 0.3186731 1.862438 5 ElbowLeft
-0.3977534 0.1028768 1.824469 6 WristLeft
-0.3999562 0.0901774 1.82646 7 HandLeft
0.05792771 0.5989673 1.777922 8 ShoulderRight
0.1200884 0.338346 1.778214 9 ElbowRight
0.1185717 0.1159854 1.74886 10 WristRight
0.1115359 0.05437183 1.74741 11 HandRight
-0.1912403 0.1291824 1.817701 12 HipLeft
-0.2369066 -0.1899432 1.891517 13 KneeLeft
-0.1798516 -0.5448143 2.037658 14 AnkleLeft
-0.192628 -0.613241 1.995869 15 FootLeft
-0.04672907 0.1326498 1.806168 16 HipRight
-0.02755702 -0.2097726 1.867063 17 KneeRight
-0.04702323 -0.5528941 2.034151 18 AnkleRight
-0.04762876 -0.6160553 1.986155 19 FootRight
-0.08430033 0.6340692 1.806803 20 SpineShoulder
-0.4198885 0.02394983 1.840214 21 HandTipLeft
-0.4377378 0.1058921 1.807517 22 ThumbLeft
0.113919 -0.002369066 1.750414 23 HandTipRight
0.1499389 0.05461253 1.746184 24 ThumbRight
-0.1197039 0.1385646 1.807215 0 SpineBase
-0.096721 0.422187 1.793473 1 SpineMid
-0.0753819 0.694137 1.769102 2 Neck
-0.3057514 0.5793753 1.791553 4 ShoulderLeft
-0.550893 0.5723308 1.839689 5 ElbowLeft
-0.7652381 0.597025 1.85053 6 WristLeft
-0.7912406 0.6090636 1.840967 7 HandLeft
0.07123851 0.594435 1.75148 8 ShoulderRight
0.1351399 0.3313979 1.752005 9 ElbowRight
0.1584322 0.1122964 1.706554 10 WristRight
0.1586606 0.05501478 1.691978 11 HandRight
-0.1901974 0.1328836 1.778982 12 HipLeft
-0.2280529 -0.1628563 1.835803 13 KneeLeft
-0.1755413 -0.5404811 2.039763 14 AnkleLeft
-0.1872819 -0.611618 2.006375 15 FootLeft
-0.04467686 0.1390059 1.766211 16 HipRight
-0.02574074 -0.1468244 1.765344 17 KneeRight
-0.04144673 -0.5327104 2.010477 18 AnkleRight
-0.0487025 -0.6156132 1.986203 19 FootRight
-0.08077999 0.6278169 1.777229 20 SpineShoulder
-0.8424523 0.6551314 1.861014 21 HandTipLeft
-0.8027697 0.5690904 1.861923 22 ThumbLeft
0.1650738 0.007815163 1.685719 23 HandTipRight
0.1983549 0.0587879 1.691576 24 ThumbRight
-0.1204211 0.1387181 1.807135 0 SpineBase
-0.09688751 0.4224433 1.793346 1 SpineMid
-0.07496233 0.6944856 1.768817 2 Neck
-0.3059112 0.5799199 1.791521 4 ShoulderLeft
-0.5507441 0.5738643 1.838362 5 ElbowLeft
-0.7649162 0.6004755 1.848305 6 WristLeft
-0.791436 0.6135727 1.840195 7 HandLeft
0.07145084 0.5936778 1.750263 8 ShoulderRight
0.1352756 0.3313625 1.752027 9 ElbowRight
0.1585851 0.1122385 1.706766 10 WristRight
0.1558884 0.05466827 1.694327 11 HandRight
-0.1909486 0.1330882 1.779011 12 HipLeft
-0.230132 -0.1613916 1.834205 13 KneeLeft
-0.1753425 -0.5400736 2.039972 14 AnkleLeft
-0.1871023 -0.6111206 2.008034 15 FootLeft
-0.04532415 0.1390984 1.766038 16 HipRight
-0.02561712 -0.146668 1.765299 17 KneeRight
-0.04125692 -0.5326241 2.010337 18 AnkleRight
-0.04818361 -0.6154979 1.986667 19 FootRight
-0.08054446 0.6281393 1.776986 20 SpineShoulder
-0.8411439 0.6566396 1.85801 21 HandTipLeft
-0.8093616 0.5747752 1.861122 22 ThumbLeft
0.1588972 0.01000546 1.687474 23 HandTipRight
0.1991123 0.03332275 1.694572 24 ThumbRight
-0.1207218 0.1386812 1.806984 0 SpineBase
-0.09696365 0.4224389 1.792941 1 SpineMid
-0.07441755 0.6941897 1.767745 2 Neck
-0.3060397 0.580384 1.791428 4 ShoulderLeft
-0.5511926 0.5755871 1.837236 5 ElbowLeft
-0.7652143 0.6034245 1.846781 6 WristLeft
-0.79129 0.6161805 1.838532 7 HandLeft
0.07188295 0.5931182 1.749059 8 ShoulderRight
0.1353318 0.3313814 1.752048 9 ElbowRight
0.1585355 0.1121901 1.707199 10 WristRight
0.1551698 0.05503048 1.693615 11 HandRight
-0.1912541 0.1331003 1.778994 12 HipLeft
-0.2307827 -0.1640414 1.835433 13 KneeLeft
-0.1743117 -0.540282 2.041451 14 AnkleLeft
-0.1876438 -0.6130692 2.004092 15 FootLeft
-0.04562728 0.1389974 1.765688 16 HipRight
-0.03189959 -0.1838568 1.819294 17 KneeRight
-0.04310881 -0.5523662 2.029779 18 AnkleRight
-0.04880724 -0.6172768 1.986583 19 FootRight
-0.0801838 0.6279653 1.776083 20 SpineShoulder
-0.8343687 0.658342 1.848507 21 HandTipLeft
-0.8030787 0.5789509 1.852783 22 ThumbLeft
0.1580185 0.01072294 1.685784 23 HandTipRight
0.1948221 0.05191894 1.694757 24 ThumbRight
-0.1278993 0.1425396 1.801451 0 SpineBase
-0.1009915 0.4235037 1.786408 1 SpineMid
-0.07500616 0.6915058 1.760401 2 Neck
-0.3067082 0.5961805 1.796925 4 ShoulderLeft
-0.5117472 0.6633449 1.803873 5 ElbowLeft
-0.5748776 0.8533226 1.711874 6 WristLeft
-0.5987263 0.9093723 1.733876 7 HandLeft
0.07101147 0.592514 1.746757 8 ShoulderRight
0.1285632 0.3317969 1.747822 9 ElbowRight
0.1449403 0.111294 1.710343 10 WristRight
0.1439763 0.05191587 1.697727 11 HandRight
-0.1984698 0.1381048 1.773665 12 HipLeft
-0.2420156 -0.1635986 1.834107 13 KneeLeft
-0.1726409 -0.5439233 2.034459 14 AnkleLeft
-0.1953941 -0.6158988 1.978002 15 FootLeft
-0.05249075 0.1415992 1.760053 16 HipRight
-0.035867 -0.1448576 1.755727 17 KneeRight
-0.04316122 -0.5275472 2.005865 18 AnkleRight
-0.04599308 -0.6109347 1.978913 19 FootRight
-0.08145599 0.6263639 1.768835 20 SpineShoulder
-0.6249276 0.9653605 1.722989 21 HandTipLeft
-0.6105472 0.8748065 1.698231 22 ThumbLeft
0.1494856 7.771546E-05 1.697385 23 HandTipRight
0.174888 0.05467887 1.683027 24 ThumbRight
-0.1281596 0.1425759 1.801364 0 SpineBase
-0.1011585 0.4234258 1.786414 1 SpineMid
-0.07511467 0.6912287 1.760542 2 Neck
-0.3060763 0.5960318 1.796827 4 ShoulderLeft
-0.5119205 0.6611629 1.80301 5 ElbowLeft
-0.5762706 0.8500729 1.709455 6 WristLeft
-0.5842678 0.8642271 1.715605 7 HandLeft
0.07161122 0.5919095 1.748191 8 ShoulderRight
0.1285872 0.3318199 1.748466 9 ElbowRight
0.1452438 0.1113627 1.710811 10 WristRight
0.1433261 0.05293227 1.695885 11 HandRight
-0.19876 0.138172 1.7735 12 HipLeft
-0.2422204 -0.1635905 1.833886 13 KneeLeft
-0.1725153 -0.5440302 2.033895 14 AnkleLeft
-0.1913372 -0.6147428 1.992521 15 FootLeft
-0.05270929 0.141605 1.760039 16 HipRight
-0.04752865 -0.1730135 1.809316 17 KneeRight
-0.04479766 -0.5539541 2.032011 18 AnkleRight
-0.04548991 -0.615931 1.979594 19 FootRight
-0.08158047 0.6261482 1.76893 20 SpineShoulder
-0.6259956 0.9489873 1.720426 21 HandTipLeft
-0.6011499 0.8116392 1.669047 22 ThumbLeft
0.1504526 -0.001889454 1.701541 23 HandTipRight
0.1840543 0.05645556 1.698567 24 ThumbRight
-0.1282339 0.1425883 1.801343 0 SpineBase
-0.101182 0.4234335 1.786463 1 SpineMid
-0.07503106 0.6912436 1.760832 2 Neck
-0.3059601 0.5960491 1.796922 4 ShoulderLeft
-0.5121173 0.6602241 1.803207 5 ElbowLeft
-0.5769313 0.8489305 1.709544 6 WristLeft
-0.5848714 0.8613037 1.71726 7 HandLeft
0.07181238 0.5913592 1.74842 8 ShoulderRight
0.1285731 0.3319689 1.748738 9 ElbowRight
0.1453056 0.1115411 1.710899 10 WristRight
0.1423017 0.05286212 1.694852 11 HandRight
-0.1988526 0.138218 1.773375 12 HipLeft
-0.2422588 -0.1635358 1.833772 13 KneeLeft
-0.1723864 -0.5438292 2.033722 14 AnkleLeft
-0.190753 -0.6135443 1.994627 15 FootLeft
-0.05280327 0.141592 1.760092 16 HipRight
-0.04782938 -0.178126 1.813214 17 KneeRight
-0.04476807 -0.5541198 2.032048 18 AnkleRight
-0.04941081 -0.6174317 1.984459 19 FootRight
-0.08154152 0.6261562 1.769132 20 SpineShoulder
-0.6323049 0.948809 1.728265 21 HandTipLeft
-0.6021425 0.8111601 1.668716 22 ThumbLeft
0.1493283 -0.001868746 1.702912 23 HandTipRight
0.1812295 0.05824298 1.694141 24 ThumbRight
-0.1275568 0.1414645 1.806261 0 SpineBase
-0.1037553 0.4240277 1.800511 1 SpineMid
-0.08000625 0.6936201 1.78418 2 Neck
-0.301918 0.5928721 1.80604 4 ShoulderLeft
-0.5086309 0.654093 1.815997 5 ElbowLeft
-0.5874963 0.836132 1.719687 6 WristLeft
-0.6139544 0.8975052 1.750767 7 HandLeft
0.06960402 0.5897384 1.763981 8 ShoulderRight
0.1306006 0.3295485 1.760517 9 ElbowRight
0.1462784 0.1089286 1.723915 10 WristRight
0.1436175 0.05125614 1.706639 11 HandRight
-0.198113 0.1371376 1.77762 12 HipLeft
-0.2433517 -0.1530118 1.829346 13 KneeLeft
-0.1718469 -0.544606 2.032596 14 AnkleLeft
-0.191991 -0.6143064 1.991189 15 FootLeft
-0.05206589 0.1404357 1.765848 16 HipRight
-0.04657957 -0.1795166 1.8196 17 KneeRight
-0.04568192 -0.5534081 2.0323 18 AnkleRight
-0.04631241 -0.6157464 1.984597 19 FootRight
-0.08596291 0.6280103 1.790163 20 SpineShoulder
-0.6382088 0.9526079 1.740158 21 HandTipLeft
-0.6394044 0.8901953 1.725532 22 ThumbLeft
0.1498465 -0.006838066 1.70746 23 HandTipRight
0.1797299 0.05636202 1.703003 24 ThumbRight
-0.127437 0.1416394 1.806268 0 SpineBase
-0.1012755 0.4234794 1.798023 1 SpineMid
-0.07330513 0.6912209 1.776453 2 Neck
-0.3009567 0.5937902 1.806137 4 ShoulderLeft
-0.5080389 0.6543019 1.815088 5 ElbowLeft
-0.5873868 0.8362167 1.718974 6 WristLeft
-0.6137345 0.8988795 1.750478 7 HandLeft
0.07376465 0.590461 1.763566 8 ShoulderRight
0.1308729 0.3292179 1.76035 9 ElbowRight
0.1465094 0.1085604 1.724046 10 WristRight
0.1437577 0.05077241 1.707216 11 HandRight
-0.1979154 0.1374898 1.777636 12 HipLeft
-0.2429904 -0.1563167 1.831671 13 KneeLeft
-0.172071 -0.5443375 2.032455 14 AnkleLeft
-0.1947008 -0.614377 1.986728 15 FootLeft
-0.05198704 0.140489 1.765835 16 HipRight
-0.04481383 -0.1843195 1.823553 17 KneeRight
-0.04590096 -0.5540255 2.032975 18 AnkleRight
-0.048413 -0.618934 1.992306 19 FootRight
-0.08038229 0.6261324 1.783888 20 SpineShoulder
-0.6416565 0.9572572 1.740157 21 HandTipLeft
-0.6263164 0.8753467 1.719364 22 ThumbLeft
0.1499221 -0.006845488 1.70846 23 HandTipRight
0.1754382 0.05367579 1.695166 24 ThumbRight
-0.1274301 0.1416037 1.806263 0 SpineBase
-0.1009762 0.4231674 1.797502 1 SpineMid
-0.07291219 0.6907992 1.775533 2 Neck
-0.3014515 0.5924606 1.804748 4 ShoulderLeft
-0.5079342 0.6543496 1.814844 5 ElbowLeft
-0.5872155 0.8362815 1.718705 6 WristLeft
-0.6145509 0.8973119 1.750514 7 HandLeft
0.07361227 0.5903781 1.763501 8 ShoulderRight
0.1310033 0.3290798 1.760373 9 ElbowRight
0.1465899 0.1084192 1.724072 10 WristRight
0.1439344 0.05097343 1.707515 11 HandRight
-0.1979126 0.1374667 1.777644 12 HipLeft
-0.2431621 -0.1549738 1.831001 13 KneeLeft
-0.1720261 -0.5443225 2.032427 14 AnkleLeft
-0.1946571 -0.614714 1.986095 15 FootLeft
-0.05197416 0.1404242 1.765804 16 HipRight
-0.04568122 -0.1818583 1.820775 17 KneeRight
-0.04592344 -0.554274 2.033298 18 AnkleRight
-0.0492353 -0.6188969 1.992033 19 FootRight
-0.07998797 0.62572 1.783037 20 SpineShoulder
-0.6400844 0.9542249 1.740024 21 HandTipLeft
-0.6380127 0.8874345 1.722241 22 ThumbLeft
0.1529227 -0.006353276 1.70641 23 HandTipRight
0.1810716 0.05694358 1.704762 24 ThumbRight
-0.123327 0.1422308 1.80325 0 SpineBase
-0.09208135 0.422696 1.793027 1 SpineMid
-0.06149623 0.6901473 1.772372 2 Neck
-0.2885854 0.5976707 1.805187 4 ShoulderLeft
-0.496664 0.6576413 1.808051 5 ElbowLeft
-0.5712566 0.8449224 1.719703 6 WristLeft
-0.5956859 0.904847 1.752502 7 HandLeft
0.08396965 0.5963015 1.765367 8 ShoulderRight
0.1347741 0.3271396 1.758961 9 ElbowRight
0.1539055 0.1076178 1.716462 10 WristRight
0.1565497 0.04998218 1.694456 11 HandRight
-0.1940594 0.138576 1.77442 12 HipLeft
-0.245448 -0.1383691 1.818155 13 KneeLeft
-0.1718865 -0.5376495 2.032903 14 AnkleLeft
-0.1914656 -0.6147501 1.992598 15 FootLeft
-0.04780388 0.140466 1.763001 16 HipRight
-0.05089686 -0.1742247 1.811231 17 KneeRight
-0.04534317 -0.5537894 2.031006 18 AnkleRight
-0.04944484 -0.6167991 1.989856 19 FootRight
-0.06907187 0.6250781 1.779413 20 SpineShoulder
-0.6151698 0.9595965 1.74649 21 HandTipLeft
-0.6208655 0.8902473 1.725294 22 ThumbLeft
0.170587 -0.003614324 1.696758 23 HandTipRight
0.192964 0.06057674 1.689462 24 ThumbRight
-0.1233426 0.1424339 1.803828 0 SpineBase
-0.09228558 0.4227332 1.793341 1 SpineMid
-0.0619106 0.6900696 1.772536 2 Neck
-0.2885363 0.597611 1.805407 4 ShoulderLeft
-0.4965874 0.6576777 1.808254 5 ElbowLeft
-0.5713341 0.8449228 1.719971 6 WristLeft
-0.5957749 0.9051316 1.750603 7 HandLeft
0.08404397 0.5964658 1.765967 8 ShoulderRight
0.1345959 0.3273547 1.759885 9 ElbowRight
0.154039 0.1079797 1.716615 10 WristRight
0.1569466 0.05128133 1.695261 11 HandRight
-0.1940743 0.1387532 1.775003 12 HipLeft
-0.2447251 -0.1354019 1.815318 13 KneeLeft
-0.1726913 -0.5346093 2.030707 14 AnkleLeft
-0.1914871 -0.6147498 1.992844 15 FootLeft
-0.04782282 0.1406816 1.763556 16 HipRight
-0.03389809 -0.1445782 1.763788 17 KneeRight
-0.04400016 -0.5308706 2.008646 18 AnkleRight
-0.05166385 -0.5616471 1.906561 19 FootRight
-0.06942163 0.6250309 1.779611 20 SpineShoulder
-0.6233043 0.9672188 1.742762 21 HandTipLeft
-0.6196501 0.8882756 1.728941 22 ThumbLeft
0.1721575 -0.003988277 1.698418 23 HandTipRight
0.1923202 0.06332098 1.688716 24 ThumbRight
-0.1233511 0.1426996 1.804595 0 SpineBase
-0.09270061 0.422805 1.793885 1 SpineMid
-0.06282951 0.6899924 1.772903 2 Neck
-0.2889838 0.5979796 1.806319 4 ShoulderLeft
-0.4970839 0.6579657 1.808882 5 ElbowLeft
-0.5714236 0.8453163 1.720457 6 WristLeft
-0.5953136 0.9050609 1.751045 7 HandLeft
0.08409413 0.595961 1.767007 8 ShoulderRight
0.1344825 0.3279472 1.761179 9 ElbowRight
0.1544304 0.1087673 1.716963 10 WristRight
0.1565682 0.05155615 1.695404 11 HandRight
-0.1940906 0.138953 1.775648 12 HipLeft
-0.2456717 -0.1324053 1.813468 13 KneeLeft
-0.1736261 -0.5322411 2.027847 14 AnkleLeft
-0.1939056 -0.6123414 1.984393 15 FootLeft
-0.04783239 0.1410111 1.764447 16 HipRight
-0.04735621 -0.1715248 1.812537 17 KneeRight
-0.04541314 -0.5554268 2.032261 18 AnkleRight
-0.04838884 -0.6164428 1.988543 19 FootRight
-0.07019936 0.6249931 1.780032 20 SpineShoulder
-0.6190084 0.9700372 1.747081 21 HandTipLeft
-0.5485222 0.8978184 1.752697 22 ThumbLeft
0.1697417 -0.004851679 1.702319 23 HandTipRight
0.1937926 0.06181287 1.691563 24 ThumbRight
-0.1289862 0.139381 1.805979 0 SpineBase
-0.10188 0.4231813 1.799669 1 SpineMid
-0.07452843 0.6938788 1.781897 2 Neck
-0.3010179 0.5898708 1.80313 4 ShoulderLeft
-0.5065572 0.6554477 1.811136 5 ElbowLeft
-0.5766625 0.8401868 1.712845 6 WristLeft
-0.5773142 0.8562837 1.720658 7 HandLeft
0.07168563 0.5882925 1.761121 8 ShoulderRight
0.1321136 0.3243934 1.760688 9 ElbowRight
0.1536776 0.1054697 1.715959 10 WristRight
0.1489773 0.04765524 1.692315 11 HandRight
-0.1999721 0.1360789 1.777596 12 HipLeft
-0.2431671 -0.1636593 1.837151 13 KneeLeft
-0.1723014 -0.5487414 2.03546 14 AnkleLeft
-0.1912214 -0.6177679 1.992242 15 FootLeft
-0.0531238 0.1372234 1.765006 16 HipRight
-0.04869864 -0.1900528 1.82121 17 KneeRight
-0.044599 -0.5534071 2.030462 18 AnkleRight
-0.04704802 -0.6168803 1.990737 19 FootRight
-0.08144431 0.6279657 1.788285 20 SpineShoulder
-0.6146492 0.9373769 1.728114 21 HandTipLeft
-0.5296318 0.8684441 1.7365 22 ThumbLeft
0.1601093 -0.008094124 1.687986 23 HandTipRight
0.1854958 0.03859848 1.682385 24 ThumbRight
-0.1289862 0.139381 1.805979 0 SpineBase
-0.10188 0.4231813 1.799669 1 SpineMid
-0.07452843 0.6938788 1.781897 2 Neck
-0.3010179 0.5898708 1.80313 4 ShoulderLeft
-0.5065572 0.6554477 1.811136 5 ElbowLeft
-0.5766625 0.8401868 1.712845 6 WristLeft
-0.5773142 0.8562837 1.720658 7 HandLeft
0.07168563 0.5882925 1.761121 8 ShoulderRight
0.1321136 0.3243934 1.760688 9 ElbowRight
0.1536776 0.1054697 1.715959 10 WristRight
0.1489773 0.04765524 1.692315 11 HandRight
-0.1999721 0.1360789 1.777596 12 HipLeft
-0.2431671 -0.1636593 1.837151 13 KneeLeft
-0.1723014 -0.5487414 2.03546 14 AnkleLeft
-0.1912214 -0.6177679 1.992242 15 FootLeft
-0.0531238 0.1372234 1.765006 16 HipRight
-0.04869864 -0.1900528 1.82121 17 KneeRight
-0.044599 -0.5534071 2.030462 18 AnkleRight
-0.04704802 -0.6168803 1.990737 19 FootRight
-0.08144431 0.6279657 1.788285 20 SpineShoulder
-0.6146492 0.9373769 1.728114 21 HandTipLeft
-0.5296318 0.8684441 1.7365 22 ThumbLeft
0.1601093 -0.008094124 1.687986 23 HandTipRight
0.1854958 0.03859848 1.682385 24 ThumbRight
-0.1296103 0.1389992 1.805712 0 SpineBase
-0.1020899 0.4231071 1.799621 1 SpineMid
-0.0746242 0.6939217 1.781971 2 Neck
-0.3012567 0.5896891 1.802861 4 ShoulderLeft
-0.5065753 0.6559644 1.810688 5 ElbowLeft
-0.5758172 0.8409839 1.712293 6 WristLeft
-0.5771311 0.8556861 1.720077 7 HandLeft
0.07133245 0.5878675 1.760903 8 ShoulderRight
0.1320368 0.3243682 1.760507 9 ElbowRight
0.1525772 0.1053926 1.71546 10 WristRight
0.1480822 0.04724857 1.691478 11 HandRight
-0.2006461 0.1357428 1.777564 12 HipLeft
-0.2433786 -0.1638211 1.837106 13 KneeLeft
-0.1734386 -0.5489559 2.033947 14 AnkleLeft
-0.1905648 -0.6164088 1.993879 15 FootLeft
-0.0536934 0.1367974 1.76449 16 HipRight
-0.04968198 -0.1927303 1.823264 17 KneeRight
-0.04470053 -0.5538409 2.030678 18 AnkleRight
-0.04796822 -0.6173112 1.990046 19 FootRight
-0.08154041 0.6279835 1.788324 20 SpineShoulder
-0.6169123 0.9358243 1.734016 21 HandTipLeft
-0.5278373 0.8585488 1.726475 22 ThumbLeft
0.1571621 -0.008083826 1.688952 23 HandTipRight
0.1891788 0.03780678 1.689809 24 ThumbRight
-0.1337425 0.1300726 1.795601 0 SpineBase
-0.1104461 0.4181494 1.800216 1 SpineMid
-0.08848746 0.6918802 1.793596 2 Neck
-0.3102765 0.5813149 1.799798 4 ShoulderLeft
-0.5224096 0.6277378 1.79732 5 ElbowLeft
-0.5927041 0.8124824 1.698951 6 WristLeft
-0.6009448 0.8316376 1.701546 7 HandLeft
0.06548492 0.5749336 1.76573 8 ShoulderRight
0.1309639 0.3184032 1.783327 9 ElbowRight
0.1569717 0.09984872 1.739989 10 WristRight
0.152912 0.044381 1.727089 11 HandRight
-0.2042986 0.1250139 1.764891 12 HipLeft
-0.2391332 -0.1704402 1.817491 13 KneeLeft
-0.1742726 -0.5558904 2.030082 14 AnkleLeft
-0.1929959 -0.619827 1.987788 15 FootLeft
-0.05798979 0.12998 1.756992 16 HipRight
-0.04224886 -0.2074523 1.814545 17 KneeRight
-0.04829929 -0.5570992 2.02529 18 AnkleRight
-0.04513853 -0.6295245 1.977515 19 FootRight
-0.09385511 0.6252146 1.797073 20 SpineShoulder
-0.6392213 0.9130314 1.709419 21 HandTipLeft
-0.549095 0.8194296 1.687094 22 ThumbLeft
0.1596218 0.002725589 1.711588 23 HandTipRight
0.193756 0.02942211 1.72935 24 ThumbRight
-0.1340718 0.1299293 1.796122 0 SpineBase
-0.1108664 0.4178516 1.800406 1 SpineMid
-0.08902578 0.6915066 1.793363 2 Neck
-0.3105809 0.5812228 1.799526 4 ShoulderLeft
-0.5225747 0.6284557 1.796187 5 ElbowLeft
-0.5932747 0.8119619 1.695547 6 WristLeft
-0.6019801 0.8319718 1.699452 7 HandLeft
0.06521767 0.5748192 1.7659 8 ShoulderRight
0.1301928 0.3185912 1.784941 9 ElbowRight
0.1559935 0.09964844 1.744072 10 WristRight
0.1528559 0.04370006 1.729791 11 HandRight
-0.2045823 0.1248786 1.765217 12 HipLeft
-0.2407774 -0.1692917 1.817466 13 KneeLeft
-0.1743604 -0.5554063 2.029845 14 AnkleLeft
-0.1923231 -0.6197399 1.990227 15 FootLeft
-0.05835043 0.1298626 1.757841 16 HipRight
-0.04035886 -0.1548768 1.753582 17 KneeRight
-0.04685182 -0.5370792 2.004271 18 AnkleRight
-0.04230401 -0.6203785 1.975697 19 FootRight
-0.09437053 0.6248679 1.796976 20 SpineShoulder
-0.6418884 0.91134 1.706436 21 HandTipLeft
-0.5534839 0.8372495 1.711032 22 ThumbLeft
0.1608672 0.001040297 1.719159 23 HandTipRight
0.1929738 0.0368245 1.733619 24 ThumbRight
-0.1353424 0.1293329 1.797386 0 SpineBase
-0.111595 0.417644 1.800554 1 SpineMid
-0.08938812 0.691689 1.793006 2 Neck
-0.3110407 0.5811337 1.799085 4 ShoulderLeft
-0.523129 0.6280139 1.795571 5 ElbowLeft
-0.5927697 0.8111416 1.693295 6 WristLeft
-0.6016704 0.8311839 1.697507 7 HandLeft
0.06449196 0.5755006 1.766638 8 ShoulderRight
0.1289764 0.3180861 1.786049 9 ElbowRight
0.15566 0.09909184 1.74637 10 WristRight
0.1553131 0.04432715 1.728201 11 HandRight
-0.2057266 0.1244754 1.765991 12 HipLeft
-0.2414543 -0.1698718 1.818719 13 KneeLeft
-0.1745261 -0.5542715 2.029433 14 AnkleLeft
-0.1939483 -0.6208718 1.986941 15 FootLeft
-0.05970472 0.1291067 1.75975 16 HipRight
-0.04890423 -0.2057028 1.823802 17 KneeRight
-0.04809168 -0.5571678 2.025586 18 AnkleRight
-0.04101656 -0.6251529 1.976318 19 FootRight
-0.09479246 0.6249629 1.796755 20 SpineShoulder
-0.6394862 0.9093425 1.706384 21 HandTipLeft
-0.5533857 0.8382947 1.712639 22 ThumbLeft
0.1645721 -0.006227592 1.736835 23 HandTipRight
0.1876768 0.03280643 1.711631 24 ThumbRight
-0.1103591 0.1335985 1.824088 0 SpineBase
-0.08018812 0.4190612 1.808492 1 SpineMid
-0.05018598 0.6909702 1.782482 2 Neck
-0.2574435 0.5725911 1.798475 4 ShoulderLeft
-0.4496697 0.3866763 1.852692 5 ElbowLeft
-0.6238415 0.2528037 1.843966 6 WristLeft
-0.6244911 0.2509181 1.845204 7 HandLeft
0.09413769 0.5938832 1.773184 8 ShoulderRight
0.1459068 0.3247833 1.773054 9 ElbowRight
0.1582439 0.1033512 1.742809 10 WristRight
0.1532227 0.04499323 1.722955 11 HandRight
-0.1816601 0.1306518 1.793326 12 HipLeft
-0.227293 -0.1699539 1.85672 13 KneeLeft
-0.1733846 -0.5450213 2.033569 14 AnkleLeft
-0.1939171 -0.6151987 1.98133 15 FootLeft
-0.03473416 0.1313737 1.786158 16 HipRight
-0.02158381 -0.1531167 1.79272 17 KneeRight
-0.0422403 -0.5455005 2.027625 18 AnkleRight
-0.04383577 -0.6169818 1.985592 19 FootRight
-0.0576247 0.6248165 1.790885 20 SpineShoulder
-0.700154 0.2293265 1.879061 21 HandTipLeft
-0.6318888 0.2953194 1.828834 22 ThumbLeft
0.1599657 -0.01153814 1.722632 23 HandTipRight
0.1936346 0.03578806 1.724499 24 ThumbRight
-0.111241 0.1313545 1.826365 0 SpineBase
-0.08514193 0.4176861 1.810338 1 SpineMid
-0.06400573 0.691478 1.783825 2 Neck
-0.2570957 0.5695382 1.796725 4 ShoulderLeft
-0.4008252 0.335719 1.857761 5 ElbowLeft
-0.5342966 0.1601753 1.852832 6 WristLeft
-0.5444053 0.1551189 1.851948 7 HandLeft
0.08341294 0.5913666 1.769275 8 ShoulderRight
0.1441013 0.3263025 1.770222 9 ElbowRight
0.1555678 0.1050683 1.737268 10 WristRight
0.1509909 0.04804337 1.717019 11 HandRight
-0.1823311 0.1281336 1.795048 12 HipLeft
-0.2263501 -0.1726918 1.857596 13 KneeLeft
-0.1746394 -0.5447758 2.03421 14 AnkleLeft
-0.1932157 -0.61457 1.982644 15 FootLeft
-0.03584546 0.1295619 1.788851 16 HipRight
-0.02110157 -0.1541719 1.78875 17 KneeRight
-0.04175451 -0.545505 2.025255 18 AnkleRight
-0.04171447 -0.6160624 1.982685 19 FootRight
-0.06877033 0.6246645 1.792442 20 SpineShoulder
-0.6176952 0.1104009 1.890041 21 HandTipLeft
-0.5668691 0.1803797 1.827413 22 ThumbLeft
0.1565685 -0.008070389 1.718968 23 HandTipRight
0.1858699 0.04992741 1.707211 24 ThumbRight
-0.1142903 0.1266668 1.829104 0 SpineBase
-0.0909907 0.4153983 1.811935 1 SpineMid
-0.07069658 0.691444 1.784165 2 Neck
-0.2578261 0.5617617 1.791974 4 ShoulderLeft
-0.3395514 0.3206508 1.842369 5 ElbowLeft
-0.366859 0.1019173 1.804083 6 WristLeft
-0.3582598 0.05064413 1.807311 7 HandLeft
0.07325096 0.587804 1.763972 8 ShoulderRight
0.1368456 0.3259588 1.764055 9 ElbowRight
0.1508998 0.1047881 1.73182 10 WristRight
0.142467 0.04836595 1.712769 11 HandRight
-0.1850255 0.1233504 1.797916 12 HipLeft
-0.2234125 -0.1789367 1.861513 13 KneeLeft
-0.1734438 -0.5431225 2.035737 14 AnkleLeft
-0.1924467 -0.6151209 1.983539 15 FootLeft
-0.03915684 0.1251672 1.791288 16 HipRight
-0.02347508 -0.2046915 1.839721 17 KneeRight
-0.04226522 -0.5487424 2.029414 18 AnkleRight
-0.04152413 -0.6139789 1.985577 19 FootRight
-0.07554436 0.6241409 1.793064 20 SpineShoulder
-0.3513028 0.004108248 1.813091 21 HandTipLeft
-0.3927899 0.04775998 1.807522 22 ThumbLeft
0.1516926 -0.004409816 1.71056 23 HandTipRight
0.1836576 0.03706034 1.72248 24 ThumbRight
-0.1228515 0.1225855 1.821463 0 SpineBase
-0.1055061 0.4133736 1.810786 1 SpineMid
-0.08847166 0.6911073 1.789741 2 Neck
-0.2663562 0.560226 1.790467 4 ShoulderLeft
-0.3485813 0.3230879 1.826007 5 ElbowLeft
-0.3662775 0.1043981 1.780009 6 WristLeft
-0.3606621 0.07823951 1.782975 7 HandLeft
0.05956674 0.5865272 1.764928 8 ShoulderRight
0.1171671 0.3314574 1.760766 9 ElbowRight
0.13108 0.1112236 1.72038 10 WristRight
0.1232317 0.05121818 1.72192 11 HandRight
-0.1935466 0.1188823 1.788708 12 HipLeft
-0.2227074 -0.1924793 1.857203 13 KneeLeft
-0.171484 -0.5382035 2.032053 14 AnkleLeft
-0.192247 -0.6149874 1.985155 15 FootLeft
-0.04743488 0.1214152 1.78536 16 HipRight
-0.02502092 -0.2066572 1.84395 17 KneeRight
-0.04552127 -0.5549106 2.030044 18 AnkleRight
-0.0438773 -0.618475 1.98245 19 FootRight
-0.09277795 0.62345 1.796787 20 SpineShoulder
-0.3632896 0.007244022 1.790935 21 HandTipLeft
-0.4026464 0.08378765 1.778568 22 ThumbLeft
0.1267945 -0.001793927 1.71473 23 HandTipRight
0.1619823 0.04731349 1.722575 24 ThumbRight
-0.1220449 0.1226506 1.822183 0 SpineBase
-0.1053163 0.4133542 1.810973 1 SpineMid
-0.08845084 0.6909956 1.789689 2 Neck
-0.269221 0.5572078 1.786652 4 ShoulderLeft
-0.3482744 0.3232187 1.825782 5 ElbowLeft
-0.3653045 0.1043845 1.780291 6 WristLeft
-0.3599661 0.07720748 1.78288 7 HandLeft
0.05853398 0.5885183 1.76794 8 ShoulderRight
0.1170926 0.3320357 1.7627 9 ElbowRight
0.1314201 0.1115802 1.724177 10 WristRight
0.1239487 0.05134336 1.726593 11 HandRight
-0.1928911 0.1189484 1.789069 12 HipLeft
-0.2211224 -0.1919855 1.858992 13 KneeLeft
-0.1715065 -0.538034 2.03233 14 AnkleLeft
-0.1927613 -0.6146583 1.983949 15 FootLeft
-0.04652341 0.1215256 1.786443 16 HipRight
-0.02253046 -0.2136542 1.8537 17 KneeRight
-0.04619907 -0.5536285 2.029829 18 AnkleRight
-0.04361242 -0.6186563 1.983054 19 FootRight
-0.09273326 0.6233759 1.796789 20 SpineShoulder
-0.363357 0.003235256 1.795436 21 HandTipLeft
-0.4018366 0.07956666 1.778296 22 ThumbLeft
0.1273545 -0.001853844 1.719327 23 HandTipRight
0.15704 0.04228604 1.715055 24 ThumbRight
-0.1207174 0.1229103 1.824542 0 SpineBase
-0.104984 0.413499 1.811634 1 SpineMid
-0.08845616 0.6910803 1.789682 2 Neck
-0.2681372 0.5584718 1.787338 4 ShoulderLeft
-0.34784 0.3230464 1.825043 5 ElbowLeft
-0.3647929 0.1040901 1.780255 6 WristLeft
-0.3596795 0.07670417 1.782285 7 HandLeft
0.0585826 0.588569 1.767975 8 ShoulderRight
0.1177315 0.3321319 1.765995 9 ElbowRight
0.1323546 0.1112512 1.731201 10 WristRight
0.1265359 0.05058282 1.733171 11 HandRight
-0.1917238 0.1192918 1.790684 12 HipLeft
-0.220424 -0.1862109 1.858785 13 KneeLeft
-0.1718653 -0.5375342 2.032165 14 AnkleLeft
-0.1930637 -0.6145557 1.983635 15 FootLeft
-0.04513907 0.1217282 1.789571 16 HipRight
-0.02262519 -0.2152674 1.857509 17 KneeRight
-0.04593541 -0.5531803 2.029673 18 AnkleRight
-0.04215054 -0.619726 1.982023 19 FootRight
-0.09269466 0.6234549 1.796855 20 SpineShoulder
-0.3623647 0.002480487 1.790881 21 HandTipLeft
-0.4027969 0.0778311 1.779501 22 ThumbLeft
0.1282303 -0.001892585 1.725275 23 HandTipRight
0.1593595 0.04505048 1.721004 24 ThumbRight
-0.1211266 0.1209729 1.820866 0 SpineBase
-0.1048525 0.4114358 1.807398 1 SpineMid
-0.0884857 0.688268 1.782361 2 Neck
-0.2661436 0.557434 1.783982 4 ShoulderLeft
-0.345488 0.3189763 1.815807 5 ElbowLeft
-0.3618836 0.09955897 1.773694 6 WristLeft
-0.3584659 0.07197269 1.775571 7 HandLeft
0.05835883 0.5862845 1.763713 8 ShoulderRight
0.1149949 0.3263882 1.756429 9 ElbowRight
0.1294686 0.1058321 1.718873 10 WristRight
0.1200853 0.04581297 1.713242 11 HandRight
-0.1919812 0.1181846 1.787115 12 HipLeft
-0.2193885 -0.1912537 1.85586 13 KneeLeft
-0.1714395 -0.5354226 2.038506 14 AnkleLeft
-0.194244 -0.6126816 1.983553 15 FootLeft
-0.04563327 0.1190759 1.785184 16 HipRight
-0.0252701 -0.2082079 1.845888 17 KneeRight
-0.0447109 -0.5519182 2.029644 18 AnkleRight
-0.04017075 -0.6181746 1.981085 19 FootRight
-0.09263341 0.6208397 1.790509 20 SpineShoulder
-0.3638131 -0.001701086 1.787703 21 HandTipLeft
-0.4017631 0.07804213 1.771009 22 ThumbLeft
0.1220949 -0.01083416 1.716087 23 HandTipRight
0.1611796 0.04715241 1.720155 24 ThumbRight
-0.1211196 0.1209476 1.820793 0 SpineBase
-0.1048644 0.4114835 1.807429 1 SpineMid
-0.08853846 0.688652 1.782845 2 Neck
-0.266753 0.5559783 1.782276 4 ShoulderLeft
-0.3454947 0.3189505 1.81577 5 ElbowLeft
-0.3618961 0.09953536 1.773647 6 WristLeft
-0.3588591 0.07174157 1.776676 7 HandLeft
0.05793681 0.586161 1.763658 8 ShoulderRight
0.1149891 0.3263709 1.75641 9 ElbowRight
0.1294208 0.1058126 1.718849 10 WristRight
0.1201619 0.04607277 1.714102 11 HandRight
-0.191976 0.1181186 1.786992 12 HipLeft
-0.2194533 -0.19012 1.854798 13 KneeLeft
-0.1712389 -0.5358787 2.040888 14 AnkleLeft
-0.1942862 -0.6122887 1.983127 15 FootLeft
-0.04563074 0.119079 1.785151 16 HipRight
-0.02509984 -0.2067743 1.844962 17 KneeRight
-0.04502734 -0.551526 2.029448 18 AnkleRight
-0.03921285 -0.6177431 1.979354 19 FootRight
-0.09266957 0.6211139 1.790833 20 SpineShoulder
-0.3636707 -0.002141944 1.786975 21 HandTipLeft
-0.4045126 0.05573838 1.771857 22 ThumbLeft
0.1246316 -0.007287864 1.703391 23 HandTipRight
0.1619078 0.03945167 1.721751 24 ThumbRight
-0.1211338 0.1209971 1.820677 0 SpineBase
-0.104877 0.4115098 1.807292 1 SpineMid
-0.08852373 0.6887239 1.782811 2 Neck
-0.2664939 0.5567924 1.783378 4 ShoulderLeft
-0.3455246 0.3189197 1.815721 5 ElbowLeft
-0.3619135 0.09951288 1.773536 6 WristLeft
-0.3585223 0.07148157 1.775905 7 HandLeft
0.05801797 0.586275 1.763767 8 ShoulderRight
0.1149199 0.3264388 1.756368 9 ElbowRight
0.1293331 0.1058738 1.718848 10 WristRight
0.1201313 0.04590244 1.713495 11 HandRight
-0.1920126 0.1181593 1.78683 12 HipLeft
-0.2194329 -0.1891306 1.853437 13 KneeLeft
-0.1716617 -0.5360489 2.040719 14 AnkleLeft
-0.1942032 -0.6128925 1.983952 15 FootLeft
-0.04563229 0.1191448 1.785094 16 HipRight
-0.02551061 -0.207403 1.845121 17 KneeRight
-0.04533519 -0.5522738 2.030228 18 AnkleRight
-0.04169466 -0.6187284 1.978636 19 FootRight
-0.09266109 0.621185 1.790776 20 SpineShoulder
-0.364482 -0.001440549 1.786095 21 HandTipLeft
-0.4010626 0.07626723 1.769512 22 ThumbLeft
0.123784 -0.007469621 1.701187 23 HandTipRight
0.163389 0.02722315 1.7244 24 ThumbRight
-0.1285959 0.1288621 1.826838 0 SpineBase
-0.111129 0.4172422 1.814093 1 SpineMid
-0.09366527 0.6928349 1.791219 2 Neck
-0.2807479 0.5639136 1.80279 4 ShoulderLeft
-0.4128951 0.3497914 1.861486 5 ElbowLeft
-0.5955977 0.3953518 1.741089 6 WristLeft
-0.609906 0.4031615 1.718945 7 HandLeft
0.05454176 0.5882018 1.767405 8 ShoulderRight
0.1762544 0.3548686 1.772432 9 ElbowRight
0.3459119 0.3172018 1.627383 10 WristRight
0.3521957 0.3330615 1.625651 11 HandRight
-0.1987805 0.122754 1.79567 12 HipLeft
-0.2269381 -0.1777995 1.853585 13 KneeLeft
-0.1839308 -0.5360013 2.03635 14 AnkleLeft
-0.1914187 -0.612144 1.993955 15 FootLeft
-0.0536304 0.130311 1.788892 16 HipRight
-0.02231949 -0.1829326 1.827845 17 KneeRight
-0.04557456 -0.5529242 2.032225 18 AnkleRight
-0.04129703 -0.6184683 1.985136 19 FootRight
-0.09809057 0.6257246 1.798779 20 SpineShoulder
-0.6639191 0.4635531 1.723842 21 HandTipLeft
-0.6433451 0.3653535 1.720695 22 ThumbLeft
0.3812325 0.3726917 1.595152 23 HandTipRight
0.4064204 0.3084496 1.64683 24 ThumbRight
-0.128663 0.1289104 1.826837 0 SpineBase
-0.1111199 0.4173229 1.814175 1 SpineMid
-0.09355167 0.692944 1.791379 2 Neck
-0.2796302 0.5645616 1.802541 4 ShoulderLeft
-0.4126112 0.3495359 1.861304 5 ElbowLeft
-0.5951232 0.3942151 1.74024 6 WristLeft
-0.6098925 0.403638 1.71935 7 HandLeft
0.05465436 0.588603 1.767731 8 ShoulderRight
0.1763063 0.3550339 1.772644 9 ElbowRight
0.3458617 0.31747 1.627464 10 WristRight
0.3525498 0.333416 1.62566 11 HandRight
-0.1988361 0.1227754 1.795671 12 HipLeft
-0.2268227 -0.1785911 1.854084 13 KneeLeft
-0.1837175 -0.536149 2.037786 14 AnkleLeft
-0.1902248 -0.6119662 1.998388 15 FootLeft
-0.05369483 0.1303781 1.788882 16 HipRight
-0.02222598 -0.1830342 1.827822 17 KneeRight
-0.0453022 -0.553292 2.032125 18 AnkleRight
-0.04170219 -0.6185448 1.985776 19 FootRight
-0.09800521 0.6258283 1.798923 20 SpineShoulder
-0.6663173 0.4636106 1.724173 21 HandTipLeft
-0.6433318 0.3642922 1.722084 22 ThumbLeft
0.3868292 0.3725477 1.601519 23 HandTipRight
0.4073316 0.3097568 1.647868 24 ThumbRight
-0.1286622 0.1289337 1.826827 0 SpineBase
-0.1111143 0.4173956 1.814224 1 SpineMid
-0.09353622 0.6930761 1.791514 2 Neck
-0.2788326 0.5647549 1.802384 4 ShoulderLeft
-0.4125364 0.3493451 1.861069 5 ElbowLeft
-0.5951347 0.3940841 1.740173 6 WristLeft
-0.6099673 0.40376 1.718757 7 HandLeft
0.0546185 0.5889072 1.7679 8 ShoulderRight
0.1762838 0.3550829 1.772708 9 ElbowRight
0.3457735 0.3174941 1.627454 10 WristRight
0.3516517 0.3327794 1.625211 11 HandRight
-0.1988379 0.1228 1.795666 12 HipLeft
-0.2268426 -0.1787627 1.854212 13 KneeLeft
-0.1837431 -0.5362005 2.037567 14 AnkleLeft
-0.1900765 -0.611737 1.998435 15 FootLeft
-0.05368933 0.1303938 1.788867 16 HipRight
-0.02223665 -0.1830268 1.827826 17 KneeRight
-0.04522283 -0.5532934 2.032059 18 AnkleRight
-0.04183131 -0.6191799 1.985953 19 FootRight
-0.09799108 0.6259461 1.799037 20 SpineShoulder
-0.6654289 0.4629912 1.721873 21 HandTipLeft
-0.6431032 0.3650509 1.720125 22 ThumbLeft
0.3858063 0.3679494 1.606252 23 HandTipRight
0.4043056 0.3074815 1.644837 24 ThumbRight
-0.1239178 0.130998 1.827959 0 SpineBase
-0.1090371 0.4191622 1.816316 1 SpineMid
-0.09326001 0.6945561 1.794167 2 Neck
-0.2906679 0.5627567 1.80831 4 ShoulderLeft
-0.5022709 0.4306073 1.867013 5 ElbowLeft
-0.7099047 0.4102715 1.793792 6 WristLeft
-0.7204183 0.4276944 1.797451 7 HandLeft
0.05421203 0.5908325 1.770675 8 ShoulderRight
0.2463343 0.3744155 1.770702 9 ElbowRight
0.4315103 0.3542614 1.644198 10 WristRight
0.4482497 0.3704973 1.636126 11 HandRight
-0.1945461 0.1239757 1.797103 12 HipLeft
-0.2217757 -0.171382 1.851892 13 KneeLeft
-0.1823251 -0.5348425 2.040602 14 AnkleLeft
-0.1926002 -0.6143001 1.996068 15 FootLeft
-0.04851836 0.1331558 1.789724 16 HipRight
-0.01953534 -0.1793588 1.829488 17 KneeRight
-0.04281446 -0.5494867 2.029391 18 AnkleRight
-0.04200596 -0.6163402 1.981367 19 FootRight
-0.09730494 0.6274698 1.801602 20 SpineShoulder
-0.7727318 0.4372817 1.787392 21 HandTipLeft
-0.7170407 0.3798932 1.831667 22 ThumbLeft
0.4997282 0.4144541 1.615841 23 HandTipRight
0.4810491 0.3278854 1.668286 24 ThumbRight
-0.1231087 0.131918 1.826724 0 SpineBase
-0.1087304 0.4196554 1.815863 1 SpineMid
-0.0932927 0.694733 1.794104 2 Neck
-0.2972645 0.5625299 1.807553 4 ShoulderLeft
-0.5319152 0.4823921 1.856055 5 ElbowLeft
-0.7463796 0.4464797 1.849216 6 WristLeft
-0.769834 0.4657144 1.852291 7 HandLeft
0.05499367 0.5905395 1.770502 8 ShoulderRight
0.2828128 0.4273221 1.748668 9 ElbowRight
0.4836911 0.3766664 1.66525 10 WristRight
0.510531 0.3942522 1.656849 11 HandRight
-0.1938128 0.1247282 1.796019 12 HipLeft
-0.2215223 -0.172389 1.852141 13 KneeLeft
-0.1817945 -0.5347835 2.042647 14 AnkleLeft
-0.1974604 -0.6118728 1.980853 15 FootLeft
-0.04767409 0.13419 1.788306 16 HipRight
-0.01871525 -0.1735708 1.824711 17 KneeRight
-0.04272834 -0.549277 2.029144 18 AnkleRight
-0.04375568 -0.6167115 1.982312 19 FootRight
-0.09727926 0.6277047 1.801474 20 SpineShoulder
-0.8345661 0.4528024 1.86721 21 HandTipLeft
-0.7444609 0.4201417 1.875056 22 ThumbLeft
0.5777669 0.4245408 1.646179 23 HandTipRight
0.5356913 0.3531131 1.6698 24 ThumbRight
-0.1230954 0.1334482 1.825181 0 SpineBase
-0.1086523 0.4207222 1.815132 1 SpineMid
-0.09337113 0.6953444 1.793961 2 Neck
-0.3049277 0.5642945 1.805821 4 ShoulderLeft
-0.5404232 0.5079898 1.856793 5 ElbowLeft
-0.7525744 0.4896781 1.887593 6 WristLeft
-0.7912662 0.5048122 1.892229 7 HandLeft
0.0567766 0.5901271 1.769917 8 ShoulderRight
0.3032478 0.4544969 1.742463 9 ElbowRight
0.5118898 0.4039502 1.686374 10 WristRight
0.557072 0.4265012 1.682785 11 HandRight
-0.1937688 0.1260192 1.794777 12 HipLeft
-0.2207643 -0.1685464 1.847618 13 KneeLeft
-0.1822702 -0.5337311 2.04128 14 AnkleLeft
-0.1964086 -0.6126415 1.984324 15 FootLeft
-0.04770739 0.1358832 1.786448 16 HipRight
-0.01900011 -0.1707001 1.821942 17 KneeRight
-0.04261006 -0.5481601 2.02894 18 AnkleRight
-0.04469346 -0.6167079 1.984893 19 FootRight
-0.09730826 0.6284221 1.801203 20 SpineShoulder
-0.8407164 0.5033846 1.901542 21 HandTipLeft
-0.7842177 0.4639643 1.934545 22 ThumbLeft
0.6045587 0.4487637 1.68057 23 HandTipRight
0.5655557 0.3867542 1.721 24 ThumbRight
-0.1290226 0.1455995 1.817189 0 SpineBase
-0.1102966 0.4281151 1.806087 1 SpineMid
-0.09155401 0.6981772 1.78483 2 Neck
-0.3165117 0.5842539 1.805354 4 ShoulderLeft
-0.5719277 0.6084517 1.863008 5 ElbowLeft
-0.7827141 0.6400948 1.887262 6 WristLeft
-0.8047909 0.6436481 1.882928 7 HandLeft
0.06668416 0.5938401 1.763692 8 ShoulderRight
0.2936829 0.4569846 1.728142 9 ElbowRight
0.4974526 0.3867939 1.674317 10 WristRight
0.5088978 0.3820736 1.664128 11 HandRight
-0.1995161 0.1383418 1.787791 12 HipLeft
-0.2326311 -0.166199 1.842792 13 KneeLeft
-0.1826546 -0.5379254 2.039479 14 AnkleLeft
-0.1881488 -0.6106209 2.007235 15 FootLeft
-0.05357949 0.1473286 1.777793 16 HipRight
-0.03102894 -0.1708026 1.834134 17 KneeRight
-0.04257464 -0.5479937 2.028466 18 AnkleRight
-0.04319121 -0.6180087 1.98177 19 FootRight
-0.09628352 0.6323662 1.792065 20 SpineShoulder
-0.8621583 0.6588613 1.917033 21 HandTipLeft
-0.8012847 0.5992017 1.907925 22 ThumbLeft
0.5668318 0.3776894 1.657373 23 HandTipRight
0.4905645 0.3453721 1.696312 24 ThumbRight
-0.1285447 0.145273 1.818566 0 SpineBase
-0.1099683 0.4281274 1.806889 1 SpineMid
-0.091284 0.6983156 1.785213 2 Neck
-0.3154132 0.5824397 1.805696 4 ShoulderLeft
-0.5714787 0.6080405 1.861914 5 ElbowLeft
-0.7827569 0.6389781 1.883917 6 WristLeft
-0.8046728 0.6408131 1.877656 7 HandLeft
0.06276956 0.5969692 1.766954 8 ShoulderRight
0.2392614 0.3812257 1.731939 9 ElbowRight
0.4132606 0.2533567 1.674997 10 WristRight
0.4185702 0.2666048 1.663098 11 HandRight
-0.1991157 0.1380547 1.788619 12 HipLeft
-0.2319654 -0.165527 1.842885 13 KneeLeft
-0.1824905 -0.5374192 2.040025 14 AnkleLeft
-0.1879815 -0.611607 2.007836 15 FootLeft
-0.05306507 0.1470051 1.779765 16 HipRight
-0.027825 -0.1734167 1.836514 17 KneeRight
-0.04163044 -0.5478457 2.028738 18 AnkleRight
-0.04275908 -0.6163248 1.982831 19 FootRight
-0.0960101 0.6324908 1.792511 20 SpineShoulder
-0.8733347 0.6607535 1.930026 21 HandTipLeft
-0.8092727 0.5982834 1.88925 22 ThumbLeft
0.4672561 0.2449092 1.65648 23 HandTipRight
0.3903367 0.2375474 1.696111 24 ThumbRight
-0.1285299 0.1453155 1.818918 0 SpineBase
-0.109837 0.4281415 1.807251 1 SpineMid
-0.0910558 0.6982799 1.785506 2 Neck
-0.3155349 0.5852916 1.806555 4 ShoulderLeft
-0.5714403 0.6079767 1.861598 5 ElbowLeft
-0.7830111 0.6381133 1.882565 6 WristLeft
-0.8052173 0.6394076 1.877388 7 HandLeft
0.06228236 0.5963075 1.766539 8 ShoulderRight
0.230501 0.3737184 1.733863 9 ElbowRight
0.3825268 0.2181324 1.682631 10 WristRight
0.3897276 0.2351443 1.667017 11 HandRight
-0.1990491 0.1381464 1.789071 12 HipLeft
-0.2318452 -0.1654659 1.843287 13 KneeLeft
-0.1826079 -0.5373623 2.039936 14 AnkleLeft
-0.188084 -0.6115738 2.007136 15 FootLeft
-0.05308848 0.1470068 1.779993 16 HipRight
-0.02741014 -0.1749418 1.837992 17 KneeRight
-0.04181655 -0.5473924 2.028938 18 AnkleRight
-0.04229695 -0.615857 1.98267 19 FootRight
-0.09580445 0.6324723 1.79282 20 SpineShoulder
-0.871362 0.6609657 1.927854 21 HandTipLeft
-0.7959761 0.5939927 1.893158 22 ThumbLeft
0.4401442 0.2151417 1.663099 23 HandTipRight
0.3619697 0.2072546 1.696389 24 ThumbRight
-0.1264137 0.1405416 1.818488 0 SpineBase
-0.1048623 0.425444 1.805756 1 SpineMid
-0.08216833 0.6969364 1.781283 2 Neck
-0.3083002 0.5801006 1.804424 4 ShoulderLeft
-0.5664528 0.6180826 1.855977 5 ElbowLeft
-0.777903 0.6473172 1.878717 6 WristLeft
-0.7933508 0.6552842 1.875378 7 HandLeft
0.06365471 0.5919201 1.763192 8 ShoulderRight
0.1195265 0.3275987 1.764505 9 ElbowRight
0.1366644 0.1086591 1.718093 10 WristRight
0.1339932 0.05027353 1.702004 11 HandRight
-0.1973322 0.135999 1.78924 12 HipLeft
-0.2354598 -0.1647623 1.846841 13 KneeLeft
-0.1729449 -0.541301 2.037593 14 AnkleLeft
-0.1934685 -0.6136683 1.9939 15 FootLeft
-0.05065059 0.1396051 1.778691 16 HipRight
-0.03727644 -0.203767 1.867555 17 KneeRight
-0.04258333 -0.5545264 2.030841 18 AnkleRight
-0.04664905 -0.6192364 1.982667 19 FootRight
-0.08780634 0.6308799 1.789336 20 SpineShoulder
-0.8275231 0.6783668 1.891535 21 HandTipLeft
-0.792887 0.6098869 1.898571 22 ThumbLeft
0.1384831 -0.001392248 1.685463 23 HandTipRight
0.1087999 0.04879865 1.678221 24 ThumbRight
-0.1263881 0.1405657 1.818556 0 SpineBase
-0.1048393 0.4254248 1.805814 1 SpineMid
-0.08220433 0.696867 1.781421 2 Neck
-0.30828 0.5800937 1.804425 4 ShoulderLeft
-0.5663011 0.6180261 1.855856 5 ElbowLeft
-0.7777215 0.6475822 1.878476 6 WristLeft
-0.7940505 0.6545536 1.874157 7 HandLeft
0.06426526 0.5927689 1.763913 8 ShoulderRight
0.119516 0.3275931 1.764436 9 ElbowRight
0.1365857 0.1086186 1.718197 10 WristRight
0.1337937 0.05026741 1.701526 11 HandRight
-0.197294 0.1360477 1.789338 12 HipLeft
-0.2353708 -0.1651279 1.847312 13 KneeLeft
-0.1729378 -0.5413021 2.037608 14 AnkleLeft
-0.1936039 -0.6132998 1.990271 15 FootLeft
-0.05063555 0.1396157 1.778736 16 HipRight
-0.03670736 -0.2078797 1.871698 17 KneeRight
-0.04260583 -0.5550675 2.03082 18 AnkleRight
-0.04939947 -0.6203915 1.984701 19 FootRight
-0.08782443 0.6308261 1.789445 20 SpineShoulder
-0.8492743 0.6720305 1.917539 21 HandTipLeft
-0.8039696 0.612471 1.894125 22 ThumbLeft
0.1399828 -0.001717771 1.688359 23 HandTipRight
0.1050544 0.04117063 1.681298 24 ThumbRight
-0.1263419 0.1405792 1.818792 0 SpineBase
-0.1046004 0.4252957 1.80559 1 SpineMid
-0.08185105 0.6964549 1.780347 2 Neck
-0.3082156 0.5800837 1.804398 4 ShoulderLeft
-0.5513808 0.6137769 1.850777 5 ElbowLeft
-0.7620999 0.646132 1.875383 6 WristLeft
-0.7857242 0.6528208 1.868665 7 HandLeft
0.06432487 0.5926093 1.763959 8 ShoulderRight
0.1195333 0.3277502 1.764416 9 ElbowRight
0.1365672 0.1087643 1.718205 10 WristRight
0.13407 0.0509429 1.701448 11 HandRight
-0.1972502 0.1361535 1.789565 12 HipLeft
-0.235454 -0.1650921 1.847458 13 KneeLeft
-0.1728413 -0.5412567 2.037676 14 AnkleLeft
-0.1930926 -0.613638 1.991977 15 FootLeft
-0.05058169 0.1395453 1.779017 16 HipRight
-0.03732007 -0.2077439 1.871925 17 KneeRight
-0.04289626 -0.5556165 2.031298 18 AnkleRight
-0.04886005 -0.6194237 1.982878 19 FootRight
-0.08750705 0.630495 1.788633 20 SpineShoulder
-0.8490982 0.6724334 1.911029 21 HandTipLeft
-0.78036 0.6092737 1.891667 22 ThumbLeft
0.1389485 -0.001174955 1.686712 23 HandTipRight
0.09350099 0.03029643 1.702278 24 ThumbRight
-0.126603 0.1399611 1.816298 0 SpineBase
-0.1033012 0.423758 1.802641 1 SpineMid
-0.08048917 0.6945106 1.778328 2 Neck
-0.305172 0.5864019 1.800651 4 ShoulderLeft
-0.544698 0.6131826 1.844467 5 ElbowLeft
-0.7550894 0.6478452 1.869328 6 WristLeft
-0.778971 0.6528684 1.868576 7 HandLeft
0.06614879 0.5878437 1.758767 8 ShoulderRight
0.1209275 0.3262388 1.758982 9 ElbowRight
0.1398182 0.1068745 1.715536 10 WristRight
0.1369693 0.04831831 1.695081 11 HandRight
-0.1974952 0.1365628 1.787238 12 HipLeft
-0.2349418 -0.1633652 1.844674 13 KneeLeft
-0.1713032 -0.5400689 2.042034 14 AnkleLeft
-0.1966444 -0.6137865 1.9786 15 FootLeft
-0.05088034 0.1380364 1.776169 16 HipRight
-0.03386754 -0.1973989 1.856112 17 KneeRight
-0.04319261 -0.5552449 2.032437 18 AnkleRight
-0.04318468 -0.6180306 1.98111 19 FootRight
-0.08616129 0.6285635 1.78615 20 SpineShoulder
-0.8389814 0.6882278 1.911525 21 HandTipLeft
-0.771538 0.6095855 1.890619 22 ThumbLeft
0.1444003 -0.004713432 1.682355 23 HandTipRight
0.09669584 0.03577565 1.694062 24 ThumbRight
-0.1266142 0.1399652 1.816307 0 SpineBase
-0.1033356 0.423758 1.802761 1 SpineMid
-0.08054377 0.6945675 1.778645 2 Neck
-0.3047272 0.5888216 1.800333 4 ShoulderLeft
-0.5431246 0.6124467 1.845053 5 ElbowLeft
-0.7535328 0.6477653 1.869186 6 WristLeft
-0.7776229 0.653678 1.869101 7 HandLeft
0.06622847 0.5877643 1.758838 8 ShoulderRight
0.1209388 0.3263439 1.758767 9 ElbowRight
0.1397412 0.1069354 1.71555 10 WristRight
0.1367165 0.0486526 1.695921 11 HandRight
-0.1975161 0.136609 1.787246 12 HipLeft
-0.234989 -0.1631591 1.844646 13 KneeLeft
-0.1714313 -0.540072 2.042141 14 AnkleLeft
-0.1960686 -0.6140187 1.980141 15 FootLeft
-0.05087822 0.137997 1.776188 16 HipRight
-0.03379283 -0.2023827 1.861102 17 KneeRight
-0.04307695 -0.5550881 2.032372 18 AnkleRight
-0.04594857 -0.6170655 1.985109 19 FootRight
-0.0862159 0.6286089 1.786434 20 SpineShoulder
-0.8464291 0.6744509 1.91704 21 HandTipLeft
-0.7949676 0.6114559 1.896222 22 ThumbLeft
0.1453801 -0.004989868 1.683001 23 HandTipRight
0.09661716 0.03760159 1.693343 24 ThumbRight
-0.1265637 0.1403594 1.816287 0 SpineBase
-0.1033577 0.4238399 1.802814 1 SpineMid
-0.08060712 0.6945229 1.778774 2 Neck
-0.3044758 0.5917994 1.800062 4 ShoulderLeft
-0.5471674 0.6138472 1.845984 5 ElbowLeft
-0.7577171 0.6483729 1.869956 6 WristLeft
-0.7808381 0.6537971 1.86884 7 HandLeft
0.06629667 0.5878391 1.758942 8 ShoulderRight
0.1209312 0.3263153 1.75843 9 ElbowRight
0.1389654 0.1070306 1.714022 10 WristRight
0.1343981 0.04874909 1.693535 11 HandRight
-0.1974261 0.1370155 1.787256 12 HipLeft
-0.2349887 -0.163081 1.844636 13 KneeLeft
-0.1719398 -0.5402395 2.040948 14 AnkleLeft
-0.1957482 -0.6141828 1.980796 15 FootLeft
-0.05086504 0.1383717 1.776152 16 HipRight
-0.03359834 -0.2030433 1.861574 17 KneeRight
-0.04255845 -0.5544886 2.032216 18 AnkleRight
-0.04402736 -0.6167923 1.981887 19 FootRight
-0.08626717 0.6286035 1.786546 20 SpineShoulder
-0.8497673 0.6750256 1.918535 21 HandTipLeft
-0.7785022 0.6101976 1.890883 22 ThumbLeft
0.1443521 -0.004994455 1.683076 23 HandTipRight
0.09582283 0.03342709 1.690744 24 ThumbRight
-0.1266085 0.1419805 1.818832 0 SpineBase
-0.1023648 0.4253882 1.806825 1 SpineMid
-0.07796393 0.695668 1.784083 2 Neck
-0.3056017 0.5847704 1.806916 4 ShoulderLeft
-0.5408862 0.6129076 1.856762 5 ElbowLeft
-0.7507278 0.6541145 1.876917 6 WristLeft
-0.7778617 0.6624225 1.878108 7 HandLeft
0.06698243 0.5903826 1.765994 8 ShoulderRight
0.1211466 0.3267647 1.763869 9 ElbowRight
0.1364996 0.1076354 1.717658 10 WristRight
0.1335397 0.04777918 1.701263 11 HandRight
-0.1972436 0.1383653 1.788771 12 HipLeft
-0.2364071 -0.1640676 1.845803 13 KneeLeft
-0.1717779 -0.5435773 2.034901 14 AnkleLeft
-0.1949031 -0.6132752 1.983631 15 FootLeft
-0.05116919 0.1401166 1.779768 16 HipRight
-0.03917265 -0.2056949 1.865941 17 KneeRight
-0.04327958 -0.5566375 2.031996 18 AnkleRight
-0.05202351 -0.6185047 1.985162 19 FootRight
-0.08404902 0.6298431 1.791618 20 SpineShoulder
-0.8450379 0.7010999 1.925012 21 HandTipLeft
-0.7795625 0.6192186 1.90609 22 ThumbLeft
0.1401235 -0.004528847 1.687467 23 HandTipRight
0.1075193 0.03525725 1.675359 24 ThumbRight
-0.1267962 0.1417086 1.818869 0 SpineBase
-0.1023915 0.4251907 1.806655 1 SpineMid
-0.07783554 0.6954502 1.78349 2 Neck
-0.3061285 0.5834705 1.806867 4 ShoulderLeft
-0.5502732 0.6141946 1.859007 5 ElbowLeft
-0.7601092 0.6560103 1.878026 6 WristLeft
-0.78512 0.6604802 1.878493 7 HandLeft
0.06677942 0.5904761 1.765979 8 ShoulderRight
0.1207908 0.3267756 1.763963 9 ElbowRight
0.1362999 0.1076562 1.717705 10 WristRight
0.1323256 0.04869518 1.700712 11 HandRight
-0.1974842 0.1380369 1.788964 12 HipLeft
-0.2368765 -0.1643379 1.845956 13 KneeLeft
-0.1714563 -0.5435911 2.036413 14 AnkleLeft
-0.1918686 -0.6128845 1.991444 15 FootLeft
-0.05132708 0.1398516 1.779669 16 HipRight
-0.04036683 -0.2058311 1.865766 17 KneeRight
-0.04329707 -0.5567085 2.031946 18 AnkleRight
-0.05239695 -0.618837 1.984978 19 FootRight
-0.08397526 0.6296352 1.791175 20 SpineShoulder
-0.8518974 0.6976745 1.92924 21 HandTipLeft
-0.7889328 0.618508 1.898217 22 ThumbLeft
0.1407825 -0.004253459 1.68822 23 HandTipRight
0.09257734 0.01602885 1.6844 24 ThumbRight
-0.1269797 0.1415761 1.818605 0 SpineBase
-0.1028249 0.4251276 1.806692 1 SpineMid
-0.07901455 0.6955342 1.784144 2 Neck
-0.3065042 0.5826296 1.806662 4 ShoulderLeft
-0.5545059 0.6144006 1.859251 5 ElbowLeft
-0.7648472 0.6541144 1.877707 6 WristLeft
-0.7879281 0.6571761 1.876981 7 HandLeft
0.06632853 0.590889 1.766017 8 ShoulderRight
0.1204211 0.3265414 1.763857 9 ElbowRight
0.135654 0.1073696 1.717751 10 WristRight
0.1303867 0.04786758 1.698509 11 HandRight
-0.197705 0.1378311 1.788618 12 HipLeft
-0.2371773 -0.1646822 1.846008 13 KneeLeft
-0.1716431 -0.5435202 2.03738 14 AnkleLeft
-0.1967373 -0.6143817 1.977565 15 FootLeft
-0.05145912 0.1397973 1.779482 16 HipRight
-0.04292828 -0.2102508 1.867725 17 KneeRight
-0.04338267 -0.5569595 2.031749 18 AnkleRight
-0.05023395 -0.6217562 1.985737 19 FootRight
-0.08492627 0.6296761 1.791628 20 SpineShoulder
-0.8512716 0.6908768 1.923347 21 HandTipLeft
-0.785125 0.6141848 1.899034 22 ThumbLeft
0.1393559 -0.004575668 1.688187 23 HandTipRight
0.09266633 0.04424764 1.694999 24 ThumbRight
-0.1295652 0.139662 1.81745 0 SpineBase
-0.1050279 0.423623 1.804727 1 SpineMid
-0.08072595 0.6948943 1.781597 2 Neck
-0.3072292 0.5854636 1.80459 4 ShoulderLeft
-0.5506134 0.6121513 1.853874 5 ElbowLeft
-0.761783 0.6470102 1.873636 6 WristLeft
-0.7826948 0.6576103 1.873494 7 HandLeft
0.06458167 0.5909033 1.764676 8 ShoulderRight
0.1168867 0.3236574 1.763754 9 ElbowRight
0.1337037 0.1044938 1.718019 10 WristRight
0.1313413 0.04586777 1.701534 11 HandRight
-0.2004455 0.1360301 1.787721 12 HipLeft
-0.2401531 -0.1665411 1.847229 13 KneeLeft
-0.1722248 -0.5440193 2.037517 14 AnkleLeft
-0.1985451 -0.6156453 1.973859 15 FootLeft
-0.05369769 0.1379734 1.778148 16 HipRight
-0.04231236 -0.2048269 1.863104 17 KneeRight
-0.04405437 -0.5569748 2.03093 18 AnkleRight
-0.0524947 -0.620973 1.983266 19 FootRight
-0.0867487 0.6288489 1.789191 20 SpineShoulder
-0.8383064 0.6877168 1.910025 21 HandTipLeft
-0.7837532 0.6144588 1.888137 22 ThumbLeft
0.137607 -0.00488142 1.686325 23 HandTipRight
0.09191843 0.03564434 1.699315 24 ThumbRight
-0.1295665 0.1398089 1.817407 0 SpineBase
-0.1047571 0.4237384 1.804558 1 SpineMid
-0.07975312 0.6948741 1.781051 2 Neck
-0.3068244 0.5873835 1.80455 4 ShoulderLeft
-0.5454873 0.6109079 1.853033 5 ElbowLeft
-0.7565143 0.6464857 1.873056 6 WristLeft
-0.7808998 0.6569514 1.873361 7 HandLeft
0.06466886 0.5908079 1.764636 8 ShoulderRight
0.117039 0.3239377 1.763745 9 ElbowRight
0.1337492 0.1047542 1.718088 10 WristRight
0.1305782 0.0460442 1.701045 11 HandRight
-0.2004311 0.1362779 1.7876 12 HipLeft
-0.2401613 -0.1663638 1.84717 13 KneeLeft
-0.1723626 -0.5436702 2.03622 14 AnkleLeft
-0.1917841 -0.6165791 1.990868 15 FootLeft
-0.05370811 0.1380489 1.778148 16 HipRight
-0.04229156 -0.204885 1.863105 17 KneeRight
-0.04413816 -0.5575533 2.031111 18 AnkleRight
-0.05407177 -0.6217651 1.985044 19 FootRight
-0.08601232 0.6288834 1.788779 20 SpineShoulder
-0.8401871 0.6881891 1.911272 21 HandTipLeft
-0.7809535 0.6138939 1.902727 22 ThumbLeft
0.137641 -0.005101582 1.686421 23 HandTipRight
0.08895485 0.01288503 1.694167 24 ThumbRight
-0.1295094 0.1399057 1.817423 0 SpineBase
-0.1047653 0.4238783 1.804791 1 SpineMid
-0.07998525 0.6951182 1.781754 2 Neck
-0.3062044 0.5869214 1.804513 4 ShoulderLeft
-0.544489 0.6106126 1.853566 5 ElbowLeft
-0.7552996 0.6475227 1.873366 6 WristLeft
-0.7798535 0.6598423 1.875073 7 HandLeft
0.06490037 0.5907352 1.764745 8 ShoulderRight
0.1173677 0.3242242 1.763893 9 ElbowRight
0.1337869 0.1050379 1.718147 10 WristRight
0.1312481 0.0460982 1.701883 11 HandRight
-0.2003762 0.1363863 1.787602 12 HipLeft
-0.2401703 -0.1662066 1.847161 13 KneeLeft
-0.1719814 -0.5441508 2.037857 14 AnkleLeft
-0.1950749 -0.6176104 1.984503 15 FootLeft
-0.05365076 0.1381282 1.778182 16 HipRight
-0.04305571 -0.2057011 1.864089 17 KneeRight
-0.04390557 -0.5575604 2.03082 18 AnkleRight
-0.05440431 -0.6233048 1.984488 19 FootRight
-0.08617202 0.6290974 1.789349 20 SpineShoulder
-0.8479174 0.6915641 1.923437 21 HandTipLeft
-0.7908812 0.6196656 1.880808 22 ThumbLeft
0.1374889 -0.005137449 1.686936 23 HandTipRight
0.09215494 0.0417784 1.701572 24 ThumbRight
-0.126062 0.1406255 1.812537 0 SpineBase
-0.09623133 0.4223162 1.795683 1 SpineMid
-0.0662739 0.6905628 1.767527 2 Neck
-0.294976 0.5950992 1.795336 4 ShoulderLeft
-0.5434425 0.6197001 1.847268 5 ElbowLeft
-0.7538306 0.6596068 1.865362 6 WristLeft
-0.7721819 0.6680917 1.866482 7 HandLeft
0.07840777 0.589223 1.756711 8 ShoulderRight
0.1238433 0.3207543 1.758546 9 ElbowRight
0.1404657 0.1014645 1.714023 10 WristRight
0.1390997 0.04099526 1.696799 11 HandRight
-0.1966841 0.1379618 1.783188 12 HipLeft
-0.2367791 -0.1635377 1.842623 13 KneeLeft
-0.1726979 -0.5413561 2.040888 14 AnkleLeft
-0.1969564 -0.6140345 1.978985 15 FootLeft
-0.05052254 0.1379436 1.772755 16 HipRight
-0.03043247 -0.2038288 1.860274 17 KneeRight
-0.04292921 -0.5552366 2.031302 18 AnkleRight
-0.04362761 -0.6160813 1.983164 19 FootRight
-0.07375807 0.6253088 1.77647 20 SpineShoulder
-0.815429 0.7022407 1.893021 21 HandTipLeft
-0.7779387 0.6259365 1.891923 22 ThumbLeft
0.1428263 -0.01142102 1.682718 23 HandTipRight
0.09927684 0.03678498 1.700538 24 ThumbRight
-0.1258144 0.1404784 1.812692 0 SpineBase
-0.09587538 0.422034 1.795608 1 SpineMid
-0.06585269 0.6902081 1.767269 2 Neck
-0.2942306 0.5953564 1.795319 4 ShoulderLeft
-0.5467154 0.6216348 1.848601 5 ElbowLeft
-0.7569947 0.6615868 1.867276 6 WristLeft
-0.7755642 0.6712125 1.870341 7 HandLeft
0.07895834 0.5890278 1.756641 8 ShoulderRight
0.1242073 0.3199808 1.758654 9 ElbowRight
0.1408189 0.1007059 1.714032 10 WristRight
0.1377435 0.04094142 1.697555 11 HandRight
-0.1964687 0.1380019 1.783367 12 HipLeft
-0.2368667 -0.1636863 1.842709 13 KneeLeft
-0.1743347 -0.5409684 2.04155 14 AnkleLeft
-0.1965381 -0.6132321 1.982245 15 FootLeft
-0.05020989 0.1375318 1.772943 16 HipRight
-0.03333279 -0.201816 1.859197 17 KneeRight
-0.04285869 -0.5556719 2.031055 18 AnkleRight
-0.04819339 -0.6164631 1.987938 19 FootRight
-0.07334944 0.624972 1.776267 20 SpineShoulder
-0.8305824 0.702188 1.910704 21 HandTipLeft
-0.7737374 0.6252341 1.888212 22 ThumbLeft
0.1421159 -0.01274455 1.68325 23 HandTipRight
0.1073116 0.02856361 1.677904 24 ThumbRight
-0.1257149 0.1404471 1.81283 0 SpineBase
-0.09569377 0.4219855 1.795683 1 SpineMid
-0.06561046 0.6901761 1.767326 2 Neck
-0.2938998 0.5953888 1.795352 4 ShoulderLeft
-0.5380467 0.6185876 1.847685 5 ElbowLeft
-0.7477667 0.6609021 1.867163 6 WristLeft
-0.7695849 0.6702948 1.869406 7 HandLeft
0.07920197 0.5892261 1.756476 8 ShoulderRight
0.1241521 0.3197626 1.758665 9 ElbowRight
0.140594 0.1003481 1.71481 10 WristRight
0.1361514 0.04158801 1.698555 11 HandRight
-0.1963577 0.1380308 1.783499 12 HipLeft
-0.2370452 -0.163769 1.842821 13 KneeLeft
-0.173445 -0.5423521 2.037654 14 AnkleLeft
-0.1980375 -0.614119 1.978086 15 FootLeft
-0.05012926 0.1374415 1.773107 16 HipRight
-0.03383019 -0.202615 1.859709 17 KneeRight
-0.04294041 -0.5556999 2.031107 18 AnkleRight
-0.05057067 -0.616621 1.990513 19 FootRight
-0.07312082 0.6249336 1.776329 20 SpineShoulder
-0.8258 0.701521 1.90502 21 HandTipLeft
-0.7734417 0.626387 1.892965 22 ThumbLeft
0.1417065 -0.01319819 1.684539 23 HandTipRight
0.09726182 0.02392903 1.687571 24 ThumbRight
-0.1315289 0.1366124 1.815227 0 SpineBase
-0.1030324 0.4209316 1.804135 1 SpineMid
-0.07373239 0.6921014 1.782514 2 Neck
-0.2990959 0.5833428 1.800688 4 ShoulderLeft
-0.5431946 0.6072469 1.843583 5 ElbowLeft
-0.75482 0.6393913 1.863851 6 WristLeft
-0.7794933 0.6508276 1.857406 7 HandLeft
0.06987162 0.5879362 1.764444 8 ShoulderRight
0.1194996 0.3163557 1.767266 9 ElbowRight
0.1342772 0.09709895 1.721323 10 WristRight
0.1284594 0.03679964 1.702828 11 HandRight
-0.2022441 0.1338465 1.784621 12 HipLeft
-0.2445836 -0.1684895 1.847113 13 KneeLeft
-0.1730984 -0.5505419 2.03221 14 AnkleLeft
-0.1898723 -0.6175021 2.008688 15 FootLeft
-0.0558022 0.1341038 1.776699 16 HipRight
-0.04758077 -0.214449 1.86184 17 KneeRight
-0.0463776 -0.5582148 2.030245 18 AnkleRight
-0.04121776 -0.6200408 1.974209 19 FootRight
-0.08112296 0.625994 1.789688 20 SpineShoulder
-0.8445103 0.6857208 1.904008 21 HandTipLeft
-0.7798418 0.6055243 1.87781 22 ThumbLeft
0.1337853 -0.01781971 1.690432 23 HandTipRight
0.09026982 0.03347356 1.697551 24 ThumbRight
-0.131621 0.136256 1.81475 0 SpineBase
-0.1023653 0.4204971 1.803429 1 SpineMid
-0.07250151 0.6917022 1.78141 2 Neck
-0.2993748 0.582383 1.799964 4 ShoulderLeft
-0.5454098 0.6087638 1.84196 5 ElbowLeft
-0.7572491 0.6405114 1.861136 6 WristLeft
-0.780973 0.6510003 1.853183 7 HandLeft
0.06987539 0.5879065 1.76446 8 ShoulderRight
0.1193201 0.3164447 1.767347 9 ElbowRight
0.134278 0.097201 1.7214 10 WristRight
0.1286617 0.03719516 1.703962 11 HandRight
-0.2024285 0.1335633 1.783899 12 HipLeft
-0.2453313 -0.1688564 1.846767 13 KneeLeft
-0.1725962 -0.5529168 2.032885 14 AnkleLeft
-0.1897004 -0.6177768 2.008759 15 FootLeft
-0.05581657 0.1337278 1.776423 16 HipRight
-0.04726603 -0.2154659 1.861911 17 KneeRight
-0.04613749 -0.5584977 2.030052 18 AnkleRight
-0.03956965 -0.6241625 1.974283 19 FootRight
-0.08000318 0.6256019 1.78872 20 SpineShoulder
-0.844675 0.6818634 1.900509 21 HandTipLeft
-0.7721921 0.6055481 1.8695 22 ThumbLeft
0.1329957 -0.01784274 1.690698 23 HandTipRight
0.0907945 0.03280545 1.697222 24 ThumbRight
-0.1318669 0.1358542 1.814597 0 SpineBase
-0.1026726 0.4203445 1.803436 1 SpineMid
-0.07329376 0.6917448 1.78161 2 Neck
-0.299801 0.5808339 1.799714 4 ShoulderLeft
-0.5459414 0.6090891 1.840942 5 ElbowLeft
-0.758033 0.6404784 1.858745 6 WristLeft
-0.78101 0.6500852 1.851733 7 HandLeft
0.06985806 0.5878175 1.764395 8 ShoulderRight
0.1192288 0.3164223 1.767398 9 ElbowRight
0.1342482 0.09715685 1.721611 10 WristRight
0.1285781 0.03681791 1.704731 11 HandRight
-0.2026801 0.1332733 1.78374 12 HipLeft
-0.2456547 -0.1691613 1.846627 13 KneeLeft
-0.1731757 -0.5522195 2.033022 14 AnkleLeft
-0.189678 -0.6182324 2.009606 15 FootLeft
-0.05604007 0.1332119 1.776293 16 HipRight
-0.04807759 -0.2149534 1.861844 17 KneeRight
-0.04633137 -0.5584247 2.029886 18 AnkleRight
-0.04042079 -0.6210736 1.974858 19 FootRight
-0.08062668 0.625592 1.78887 20 SpineShoulder
-0.8428909 0.6796349 1.890501 21 HandTipLeft
-0.7754134 0.6047713 1.874385 22 ThumbLeft
0.1325667 -0.01769956 1.690608 23 HandTipRight
0.08940531 0.03286636 1.701148 24 ThumbRight
-0.1657914 0.1150855 1.823611 0 SpineBase
-0.1394329 0.4040292 1.810557 1 SpineMid
-0.1137319 0.6801088 1.786926 2 Neck
-0.2953504 0.5510433 1.782333 4 ShoulderLeft
-0.3762845 0.3253802 1.827926 5 ElbowLeft
-0.3995597 0.1065347 1.774006 6 WristLeft
-0.3923544 0.06959052 1.767304 7 HandLeft
0.02696326 0.5752875 1.768783 8 ShoulderRight
0.0737085 0.3110395 1.768611 9 ElbowRight
0.07756519 0.08979067 1.733439 10 WristRight
0.06830806 0.02860869 1.721795 11 HandRight
-0.2365653 0.1117184 1.79082 12 HipLeft
-0.2439156 -0.220809 1.891826 13 KneeLeft
-0.1769399 -0.5517327 2.031733 14 AnkleLeft
-0.1957788 -0.618853 1.992092 15 FootLeft
-0.08896606 0.1136789 1.78753 16 HipRight
-0.06611302 -0.2295917 1.867937 17 KneeRight
-0.04765758 -0.5633264 2.029396 18 AnkleRight
-0.05248535 -0.6306537 1.975795 19 FootRight
-0.1201434 0.61286 1.79471 20 SpineShoulder
-0.3873864 0.01103877 1.77483 21 HandTipLeft
-0.354857 0.06329794 1.73152 22 ThumbLeft
0.07458806 -0.02658647 1.715378 23 HandTipRight
0.0350385 0.0379545 1.705262 24 ThumbRight
-0.170121 0.1136325 1.822716 0 SpineBase
-0.1441768 0.4035099 1.810514 1 SpineMid
-0.1199198 0.6811346 1.788627 2 Neck
-0.3096147 0.5497764 1.785212 4 ShoulderLeft
-0.3912041 0.3253945 1.823045 5 ElbowLeft
-0.4469004 0.1203257 1.749391 6 WristLeft
-0.4622504 0.07225361 1.737841 7 HandLeft
0.01793558 0.5735364 1.767431 8 ShoulderRight
0.06460799 0.3119726 1.767824 9 ElbowRight
0.0694112 0.09136556 1.727649 10 WristRight
0.06033494 0.03013944 1.71627 11 HandRight
-0.2404165 0.1105632 1.789683 12 HipLeft
-0.2363965 -0.2419372 1.908882 13 KneeLeft
-0.1817215 -0.5542957 2.033294 14 AnkleLeft
-0.1877378 -0.6248682 1.984329 15 FootLeft
-0.09346897 0.1121716 1.786854 16 HipRight
-0.08399354 -0.2555854 1.868711 17 KneeRight
-0.056679 -0.5632343 2.018983 18 AnkleRight
-0.05629242 -0.6299972 1.971013 19 FootRight
-0.1263475 0.613292 1.795903 20 SpineShoulder
-0.47878 0.02027468 1.741222 21 HandTipLeft
-0.4260903 0.05800075 1.739839 22 ThumbLeft
0.06545303 -0.02693376 1.707505 23 HandTipRight
0.03394475 0.01044388 1.686682 24 ThumbRight
-0.1785532 0.1105833 1.824087 0 SpineBase
-0.1495756 0.402346 1.811627 1 SpineMid
-0.1221991 0.6809713 1.789064 2 Neck
-0.3188248 0.5471139 1.785009 4 ShoulderLeft
-0.4235429 0.3312048 1.810808 5 ElbowLeft
-0.4966259 0.130204 1.742756 6 WristLeft
-0.5175026 0.08515988 1.728575 7 HandLeft
0.0110506 0.5710743 1.767939 8 ShoulderRight
0.05745391 0.3101943 1.768761 9 ElbowRight
0.0650262 0.09008193 1.725801 10 WristRight
0.0554979 0.02719141 1.715232 11 HandRight
-0.2487627 0.1076345 1.790941 12 HipLeft
-0.2735252 -0.212685 1.876352 13 KneeLeft
-0.1854182 -0.55645 2.036525 14 AnkleLeft
-0.1775932 -0.6259646 1.97984 15 FootLeft
-0.1015688 0.1092425 1.788297 16 HipRight
-0.1131479 -0.2574788 1.836127 17 KneeRight
-0.06242091 -0.5641495 2.009513 18 AnkleRight
-0.07285626 -0.6297842 1.964618 19 FootRight
-0.1291051 0.613018 1.796494 20 SpineShoulder
-0.537723 0.02394157 1.730605 21 HandTipLeft
-0.4887118 0.05018351 1.756308 22 ThumbLeft
0.05870335 -0.02793119 1.703894 23 HandTipRight
0.03104014 0.02942673 1.688281 24 ThumbRight
0.05239232 -0.1274439 0.9153466 0 SpineBase
0.07069003 0.1452085 0.8561341 1 SpineMid
-0.08113106 0.3398786 0.7411749 4 ShoulderLeft
-0.1830487 0.1332275 0.695492 5 ElbowLeft
-0.1436169 -0.06990773 0.5934097 6 WristLeft
-0.1459037 -0.1230008 0.5960691 7 HandLeft
0.1990615 0.3513002 0.8060762 8 ShoulderRight
0.2735472 0.05254418 0.8259754 9 ElbowRight
0.4371315 -0.06793701 0.7269238 10 WristRight
0.4577296 -0.0778866 0.7352666 11 HandRight
-0.0314433 -0.1296786 0.8661436 12 HipLeft
-0.06772249 -0.4030029 0.8927587 13 KneeLeft
-0.03213235 -0.7115961 1.024432 14 AnkleLeft
0.1319055 -0.1155782 0.8954126 16 HipRight
0.1531007 -0.3997458 0.8234404 17 KneeRight
0.05225737 -0.6613218 1.00909 18 AnkleRight
0.08248676 0.3375334 0.8040363 20 SpineShoulder
-0.1262382 -0.1694784 0.6011251 21 HandTipLeft
-0.1076953 -0.1043241 0.5683913 22 ThumbLeft
0.08081103 -0.1592886 0.8644028 0 SpineBase
0.1048324 0.06740058 0.8165051 1 SpineMid
-0.0568605 0.3102314 0.6921351 4 ShoulderLeft
-0.1781356 0.1172074 0.6306002 5 ElbowLeft
-0.11398 -0.09743932 0.5762899 6 WristLeft
0.2251007 0.3130368 0.7486905 8 ShoulderRight
0.3297984 0.0869029 0.7593507 9 ElbowRight
0.428664 -0.08765712 0.6517685 10 WristRight
0.440776 -0.09196314 0.6583981 11 HandRight
-0.008916817 -0.1601859 0.818381 12 HipLeft
-0.06235243 -0.4876119 0.8169585 13 KneeLeft
0.1637286 -0.1457813 0.8417616 16 HipRight
0.1846886 -0.4793038 0.7615572 17 KneeRight
0.1203381 0.2270195 0.7708013 20 SpineShoulder
-0.1059278 -0.1924733 0.5632092 21 HandTipLeft
-0.1694635 -0.1632991 0.5832 22 ThumbLeft
0.4532132 -0.117316 0.638221 23 HandTipRight
0.4167124 -0.05478095 0.5966667 24 ThumbRight
0.1275483 -0.2081625 0.8444058 0 SpineBase
0.1420334 0.01768349 0.7918112 1 SpineMid
0.1519181 0.2280089 0.7224669 2 Neck
0.007065332 0.2027065 0.6868111 4 ShoulderLeft
-0.2076419 0.1776508 0.5933533 5 ElbowLeft
-0.1206108 -0.09531012 0.5579828 7 HandLeft
0.2589581 0.2672947 0.7153912 8 ShoulderRight
0.3714259 0.06741709 0.7117898 9 ElbowRight
0.4138441 -0.1394184 0.6266348 10 WristRight
0.4034399 -0.143999 0.6034274 11 HandRight
0.02908411 -0.2071382 0.7972566 12 HipLeft
-0.08737984 -0.5155342 0.7992833 13 KneeLeft
0.2152508 -0.1926298 0.8241214 16 HipRight
0.2068528 -0.5114983 0.6781178 17 KneeRight
0.1501069 0.1779486 0.7420304 20 SpineShoulder
0.3891614 -0.1440641 0.5873528 23 HandTipRight
0.365793 -0.125461 0.5565 24 ThumbRight
