X              Y         Z      JointType 
-0.040239 0.1044145 1.774394 0 SpineBase
-0.01348668 0.3803428 1.717295 1 SpineMid
0.01244695 0.6440313 1.649606 2 Neck
-0.1722327 0.5363926 1.711037 4 ShoulderLeft
-0.2725956 0.3367064 1.792123 5 ElbowLeft
-0.3727283 0.1638748 1.784847 6 WristLeft
-0.403067 0.1211778 1.786841 7 HandLeft
0.1356544 0.5054381 1.638906 8 ShoulderRight
0.1923699 0.2817112 1.667372 9 ElbowRight
-0.1100551 0.1096827 1.751956 12 HipLeft
-0.0238375 -0.2167615 1.656909 13 KneeLeft
-0.01182913 -0.598389 1.653404 14 AnkleLeft
-0.05477905 -0.6816406 1.591797 15 FootLeft
0.03112681 0.09524719 1.73065 16 HipRight
-0.02438448 -0.2533354 1.654824 17 KneeRight
-0.004123111 -0.6083395 1.649431 18 AnkleRight
-0.06069946 -0.6767578 1.579102 19 FootRight
0.006072796 0.5798684 1.668351 20 SpineShoulder
-0.4627978 0.04210052 1.826666 21 HandTipLeft
-0.4053415 0.09915375 1.747219 22 ThumbLeft
-0.04177872 0.1071856 1.815631 0 SpineBase
-0.01680631 0.3870166 1.75738 1 SpineMid
0.007500874 0.6547021 1.688595 2 Neck
-0.1785835 0.5449444 1.740608 4 ShoulderLeft
-0.2794648 0.3454036 1.817163 5 ElbowLeft
-0.3794578 0.1720129 1.810192 6 WristLeft
-0.4155379 0.1342095 1.819991 7 HandLeft
0.1342169 0.5233977 1.683964 8 ShoulderRight
0.1907139 0.2967647 1.719728 9 ElbowRight
-0.1121889 0.1104672 1.790161 12 HipLeft
-0.03282804 -0.2019466 1.745286 13 KneeLeft
0.009454329 -0.587193 1.810263 14 AnkleLeft
-0.009070586 -0.6334742 1.690754 15 FootLeft
0.03023731 0.1000408 1.774432 16 HipRight
-0.02641734 -0.2414131 1.716127 17 KneeRight
0.03104468 -0.5935742 1.822944 18 AnkleRight
0.01083474 -0.659201 1.723505 19 FootRight
0.001516608 0.5895277 1.707627 20 SpineShoulder
-0.4835366 0.06342395 1.852396 21 HandTipLeft
-0.4104159 0.1081439 1.780383 22 ThumbLeft
-0.04618793 0.1111044 1.840552 0 SpineBase
-0.02035528 0.3932324 1.79165 1 SpineMid
0.005038438 0.6633856 1.73235 2 Neck
-0.1797646 0.5515966 1.779917 4 ShoulderLeft
-0.2745524 0.3470946 1.843923 5 ElbowLeft
-0.3664737 0.1693385 1.845132 6 WristLeft
-0.3972783 0.1255893 1.852285 7 HandLeft
0.1337305 0.5325035 1.725658 8 ShoulderRight
0.1934374 0.3023535 1.757279 9 ElbowRight
-0.1168689 0.1136119 1.814778 12 HipLeft
-0.07438909 -0.2378452 1.892768 13 KneeLeft
-0.002858138 -0.5828664 2.001092 14 AnkleLeft
0.02830505 -0.6469727 1.922852 15 FootLeft
0.02622143 0.1045744 1.799379 16 HipRight
0.005862901 -0.2430461 1.800104 17 KneeRight
-0.03353827 -0.584719 2.03139 18 AnkleRight
0.01892648 -0.6437316 1.917943 19 FootRight
-0.001235885 0.5975768 1.749023 20 SpineShoulder
-0.4712086 0.05476232 1.889267 21 HandTipLeft
-0.396614 0.0967344 1.812864 22 ThumbLeft
-0.04462013 0.1094856 1.853916 0 SpineBase
-0.01850319 0.3961742 1.811697 1 SpineMid
0.006893456 0.6718107 1.759695 2 Neck
-0.178527 0.5594591 1.802548 4 ShoulderLeft
-0.2638759 0.3441539 1.86562 5 ElbowLeft
-0.3480433 0.1618923 1.868272 6 WristLeft
-0.3713365 0.1138563 1.874582 7 HandLeft
0.1348549 0.5386771 1.750612 8 ShoulderRight
0.1941769 0.3081254 1.774932 9 ElbowRight
-0.1154897 0.1123493 1.826461 12 HipLeft
-0.08271126 -0.2346023 1.92036 13 KneeLeft
-0.009547152 -0.5896916 2.039371 14 AnkleLeft
0.001079468 -0.6552981 1.97341 15 FootLeft
0.02791482 0.1026474 1.814121 16 HipRight
0.01532675 -0.2550088 1.884111 17 KneeRight
0.05392744 -0.583468 1.99733 18 AnkleRight
0.02464726 -0.6480834 1.940908 19 FootRight
0.0006425977 0.6045588 1.774511 20 SpineShoulder
-0.4404624 0.03957472 1.922935 21 HandTipLeft
-0.3671114 0.08965293 1.834617 22 ThumbLeft
-0.04050214 0.1083264 1.860399 0 SpineBase
-0.01544172 0.3975948 1.820928 1 SpineMid
0.008556325 0.6752453 1.771798 2 Neck
-0.1776176 0.5586169 1.807888 4 ShoulderLeft
-0.2590098 0.3405159 1.871968 5 ElbowLeft
-0.3403565 0.1566232 1.875622 6 WristLeft
-0.3601342 0.1104512 1.878782 7 HandLeft
0.1356612 0.5401849 1.758436 8 ShoulderRight
0.1940043 0.3107753 1.784352 9 ElbowRight
-0.1111011 0.1105105 1.833001 12 HipLeft
-0.07650262 -0.2566312 1.937047 13 KneeLeft
-0.01357984 -0.5887566 2.039679 14 AnkleLeft
-0.006784501 -0.6549452 1.981899 15 FootLeft
0.03162222 0.102165 1.820195 16 HipRight
0.01763369 -0.2556681 1.8957 17 KneeRight
0.05479405 -0.5653058 1.996906 18 AnkleRight
0.02599305 -0.6465139 1.947017 19 FootRight
0.002688923 0.6075295 1.785886 20 SpineShoulder
-0.4254694 0.0332588 1.927152 21 HandTipLeft
-0.3522301 0.08148984 1.839357 22 ThumbLeft
-0.03742432 0.1079705 1.865221 0 SpineBase
-0.0138145 0.398576 1.826102 1 SpineMid
0.009715989 0.6772838 1.778607 2 Neck
-0.1741277 0.5615752 1.821798 4 ShoulderLeft
-0.2519171 0.3388411 1.875785 5 ElbowLeft
-0.3298198 0.1528183 1.875875 6 WristLeft
-0.3473387 0.1085135 1.869171 7 HandLeft
0.1360501 0.541347 1.762915 8 ShoulderRight
0.1946687 0.3112684 1.788906 9 ElbowRight
-0.1068576 0.1094009 1.83858 12 HipLeft
-0.06831534 -0.2364933 1.931011 13 KneeLeft
-0.02453887 -0.5858824 2.042751 14 AnkleLeft
-0.01551209 -0.6528491 1.995785 15 FootLeft
0.03362839 0.1023783 1.824086 16 HipRight
0.02121163 -0.2669439 1.914825 17 KneeRight
0.0531738 -0.5837862 2.013456 18 AnkleRight
0.02945112 -0.6458718 1.948698 19 FootRight
0.00389953 0.6093655 1.792237 20 SpineShoulder
-0.414363 0.03006409 1.9104 21 HandTipLeft
-0.3401201 0.08108051 1.829616 22 ThumbLeft
-0.03364396 0.1071735 1.868355 0 SpineBase
-0.009798553 0.3980818 1.833587 1 SpineMid
0.01312418 0.6768576 1.790226 2 Neck
-0.1691141 0.5643464 1.837743 4 ShoulderLeft
-0.2454091 0.3383485 1.878033 5 ElbowLeft
-0.3200026 0.1505224 1.869538 6 WristLeft
-0.3401029 0.1057357 1.851498 7 HandLeft
0.1385415 0.5423332 1.769931 8 ShoulderRight
0.196713 0.312475 1.791226 9 ElbowRight
-0.1025231 0.1084219 1.842045 12 HipLeft
-0.06453063 -0.2448997 1.93709 13 KneeLeft
-0.02384832 -0.585591 2.042188 14 AnkleLeft
-0.0268091 -0.6511034 1.99649 15 FootLeft
0.03663455 0.10185 1.826608 16 HipRight
0.02917181 -0.2660674 1.918753 17 KneeRight
0.05315992 -0.5862459 2.014341 18 AnkleRight
0.03991915 -0.6459394 1.94805 19 FootRight
0.007515487 0.6089247 1.802834 20 SpineShoulder
-0.4060594 0.02562573 1.88562 21 HandTipLeft
-0.3333429 0.0805761 1.809976 22 ThumbLeft
-0.02880607 0.1084506 1.870138 0 SpineBase
-0.005216608 0.3996636 1.839357 1 SpineMid
0.01727759 0.6785334 1.800058 2 Neck
-0.1642047 0.5680946 1.85213 4 ShoulderLeft
-0.2366167 0.3395699 1.879941 5 ElbowLeft
-0.3101793 0.1514794 1.860918 6 WristLeft
-0.3334498 0.1036684 1.841496 7 HandLeft
0.1422067 0.5443335 1.777716 8 ShoulderRight
0.1982922 0.3136961 1.793495 9 ElbowRight
-0.09723319 0.1092689 1.844222 12 HipLeft
-0.06350371 -0.2439757 1.937518 13 KneeLeft
-0.02386279 -0.5857406 2.042387 14 AnkleLeft
-0.02687013 -0.6494433 1.996008 15 FootLeft
0.04083672 0.1035419 1.827855 16 HipRight
0.03074935 -0.266063 1.919115 17 KneeRight
0.05218548 -0.586753 2.014714 18 AnkleRight
0.04030516 -0.6458702 1.948707 19 FootRight
0.01180431 0.6105888 1.811644 20 SpineShoulder
-0.3971354 0.02713276 1.868616 21 HandTipLeft
-0.3231916 0.08235167 1.800435 22 ThumbLeft
-0.02606578 0.1071901 1.871148 0 SpineBase
-0.002931959 0.3990189 1.84166 1 SpineMid
0.01925101 0.6784416 1.803261 2 Neck
-0.1621746 0.5669085 1.853348 4 ShoulderLeft
-0.2314596 0.3394336 1.8807 5 ElbowLeft
-0.3050805 0.1515566 1.858912 6 WristLeft
-0.3249701 0.1025257 1.842511 7 HandLeft
0.1446425 0.5447759 1.781332 8 ShoulderRight
0.1998628 0.3129895 1.794469 9 ElbowRight
-0.0947511 0.1082896 1.845161 12 HipLeft
-0.06294125 -0.2438183 1.937575 13 KneeLeft
-0.02288274 -0.5899667 2.044001 14 AnkleLeft
-0.02732398 -0.653728 1.993309 15 FootLeft
0.04367375 0.1020749 1.828811 16 HipRight
0.03274987 -0.2669734 1.919751 17 KneeRight
0.05226878 -0.5872036 2.014811 18 AnkleRight
0.04033974 -0.645879 1.948946 19 FootRight
0.0138466 0.61035 1.814644 20 SpineShoulder
-0.3893787 0.02613617 1.865783 21 HandTipLeft
-0.3223405 0.08774884 1.798846 22 ThumbLeft
-0.02208809 0.106508 1.87357 0 SpineBase
0.001842089 0.3991362 1.846139 1 SpineMid
0.02470244 0.6794063 1.809074 2 Neck
-0.1582824 0.5667717 1.858659 4 ShoulderLeft
-0.2263014 0.3379673 1.884168 5 ElbowLeft
-0.2986104 0.1496997 1.860827 6 WristLeft
-0.3192487 0.1030425 1.853264 7 HandLeft
0.1482088 0.5455399 1.785859 8 ShoulderRight
0.2037739 0.3120001 1.796123 9 ElbowRight
-0.09058256 0.1074665 1.84779 12 HipLeft
-0.06117916 -0.2432595 1.937553 13 KneeLeft
-0.02392497 -0.588861 2.044022 14 AnkleLeft
-0.02679148 -0.6545278 1.992526 15 FootLeft
0.04728008 0.101583 1.830864 16 HipRight
0.03563881 -0.2673917 1.920854 17 KneeRight
0.05089418 -0.588953 2.01547 18 AnkleRight
0.04127976 -0.6480366 1.948243 19 FootRight
0.0191231 0.6110941 1.820174 20 SpineShoulder
-0.3838478 0.02593435 1.874884 21 HandTipLeft
-0.3091468 0.07442505 1.816167 22 ThumbLeft
-0.02079511 0.1062454 1.874257 0 SpineBase
0.003376417 0.3991001 1.847427 1 SpineMid
0.02649181 0.6795849 1.810803 2 Neck
-0.1563362 0.5676314 1.86076 4 ShoulderLeft
-0.2242761 0.3381705 1.885501 5 ElbowLeft
-0.2956674 0.1494681 1.863297 6 WristLeft
-0.3176786 0.1041538 1.857461 7 HandLeft
0.1499142 0.5452121 1.786924 8 ShoulderRight
0.2051048 0.3123221 1.796885 9 ElbowRight
-0.08910576 0.1072172 1.849045 12 HipLeft
-0.0604553 -0.2432598 1.937618 13 KneeLeft
-0.02304405 -0.5873067 2.043254 14 AnkleLeft
-0.0265476 -0.6540303 1.992576 15 FootLeft
0.04843893 0.1013152 1.83106 16 HipRight
0.03646754 -0.2673935 1.921323 17 KneeRight
0.0508051 -0.5896773 2.015382 18 AnkleRight
0.0408938 -0.6499758 1.948788 19 FootRight
0.02084615 0.6112184 1.821803 20 SpineShoulder
-0.3856979 0.02623318 1.883723 21 HandTipLeft
-0.3082286 0.07451857 1.819483 22 ThumbLeft
-0.02079511 0.1062454 1.874257 0 SpineBase
0.003376417 0.3991001 1.847427 1 SpineMid
0.02649181 0.6795849 1.810803 2 Neck
-0.1563362 0.5676314 1.86076 4 ShoulderLeft
-0.2242761 0.3381705 1.885501 5 ElbowLeft
-0.2956674 0.1494681 1.863297 6 WristLeft
-0.3176786 0.1041538 1.857461 7 HandLeft
0.1499142 0.5452121 1.786924 8 ShoulderRight
0.2051048 0.3123221 1.796885 9 ElbowRight
-0.08910576 0.1072172 1.849045 12 HipLeft
-0.0604553 -0.2432598 1.937618 13 KneeLeft
-0.02304405 -0.5873067 2.043254 14 AnkleLeft
-0.0265476 -0.6540303 1.992576 15 FootLeft
0.04843893 0.1013152 1.83106 16 HipRight
0.03646754 -0.2673935 1.921323 17 KneeRight
0.0508051 -0.5896773 2.015382 18 AnkleRight
0.0408938 -0.6499758 1.948788 19 FootRight
0.02084615 0.6112184 1.821803 20 SpineShoulder
-0.3856979 0.02623318 1.883723 21 HandTipLeft
-0.3082286 0.07451857 1.819483 22 ThumbLeft
-0.02079511 0.1062454 1.874257 0 SpineBase
0.003376417 0.3991001 1.847427 1 SpineMid
0.02649181 0.6795849 1.810803 2 Neck
-0.1563362 0.5676314 1.86076 4 ShoulderLeft
-0.2242761 0.3381705 1.885501 5 ElbowLeft
-0.2956674 0.1494681 1.863297 6 WristLeft
-0.3176786 0.1041538 1.857461 7 HandLeft
0.1499142 0.5452121 1.786924 8 ShoulderRight
0.2051048 0.3123221 1.796885 9 ElbowRight
-0.08910576 0.1072172 1.849045 12 HipLeft
-0.0604553 -0.2432598 1.937618 13 KneeLeft
-0.02304405 -0.5873067 2.043254 14 AnkleLeft
-0.0265476 -0.6540303 1.992576 15 FootLeft
0.04843893 0.1013152 1.83106 16 HipRight
0.03646754 -0.2673935 1.921323 17 KneeRight
0.0508051 -0.5896773 2.015382 18 AnkleRight
0.0408938 -0.6499758 1.948788 19 FootRight
0.02084615 0.6112184 1.821803 20 SpineShoulder
-0.3856979 0.02623318 1.883723 21 HandTipLeft
-0.3082286 0.07451857 1.819483 22 ThumbLeft
-0.01552919 0.1031988 1.876813 0 SpineBase
0.01021636 0.3976731 1.851857 1 SpineMid
0.03526288 0.679792 1.816798 2 Neck
-0.1498766 0.5674791 1.864474 4 ShoulderLeft
-0.2182583 0.3384044 1.891717 5 ElbowLeft
-0.2907634 0.1498839 1.880232 6 WristLeft
-0.3124368 0.1097559 1.875695 7 HandLeft
0.1588125 0.5426834 1.790765 8 ShoulderRight
0.2117566 0.3117151 1.800954 9 ElbowRight
-0.08435655 0.1042731 1.851491 12 HipLeft
-0.0578448 -0.2421959 1.937446 13 KneeLeft
-0.02310907 -0.5865975 2.043477 14 AnkleLeft
-0.02658671 -0.6555066 1.990384 15 FootLeft
0.05395202 0.09828812 1.833382 16 HipRight
0.04039726 -0.2569428 1.918892 17 KneeRight
0.04963167 -0.588815 2.015284 18 AnkleRight
0.04017348 -0.6520014 1.948222 19 FootRight
0.02911176 0.6110029 1.827421 20 SpineShoulder
-0.3847257 0.03331062 1.904357 21 HandTipLeft
-0.3094895 0.07743458 1.837088 22 ThumbLeft
-0.014489 0.1028698 1.877417 0 SpineBase
0.01139629 0.3976217 1.852512 1 SpineMid
0.03649551 0.6799544 1.81734 2 Neck
-0.148417 0.5678598 1.865889 4 ShoulderLeft
-0.2171226 0.3386283 1.892893 5 ElbowLeft
-0.2898594 0.1502267 1.88167 6 WristLeft
-0.3119073 0.1094181 1.877547 7 HandLeft
0.1601416 0.5432842 1.791794 8 ShoulderRight
0.2132694 0.31216 1.8018 9 ElbowRight
-0.0832324 0.103844 1.852349 12 HipLeft
-0.05747499 -0.2422394 1.937712 13 KneeLeft
-0.02262856 -0.5860439 2.043571 14 AnkleLeft
-0.02682803 -0.654347 1.991013 15 FootLeft
0.05487966 0.09805828 1.833703 16 HipRight
0.04137747 -0.2558958 1.918847 17 KneeRight
0.06112444 -0.5846211 2.009984 18 AnkleRight
0.0402429 -0.6480557 1.95035 19 FootRight
0.0303382 0.6111194 1.828002 20 SpineShoulder
-0.3833159 0.03154059 1.904932 21 HandTipLeft
-0.3083313 0.0791324 1.837552 22 ThumbLeft
-0.0131063 0.10238 1.878405 0 SpineBase
0.01157712 0.3975479 1.852789 1 SpineMid
0.03627921 0.6799399 1.817283 2 Neck
-0.1476866 0.5687546 1.865811 4 ShoulderLeft
-0.2146707 0.3384503 1.8948 5 ElbowLeft
-0.2877704 0.15025 1.882438 6 WristLeft
-0.30848 0.1055307 1.87358 7 HandLeft
0.1614934 0.5433825 1.792579 8 ShoulderRight
0.2158469 0.3132192 1.802965 9 ElbowRight
-0.08189294 0.1031759 1.853738 12 HipLeft
-0.05637622 -0.2417735 1.937701 13 KneeLeft
-0.02238443 -0.5856729 2.043558 14 AnkleLeft
-0.02654668 -0.6564224 1.997155 15 FootLeft
0.05630675 0.09774876 1.834277 16 HipRight
0.04265273 -0.2543716 1.918431 17 KneeRight
0.05513519 -0.5859361 2.011044 18 AnkleRight
0.03960684 -0.6509768 1.949343 19 FootRight
0.03027008 0.6111191 1.82806 20 SpineShoulder
-0.3751551 0.02844177 1.905489 21 HandTipLeft
-0.3055919 0.08101667 1.832729 22 ThumbLeft
-0.01258573 0.1023248 1.878774 0 SpineBase
0.01164861 0.3975579 1.852893 1 SpineMid
0.03616184 0.6799722 1.817227 2 Neck
-0.1477465 0.5687743 1.865664 4 ShoulderLeft
-0.2133566 0.3384035 1.895395 5 ElbowLeft
-0.2862328 0.1501455 1.882371 6 WristLeft
-0.3075908 0.1072071 1.870764 7 HandLeft
0.1618274 0.543484 1.792853 8 ShoulderRight
0.2169093 0.3137801 1.803211 9 ElbowRight
-0.08150917 0.1030677 1.854035 12 HipLeft
-0.05615155 -0.2417343 1.937691 13 KneeLeft
-0.02247509 -0.5856473 2.043604 14 AnkleLeft
-0.02618032 -0.6565134 1.995097 15 FootLeft
0.05693689 0.09776957 1.834637 16 HipRight
0.04268521 -0.2541898 1.918466 17 KneeRight
0.05245985 -0.5879124 2.013186 18 AnkleRight
0.03938083 -0.6526458 1.948475 19 FootRight
0.03023205 0.6111416 1.828074 20 SpineShoulder
-0.3777804 0.02892376 1.903094 21 HandTipLeft
-0.3026109 0.07791961 1.834388 22 ThumbLeft
-0.01181655 0.1020064 1.879479 0 SpineBase
0.013271 0.3973899 1.853792 1 SpineMid
0.03819001 0.6799977 1.817928 2 Neck
-0.1438299 0.569435 1.869037 4 ShoulderLeft
-0.2107059 0.3408517 1.897527 5 ElbowLeft
-0.2903152 0.1555518 1.881508 6 WristLeft
-0.3370425 0.1257106 1.87277 7 HandLeft
0.1621937 0.5432559 1.793125 8 ShoulderRight
0.217446 0.3136648 1.803697 9 ElbowRight
-0.08085296 0.1028358 1.85486 12 HipLeft
-0.05658583 -0.2411044 1.938166 13 KneeLeft
-0.02242897 -0.5857189 2.04381 14 AnkleLeft
-0.02463198 -0.6565281 1.990883 15 FootLeft
0.05776352 0.09740809 1.835153 16 HipRight
0.04318632 -0.2529469 1.918328 17 KneeRight
0.05204134 -0.5878072 2.013523 18 AnkleRight
0.03927138 -0.6532741 1.94816 19 FootRight
0.03214853 0.6111201 1.828852 20 SpineShoulder
-0.4248222 0.05513604 1.90968 21 HandTipLeft
-0.3407961 0.09912192 1.829375 22 ThumbLeft
-0.01185991 0.1020931 1.879749 0 SpineBase
0.01320698 0.3974119 1.853875 1 SpineMid
0.03789574 0.6799528 1.817774 2 Neck
-0.1444396 0.5694735 1.868549 4 ShoulderLeft
-0.2115892 0.3413499 1.899235 5 ElbowLeft
-0.3106748 0.1659768 1.883527 6 WristLeft
-0.3594873 0.1467648 1.873688 7 HandLeft
0.1623354 0.5430453 1.793136 8 ShoulderRight
0.2187353 0.3137365 1.804 9 ElbowRight
0.2666848 0.1230162 1.747584 10 WristRight
0.2862574 0.09757515 1.724505 11 HandRight
-0.08098331 0.1029949 1.855369 12 HipLeft
-0.05651382 -0.2410472 1.938235 13 KneeLeft
-0.02216918 -0.5857058 2.043854 14 AnkleLeft
-0.02463963 -0.6568367 1.990639 15 FootLeft
0.05776338 0.09743819 1.835238 16 HipRight
0.04341822 -0.2523909 1.918277 17 KneeRight
0.05141496 -0.5881616 2.013955 18 AnkleRight
0.03897309 -0.6539185 1.948158 19 FootRight
0.03193278 0.6111034 1.828787 20 SpineShoulder
-0.4565908 0.08733493 1.914403 21 HandTipLeft
-0.373488 0.1166329 1.831111 22 ThumbLeft
0.3259378 0.009685189 1.707436 23 HandTipRight
0.2958983 0.08667294 1.669722 24 ThumbRight
-0.01205743 0.102049 1.880109 0 SpineBase
0.01295469 0.3973676 1.853954 1 SpineMid
0.03722388 0.6798232 1.817297 2 Neck
-0.14418 0.5694748 1.869131 4 ShoulderLeft
-0.2562959 0.3756593 1.932168 5 ElbowLeft
-0.4222193 0.2675889 1.891351 6 WristLeft
-0.4673731 0.2591338 1.875316 7 HandLeft
0.1637029 0.5426282 1.793645 8 ShoulderRight
0.2404692 0.3290135 1.801348 9 ElbowRight
0.3476492 0.1918809 1.690663 10 WristRight
0.3754139 0.1838026 1.671256 11 HandRight
-0.08127752 0.1030003 1.856024 12 HipLeft
-0.05720967 -0.2413003 1.938856 13 KneeLeft
-0.02831213 -0.5885577 2.04773 14 AnkleLeft
-0.0298093 -0.6561942 1.982108 15 FootLeft
0.0576159 0.09732495 1.835324 16 HipRight
0.04433592 -0.2516793 1.9177 17 KneeRight
0.05918339 -0.5888164 2.007743 18 AnkleRight
0.03728595 -0.6560934 1.949009 19 FootRight
0.03137105 0.6109992 1.828479 20 SpineShoulder
-0.5708111 0.2593113 1.908841 21 HandTipLeft
-0.5024009 0.2375945 1.83273 22 ThumbLeft
0.4395819 0.1407333 1.625275 23 HandTipRight
0.3781098 0.1795889 1.59725 24 ThumbRight
-0.01213325 0.102518 1.880388 0 SpineBase
0.0127674 0.3975562 1.854009 1 SpineMid
0.03669551 0.6798656 1.817004 2 Neck
-0.1452801 0.5707472 1.870522 4 ShoulderLeft
-0.2955315 0.3974415 1.936617 5 ElbowLeft
-0.4858373 0.3476631 1.893925 6 WristLeft
-0.5368657 0.3504908 1.880281 7 HandLeft
0.1646865 0.5431898 1.794364 8 ShoulderRight
0.2607254 0.3415712 1.793712 9 ElbowRight
0.3996144 0.2581053 1.665962 10 WristRight
0.4263578 0.2561458 1.641031 11 HandRight
-0.0813283 0.1033196 1.856175 12 HipLeft
-0.05842339 -0.2412483 1.942072 13 KneeLeft
-0.03215493 -0.5869549 2.048971 14 AnkleLeft
-0.03406249 -0.655161 1.983808 15 FootLeft
0.05751402 0.09796707 1.835618 16 HipRight
0.04429893 -0.2505873 1.91762 17 KneeRight
0.0645204 -0.5907472 2.006371 18 AnkleRight
0.03592168 -0.6570665 1.950151 19 FootRight
0.03093596 0.6110939 1.828284 20 SpineShoulder
-0.6280181 0.3643057 1.921616 21 HandTipLeft
-0.5709671 0.343205 1.8355 22 ThumbLeft
0.4999205 0.2419928 1.588656 23 HandTipRight
0.4305297 0.2237015 1.681679 24 ThumbRight
-0.01239693 0.1033511 1.880722 0 SpineBase
0.01250951 0.3979162 1.854153 1 SpineMid
0.03644514 0.6799626 1.817009 2 Neck
-0.1471751 0.5730718 1.874152 4 ShoulderLeft
-0.303023 0.4021892 1.935555 5 ElbowLeft
-0.495658 0.3609346 1.895835 6 WristLeft
-0.5403076 0.3753258 1.880865 7 HandLeft
0.1648201 0.5433862 1.794454 8 ShoulderRight
0.2668554 0.3442943 1.791865 9 ElbowRight
0.4065388 0.2658609 1.661753 10 WristRight
0.4343636 0.2774254 1.637044 11 HandRight
-0.08146573 0.1039225 1.856512 12 HipLeft
-0.05934443 -0.2412224 1.944203 13 KneeLeft
-0.0331704 -0.5862584 2.049162 14 AnkleLeft
-0.03438487 -0.6544442 1.983875 15 FootLeft
0.05711321 0.09902702 1.835856 16 HipRight
0.04420853 -0.2497601 1.917653 17 KneeRight
0.06707183 -0.5874104 2.005741 18 AnkleRight
0.03712682 -0.6540084 1.951917 19 FootRight
0.0306808 0.6112412 1.82831 20 SpineShoulder
-0.6360658 0.3842072 1.913629 21 HandTipLeft
-0.5758521 0.3731945 1.837666 22 ThumbLeft
0.5061719 0.2784574 1.588565 23 HandTipRight
0.442652 0.2429511 1.677048 24 ThumbRight
-0.01268032 0.1037384 1.880897 0 SpineBase
0.01215225 0.3981301 1.854147 1 SpineMid
0.03588504 0.680017 1.816734 2 Neck
-0.1490205 0.5728832 1.872462 4 ShoulderLeft
-0.3169904 0.4157963 1.936409 5 ElbowLeft
-0.5121184 0.4068467 1.889485 6 WristLeft
-0.5574667 0.4156102 1.879855 7 HandLeft
0.1649854 0.5436864 1.794689 8 ShoulderRight
0.2639818 0.3400785 1.793458 9 ElbowRight
0.4164671 0.3018101 1.656183 10 WristRight
0.4557132 0.3091502 1.622937 11 HandRight
-0.08176398 0.1042163 1.856646 12 HipLeft
-0.05906558 -0.2420709 1.945629 13 KneeLeft
-0.03335593 -0.5867022 2.049478 14 AnkleLeft
-0.03661333 -0.6538906 1.983401 15 FootLeft
0.05686846 0.09948938 1.83602 16 HipRight
0.04353565 -0.2489554 1.917399 17 KneeRight
0.0688641 -0.5844533 2.003959 18 AnkleRight
0.03828698 -0.6510156 1.952968 19 FootRight
0.03016814 0.6113429 1.828104 20 SpineShoulder
-0.651831 0.4316945 1.912917 21 HandTipLeft
-0.5883439 0.4189007 1.836378 22 ThumbLeft
0.5288514 0.3135659 1.575725 23 HandTipRight
0.4628225 0.273956 1.66155 24 ThumbRight
-0.01340378 0.1040993 1.881059 0 SpineBase
0.01142433 0.398339 1.854144 1 SpineMid
0.03513253 0.6800287 1.816496 2 Neck
-0.1528203 0.5744603 1.87675 4 ShoulderLeft
-0.3290135 0.4248276 1.937325 5 ElbowLeft
-0.5238484 0.4196537 1.888732 6 WristLeft
-0.5655079 0.4420955 1.876456 7 HandLeft
0.1650231 0.5438981 1.794743 8 ShoulderRight
0.2727086 0.3437407 1.787513 9 ElbowRight
0.4239871 0.3134295 1.650735 10 WristRight
0.4634905 0.3320477 1.618134 11 HandRight
-0.08235951 0.1045114 1.856976 12 HipLeft
-0.05879629 -0.242185 1.945101 13 KneeLeft
-0.03472819 -0.5903413 2.05195 14 AnkleLeft
-0.04048447 -0.6584139 1.988488 15 FootLeft
0.0559966 0.09991902 1.835902 16 HipRight
0.04269566 -0.2478859 1.917086 17 KneeRight
0.06555562 -0.5861797 2.005228 18 AnkleRight
0.03718152 -0.65317 1.952848 19 FootRight
0.02939936 0.611405 1.827909 20 SpineShoulder
-0.650996 0.4637613 1.899907 21 HandTipLeft
-0.574915 0.4537495 1.838971 22 ThumbLeft
0.5373127 0.3424478 1.569991 23 HandTipRight
0.4781689 0.2980685 1.660909 24 ThumbRight
-0.01460802 0.1043977 1.880921 0 SpineBase
0.01053276 0.3985297 1.853994 1 SpineMid
0.03452809 0.6800748 1.81628 2 Neck
-0.1556678 0.5750834 1.879881 4 ShoulderLeft
-0.3350459 0.4302026 1.937804 5 ElbowLeft
-0.5291904 0.432501 1.886111 6 WristLeft
-0.5651774 0.4518855 1.880466 7 HandLeft
0.1650225 0.5439916 1.794739 8 ShoulderRight
0.2678782 0.3380224 1.789958 9 ElbowRight
0.423305 0.3169686 1.65091 10 WristRight
0.4623739 0.3319882 1.618404 11 HandRight
-0.08338871 0.1047029 1.85721 12 HipLeft
-0.05923188 -0.2418683 1.944194 13 KneeLeft
-0.03497074 -0.5900236 2.052483 14 AnkleLeft
-0.04040987 -0.6577524 1.987304 15 FootLeft
0.05455327 0.100343 1.835175 16 HipRight
0.04205785 -0.2474982 1.916902 17 KneeRight
0.06513874 -0.5856254 2.005954 18 AnkleRight
0.0381811 -0.6531678 1.952527 19 FootRight
0.02870932 0.6114849 1.827694 20 SpineShoulder
-0.6649221 0.4902392 1.914768 21 HandTipLeft
-0.5960274 0.4593714 1.83342 22 ThumbLeft
0.5365663 0.3419695 1.572212 23 HandTipRight
0.4820693 0.3007834 1.6613 24 ThumbRight
-0.01566814 0.1041931 1.881126 0 SpineBase
0.009989548 0.3984939 1.85395 1 SpineMid
0.03427648 0.6801088 1.816063 2 Neck
-0.1586054 0.5742331 1.881588 4 ShoulderLeft
-0.341442 0.4403338 1.935891 5 ElbowLeft
-0.5348933 0.4554527 1.884619 6 WristLeft
-0.5771449 0.4839694 1.874147 7 HandLeft
0.1650086 0.5439814 1.794719 8 ShoulderRight
0.2658398 0.33623 1.790487 9 ElbowRight
0.4226566 0.3160171 1.650825 10 WristRight
0.4578145 0.3183306 1.618593 11 HandRight
-0.08444184 0.1047361 1.857706 12 HipLeft
-0.05956323 -0.2418826 1.944126 13 KneeLeft
-0.03452637 -0.593909 2.053468 14 AnkleLeft
-0.04074007 -0.6606424 1.985607 15 FootLeft
0.05345127 0.09986643 1.835083 16 HipRight
0.04165564 -0.2472171 1.916707 17 KneeRight
0.06687113 -0.5849603 2.005428 18 AnkleRight
0.03822986 -0.6524854 1.952887 19 FootRight
0.02839691 0.6115044 1.827512 20 SpineShoulder
-0.6684367 0.5321689 1.912021 21 HandTipLeft
-0.6087394 0.4926901 1.827732 22 ThumbLeft
0.527272 0.3261084 1.569648 23 HandTipRight
0.4714267 0.2866395 1.659251 24 ThumbRight
-0.01656663 0.1046508 1.880914 0 SpineBase
0.009351845 0.3986577 1.85368 1 SpineMid
0.03384781 0.6800422 1.815697 2 Neck
-0.1639801 0.5727912 1.881883 4 ShoulderLeft
-0.3761592 0.4881379 1.932689 5 ElbowLeft
-0.5544826 0.5531574 1.867468 6 WristLeft
-0.574428 0.5646905 1.862479 7 HandLeft
0.1649087 0.5439433 1.794609 8 ShoulderRight
0.2357272 0.3303116 1.795938 9 ElbowRight
0.3991262 0.2782618 1.658789 10 WristRight
0.4283314 0.2748014 1.633325 11 HandRight
-0.08535758 0.1052409 1.857812 12 HipLeft
-0.06140598 -0.2347564 1.94067 13 KneeLeft
-0.03461842 -0.5944678 2.054037 14 AnkleLeft
-0.04111183 -0.6610683 1.985528 15 FootLeft
0.05257662 0.1002823 1.834502 16 HipRight
0.04111372 -0.2529153 1.918775 17 KneeRight
0.06168287 -0.5879683 2.008958 18 AnkleRight
0.03755027 -0.6556761 1.951486 19 FootRight
0.02791426 0.6114905 1.827165 20 SpineShoulder
-0.6674116 0.6259708 1.889566 21 HandTipLeft
-0.5992504 0.5813741 1.811827 22 ThumbLeft
0.5031912 0.2746527 1.581251 23 HandTipRight
0.4419626 0.2375428 1.677556 24 ThumbRight
-0.03104308 0.1084888 1.882375 0 SpineBase
0.003717891 0.3993304 1.853042 1 SpineMid
0.0328647 0.6792563 1.814192 2 Neck
-0.179678 0.5850361 1.8815 4 ShoulderLeft
-0.3869259 0.5753205 1.914512 5 ElbowLeft
-0.5251217 0.7010613 1.842455 6 WristLeft
-0.5410369 0.7301729 1.830093 7 HandLeft
0.1643242 0.541384 1.79367 8 ShoulderRight
0.21883 0.3236824 1.797206 9 ElbowRight
0.3113229 0.1738955 1.689474 10 WristRight
0.367088 0.1537641 1.654502 11 HandRight
-0.09986677 0.1117902 1.85917 12 HipLeft
-0.07350378 -0.2228786 1.936838 13 KneeLeft
-0.03459883 -0.5879799 2.050359 14 AnkleLeft
-0.03403407 -0.6601079 1.994843 15 FootLeft
0.03865124 0.1013756 1.836094 16 HipRight
0.03327921 -0.2572868 1.919749 17 KneeRight
0.06026611 -0.5881339 2.009892 18 AnkleRight
0.03643141 -0.6558284 1.951302 19 FootRight
0.02623058 0.6109814 1.825868 20 SpineShoulder
-0.6033785 0.8167459 1.861537 21 HandTipLeft
-0.5552747 0.7505947 1.780893 22 ThumbLeft
0.4205492 0.1272353 1.610667 23 HandTipRight
0.3591255 0.132633 1.700714 24 ThumbRight
-0.04073016 0.1075516 1.883932 0 SpineBase
-0.0003891056 0.3970108 1.851473 1 SpineMid
0.03426676 0.6721735 1.807146 2 Neck
-0.179568 0.5850111 1.873782 4 ShoulderLeft
-0.400697 0.5987881 1.904174 5 ElbowLeft
-0.4870632 0.7638491 1.831249 6 WristLeft
-0.5066301 0.815641 1.819133 7 HandLeft
0.1623287 0.5351048 1.791483 8 ShoulderRight
0.2039237 0.3151248 1.797792 9 ElbowRight
0.2496375 0.1311542 1.717956 10 WristRight
0.2909565 0.08698889 1.678921 11 HandRight
-0.1102727 0.1115747 1.860603 12 HipLeft
-0.08645781 -0.2367115 1.94138 13 KneeLeft
-0.03348485 -0.5797823 2.049364 14 AnkleLeft
-0.01753727 -0.6478787 1.988066 15 FootLeft
0.03016894 0.09970225 1.837759 16 HipRight
0.004092784 -0.2587833 1.900348 17 KneeRight
0.05579908 -0.5875299 2.009979 18 AnkleRight
0.02842043 -0.6544124 1.955029 19 FootRight
0.02564453 0.605646 1.820799 20 SpineShoulder
-0.5523639 0.9154798 1.860898 21 HandTipLeft
-0.508733 0.8204895 1.770833 22 ThumbLeft
0.3409509 0.02372557 1.649199 23 HandTipRight
0.2980029 0.06083882 1.728091 24 ThumbRight
-0.04783072 0.106568 1.885049 0 SpineBase
-0.004300175 0.3906175 1.847988 1 SpineMid
0.03675523 0.6540918 1.79394 2 Neck
-0.1826906 0.5876784 1.873408 4 ShoulderLeft
-0.3912437 0.6563759 1.899617 5 ElbowLeft
-0.4547298 0.8207768 1.802236 6 WristLeft
-0.465327 0.8677317 1.801595 7 HandLeft
0.1535093 0.5126525 1.784972 8 ShoulderRight
0.1630455 0.2666435 1.808798 9 ElbowRight
0.2074448 0.08184255 1.730802 10 WristRight
0.2124427 0.05367824 1.705246 11 HandRight
-0.117106 0.1112252 1.861385 12 HipLeft
-0.1249984 -0.2274858 1.946453 13 KneeLeft
-0.0321498 -0.5844701 2.049603 14 AnkleLeft
-0.01284975 -0.6492614 1.983477 15 FootLeft
0.02312576 0.09804668 1.839231 16 HipRight
-0.01131552 -0.255995 1.835757 17 KneeRight
0.04324883 -0.5852416 1.996356 18 AnkleRight
0.0115225 -0.6526318 1.954547 19 FootRight
0.02595958 0.5907028 1.810198 20 SpineShoulder
-0.4972906 0.9429481 1.820763 21 HandTipLeft
-0.4507536 0.8391244 1.746615 22 ThumbLeft
0.2443852 -0.04230658 1.684765 23 HandTipRight
0.1817946 0.07518803 1.7574 24 ThumbRight
-0.05318571 0.1078452 1.885486 0 SpineBase
-0.007430202 0.3866986 1.844824 1 SpineMid
0.03713197 0.6471253 1.788427 2 Neck
-0.1818066 0.5886148 1.87109 4 ShoulderLeft
-0.3864159 0.6558318 1.897006 5 ElbowLeft
-0.4311588 0.8195909 1.787201 6 WristLeft
-0.4204256 0.8361312 1.779739 7 HandLeft
0.1509215 0.5339997 1.782716 8 ShoulderRight
0.1589414 0.2585548 1.800174 9 ElbowRight
0.1719822 0.06283186 1.741698 10 WristRight
0.1621936 0.01533237 1.729112 11 HandRight
-0.1229191 0.112711 1.862056 12 HipLeft
-0.1072232 -0.214195 1.901559 13 KneeLeft
-0.03298231 -0.5853213 2.029576 14 AnkleLeft
0.0195123 -0.6441247 1.93466 15 FootLeft
0.0183686 0.09900768 1.839461 16 HipRight
-0.02578424 -0.2556711 1.821373 17 KneeRight
0.03349165 -0.5793988 1.954466 18 AnkleRight
0.007394211 -0.6471468 1.938986 19 FootRight
0.02578137 0.5839541 1.804747 20 SpineShoulder
-0.4392803 0.9181674 1.768741 21 HandTipLeft
-0.410891 0.8243151 1.734704 22 ThumbLeft
0.1612427 -0.06505428 1.726749 23 HandTipRight
0.1915882 -0.002466787 1.7418 24 ThumbRight
-0.05473299 0.107674 1.884511 0 SpineBase
-0.008065522 0.3835649 1.840278 1 SpineMid
0.03880155 0.6422791 1.780927 2 Neck
-0.1809915 0.5891673 1.869849 4 ShoulderLeft
-0.3795716 0.6512734 1.89653 5 ElbowLeft
-0.4190266 0.8126426 1.780519 6 WristLeft
-0.4085632 0.830281 1.770784 7 HandLeft
0.1519517 0.5231252 1.778432 8 ShoulderRight
0.1545945 0.2469621 1.790071 9 ElbowRight
0.1659124 0.04890823 1.741712 10 WristRight
0.15289 0.02864557 1.737174 11 HandRight
-0.1243408 0.1136516 1.861003 12 HipLeft
-0.1126075 -0.1953745 1.889581 13 KneeLeft
-0.05530781 -0.576117 2.032516 14 AnkleLeft
-0.004426304 -0.6326994 1.923156 15 FootLeft
0.01631366 0.09746527 1.838274 16 HipRight
-0.03511656 -0.2649427 1.811113 17 KneeRight
0.02940069 -0.5885416 1.911021 18 AnkleRight
0.002599709 -0.6576677 1.879965 19 FootRight
0.02696444 0.5794188 1.797862 20 SpineShoulder
-0.4288958 0.9172511 1.763726 21 HandTipLeft
-0.4072474 0.8063627 1.7228 22 ThumbLeft
0.1422008 -0.0694 1.741261 23 HandTipRight
0.1283531 0.05937907 1.771455 24 ThumbRight
-0.05938115 0.1052983 1.878556 0 SpineBase
-0.01032883 0.3780414 1.824237 1 SpineMid
0.03945177 0.6373548 1.756594 2 Neck
-0.1797094 0.5901067 1.866854 4 ShoulderLeft
-0.3653212 0.6364422 1.901852 5 ElbowLeft
-0.4131131 0.7966089 1.787387 6 WristLeft
-0.4186106 0.8186711 1.772547 7 HandLeft
0.1473417 0.5034783 1.759557 8 ShoulderRight
0.1548485 0.2397376 1.766945 9 ElbowRight
0.1674938 0.04038781 1.726496 10 WristRight
0.1684408 0.02270404 1.707389 11 HandRight
-0.1271759 0.1142299 1.857596 12 HipLeft
-0.1678616 -0.2235657 1.976371 13 KneeLeft
-0.06914057 -0.6235639 2.021824 14 AnkleLeft
-0.02352143 -0.6308877 1.887078 15 FootLeft
0.009884226 0.09133092 1.829361 16 HipRight
-0.03977934 -0.2762246 1.79013 17 KneeRight
0.04008729 -0.6025587 1.838371 18 AnkleRight
0.03117371 -0.6625977 1.727539 19 FootRight
0.0270666 0.5742266 1.775545 20 SpineShoulder
-0.4545381 0.899636 1.765693 21 HandTipLeft
-0.413529 0.8060115 1.721286 22 ThumbLeft
0.1691314 -0.07745593 1.713039 23 HandTipRight
0.1418883 0.05946058 1.756375 24 ThumbRight
-0.06069121 0.1034795 1.874472 0 SpineBase
-0.01147185 0.3759811 1.817862 1 SpineMid
0.03777106 0.6358474 1.74901 2 Neck
-0.1793298 0.5901361 1.865477 4 ShoulderLeft
-0.3650246 0.6334568 1.902978 5 ElbowLeft
-0.4235928 0.802285 1.799649 6 WristLeft
-0.4280392 0.8131111 1.778896 7 HandLeft
0.1452344 0.4946577 1.747367 8 ShoulderRight
0.1562685 0.2389438 1.761781 9 ElbowRight
0.1764392 0.04209315 1.711091 10 WristRight
0.1792506 0.003103357 1.683446 11 HandRight
-0.1277452 0.1134317 1.855076 12 HipLeft
-0.113145 -0.2107873 1.898336 13 KneeLeft
-0.07788263 -0.5842704 2.062671 14 AnkleLeft
-0.04623979 -0.6280379 1.935068 15 FootLeft
0.008047016 0.08878472 1.823941 16 HipRight
-0.03802978 -0.2789418 1.78486 17 KneeRight
0.03922461 -0.5998428 1.832587 18 AnkleRight
0.03092212 -0.6625622 1.727468 19 FootRight
0.02558697 0.5725851 1.768232 20 SpineShoulder
-0.4671864 0.8978179 1.77593 21 HandTipLeft
-0.4244762 0.8017386 1.728871 22 ThumbLeft
0.1803819 -0.07584762 1.691993 23 HandTipRight
0.1543594 0.04142333 1.7285 24 ThumbRight
-0.06088573 0.1005808 1.864966 0 SpineBase
-0.0112027 0.3743086 1.806878 1 SpineMid
0.03772932 0.6357749 1.737279 2 Neck
-0.1773683 0.5918837 1.853444 4 ShoulderLeft
-0.3606767 0.6228315 1.906219 5 ElbowLeft
-0.4501822 0.7658318 1.794366 6 WristLeft
-0.4499369 0.7901413 1.789877 7 HandLeft
0.1427867 0.4932567 1.719106 8 ShoulderRight
0.1712039 0.2464236 1.733495 9 ElbowRight
0.204623 0.05760257 1.660138 10 WristRight
0.2039042 0.03839605 1.647376 11 HandRight
-0.1272044 0.1100074 1.846671 12 HipLeft
-0.1541099 -0.2540191 1.981199 13 KneeLeft
-0.07666216 -0.6202183 2.093044 14 AnkleLeft
-0.04853346 -0.637002 1.953874 15 FootLeft
0.007374664 0.08700874 1.813642 16 HipRight
-0.03401299 -0.2807555 1.778269 17 KneeRight
0.04000939 -0.6004784 1.825194 18 AnkleRight
0.02750815 -0.6654877 1.719599 19 FootRight
0.02567115 0.5721331 1.756658 20 SpineShoulder
-0.5029218 0.8789004 1.793636 21 HandTipLeft
-0.4530081 0.7697085 1.741913 22 ThumbLeft
0.2141353 -0.05897352 1.637223 23 HandTipRight
0.1767189 0.06553151 1.692909 24 ThumbRight
-0.06335592 0.09573355 1.847588 0 SpineBase
-0.0125866 0.3719246 1.7908 1 SpineMid
0.03681969 0.6355423 1.722472 2 Neck
-0.1752314 0.5896721 1.842473 4 ShoulderLeft
-0.3611801 0.61073 1.908931 5 ElbowLeft
-0.4691819 0.747316 1.806743 6 WristLeft
-0.4827687 0.7666781 1.806782 7 HandLeft
0.1402723 0.4901572 1.698593 8 ShoulderRight
0.184584 0.2592773 1.704442 9 ElbowRight
0.223318 0.07704008 1.616611 10 WristRight
0.2291431 0.03999813 1.593949 11 HandRight
-0.1285334 0.1047297 1.829797 12 HipLeft
-0.1513147 -0.255215 1.977186 13 KneeLeft
-0.07534466 -0.6168209 2.090062 14 AnkleLeft
-0.07659362 -0.6572298 1.990876 15 FootLeft
0.004108506 0.08301093 1.795929 16 HipRight
-0.02823364 -0.2796868 1.773206 17 KneeRight
0.04104305 -0.604296 1.822456 18 AnkleRight
0.02723341 -0.6664357 1.718423 19 FootRight
0.02467676 0.5714157 1.74153 20 SpineShoulder
-0.5482858 0.849481 1.818657 21 HandTipLeft
-0.4860335 0.7346562 1.761375 22 ThumbLeft
0.2451319 -0.04874091 1.579862 23 HandTipRight
0.1983584 0.07006936 1.65425 24 ThumbRight
-0.04605227 0.094739 1.791334 0 SpineBase
-0.001779636 0.3781993 1.748996 1 SpineMid
0.04189948 0.647063 1.693619 2 Neck
-0.1595602 0.5808153 1.810696 4 ShoulderLeft
-0.3436335 0.5364232 1.909436 5 ElbowLeft
-0.5116694 0.631412 1.85911 6 WristLeft
-0.5117534 0.639205 1.855056 7 HandLeft
0.1390034 0.498391 1.654161 8 ShoulderRight
0.2017983 0.280166 1.642761 9 ElbowRight
0.2573627 0.1247232 1.517253 10 WristRight
0.2819396 0.06894266 1.475966 11 HandRight
-0.1117684 0.1001305 1.776956 12 HipLeft
-0.1199894 -0.2482281 1.914831 13 KneeLeft
-0.06536986 -0.6059051 2.067005 14 AnkleLeft
-0.09232807 -0.6677088 2.001431 15 FootLeft
0.02142526 0.08575904 1.736094 16 HipRight
-0.006679778 -0.2695063 1.752244 17 KneeRight
0.04328643 -0.606704 1.817341 18 AnkleRight
0.0291051 -0.6649091 1.730265 19 FootRight
0.031077 0.5818256 1.709643 20 SpineShoulder
-0.5998842 0.7214311 1.883943 21 HandTipLeft
-0.5038807 0.5809759 1.892667 22 ThumbLeft
0.301021 0.005680363 1.45922 23 HandTipRight
0.2889265 0.05824231 1.513 24 ThumbRight
-0.03601179 0.08651779 1.750051 0 SpineBase
0.009339501 0.3811446 1.713688 1 SpineMid
0.05291042 0.6612085 1.665296 2 Neck
-0.1267287 0.5640793 1.762817 4 ShoulderLeft
-0.3038408 0.4587175 1.879121 5 ElbowLeft
-0.4995735 0.4654522 1.897901 6 WristLeft
-0.5327562 0.469799 1.889077 7 HandLeft
0.1394597 0.5044563 1.606557 8 ShoulderRight
0.2169621 0.3001371 1.570352 9 ElbowRight
0.2928561 0.1906697 1.410251 10 WristRight
0.311523 0.1690674 1.374554 11 HandRight
-0.09937774 0.09084421 1.740205 12 HipLeft
-0.1149594 -0.2456761 1.900657 13 KneeLeft
-0.05048202 -0.591639 2.03216 14 AnkleLeft
-0.08505163 -0.6573572 2.000231 15 FootLeft
0.02867217 0.07879125 1.690095 16 HipRight
0.01397314 -0.2627555 1.725436 17 KneeRight
0.0482818 -0.6052846 1.811164 18 AnkleRight
0.02961692 -0.6693591 1.747523 19 FootRight
0.04219151 0.5931524 1.67947 20 SpineShoulder
-0.6201138 0.5012845 1.951774 21 HandTipLeft
-0.5010525 0.431912 1.902857 22 ThumbLeft
0.3435638 0.1086231 1.297801 23 HandTipRight
0.3397582 0.1426788 1.391385 24 ThumbRight
-0.03288592 0.08044665 1.731469 0 SpineBase
0.01323181 0.3794932 1.698354 1 SpineMid
0.05735086 0.6635939 1.653397 2 Neck
-0.12229 0.560162 1.758965 4 ShoulderLeft
-0.2605926 0.4242545 1.859157 5 ElbowLeft
-0.4349853 0.3456612 1.90513 6 WristLeft
-0.4664809 0.3555357 1.902174 7 HandLeft
0.1385886 0.5035533 1.585415 8 ShoulderRight
0.2336318 0.2977596 1.521366 9 ElbowRight
0.3115098 0.2170827 1.34551 10 WristRight
0.3239051 0.2181797 1.325461 11 HandRight
-0.09495536 0.08342388 1.727821 12 HipLeft
-0.1105379 -0.2475225 1.885862 13 KneeLeft
-0.04880541 -0.5894316 2.028307 14 AnkleLeft
-0.08687578 -0.6486673 2.022452 15 FootLeft
0.0302895 0.07465059 1.664496 16 HipRight
0.01866342 -0.2616493 1.715622 17 KneeRight
0.0510772 -0.6030747 1.806483 18 AnkleRight
0.03086824 -0.6687761 1.747335 19 FootRight
0.04655403 0.5945844 1.66662 20 SpineShoulder
-0.578813 0.3536685 1.96286 21 HandTipLeft
-0.4132719 0.3272722 1.913 22 ThumbLeft
0.3647297 0.1792476 1.249716 23 HandTipRight
0.3456785 0.1864066 1.312154 24 ThumbRight
-0.03285538 0.07426553 1.718768 0 SpineBase
0.01549004 0.3765537 1.686486 1 SpineMid
0.06172233 0.663712 1.642092 2 Neck
-0.1144686 0.551421 1.75328 4 ShoulderLeft
-0.2362653 0.3636572 1.854328 5 ElbowLeft
-0.3763925 0.2421448 1.918724 6 WristLeft
-0.4015447 0.2404758 1.916461 7 HandLeft
0.1393235 0.5006935 1.564433 8 ShoulderRight
0.2509509 0.3098807 1.470248 9 ElbowRight
0.3163972 0.2729706 1.275348 10 WristRight
0.3230686 0.2792146 1.280166 11 HandRight
-0.09304291 0.07796878 1.717853 12 HipLeft
-0.1088784 -0.2506883 1.875817 13 KneeLeft
-0.04870922 -0.5893514 2.02869 14 AnkleLeft
-0.08277006 -0.6557673 1.992182 15 FootLeft
0.02826248 0.06777449 1.64946 16 HipRight
0.02445553 -0.2599903 1.705033 17 KneeRight
0.05207401 -0.5997795 1.802817 18 AnkleRight
0.03138727 -0.6670906 1.74805 19 FootRight
0.0504102 0.5939475 1.65517 20 SpineShoulder
-0.4901793 0.18934 1.996555 21 HandTipLeft
-0.3302393 0.2429653 1.909333 22 ThumbLeft
0.3689509 0.2479585 1.176152 23 HandTipRight
0.3251691 0.2505492 1.300545 24 ThumbRight
-0.03288855 0.06372117 1.707095 0 SpineBase
0.01944467 0.370046 1.669848 1 SpineMid
0.07021289 0.661917 1.620094 2 Neck
-0.09147976 0.5358838 1.729782 4 ShoulderLeft
-0.1825936 0.3354623 1.842462 5 ElbowLeft
-0.2214549 0.1461862 1.890154 6 WristLeft
-0.23493 0.1189542 1.908841 7 HandLeft
0.1405729 0.4972787 1.534152 8 ShoulderRight
0.2554094 0.3256021 1.411637 9 ElbowRight
0.274029 0.3530721 1.307524 10 WristRight
0.2885479 0.3823832 1.229043 11 HandRight
-0.08934373 0.06816886 1.709586 12 HipLeft
-0.1076579 -0.2542517 1.827533 13 KneeLeft
-0.04455721 -0.5894763 2.018433 14 AnkleLeft
-0.08157805 -0.6507184 1.963478 15 FootLeft
0.02451749 0.05639147 1.634312 16 HipRight
0.03168148 -0.2666111 1.693509 17 KneeRight
0.05435718 -0.5981803 1.799291 18 AnkleRight
0.03229184 -0.6657805 1.748246 19 FootRight
0.05774704 0.5909213 1.634492 20 SpineShoulder
-0.25895 0.03989669 1.984251 21 HandTipLeft
-0.2252037 0.07679779 1.951667 22 ThumbLeft
0.3345194 0.3886898 1.117899 23 HandTipRight
0.2974396 0.3344484 1.218333 24 ThumbRight
-0.03036923 0.0558452 1.699935 0 SpineBase
0.02299527 0.365382 1.659493 1 SpineMid
0.07453217 0.6604379 1.60652 2 Neck
-0.07013298 0.5289379 1.706793 4 ShoulderLeft
-0.1425888 0.3076278 1.839004 5 ElbowLeft
-0.1531042 0.1982324 2.042255 7 HandLeft
0.1381377 0.5014564 1.512842 8 ShoulderRight
0.262 0.3484045 1.357451 9 ElbowRight
0.2625909 0.3973777 1.273425 10 WristRight
0.249377 0.4517826 1.211798 11 HandRight
-0.08343831 0.058878 1.698774 12 HipLeft
-0.1183953 -0.2419488 1.786367 13 KneeLeft
-0.05572106 -0.588369 1.992085 14 AnkleLeft
-0.1009617 -0.6445432 1.940223 15 FootLeft
0.02475445 0.0502837 1.630093 16 HipRight
0.03520454 -0.2716295 1.688802 17 KneeRight
0.05395973 -0.5982479 1.798406 18 AnkleRight
0.03198198 -0.6649902 1.746446 19 FootRight
0.06191531 0.5886652 1.621717 20 SpineShoulder
0.2721484 0.4950418 1.143772 23 HandTipRight
0.2680238 0.3967154 1.197167 24 ThumbRight
-0.02460575 0.0554802 1.690719 0 SpineBase
0.02748306 0.3676551 1.648431 1 SpineMid
0.07723986 0.6652136 1.593828 2 Neck
-0.07099695 0.5311086 1.703997 4 ShoulderLeft
0.1392664 0.5010318 1.493986 8 ShoulderRight
0.2316185 0.3944146 1.309376 9 ElbowRight
0.2192024 0.4600382 1.249403 10 WristRight
0.1965656 0.5232156 1.205547 11 HandRight
-0.07669809 0.05938054 1.687369 12 HipLeft
-0.1357655 -0.2236503 1.771252 13 KneeLeft
-0.1339604 -0.5596787 1.939756 14 AnkleLeft
-0.2021072 -0.6352343 1.924121 15 FootLeft
0.02876603 0.04936963 1.623681 16 HipRight
0.03852633 -0.2741612 1.681346 17 KneeRight
0.053192 -0.5981877 1.797861 18 AnkleRight
0.03195705 -0.6650647 1.746342 19 FootRight
0.06511373 0.5928613 1.609407 20 SpineShoulder
0.2054633 0.5787882 1.150841 23 HandTipRight
0.215093 0.4840055 1.161857 24 ThumbRight
-0.02559046 0.05202913 1.688398 0 SpineBase
0.02401702 0.3650577 1.640896 1 SpineMid
0.06978445 0.663601 1.578654 2 Neck
-0.08103774 0.5299852 1.691348 4 ShoulderLeft
0.1158011 0.4819438 1.481267 8 ShoulderRight
0.2138764 0.4003246 1.300622 9 ElbowRight
0.1281831 0.5675918 1.223551 10 WristRight
0.1373347 0.5537997 1.216693 11 HandRight
-0.07770442 0.05591635 1.688129 12 HipLeft
-0.1669674 -0.226867 1.783232 13 KneeLeft
-0.2616859 -0.5804759 1.933596 14 AnkleLeft
-0.3303223 -0.6254883 1.902344 15 FootLeft
0.027769 0.04447779 1.616646 16 HipRight
0.04254313 -0.2693673 1.669821 17 KneeRight
0.05343177 -0.5984999 1.797494 18 AnkleRight
0.03172987 -0.6640612 1.742965 19 FootRight
0.05881978 0.5909631 1.596309 20 SpineShoulder
0.1087165 0.6250154 1.18622 23 HandTipRight
0.1486378 0.5524671 1.1517 24 ThumbRight
-0.02096504 0.02997545 1.684254 0 SpineBase
0.01513796 0.3438592 1.632673 1 SpineMid
0.04690892 0.6413985 1.567499 2 Neck
-0.1046425 0.5081101 1.680743 4 ShoulderLeft
0.09318385 0.4518783 1.480847 8 ShoulderRight
0.1863893 0.3983974 1.292037 9 ElbowRight
0.08741716 0.5624428 1.226063 10 WristRight
0.08443565 0.5451928 1.224854 11 HandRight
-0.07496374 0.0356851 1.68762 12 HipLeft
-0.2014441 -0.2093191 1.795495 13 KneeLeft
-0.3856238 -0.5082884 1.917938 14 AnkleLeft
-0.4420484 -0.5451574 1.828703 15 FootLeft
0.034057 0.02302092 1.610518 16 HipRight
0.0431154 -0.2765325 1.667207 17 KneeRight
0.05355441 -0.5987492 1.79649 18 AnkleRight
0.03171262 -0.6638113 1.74154 19 FootRight
0.03944664 0.5690825 1.585771 20 SpineShoulder
0.02199629 0.60156 1.203213 23 HandTipRight
0.07425585 0.5556566 1.174 24 ThumbRight
-0.01992207 0.02451666 1.682828 0 SpineBase
0.02665933 0.347167 1.624772 1 SpineMid
0.08222108 0.66395 1.550802 2 Neck
-0.06969705 0.5306154 1.664408 4 ShoulderLeft
0.09189549 0.4378082 1.471675 8 ShoulderRight
0.2062305 0.3603247 1.293846 9 ElbowRight
0.04758654 0.5094668 1.235013 10 WristRight
0.02579924 0.5189399 1.231593 11 HandRight
-0.07225452 0.0319585 1.685685 12 HipLeft
-0.2430765 -0.180463 1.798165 13 KneeLeft
-0.4765223 -0.4258654 1.913042 14 AnkleLeft
-0.5354258 -0.4628116 1.828287 15 FootLeft
0.03432422 0.01625424 1.609384 16 HipRight
0.04364248 -0.2839023 1.663709 17 KneeRight
0.05403515 -0.5988706 1.79372 18 AnkleRight
0.03181463 -0.66336 1.738592 19 FootRight
0.06763265 0.5860283 1.571338 20 SpineShoulder
-0.05257795 0.5540718 1.227407 23 HandTipRight
-0.03667733 0.5255216 1.1994 24 ThumbRight
-0.01866251 0.02742587 1.681558 0 SpineBase
0.0349879 0.3600605 1.62298 1 SpineMid
0.09049318 0.6789328 1.55232 2 Neck
-0.06142353 0.5456088 1.665997 4 ShoulderLeft
0.1027703 0.4608992 1.452904 8 ShoulderRight
0.1669525 0.3669082 1.271141 9 ElbowRight
0.01960488 0.5005534 1.236493 10 WristRight
0.009566784 0.4919737 1.239333 11 HandRight
-0.06836922 0.03645334 1.684887 12 HipLeft
-0.2563276 -0.162864 1.794996 13 KneeLeft
-0.5092149 -0.3882458 1.914004 14 AnkleLeft
-0.5697883 -0.4252596 1.831818 15 FootLeft
0.03371792 0.01824853 1.607897 16 HipRight
0.04150321 -0.2835504 1.657512 17 KneeRight
0.05409251 -0.5989451 1.793266 18 AnkleRight
0.03156166 -0.6631737 1.737773 19 FootRight
0.07688725 0.6016406 1.571881 20 SpineShoulder
-0.08251686 0.5177535 1.231981 23 HandTipRight
-0.01214562 0.4688749 1.222875 24 ThumbRight
-0.01380562 0.03606153 1.673181 0 SpineBase
0.03263693 0.3616331 1.62103 1 SpineMid
0.07291347 0.6720635 1.554917 2 Neck
-0.07892674 0.5387409 1.668514 4 ShoulderLeft
0.1201022 0.5146273 1.42784 8 ShoulderRight
0.196946 0.3357854 1.309965 9 ElbowRight
0.004357991 0.392453 1.275637 10 WristRight
-0.04986217 0.4067526 1.273124 11 HandRight
-0.06441364 0.04159728 1.666359 12 HipLeft
-0.2798413 -0.1204854 1.783644 13 KneeLeft
-0.5534922 -0.3353864 1.915406 14 AnkleLeft
-0.6120018 -0.373655 1.832228 15 FootLeft
0.03832348 0.02890451 1.602983 16 HipRight
0.04205961 -0.273636 1.651557 17 KneeRight
0.05358098 -0.5996773 1.792095 18 AnkleRight
0.03023377 -0.6642773 1.739578 19 FootRight
0.06409455 0.5973815 1.572767 20 SpineShoulder
-0.143076 0.3935752 1.276013 23 HandTipRight
-0.0101463 0.3634787 1.275667 24 ThumbRight
-0.01197548 0.0343823 1.671119 0 SpineBase
0.03058739 0.3591298 1.619652 1 SpineMid
0.06692135 0.6674803 1.554861 2 Neck
-0.08489705 0.5341596 1.668426 4 ShoulderLeft
0.1169965 0.5127734 1.428937 8 ShoulderRight
0.1425678 0.3357253 1.312754 9 ElbowRight
-0.0596397 0.344699 1.303982 10 WristRight
-0.09911942 0.3342383 1.311022 11 HandRight
-0.06338963 0.03946238 1.668164 12 HipLeft
-0.2889377 -0.1143675 1.779526 13 KneeLeft
-0.5548032 -0.3344085 1.911737 14 AnkleLeft
-0.6126043 -0.3728431 1.828129 15 FootLeft
0.04075648 0.027301 1.599789 16 HipRight
0.0439619 -0.2743675 1.65105 17 KneeRight
0.05400686 -0.5997601 1.79105 18 AnkleRight
0.03031231 -0.6642569 1.739124 19 FootRight
0.05853583 0.5928422 1.572495 20 SpineShoulder
-0.1514533 0.3020353 1.329666 23 HandTipRight
-0.1049357 0.3016887 1.317429 24 ThumbRight
-0.01112409 0.05468246 1.669073 0 SpineBase
0.02839222 0.3627895 1.618448 1 SpineMid
0.06377225 0.6658244 1.554064 2 Neck
-0.08803579 0.5325007 1.667616 4 ShoulderLeft
0.112664 0.5084918 1.430953 8 ShoulderRight
0.1422728 0.3290551 1.319883 9 ElbowRight
-0.05999038 0.3197632 1.317215 10 WristRight
-0.09379604 0.2987617 1.329257 11 HandRight
-0.05724895 0.06638458 1.682247 12 HipLeft
-0.2803653 -0.1120855 1.770825 13 KneeLeft
-0.546922 -0.3457316 1.900971 14 AnkleLeft
-0.6045285 -0.3839671 1.81725 15 FootLeft
0.03657522 0.04869209 1.585502 16 HipRight
0.04443165 -0.2512474 1.643693 17 KneeRight
0.05455339 -0.5982382 1.789342 18 AnkleRight
0.03073274 -0.6629978 1.738957 19 FootRight
0.05598364 0.5924214 1.571844 20 SpineShoulder
-0.1437369 0.2596207 1.354207 23 HandTipRight
-0.0784175 0.2705122 1.328167 24 ThumbRight
-0.01135075 0.0567591 1.669305 0 SpineBase
0.02543031 0.3646077 1.61703 1 SpineMid
0.0573957 0.6623343 1.550576 2 Neck
-0.0943962 0.528998 1.664107 4 ShoulderLeft
0.1070986 0.5020669 1.43382 8 ShoulderRight
0.138032 0.3113139 1.343055 9 ElbowRight
-0.05551087 0.2523334 1.349981 10 WristRight
-0.08490744 0.2267246 1.364847 11 HandRight
-0.05727641 0.06672058 1.682428 12 HipLeft
-0.2612795 -0.1427301 1.756619 13 KneeLeft
-0.485812 -0.4127192 1.864212 14 AnkleLeft
-0.5432585 -0.4500383 1.779673 15 FootLeft
0.03594786 0.04971514 1.585823 16 HipRight
0.04546318 -0.2516677 1.643327 17 KneeRight
0.0551712 -0.5983433 1.789479 18 AnkleRight
0.03119863 -0.6628391 1.738578 19 FootRight
0.05021659 0.5904591 1.569044 20 SpineShoulder
-0.1230173 0.1814038 1.395792 23 HandTipRight
-0.08780824 0.1796746 1.3838 24 ThumbRight
-0.01328432 0.05664701 1.670278 0 SpineBase
0.01816256 0.3639885 1.613227 1 SpineMid
0.04430619 0.6581377 1.540237 2 Neck
-0.107457 0.5247579 1.653746 4 ShoulderLeft
0.1001749 0.4954878 1.435567 8 ShoulderRight
0.1440053 0.2844588 1.367628 9 ElbowRight
-0.02506475 0.1746511 1.384104 10 WristRight
-0.04670883 0.1399199 1.409294 11 HandRight
-0.0595149 0.06386249 1.681445 12 HipLeft
-0.215523 -0.1962168 1.725976 13 KneeLeft
-0.3467113 -0.5318725 1.809361 14 AnkleLeft
-0.3996582 -0.5834961 1.771484 15 FootLeft
0.03315855 0.04938266 1.589226 16 HipRight
0.04220433 -0.2604811 1.64582 17 KneeRight
0.05562301 -0.5996668 1.791211 18 AnkleRight
0.03108437 -0.6631241 1.738439 19 FootRight
0.03815266 0.5869311 1.560449 20 SpineShoulder
-0.07850192 0.09280988 1.437231 23 HandTipRight
-0.01618897 0.124408 1.472396 24 ThumbRight
-0.02025835 0.05385119 1.669727 0 SpineBase
0.009458037 0.3627723 1.608003 1 SpineMid
0.03643413 0.6581299 1.531773 2 Neck
-0.1153146 0.52471 1.645283 4 ShoulderLeft
-0.1625303 0.1326526 1.756634 7 HandLeft
0.09692308 0.4942659 1.43485 8 ShoulderRight
0.1438241 0.2727577 1.379711 9 ElbowRight
0.0053098 0.09752978 1.423305 10 WristRight
-0.01800742 0.08811163 1.433583 11 HandRight
-0.06764311 0.06095214 1.679576 12 HipLeft
-0.1785163 -0.257244 1.692896 13 KneeLeft
-0.2473923 -0.5693752 1.771279 14 AnkleLeft
-0.2990723 -0.6391602 1.699219 15 FootLeft
0.02730787 0.04581764 1.589916 16 HipRight
0.03846153 -0.2887675 1.659912 17 KneeRight
0.05542715 -0.6047162 1.793355 18 AnkleRight
0.02980744 -0.6668507 1.737866 19 FootRight
0.0299308 0.586524 1.552765 20 SpineShoulder
-0.2053844 0.07070758 1.815259 21 HandTipLeft
-0.1937332 0.06149568 1.7815 22 ThumbLeft
-0.05681311 0.04220327 1.458824 23 HandTipRight
-0.0542578 0.1568151 1.476217 24 ThumbRight
-0.02487374 0.04986964 1.666901 0 SpineBase
0.003376103 0.3600197 1.602484 1 SpineMid
0.02983889 0.6563943 1.524676 2 Neck
-0.1218991 0.5229439 1.638179 4 ShoulderLeft
-0.1777415 0.1443112 1.776828 6 WristLeft
-0.2029935 0.07490352 1.805942 7 HandLeft
0.09340596 0.4929659 1.433473 8 ShoulderRight
0.1446205 0.2667691 1.385267 9 ElbowRight
0.01944159 0.1085629 1.401714 10 WristRight
-0.002828355 0.07246241 1.440056 11 HandRight
-0.07407989 0.05629594 1.674616 12 HipLeft
-0.1607964 -0.2710663 1.681183 13 KneeLeft
-0.2230203 -0.5784913 1.753537 14 AnkleLeft
-0.2600098 -0.6503906 1.667969 15 FootLeft
0.02443916 0.04208233 1.588748 16 HipRight
0.03660877 -0.2998291 1.665624 17 KneeRight
0.05584314 -0.6059245 1.794309 18 AnkleRight
0.02976442 -0.6674812 1.737814 19 FootRight
0.02339834 0.5844847 1.54602 20 SpineShoulder
-0.2223234 -0.004905852 1.840232 21 HandTipLeft
-0.1951884 0.04629655 1.768518 22 ThumbLeft
-0.04167607 0.01819262 1.458861 23 HandTipRight
-0.05133928 0.1267286 1.481475 24 ThumbRight
-0.06440568 0.04111715 1.628765 0 SpineBase
-0.03183023 0.3516175 1.567154 1 SpineMid
-0.001125525 0.6466599 1.493319 2 Neck
-0.1520081 0.5145145 1.595284 4 ShoulderLeft
-0.2116254 0.3029312 1.744444 5 ElbowLeft
-0.254509 0.1200927 1.807036 6 WristLeft
-0.2730165 0.07758795 1.826522 7 HandLeft
0.08260551 0.4888513 1.427465 8 ShoulderRight
0.1375796 0.2476579 1.397153 9 ElbowRight
0.091887 0.04953827 1.38159 10 WristRight
0.0811623 0.007775094 1.416473 11 HandRight
-0.1229969 0.04733498 1.617843 12 HipLeft
-0.1300138 -0.2944176 1.659029 13 KneeLeft
-0.1657865 -0.5948451 1.708275 14 AnkleLeft
-0.1997616 -0.6587505 1.638188 15 FootLeft
-0.002245876 0.03369699 1.569581 16 HipRight
0.04251025 -0.2948004 1.66528 17 KneeRight
0.05616739 -0.6027256 1.794376 18 AnkleRight
0.03344584 -0.6663525 1.741702 19 FootRight
-0.008578924 0.5751144 1.51367 20 SpineShoulder
-0.2880605 0.00404365 1.886016 21 HandTipLeft
-0.2831302 0.05125032 1.79875 22 ThumbLeft
0.09639639 -0.07325167 1.420741 23 HandTipRight
0.1278749 0.005118288 1.355012 24 ThumbRight
-0.08041793 0.04196094 1.599336 0 SpineBase
-0.05264003 0.3471266 1.539258 1 SpineMid
-0.02631608 0.6363881 1.467049 2 Neck
-0.2011723 0.5147088 1.548913 4 ShoulderLeft
-0.2721266 0.2952668 1.684997 5 ElbowLeft
-0.3180289 0.1231013 1.767765 6 WristLeft
-0.3273837 0.07976498 1.797932 7 HandLeft
0.07890041 0.4883735 1.42535 8 ShoulderRight
0.1447086 0.2701789 1.415345 9 ElbowRight
0.16475 0.0758391 1.35004 10 WristRight
0.166501 0.02903151 1.350787 11 HandRight
-0.1482557 0.04761105 1.573533 12 HipLeft
-0.1696427 -0.264502 1.636198 13 KneeLeft
-0.168383 -0.5853149 1.707181 14 AnkleLeft
-0.199995 -0.6587257 1.647004 15 FootLeft
-0.01089539 0.03440989 1.552487 16 HipRight
0.01083688 -0.2865988 1.637826 17 KneeRight
0.05108653 -0.6022077 1.792621 18 AnkleRight
0.03377946 -0.6675058 1.74169 19 FootRight
-0.03274439 0.5663151 1.486977 20 SpineShoulder
-0.3404204 0.0125159 1.862153 21 HandTipLeft
-0.3442571 0.05958079 1.765941 22 ThumbLeft
0.1666026 -0.06290004 1.352726 23 HandTipRight
0.1582643 -0.03434307 1.297667 24 ThumbRight
-0.08551355 0.04342962 1.590944 0 SpineBase
-0.05745969 0.3462955 1.533058 1 SpineMid
-0.03067004 0.6338308 1.462719 2 Neck
-0.2020573 0.5145473 1.547741 4 ShoulderLeft
-0.2818329 0.292498 1.675633 5 ElbowLeft
-0.3339632 0.1195931 1.753612 6 WristLeft
-0.3467617 0.09692718 1.761365 7 HandLeft
0.08217102 0.4884423 1.425265 8 ShoulderRight
0.1467885 0.2713399 1.416607 9 ElbowRight
0.173107 0.07797329 1.350674 10 WristRight
0.1845513 0.0344856 1.347752 11 HandRight
-0.1518718 0.04883686 1.567912 12 HipLeft
-0.1716866 -0.2640106 1.634906 13 KneeLeft
-0.171443 -0.5852815 1.706588 14 AnkleLeft
-0.2007985 -0.656586 1.649378 15 FootLeft
-0.01571713 0.03584482 1.543715 16 HipRight
0.002605355 -0.2857369 1.626852 17 KneeRight
0.04003411 -0.5958474 1.783552 18 AnkleRight
0.03447257 -0.6641419 1.740319 19 FootRight
-0.03722443 0.5641451 1.482219 20 SpineShoulder
-0.3658604 0.01469549 1.835828 21 HandTipLeft
-0.3711151 0.06628491 1.736185 22 ThumbLeft
0.1796114 -0.06162389 1.352601 23 HandTipRight
0.1558534 0.01068983 1.327222 24 ThumbRight
-0.1048539 0.04721526 1.568568 0 SpineBase
-0.07412314 0.3444106 1.514484 1 SpineMid
-0.04438408 0.6268059 1.448186 2 Neck
-0.2251844 0.5099263 1.502294 4 ShoulderLeft
-0.3296647 0.2824261 1.604161 5 ElbowLeft
-0.4188397 0.1070131 1.635387 6 WristLeft
-0.4280547 0.08751437 1.63983 7 HandLeft
0.07956264 0.4864159 1.424914 8 ShoulderRight
0.1596609 0.2741733 1.43191 9 ElbowRight
0.2189978 0.08771894 1.368784 10 WristRight
0.2315013 0.04369728 1.357757 11 HandRight
-0.1750817 0.05194533 1.541791 12 HipLeft
-0.1826984 -0.2643174 1.622158 13 KneeLeft
-0.1798272 -0.5865359 1.701027 14 AnkleLeft
-0.2003682 -0.654622 1.64943 15 FootLeft
-0.03012693 0.04020238 1.525632 16 HipRight
-0.02865161 -0.2862801 1.559391 17 KneeRight
0.01570943 -0.5872297 1.748735 18 AnkleRight
0.0317582 -0.6592144 1.724158 19 FootRight
-0.05170303 0.5583352 1.466679 20 SpineShoulder
-0.4610851 0.006203712 1.679536 21 HandTipLeft
-0.4484687 0.1205382 1.615833 22 ThumbLeft
0.2375602 -0.03947501 1.352333 23 HandTipRight
0.2065879 0.0243795 1.336765 24 ThumbRight
-0.1152585 0.04759538 1.553581 0 SpineBase
-0.0824338 0.3431903 1.502498 1 SpineMid
-0.05054626 0.6241083 1.439587 2 Neck
-0.2455555 0.4924563 1.469155 4 ShoulderLeft
-0.3703052 0.2872111 1.500185 5 ElbowLeft
-0.4644857 0.1093624 1.479667 6 WristLeft
-0.4780048 0.09011909 1.476089 7 HandLeft
0.0827415 0.4835372 1.424769 8 ShoulderRight
0.1589278 0.275095 1.436668 9 ElbowRight
0.2287167 0.09042592 1.380689 10 WristRight
0.2540592 0.03993684 1.3854 11 HandRight
-0.1874676 0.05127694 1.5223 12 HipLeft
-0.1905366 -0.2640141 1.60934 13 KneeLeft
-0.1827706 -0.5888937 1.69789 14 AnkleLeft
-0.2005322 -0.6541381 1.649012 15 FootLeft
-0.03811314 0.04151198 1.514699 16 HipRight
-0.02770189 -0.2899704 1.492848 17 KneeRight
0.03621767 -0.5998941 1.663773 18 AnkleRight
0.0637207 -0.6660156 1.62207 19 FootRight
-0.05840912 0.5559556 1.457218 20 SpineShoulder
-0.5113863 0.01130779 1.482184 21 HandTipLeft
-0.5045707 0.1161561 1.465941 22 ThumbLeft
0.2850621 -0.03056829 1.383309 23 HandTipRight
0.2695532 0.04409796 1.347662 24 ThumbRight
-0.1134061 0.04218435 1.529945 0 SpineBase
-0.08108387 0.3389394 1.485033 1 SpineMid
-0.04950867 0.6202689 1.427644 2 Neck
-0.2381041 0.4886408 1.439948 4 ShoulderLeft
-0.3541345 0.3101489 1.391546 5 ElbowLeft
-0.4450465 0.1527645 1.294163 6 WristLeft
-0.459353 0.1256933 1.278633 7 HandLeft
0.08412144 0.4756043 1.418222 8 ShoulderRight
0.1580519 0.2718274 1.441335 9 ElbowRight
0.2305674 0.08347952 1.412618 10 WristRight
0.2527824 0.02583991 1.422516 11 HandRight
-0.1861886 0.04675701 1.497254 12 HipLeft
-0.1942587 -0.2561433 1.58576 13 KneeLeft
-0.1848276 -0.589678 1.695257 14 AnkleLeft
-0.2007284 -0.6539669 1.647457 15 FootLeft
-0.03550884 0.03568891 1.492992 16 HipRight
0.0173263 -0.3169922 1.465692 17 KneeRight
0.1146056 -0.6221983 1.521594 18 AnkleRight
0.1699219 -0.6875 1.449219 19 FootRight
-0.05731641 0.5520759 1.443944 20 SpineShoulder
-0.4810053 0.04896215 1.243495 21 HandTipLeft
-0.5071486 0.09859136 1.261286 22 ThumbLeft
0.2897036 -0.05007973 1.435952 23 HandTipRight
0.2702597 0.04043391 1.393145 24 ThumbRight
-0.103883 0.03863892 1.513404 0 SpineBase
-0.07223672 0.3360609 1.472956 1 SpineMid
-0.04151053 0.6176848 1.41979 2 Neck
-0.2281887 0.487294 1.425807 4 ShoulderLeft
-0.3286322 0.3082933 1.358723 5 ElbowLeft
-0.4059065 0.1734478 1.220835 6 WristLeft
-0.4150447 0.1419156 1.210376 7 HandLeft
0.09209628 0.4698882 1.40996 8 ShoulderRight
0.1623412 0.2630035 1.442675 9 ElbowRight
0.2324149 0.07328384 1.420223 10 WristRight
0.2524021 0.01784466 1.43022 11 HandRight
-0.1762693 0.04306864 1.480156 12 HipLeft
-0.1931354 -0.2533162 1.574039 13 KneeLeft
-0.1845718 -0.5897745 1.693926 14 AnkleLeft
-0.2008484 -0.6539431 1.646789 15 FootLeft
-0.02668683 0.03242005 1.476969 16 HipRight
0.03689169 -0.307897 1.457489 17 KneeRight
0.1281696 -0.6249548 1.488487 18 AnkleRight
0.1208121 -0.6589425 1.376866 19 FootRight
-0.04909687 0.5494537 1.435063 20 SpineShoulder
-0.4287403 0.07116681 1.169523 21 HandTipLeft
-0.4574666 0.1134655 1.195263 22 ThumbLeft
0.2883708 -0.06051483 1.447132 23 HandTipRight
0.2683432 0.06000887 1.408532 24 ThumbRight
-0.07601444 0.0314495 1.478327 0 SpineBase
-0.04346985 0.3309797 1.444955 1 SpineMid
-0.01193816 0.613896 1.399099 2 Neck
-0.1916526 0.4824527 1.405109 4 ShoulderLeft
-0.2684915 0.3000417 1.332634 5 ElbowLeft
-0.3163923 0.1788697 1.169542 6 WristLeft
-0.3208964 0.1428653 1.162281 7 HandLeft
0.1248746 0.4602877 1.387459 8 ShoulderRight
0.1811417 0.2480776 1.433349 9 ElbowRight
0.2409534 0.05458721 1.418661 10 WristRight
0.2563668 0.0133444 1.416149 11 HandRight
-0.1492262 0.03526612 1.446286 12 HipLeft
-0.1767102 -0.2510206 1.549281 13 KneeLeft
-0.1814178 -0.5882748 1.689415 14 AnkleLeft
-0.1996913 -0.6525713 1.647138 15 FootLeft
0.0008370571 0.02615331 1.440575 16 HipRight
0.05764556 -0.293161 1.439124 17 KneeRight
0.1280667 -0.6226135 1.488736 18 AnkleRight
0.1202924 -0.6558095 1.376837 19 FootRight
-0.01970405 0.5454153 1.412482 20 SpineShoulder
-0.3181306 0.07595979 1.121964 21 HandTipLeft
-0.3561821 0.1083117 1.143739 22 ThumbLeft
0.2895416 -0.0691005 1.433712 23 HandTipRight
0.2751181 0.07373245 1.400813 24 ThumbRight
-0.06005589 0.03008213 1.463441 0 SpineBase
-0.02567304 0.3298065 1.431438 1 SpineMid
0.007368073 0.6128013 1.387612 2 Neck
-0.1666882 0.4795172 1.396137 4 ShoulderLeft
-0.2364288 0.2901727 1.336713 5 ElbowLeft
-0.2539016 0.1571108 1.176621 6 WristLeft
-0.2619429 0.1137051 1.161233 7 HandLeft
0.144272 0.4609412 1.3746 8 ShoulderRight
0.2063282 0.2499203 1.413231 9 ElbowRight
0.256226 0.05357533 1.396519 10 WristRight
0.2698307 0.01211349 1.391654 11 HandRight
-0.1332159 0.03428739 1.432245 12 HipLeft
-0.1558287 -0.2510768 1.531346 13 KneeLeft
-0.1784499 -0.5875529 1.686134 14 AnkleLeft
-0.1990682 -0.6522618 1.647005 15 FootLeft
0.01602591 0.02443489 1.42479 16 HipRight
0.07141885 -0.2941641 1.427261 17 KneeRight
0.1290175 -0.622137 1.488224 18 AnkleRight
0.1201374 -0.6551857 1.376161 19 FootRight
-0.0007255271 0.5443147 1.400417 20 SpineShoulder
-0.2494502 0.05942765 1.129041 21 HandTipLeft
-0.2982723 0.09562442 1.151562 22 ThumbLeft
0.2965532 -0.07213602 1.406668 23 HandTipRight
0.2938169 0.06075226 1.384733 24 ThumbRight
-0.03374074 0.03067164 1.442494 0 SpineBase
-0.001937491 0.3292697 1.415049 1 SpineMid
0.02859059 0.6111357 1.375421 2 Neck
-0.1397293 0.4778266 1.386281 4 ShoulderLeft
-0.1968646 0.2808447 1.342072 5 ElbowLeft
-0.2225084 0.1378994 1.192195 6 WristLeft
-0.2234716 0.1001597 1.185759 7 HandLeft
0.1671048 0.460354 1.357458 8 ShoulderRight
0.2295831 0.2543482 1.391094 9 ElbowRight
0.2831791 0.06048409 1.355707 10 WristRight
0.2935264 0.01672969 1.353083 11 HandRight
-0.1059893 0.03405505 1.411038 12 HipLeft
-0.1395295 -0.2584626 1.520337 13 KneeLeft
-0.1742483 -0.5905519 1.681896 14 AnkleLeft
-0.1985852 -0.6550314 1.644772 15 FootLeft
0.04022855 0.02576702 1.404091 16 HipRight
0.09356651 -0.2902833 1.411337 17 KneeRight
0.136385 -0.6214929 1.488241 18 AnkleRight
0.1253099 -0.6541731 1.375992 19 FootRight
0.02112931 0.5429264 1.387203 20 SpineShoulder
-0.2117784 0.03325904 1.154979 21 HandTipLeft
-0.2586255 0.05926398 1.170611 22 ThumbLeft
0.3235516 -0.06323592 1.351546 23 HandTipRight
0.2975965 0.004599553 1.31475 24 ThumbRight
-0.007960685 0.02905757 1.424759 0 SpineBase
0.02161663 0.3265851 1.400493 1 SpineMid
0.04958643 0.6072781 1.364324 2 Neck
-0.1150915 0.4735272 1.377657 4 ShoulderLeft
-0.1822012 0.2780317 1.346814 5 ElbowLeft
-0.2137394 0.1238107 1.210265 6 WristLeft
-0.2144171 0.07982454 1.209582 7 HandLeft
0.1929736 0.4565798 1.340672 8 ShoulderRight
0.2542832 0.2617156 1.36672 9 ElbowRight
0.3076505 0.06934706 1.321174 10 WristRight
0.3227749 0.0197433 1.311424 11 HandRight
-0.08317631 0.03155758 1.398618 12 HipLeft
-0.1235731 -0.2674467 1.507128 13 KneeLeft
-0.1663115 -0.5910075 1.670955 14 AnkleLeft
-0.1972125 -0.6572508 1.642015 15 FootLeft
0.06807054 0.02530483 1.380066 16 HipRight
0.1126315 -0.2855912 1.401117 17 KneeRight
0.1411362 -0.620075 1.487331 18 AnkleRight
0.127774 -0.6525056 1.375031 19 FootRight
0.04279822 0.5393623 1.375221 20 SpineShoulder
-0.2090338 0.003751436 1.181842 21 HandTipLeft
-0.2524277 0.03753186 1.199556 22 ThumbLeft
0.3543923 -0.05811194 1.302713 23 HandTipRight
0.3383138 0.07025196 1.296333 24 ThumbRight
0.02418519 0.0227033 1.403494 0 SpineBase
0.06077955 0.3215374 1.377665 1 SpineMid
0.09558497 0.6032135 1.340474 2 Neck
-0.08556604 0.4679711 1.368995 4 ShoulderLeft
-0.1647342 0.2763191 1.355127 5 ElbowLeft
-0.2190031 0.09583468 1.270203 6 WristLeft
-0.2357697 0.04937947 1.259657 7 HandLeft
0.2321073 0.453066 1.314289 8 ShoulderRight
0.3003678 0.2590463 1.322842 9 ElbowRight
0.3543283 0.06995291 1.263681 10 WristRight
0.3709983 0.02030896 1.253472 11 HandRight
-0.05005362 0.02495837 1.380338 12 HipLeft
-0.09589963 -0.2678295 1.473918 13 KneeLeft
-0.1601421 -0.5904781 1.657438 14 AnkleLeft
-0.197468 -0.6613865 1.631682 15 FootLeft
0.09702015 0.0194061 1.35688 16 HipRight
0.1334373 -0.2882006 1.386177 17 KneeRight
0.146285 -0.6205567 1.484661 18 AnkleRight
0.1560976 -0.6855117 1.444134 19 FootRight
0.08735992 0.5350745 1.351433 20 SpineShoulder
-0.2404033 -0.03895746 1.248758 21 HandTipLeft
-0.2780777 0.01465263 1.2585 22 ThumbLeft
0.4020759 -0.05329135 1.240488 23 HandTipRight
0.3983384 0.02406997 1.235357 24 ThumbRight
0.04742217 0.01988319 1.390759 0 SpineBase
0.08227666 0.3197372 1.365833 1 SpineMid
0.1146937 0.6020375 1.329527 2 Neck
-0.06052659 0.4672607 1.364551 4 ShoulderLeft
-0.1468968 0.2674943 1.371825 5 ElbowLeft
-0.2188637 0.07889302 1.341043 6 WristLeft
-0.239325 0.03633278 1.333566 7 HandLeft
0.25352 0.4512488 1.296786 8 ShoulderRight
0.3309959 0.2510239 1.297829 9 ElbowRight
0.3920563 0.06858321 1.224861 10 WristRight
0.4084679 0.02218066 1.213053 11 HandRight
-0.02585872 0.02271562 1.370198 12 HipLeft
-0.08489378 -0.2727386 1.462992 13 KneeLeft
-0.1503389 -0.5887177 1.640634 14 AnkleLeft
-0.1658104 -0.6224566 1.528808 15 FootLeft
0.1188043 0.01600406 1.34116 16 HipRight
0.1485395 -0.2913784 1.374556 17 KneeRight
0.150092 -0.6242995 1.483238 18 AnkleRight
0.1601504 -0.6893752 1.445172 19 FootRight
0.1068537 0.5337982 1.34041 20 SpineShoulder
-0.2583572 -0.04741383 1.334839 21 HandTipLeft
-0.267373 0.04040588 1.307118 22 ThumbLeft
0.4405417 -0.04778621 1.198287 23 HandTipRight
0.4381119 0.0002332322 1.18264 24 ThumbRight
0.1014792 0.0120902 1.359535 0 SpineBase
0.1398526 0.3140575 1.328782 1 SpineMid
0.1750738 0.5979667 1.286332 2 Neck
0.009376638 0.4807875 1.339744 4 ShoulderLeft
-0.08017323 0.2423633 1.428673 5 ElbowLeft
-0.1499389 0.05342396 1.439982 6 WristLeft
-0.1514125 0.02940463 1.448311 7 HandLeft
0.2992477 0.4574024 1.253825 8 ShoulderRight
0.3773666 0.2396766 1.258047 9 ElbowRight
0.4243697 0.0495008 1.196432 10 WristRight
0.4467822 0.002420185 1.182294 11 HandRight
0.02855241 0.01660123 1.342282 12 HipLeft
-0.04850908 -0.3116939 1.387134 13 KneeLeft
-0.1302979 -0.5898542 1.578519 14 AnkleLeft
-0.1522794 -0.6230347 1.468861 15 FootLeft
0.1693025 0.00692522 1.307024 16 HipRight
0.1767541 -0.3037687 1.361944 17 KneeRight
0.1565805 -0.6249471 1.47951 18 AnkleRight
0.1286774 -0.6568257 1.370434 19 FootRight
0.1667121 0.5293908 1.298708 20 SpineShoulder
-0.1685393 -0.05475316 1.471629 21 HandTipLeft
-0.1818146 0.02424991 1.397526 22 ThumbLeft
0.477205 -0.07210512 1.176148 23 HandTipRight
0.4641116 0.05722094 1.1687 24 ThumbRight
0.1167686 0.007796102 1.35031 0 SpineBase
0.1529632 0.310205 1.31862 1 SpineMid
0.1860147 0.5944024 1.275312 2 Neck
0.01932851 0.482484 1.333221 4 ShoulderLeft
-0.05593321 0.2381947 1.429752 5 ElbowLeft
-0.1105537 0.04708869 1.458267 6 WristLeft
-0.1034521 0.02752088 1.469838 7 HandLeft
0.3096693 0.4563358 1.243847 8 ShoulderRight
0.3901683 0.2364442 1.247621 9 ElbowRight
0.4305225 0.04266473 1.193899 10 WristRight
0.4512072 -0.006301838 1.183059 11 HandRight
0.04369346 0.01366044 1.332617 12 HipLeft
-0.02044775 -0.3140371 1.341978 13 KneeLeft
-0.104708 -0.5928467 1.52774 14 AnkleLeft
-0.1279483 -0.6255936 1.418653 15 FootLeft
0.1839782 0.001504817 1.298232 16 HipRight
0.1826813 -0.3064552 1.360968 17 KneeRight
0.1616337 -0.6256779 1.47606 18 AnkleRight
0.1328124 -0.6574973 1.367461 19 FootRight
0.1781976 0.5257741 1.287891 20 SpineShoulder
-0.1165968 -0.06106649 1.499837 21 HandTipLeft
-0.135821 0.02195658 1.4274 22 ThumbLeft
0.4787932 -0.08442646 1.177927 23 HandTipRight
0.464792 0.02719949 1.156474 24 ThumbRight
0.1484858 -0.009026412 1.330595 0 SpineBase
0.1837277 0.2979281 1.29371 1 SpineMid
0.21556 0.5861178 1.24448 2 Neck
0.05708591 0.4720554 1.29201 4 ShoulderLeft
-0.01960417 0.2325581 1.397925 5 ElbowLeft
-0.05482924 0.03793519 1.431822 6 WristLeft
-0.0529774 0.0004645628 1.434362 7 HandLeft
0.3433047 0.4509754 1.217617 8 ShoulderRight
0.4124592 0.2252372 1.232606 9 ElbowRight
0.4418759 0.02693726 1.19161 10 WristRight
0.4601538 -0.02010112 1.18281 11 HandRight
0.07404939 0.000543603 1.311082 12 HipLeft
0.03259443 -0.3540961 1.270661 13 KneeLeft
-0.02618373 -0.6412675 1.374182 14 AnkleLeft
-0.04733633 -0.6727515 1.264846 15 FootLeft
0.2153104 -0.01820661 1.280467 16 HipRight
0.198378 -0.3366925 1.365665 17 KneeRight
0.1657717 -0.629003 1.475479 18 AnkleRight
0.1405342 -0.6616006 1.365837 19 FootRight
0.2080978 0.516557 1.25858 20 SpineShoulder
-0.04560422 -0.0546375 1.455788 21 HandTipLeft
-0.07639103 -0.009690542 1.4346 22 ThumbLeft
0.4814683 -0.1006843 1.185099 23 HandTipRight
0.4806021 -0.00732227 1.157518 24 ThumbRight
0.1704101 -0.01947228 1.316685 0 SpineBase
0.1966395 0.2912633 1.28094 1 SpineMid
0.2220054 0.5825758 1.232195 2 Neck
0.06499474 0.4639435 1.274626 4 ShoulderLeft
-0.01461289 0.2326245 1.369987 5 ElbowLeft
-0.05592911 0.03658846 1.391789 6 WristLeft
-0.05427786 0.01113418 1.386726 7 HandLeft
0.3514618 0.4314912 1.207857 8 ShoulderRight
0.4243244 0.2140403 1.225854 9 ElbowRight
0.4492611 0.01460266 1.188442 10 WristRight
0.4677155 -0.02517186 1.181326 11 HandRight
0.09334051 -0.009354082 1.296968 12 HipLeft
0.07252753 -0.3475976 1.236869 13 KneeLeft
0.03673914 -0.6498034 1.290198 14 AnkleLeft
0.01619058 -0.6806824 1.180666 15 FootLeft
0.2385955 -0.0286247 1.267035 16 HipRight
0.2113514 -0.3768792 1.375025 17 KneeRight
0.1701052 -0.6598883 1.473548 18 AnkleRight
0.1468569 -0.6922373 1.363512 19 FootRight
0.2158957 0.5123011 1.246292 20 SpineShoulder
-0.05305552 -0.0762888 1.418481 21 HandTipLeft
-0.09453139 -0.01745133 1.396 22 ThumbLeft
0.4853081 -0.1075538 1.184876 23 HandTipRight
0.4968641 2.897565E-05 1.169182 24 ThumbRight
0.1888418 -0.01958037 1.302246 0 SpineBase
0.2118889 0.2877685 1.264174 1 SpineMid
0.2322505 0.575532 1.212887 2 Neck
0.07181987 0.4579279 1.246658 4 ShoulderLeft
-0.0118978 0.2305119 1.32974 5 ElbowLeft
-0.07082275 0.03689843 1.336727 6 WristLeft
-0.07011338 0.0108419 1.328518 7 HandLeft
0.3583435 0.4298365 1.198835 8 ShoulderRight
0.4306093 0.2093534 1.221479 9 ElbowRight
0.4592181 0.01049419 1.184205 10 WristRight
0.4759978 -0.03089855 1.178881 11 HandRight
0.1104713 -0.01074361 1.28126 12 HipLeft
0.09865407 -0.3395002 1.206264 13 KneeLeft
0.09343012 -0.7423173 1.214762 14 AnkleLeft
0.2573363 -0.02740693 1.253794 16 HipRight
0.1958647 -0.3450047 1.300208 17 KneeRight
0.1573181 -0.6430799 1.353796 18 AnkleRight
0.2276005 0.5061659 1.227547 20 SpineShoulder
-0.0870171 -0.07736022 1.351533 21 HandTipLeft
0.00254037 -0.01259697 1.249286 22 ThumbLeft
0.4963674 -0.1143855 1.183923 23 HandTipRight
0.49161 -0.03874315 1.143944 24 ThumbRight
0.1999538 -0.01687041 1.285236 0 SpineBase
0.2176994 0.2833085 1.251766 1 SpineMid
0.2351445 0.5629678 1.199125 2 Neck
0.07170462 0.455831 1.237001 4 ShoulderLeft
-0.01518714 0.2274694 1.28135 5 ElbowLeft
-0.08629737 0.03698547 1.271742 6 WristLeft
-0.09888688 0.002457816 1.264035 7 HandLeft
0.3652243 0.4302642 1.192088 8 ShoulderRight
0.439196 0.2037521 1.213288 9 ElbowRight
0.4693522 0.004675585 1.180054 10 WristRight
0.483211 -0.03416094 1.175042 11 HandRight
0.1188236 -0.008928001 1.262066 12 HipLeft
0.1315486 -0.3219506 1.175259 13 KneeLeft
0.1373681 -0.7401053 1.146306 14 AnkleLeft
0.2703719 -0.02393131 1.238857 16 HipRight
0.1833847 -0.3247748 1.254478 17 KneeRight
0.2315099 0.495734 1.21437 20 SpineShoulder
-0.1126456 -0.0805419 1.276327 21 HandTipLeft
-0.05303625 0.03060352 1.27475 22 ThumbLeft
0.5045068 -0.1189588 1.180416 23 HandTipRight
0.4948883 -0.03584932 1.135429 24 ThumbRight
0.2120931 -0.01548924 1.261384 0 SpineBase
0.2197095 0.2823976 1.226004 1 SpineMid
0.2258772 0.5608175 1.17539 2 Neck
0.07197896 0.442602 1.189114 4 ShoulderLeft
-0.02160533 0.2264511 1.224242 5 ElbowLeft
-0.09700893 0.03753309 1.205512 6 WristLeft
-0.11108 0.0005996323 1.194485 7 HandLeft
0.3758469 0.429993 1.167983 8 ShoulderRight
0.4483801 0.1981505 1.201976 9 ElbowRight
0.4759251 -0.002158929 1.177114 10 WristRight
0.4919963 -0.03842713 1.171628 11 HandRight
0.1274264 -0.009532225 1.237952 12 HipLeft
0.1519639 -0.3207437 1.144136 13 KneeLeft
0.1780693 -0.7366197 1.08851 14 AnkleLeft
0.285261 -0.02051103 1.215548 16 HipRight
0.1838555 -0.3185897 1.227159 17 KneeRight
0.2249445 0.4938999 1.190046 20 SpineShoulder
-0.1273122 -0.08532414 1.198985 21 HandTipLeft
-0.0672944 0.0254803 1.209429 22 ThumbLeft
0.5156545 -0.1205373 1.179323 23 HandTipRight
0.4992493 -0.04315779 1.126814 24 ThumbRight
0.2298223 -0.01637059 1.239193 0 SpineBase
0.2228805 0.2873777 1.205036 1 SpineMid
0.2146301 0.5721177 1.156441 2 Neck
0.08063064 0.4337824 1.146866 4 ShoulderLeft
-0.0213619 0.2183653 1.170249 5 ElbowLeft
-0.1000449 0.03176805 1.137428 6 WristLeft
-0.1121793 -0.008668744 1.126498 7 HandLeft
0.3726366 0.4324042 1.142861 8 ShoulderRight
0.456275 0.1925712 1.191957 9 ElbowRight
0.4856273 -0.007625455 1.170451 10 WristRight
0.5031467 -0.03894564 1.163605 11 HandRight
0.1432094 -0.01306209 1.213034 12 HipLeft
0.1352051 -0.3962603 1.35455 13 KneeLeft
0.1863312 -0.2791048 0.950443 14 AnkleLeft
0.1836774 -0.3705711 0.9593009 15 FootLeft
0.3036105 -0.01886423 1.196231 16 HipRight
0.1849457 -0.312858 1.200903 17 KneeRight
0.1248084 -0.6722696 1.325387 19 FootRight
0.2172873 0.5033621 1.170496 20 SpineShoulder
-0.1237983 -0.09734105 1.129248 21 HandTipLeft
-0.0672571 0.02851159 1.1494 22 ThumbLeft
0.5299335 -0.1223829 1.173187 23 HandTipRight
0.5147858 -0.02766802 1.124891 24 ThumbRight
0.2403722 -0.02342718 1.193013 0 SpineBase
0.233954 0.2759022 1.145259 1 SpineMid
0.2250856 0.5545717 1.084439 2 Neck
0.163585 0.473366 1.059298 4 ShoulderLeft
0.01573366 0.2346529 1.078923 5 ElbowLeft
-0.07169804 0.03026606 1.033971 6 WristLeft
-0.08221326 -0.03217256 1.020176 7 HandLeft
0.3758149 0.4245315 1.096045 8 ShoulderRight
0.4723708 0.1775117 1.165752 9 ElbowRight
0.5038046 -0.02246276 1.159958 10 WristRight
0.5214636 -0.04571462 1.154668 11 HandRight
0.1519877 -0.01721148 1.161606 12 HipLeft
0.1361532 -0.3847617 1.33127 13 KneeLeft
0.1918525 -0.3388153 0.9377255 15 FootLeft
0.3147157 -0.02834384 1.155285 16 HipRight
0.1735245 -0.3144887 1.076978 17 KneeRight
0.1364776 -0.5904456 1.370163 18 AnkleRight
0.1473919 -0.6259735 1.258704 19 FootRight
0.227648 0.4876922 1.101409 20 SpineShoulder
-0.09518021 -0.1187254 1.023681 21 HandTipLeft
-0.06103715 -0.06157276 0.9885001 22 ThumbLeft
0.5499824 -0.1299614 1.177274 23 HandTipRight
0.5334178 -0.05251091 1.114676 24 ThumbRight
0.2401483 -0.02317928 1.155202 0 SpineBase
0.2381785 0.2663553 1.102154 1 SpineMid
0.2333289 0.5352423 1.037058 2 Neck
0.3056459 0.5147296 1.019719 4 ShoulderLeft
0.01925995 0.073616 0.9713721 6 WristLeft
-0.04182638 -0.0207947 0.9586115 7 HandLeft
0.3795414 0.4132384 1.054136 8 ShoulderRight
0.4787411 0.1728382 1.137913 9 ElbowRight
0.5149989 -0.02475613 1.151286 10 WristRight
0.536033 -0.05487986 1.148377 11 HandRight
0.1707651 -0.01106392 1.126158 12 HipLeft
0.1446504 -0.3814577 1.291981 13 KneeLeft
0.2077417 -0.3172374 0.9118868 15 FootLeft
0.2934011 -0.03291595 1.116376 16 HipRight
0.1762241 -0.3317044 1.072227 17 KneeRight
0.1359464 -0.60973 1.362949 18 AnkleRight
0.1596531 -0.6454678 1.255174 19 FootRight
0.2349563 0.4707881 1.054969 20 SpineShoulder
-0.06498233 -0.1028123 0.9483051 21 HandTipLeft
-0.01873202 -0.08917876 0.9294 22 ThumbLeft
0.5784423 -0.1431215 1.212445 23 HandTipRight
0.5484845 -0.07369836 1.112231 24 ThumbRight
0.2398437 -0.03056287 1.122632 0 SpineBase
0.2407032 0.2561133 1.070975 1 SpineMid
0.2381767 0.5223312 1.006677 2 Neck
0.3109134 0.5001595 0.9857649 4 ShoulderLeft
0.001388368 0.04129404 0.9447144 6 WristLeft
-0.02578368 -0.03256072 0.9288554 7 HandLeft
0.3876981 0.4051871 1.033936 8 ShoulderRight
0.4845341 0.1664124 1.123638 9 ElbowRight
0.5201172 -0.03059706 1.141937 10 WristRight
0.5396068 -0.05838078 1.138364 11 HandRight
0.1699485 -0.01701182 1.093884 12 HipLeft
0.145331 -0.3870404 1.260604 13 KneeLeft
0.2115156 -0.3063182 0.8922038 15 FootLeft
0.294746 -0.04225013 1.08243 16 HipRight
0.1810969 -0.3415258 1.064468 17 KneeRight
0.1359667 -0.6156727 1.357835 18 AnkleRight
0.1713537 -0.6509971 1.254991 19 FootRight
0.2392674 0.4585633 1.024461 20 SpineShoulder
-0.04327331 -0.1163602 0.923152 21 HandTipLeft
-0.004135501 -0.09447087 0.8957576 22 ThumbLeft
0.5856157 -0.1443906 1.193524 23 HandTipRight
0.5483795 -0.07305492 1.097921 24 ThumbRight
0.2446582 -0.05023551 1.039734 0 SpineBase
0.2518971 0.229436 0.9855159 1 SpineMid
0.2547497 0.4877509 0.9183093 2 Neck
0.3272538 0.4661509 0.8990121 4 ShoulderLeft
0.04426632 -0.007551027 0.8609132 6 WristLeft
0.03293624 -0.08904741 0.8459905 7 HandLeft
0.3857333 0.3996044 0.9513479 8 ShoulderRight
0.4883053 0.1674921 1.050749 9 ElbowRight
0.5169973 -0.03193876 1.017232 10 WristRight
0.5273288 -0.05978797 1.011343 11 HandRight
0.1778502 -0.03896027 1.0094 12 HipLeft
0.1843562 -0.3568687 0.9704024 13 KneeLeft
0.2237332 -0.749716 1.083943 14 AnkleLeft
0.2953471 -0.05818886 1.002219 16 HipRight
0.2821472 -0.3566333 1.063401 17 KneeRight
0.1877742 -0.6236846 1.35342 18 AnkleRight
0.2340447 -0.6592641 1.258938 19 FootRight
0.2546245 0.4260877 0.936777 20 SpineShoulder
0.03800199 -0.1722423 0.8509869 21 HandTipLeft
0.07034963 -0.06977955 0.864125 22 ThumbLeft
0.5538777 -0.1178496 1.014301 23 HandTipRight
0.5232043 -0.05229886 0.9683946 24 ThumbRight
0.2860658 -0.08392648 0.9541672 0 SpineBase
0.2829985 0.1852839 0.8952118 1 SpineMid
0.3269782 0.4333104 0.8228521 4 ShoulderLeft
0.1441939 0.2140761 0.8030147 5 ElbowLeft
0.1000853 -0.04010332 0.7493502 6 WristLeft
0.1086383 -0.08909038 0.7576205 7 HandLeft
0.4364545 0.3547274 0.8737159 8 ShoulderRight
0.5192826 0.1599441 0.9331962 9 ElbowRight
0.5426762 -0.01144409 0.8182746 10 WristRight
0.5572075 -0.005386213 0.8101941 11 HandRight
0.2087868 -0.07008227 0.9189734 12 HipLeft
0.2080455 -0.3823517 0.9289771 13 KneeLeft
0.1741216 -0.672768 1.00783 14 AnkleLeft
0.3430817 -0.09196345 0.9222881 16 HipRight
0.3192916 -0.4031039 0.933108 17 KneeRight
0.2295295 -0.6367765 1.250985 18 AnkleRight
0.2771003 0.3733065 0.8409592 20 SpineShoulder
0.1170656 -0.1663555 0.7635725 21 HandTipLeft
0.1695148 -0.06791254 0.8229616 22 ThumbLeft
0.5638868 -0.02384502 0.8010916 23 HandTipRight
0.5395794 0.01132853 0.775 24 ThumbRight
0.2865199 -0.09525903 0.9286563 0 SpineBase
0.2899992 0.1711036 0.8698852 1 SpineMid
0.3400021 0.418424 0.8012054 4 ShoulderLeft
0.1208482 -0.02490091 0.6974776 6 WristLeft
0.1268137 -0.07455623 0.6903694 7 HandLeft
0.4473626 0.3543362 0.8501433 8 ShoulderRight
0.5538703 0.1677248 0.8903288 9 ElbowRight
0.652972 -0.0007595114 0.9308038 10 WristRight
0.2058265 -0.08342217 0.8873609 12 HipLeft
0.2111513 -0.3953103 0.9100942 13 KneeLeft
0.2095054 -0.6799902 1.007626 14 AnkleLeft
0.3456547 -0.1005252 0.9025724 16 HipRight
0.2982597 -0.4149962 0.8543869 17 KneeRight
0.2082376 -0.6479528 1.172565 18 AnkleRight
0.2889448 0.3578858 0.8173 20 SpineShoulder
0.1388555 -0.1542952 0.7043572 21 HandTipLeft
0.1868257 -0.05733792 0.7596 22 ThumbLeft
0.2695716 -0.1111052 0.8843653 0 SpineBase
0.2729706 0.1079971 0.8290913 1 SpineMid
0.4052717 0.4283288 0.7784181 4 ShoulderLeft
0.1413641 -0.004321289 0.5984821 6 WristLeft
0.1488389 -0.05102094 0.5760066 7 HandLeft
0.4630644 0.3344421 0.7764188 8 ShoulderRight
0.5856513 0.1938668 0.841079 9 ElbowRight
0.2010667 -0.09073738 0.843658 12 HipLeft
0.1907506 -0.4210721 0.8973046 13 KneeLeft
0.3134062 -0.6965877 0.9298438 14 AnkleLeft
0.3168525 -0.1237495 0.858456 16 HipRight
0.3471602 -0.4836802 0.7337023 17 KneeRight
0.2714062 0.2614466 0.7789649 20 SpineShoulder
0.1727461 -0.1183125 0.5688007 21 HandTipLeft
0.1877795 -0.05297449 0.5663158 22 ThumbLeft
0.2678518 -0.14075 0.854887 0 SpineBase
0.2720685 0.03966268 0.7975648 1 SpineMid
0.4058791 0.3318008 0.7493153 4 ShoulderLeft
0.1254653 0.01647579 0.5438343 6 WristLeft
0.1384294 -0.02063714 0.5465791 7 HandLeft
0.4458099 0.3097914 0.7338797 8 ShoulderRight
0.58152 0.1945191 0.81147 9 ElbowRight
0.1840155 -0.1139328 0.8160065 12 HipLeft
0.184432 -0.4153819 0.8607795 13 KneeLeft
0.254103 -0.6991429 0.9332374 14 AnkleLeft
0.3322102 -0.160713 0.8238819 16 HipRight
0.3693005 -0.498334 0.6377918 17 KneeRight
0.2717446 0.1703339 0.7495835 20 SpineShoulder
0.1696597 -0.1070294 0.525561 21 HandTipLeft
0.1718921 -0.009118445 0.521 22 ThumbLeft
0.3047571 -0.184827 0.806177 0 SpineBase
0.2898725 0.02652456 0.7676094 1 SpineMid
0.4090504 0.3356 0.7322895 4 ShoulderLeft
0.1198444 0.02752406 0.5340991 6 WristLeft
0.1148296 0.03006382 0.5438643 7 HandLeft
0.4343109 0.3045749 0.699952 8 ShoulderRight
0.5331129 0.1316577 0.738519 9 ElbowRight
0.2529266 -0.1632428 0.7771069 12 HipLeft
0.2242232 -0.5150742 0.8376266 13 KneeLeft
0.3322931 -0.1917131 0.7713751 16 HipRight
0.01908701 -0.3012072 0.7796809 17 KneeRight
0.2776123 0.171152 0.7305989 20 SpineShoulder
0.1154842 -0.0900683 0.5204756 21 HandTipLeft
0.1722974 -0.003157152 0.5187148 22 ThumbLeft
0.2839192 -0.1825554 0.7704488 0 SpineBase
0.2701111 0.03822663 0.7306622 1 SpineMid
0.3429478 0.3660113 0.6486695 4 ShoulderLeft
0.06142233 0.1189116 0.4205037 6 WristLeft
0.3875726 0.2973577 0.6403863 8 ShoulderRight
0.3998772 0.08605774 0.6112938 9 ElbowRight
0.5262179 0.03954052 0.7426108 10 WristRight
0.2027901 -0.1569789 0.7423121 12 HipLeft
0.2543015 -0.5104751 0.7761909 13 KneeLeft
0.3250502 -0.1939112 0.7258826 16 HipRight
0.06481767 -0.3817196 0.7654342 17 KneeRight
0.2534184 0.1992445 0.688444 20 SpineShoulder
0.2630683 -0.244005 0.7230451 0 SpineBase
0.2470639 -0.01192047 0.6990951 1 SpineMid
0.2245611 0.2002829 0.6553766 2 Neck
0.3813676 0.1459799 0.5517434 4 ShoulderLeft
0.1091823 0.05425353 0.5912783 5 ElbowLeft
0.06639007 0.1115975 0.3932509 6 WristLeft
0.3451095 0.2161627 0.596356 8 ShoulderRight
0.4877857 -0.0856737 0.6500304 10 WristRight
0.2982019 -0.2487199 0.6838305 12 HipLeft
0.1769306 -0.5541398 0.8085609 13 KneeLeft
0.2047438 -0.2208331 0.6980397 16 HipRight
0.0712392 -0.5484368 0.7599487 17 KneeRight
0.2311006 0.1504007 0.6687215 20 SpineShoulder
0.2630683 -0.244005 0.7230451 0 SpineBase
0.2470639 -0.01192047 0.6990951 1 SpineMid
0.2245611 0.2002829 0.6553766 2 Neck
0.3813676 0.1459799 0.5517434 4 ShoulderLeft
0.1091823 0.05425353 0.5912783 5 ElbowLeft
0.06639007 0.1115975 0.3932509 6 WristLeft
0.3451095 0.2161627 0.596356 8 ShoulderRight
0.4877857 -0.0856737 0.6500304 10 WristRight
0.2982019 -0.2487199 0.6838305 12 HipLeft
0.1769306 -0.5541398 0.8085609 13 KneeLeft
0.2047438 -0.2208331 0.6980397 16 HipRight
0.0712392 -0.5484368 0.7599487 17 KneeRight
0.2311006 0.1504007 0.6687215 20 SpineShoulder
0.2605294 -0.2474016 0.722749 0 SpineBase
0.2433516 -0.01768727 0.7003606 1 SpineMid
0.2201521 0.1934031 0.6592503 2 Neck
0.3776121 0.1405362 0.5555174 4 ShoulderLeft
0.2965364 -0.1028416 0.5380742 6 WristLeft
0.3013452 -0.1658763 0.548099 7 HandLeft
0.3393567 0.2042259 0.601325 8 ShoulderRight
0.2966302 0.1976777 0.5386851 10 WristRight
0.3135936 0.2444184 0.5476885 11 HandRight
0.2936359 -0.2542039 0.6755 12 HipLeft
0.175297 -0.5541975 0.8104777 13 KneeLeft
0.2016206 -0.2246489 0.7052538 16 HipRight
0.06683621 -0.5542729 0.7584263 17 KneeRight
0.2267158 0.1434987 0.6719112 20 SpineShoulder
0.2497671 -0.4358315 0.776307 0 SpineBase
0.2530516 -0.1670516 0.7463637 1 SpineMid
0.2486127 0.09134732 0.6959041 2 Neck
0.2170023 -0.002754912 0.6647012 4 ShoulderLeft
0.2119581 -0.1833956 0.5460768 5 ElbowLeft
0.2218536 -0.2724946 0.7109482 6 WristLeft
0.2266179 -0.3032275 0.769275 7 HandLeft
0.3681816 0.1015154 0.6370105 8 ShoulderRight
0.2312826 0.2309002 0.5797476 11 HandRight
0.177935 -0.429734 0.7256535 12 HipLeft
0.3022904 -0.4090621 0.7681422 16 HipRight
0.07630893 -0.6411644 0.7730592 17 KneeRight
0.2508218 0.02900751 0.711325 20 SpineShoulder
0.2270297 -0.3107021 0.7634484 21 HandTipLeft
0.2256538 -0.3088477 0.7737275 22 ThumbLeft
0.2277313 0.3044361 0.5572762 23 HandTipRight
0.1874222 0.210313 0.6068333 24 ThumbRight
0.2744087 -0.4194136 0.7150668 0 SpineBase
0.2820353 -0.1470098 0.7010938 1 SpineMid
0.2771685 0.1105999 0.6686614 2 Neck
0.245525 0.01631217 0.6377689 4 ShoulderLeft
0.3963647 0.1205361 0.6094143 8 ShoulderRight
0.2613296 0.1970247 0.5604707 10 WristRight
0.2356261 0.2380476 0.564206 11 HandRight
0.2799641 0.04897712 0.6794719 20 SpineShoulder
0.2455183 -0.2577589 0.6461695 21 HandTipLeft
0.2368241 -0.2374238 0.6170001 22 ThumbLeft
0.2247722 0.3040661 0.5544587 23 HandTipRight
0.2024992 0.2070245 0.5720417 24 ThumbRight
