X              Y         Z      JointType 
-0.1022702 0.08941604 1.788455 0 SpineBase
-0.09381697 0.3819773 1.71381 1 SpineMid
-0.08489726 0.6610128 1.627807 2 Neck
-0.2379345 0.5460791 1.612569 4 ShoulderLeft
-0.3492195 0.3033934 1.63418 5 ElbowLeft
-0.3045303 0.04321842 1.58892 6 WristLeft
-0.2887978 -0.03470832 1.571722 7 HandLeft
0.09795166 0.5495862 1.627621 8 ShoulderRight
0.1426263 0.2840806 1.641398 9 ElbowRight
-0.1772943 0.08685854 1.748331 12 HipLeft
-0.1796261 -0.201096 1.767701 13 KneeLeft
-0.1536021 -0.5502834 1.842232 14 AnkleLeft
-0.147741 -0.5949553 1.728692 15 FootLeft
-0.02324301 0.08847067 1.758517 16 HipRight
-0.02944209 -0.2088042 1.838238 17 KneeRight
-0.05604008 -0.527553 1.933367 18 AnkleRight
-0.0519463 -0.5729827 1.819512 19 FootRight
-0.08721011 0.5932184 1.65122 20 SpineShoulder
-0.2768541 -0.1087547 1.565432 21 HandTipLeft
-0.2419895 -0.0116481 1.555786 22 ThumbLeft
-0.09730565 0.08808149 1.758088 0 SpineBase
-0.09032372 0.3817115 1.705083 1 SpineMid
-0.08045961 0.6618382 1.630815 2 Neck
-0.233553 0.5487655 1.617169 4 ShoulderLeft
-0.3260427 0.2760527 1.641331 5 ElbowLeft
-0.2888564 -0.01428895 1.589418 6 WristLeft
-0.2844673 -0.09132524 1.590673 7 HandLeft
0.1001361 0.5504524 1.629207 8 ShoulderRight
0.1682489 0.2771516 1.675804 9 ElbowRight
-0.1725772 0.0858543 1.71861 12 HipLeft
-0.1563743 -0.2649643 1.787652 13 KneeLeft
-0.132779 -0.574437 1.863511 14 AnkleLeft
-0.1287688 -0.6493874 1.798924 15 FootLeft
-0.01817672 0.08681507 1.727625 16 HipRight
-0.05445667 -0.2648704 1.836982 17 KneeRight
-0.06169865 -0.5727578 1.946341 18 AnkleRight
-0.06179745 -0.6471361 1.884186 19 FootRight
-0.08387724 0.593747 1.651659 20 SpineShoulder
-0.2906419 -0.1711208 1.581257 21 HandTipLeft
-0.2440839 -0.1018253 1.59556 22 ThumbLeft
-0.09497716 0.09177919 1.767132 0 SpineBase
-0.08651772 0.3832715 1.709022 1 SpineMid
-0.07503396 0.6622378 1.63668 2 Neck
-0.2300611 0.551174 1.624559 4 ShoulderLeft
-0.3170885 0.2692464 1.644308 5 ElbowLeft
-0.2818623 -0.03334833 1.59964 6 WristLeft
-0.2832284 -0.1084257 1.609045 7 HandLeft
0.1081494 0.5522277 1.637663 8 ShoulderRight
0.171732 0.2811157 1.681077 9 ElbowRight
-0.1700395 0.08991891 1.728474 12 HipLeft
-0.1591001 -0.254435 1.776761 13 KneeLeft
-0.1363065 -0.5745855 1.85852 14 AnkleLeft
-0.1343155 -0.6527687 1.776273 15 FootLeft
-0.01615923 0.09004155 1.736004 16 HipRight
-0.02571978 -0.2615851 1.860897 17 KneeRight
-0.05744809 -0.5709612 1.948593 18 AnkleRight
-0.06088077 -0.6476784 1.885188 19 FootRight
-0.07841925 0.5944672 1.656873 20 SpineShoulder
-0.2910977 -0.1943988 1.591578 21 HandTipLeft
-0.2485713 -0.1029345 1.615228 22 ThumbLeft
-0.0896097 0.09868004 1.778583 0 SpineBase
-0.08138164 0.3876994 1.7185 1 SpineMid
-0.07172149 0.6643097 1.646809 2 Neck
-0.2281228 0.555681 1.638176 4 ShoulderLeft
-0.3155174 0.2901867 1.666354 5 ElbowLeft
-0.2761406 -0.01831578 1.623723 6 WristLeft
-0.2763834 -0.09112305 1.64035 7 HandLeft
0.111859 0.5556725 1.647318 8 ShoulderRight
0.1763643 0.2884292 1.694137 9 ElbowRight
-0.1647774 0.09704647 1.741303 12 HipLeft
-0.1653095 -0.2307053 1.760601 13 KneeLeft
-0.1360843 -0.5708106 1.906925 14 AnkleLeft
-0.166748 -0.6416016 1.841797 15 FootLeft
-0.01093992 0.09647283 1.746385 16 HipRight
-0.02182683 -0.2532785 1.867002 17 KneeRight
-0.05822524 -0.5724295 1.954774 18 AnkleRight
-0.0684545 -0.6441612 1.886113 19 FootRight
-0.07437357 0.5970467 1.666642 20 SpineShoulder
-0.2819797 -0.1400115 1.633123 21 HandTipLeft
-0.240791 -0.07699214 1.63782 22 ThumbLeft
-0.08984438 0.1011964 1.781981 0 SpineBase
-0.08205833 0.3901739 1.723557 1 SpineMid
-0.07347825 0.666278 1.654214 2 Neck
-0.23053 0.5577665 1.646428 4 ShoulderLeft
-0.3220107 0.2970749 1.674583 5 ElbowLeft
-0.4226489 0.08915126 1.657313 6 WristLeft
-0.4551055 0.0799714 1.676868 7 HandLeft
0.1114787 0.5604851 1.655575 8 ShoulderRight
0.1753693 0.2926007 1.699126 9 ElbowRight
-0.1648992 0.1022675 1.744614 12 HipLeft
-0.1644969 -0.2280367 1.771619 13 KneeLeft
-0.1445421 -0.5667868 1.936045 14 AnkleLeft
-0.1650997 -0.6390784 1.892019 15 FootLeft
-0.01130708 0.09688939 1.75042 16 HipRight
-0.02015772 -0.2488169 1.869774 17 KneeRight
-0.05731611 -0.5732906 1.958563 18 AnkleRight
-0.06444959 -0.6402054 1.907421 19 FootRight
-0.07575433 0.5991595 1.673393 20 SpineShoulder
-0.09439873 0.1018063 1.784728 0 SpineBase
-0.08895586 0.3920732 1.730045 1 SpineMid
-0.08325327 0.6695058 1.665325 2 Neck
-0.2372708 0.5603559 1.653412 4 ShoulderLeft
-0.3497238 0.3153162 1.696672 5 ElbowLeft
-0.4129327 0.09455399 1.657423 6 WristLeft
-0.4313309 0.08081798 1.672435 7 HandLeft
0.1060837 0.5608761 1.657561 8 ShoulderRight
0.1612949 0.3005242 1.698905 9 ElbowRight
0.1555341 0.05731995 1.659031 10 WristRight
0.1280082 -0.01160264 1.635414 11 HandRight
-0.169082 0.1038769 1.746214 12 HipLeft
-0.1758111 -0.2261157 1.810851 13 KneeLeft
-0.1471678 -0.5705281 1.95703 14 AnkleLeft
-0.1577319 -0.6375761 1.913582 15 FootLeft
-0.01621569 0.09605452 1.754446 16 HipRight
-0.03589064 -0.2404263 1.867806 17 KneeRight
-0.05481744 -0.5720516 1.963116 18 AnkleRight
-0.05969476 -0.6372173 1.918408 19 FootRight
-0.08476119 0.6020346 1.683307 20 SpineShoulder
0.128081 -0.08626001 1.639373 23 HandTipRight
0.1418216 -0.07170048 1.649778 24 ThumbRight
-0.09909863 0.1008648 1.786773 0 SpineBase
-0.09771805 0.3919915 1.734588 1 SpineMid
-0.09732278 0.6706117 1.672437 2 Neck
-0.2464465 0.560212 1.658106 4 ShoulderLeft
-0.3557367 0.3172303 1.698102 5 ElbowLeft
-0.4216631 0.09719183 1.665234 6 WristLeft
-0.4594004 0.08182953 1.681585 7 HandLeft
0.0945081 0.5628616 1.673102 8 ShoulderRight
0.1469852 0.3013403 1.698078 9 ElbowRight
0.1204194 -0.006140972 1.638232 10 WristRight
0.1177001 -0.09115261 1.636036 11 HandRight
-0.1732488 0.1032123 1.747189 12 HipLeft
-0.1854501 -0.224163 1.825459 13 KneeLeft
-0.1490405 -0.5675682 1.964355 14 AnkleLeft
-0.1603061 -0.638167 1.921879 15 FootLeft
-0.02123212 0.09474872 1.757507 16 HipRight
-0.03236628 -0.2369542 1.863504 17 KneeRight
-0.05215612 -0.5775877 1.967098 18 AnkleRight
-0.05576621 -0.6430327 1.919948 19 FootRight
-0.0973996 0.602804 1.689789 20 SpineShoulder
0.1033569 -0.172866 1.631259 23 HandTipRight
0.1415972 -0.105071 1.638381 24 ThumbRight
-0.1013079 0.0997935 1.787504 0 SpineBase
-0.1024714 0.3910661 1.736491 1 SpineMid
-0.1043071 0.6698778 1.67538 2 Neck
-0.2551553 0.5589879 1.662296 4 ShoulderLeft
-0.3612081 0.3157474 1.699579 5 ElbowLeft
-0.42876 0.09682257 1.664143 6 WristLeft
-0.4702114 0.09494466 1.66778 7 HandLeft
0.08943778 0.5622008 1.676478 8 ShoulderRight
0.1388066 0.2980067 1.69735 9 ElbowRight
0.1461429 0.03978402 1.649273 10 WristRight
0.1266555 -0.04219994 1.625677 11 HandRight
-0.1754108 0.1020107 1.747804 12 HipLeft
-0.1856435 -0.2240307 1.825478 13 KneeLeft
-0.1492629 -0.5681564 1.967492 14 AnkleLeft
-0.158641 -0.6379114 1.924999 15 FootLeft
-0.02334921 0.09383048 1.75825 16 HipRight
-0.03251334 -0.2369568 1.863531 17 KneeRight
-0.05157722 -0.5759937 1.966728 18 AnkleRight
-0.05590413 -0.6429644 1.921239 19 FootRight
-0.1039001 0.6020221 1.692498 20 SpineShoulder
-0.4972149 0.06448641 1.663247 21 HandTipLeft
-0.4403002 0.07690796 1.6392 22 ThumbLeft
0.1312823 -0.1164053 1.632848 23 HandTipRight
0.149199 -0.02557857 1.635 24 ThumbRight
-0.1013079 0.0997935 1.787504 0 SpineBase
-0.1024714 0.3910661 1.736491 1 SpineMid
-0.1043071 0.6698778 1.67538 2 Neck
-0.2551553 0.5589879 1.662296 4 ShoulderLeft
-0.3612081 0.3157474 1.699579 5 ElbowLeft
-0.42876 0.09682257 1.664143 6 WristLeft
-0.4702114 0.09494466 1.66778 7 HandLeft
0.08943778 0.5622008 1.676478 8 ShoulderRight
0.1388066 0.2980067 1.69735 9 ElbowRight
0.1461429 0.03978402 1.649273 10 WristRight
0.1266555 -0.04219994 1.625677 11 HandRight
-0.1754108 0.1020107 1.747804 12 HipLeft
-0.1856435 -0.2240307 1.825478 13 KneeLeft
-0.1492629 -0.5681564 1.967492 14 AnkleLeft
-0.158641 -0.6379114 1.924999 15 FootLeft
-0.02334921 0.09383048 1.75825 16 HipRight
-0.03251334 -0.2369568 1.863531 17 KneeRight
-0.05157722 -0.5759937 1.966728 18 AnkleRight
-0.05590413 -0.6429644 1.921239 19 FootRight
-0.1039001 0.6020221 1.692498 20 SpineShoulder
-0.4972149 0.06448641 1.663247 21 HandTipLeft
-0.4403002 0.07690796 1.6392 22 ThumbLeft
0.1312823 -0.1164053 1.632848 23 HandTipRight
0.149199 -0.02557857 1.635 24 ThumbRight
-0.1111803 0.09587802 1.788754 0 SpineBase
-0.1129998 0.3879521 1.74084 1 SpineMid
-0.1147159 0.6672075 1.682709 2 Neck
-0.2686475 0.557439 1.672134 4 ShoulderLeft
-0.3684258 0.3129207 1.703163 5 ElbowLeft
-0.4362182 0.09551919 1.66028 6 WristLeft
-0.4706784 0.08207683 1.660918 7 HandLeft
0.08083917 0.5597578 1.68259 8 ShoulderRight
0.1332026 0.2993621 1.702235 9 ElbowRight
0.09865819 0.02076526 1.613191 10 WristRight
0.104029 -0.04898204 1.607961 11 HandRight
-0.1851098 0.09825277 1.748615 12 HipLeft
-0.1894213 -0.222863 1.825009 13 KneeLeft
-0.1533059 -0.5683939 1.970784 14 AnkleLeft
-0.1590425 -0.6365537 1.925903 15 FootLeft
-0.03297162 0.08986256 1.759799 16 HipRight
-0.03950858 -0.2423833 1.868062 17 KneeRight
-0.05126927 -0.573352 1.966359 18 AnkleRight
-0.05661479 -0.6415637 1.921286 19 FootRight
-0.1143882 0.5992571 1.699073 20 SpineShoulder
0.09868131 -0.1310818 1.591121 23 HandTipRight
0.1302947 -0.03891655 1.613714 24 ThumbRight
-0.1206419 0.09293544 1.788618 0 SpineBase
-0.118787 0.3860607 1.742538 1 SpineMid
-0.1178128 0.6658603 1.685382 2 Neck
-0.2728321 0.5547085 1.674921 4 ShoulderLeft
-0.3712263 0.3062242 1.703655 5 ElbowLeft
-0.4404601 0.08997143 1.658602 6 WristLeft
-0.4735776 0.07611454 1.667192 7 HandLeft
0.0771471 0.5589421 1.687008 8 ShoulderRight
0.130175 0.2980771 1.703799 9 ElbowRight
0.09467617 0.004960282 1.610974 10 WristRight
0.09258547 -0.0724302 1.604938 11 HandRight
-0.1946918 0.09585872 1.747804 12 HipLeft
-0.1981728 -0.2230094 1.824498 13 KneeLeft
-0.1546018 -0.5685795 1.971887 14 AnkleLeft
-0.1590982 -0.6377758 1.925969 15 FootLeft
-0.04201148 0.08643795 1.760255 16 HipRight
-0.04676476 -0.24523 1.869547 17 KneeRight
-0.051173 -0.5725024 1.966066 18 AnkleRight
-0.05635224 -0.6417705 1.920666 19 FootRight
-0.1180582 0.5978076 1.701537 20 SpineShoulder
0.08587321 -0.1592544 1.586385 23 HandTipRight
0.1132274 -0.09016604 1.600937 24 ThumbRight
-0.125949 0.09186641 1.788596 0 SpineBase
-0.1227174 0.38508 1.744498 1 SpineMid
-0.1205096 0.6647836 1.68966 2 Neck
-0.275829 0.5528831 1.67811 4 ShoulderLeft
-0.3733898 0.3015326 1.705529 5 ElbowLeft
-0.4365652 0.08164179 1.676657 6 WristLeft
-0.4361164 0.07688078 1.679965 7 HandLeft
0.07363643 0.5583422 1.692629 8 ShoulderRight
0.1275713 0.2986622 1.706247 9 ElbowRight
0.08206726 -4.381798E-05 1.622779 10 WristRight
0.06927185 -0.0887749 1.611097 11 HandRight
-0.200325 0.09493696 1.747536 12 HipLeft
-0.2018051 -0.2248234 1.82732 13 KneeLeft
-0.1544014 -0.5674292 1.971894 14 AnkleLeft
-0.1587856 -0.6379735 1.928227 15 FootLeft
-0.04676865 0.08526951 1.760433 16 HipRight
-0.04802284 -0.2466204 1.869612 17 KneeRight
-0.05130951 -0.5716596 1.966074 18 AnkleRight
-0.05654052 -0.6419123 1.920717 19 FootRight
-0.1210735 0.5967675 1.705149 20 SpineShoulder
-0.4722578 0.003101218 1.698171 21 HandTipLeft
-0.4736274 0.1093799 1.675412 22 ThumbLeft
0.05521489 -0.1674649 1.598214 23 HandTipRight
0.1010424 -0.09349569 1.616778 24 ThumbRight
-0.1277186 0.09161757 1.788646 0 SpineBase
-0.1245923 0.384794 1.745597 1 SpineMid
-0.1221392 0.6644694 1.692095 2 Neck
-0.2773512 0.5521482 1.680248 4 ShoulderLeft
-0.3780554 0.2998874 1.70845 5 ElbowLeft
-0.4272289 0.07656433 1.678628 6 WristLeft
-0.4221237 0.05002963 1.685517 7 HandLeft
0.07197735 0.5584465 1.694651 8 ShoulderRight
0.1252322 0.2997606 1.708839 9 ElbowRight
0.08092191 0.001578496 1.623622 10 WristRight
0.06120905 -0.08545095 1.613823 11 HandRight
-0.202262 0.09468469 1.747587 12 HipLeft
-0.2028324 -0.2262058 1.830187 13 KneeLeft
-0.1549162 -0.566859 1.972598 14 AnkleLeft
-0.1581617 -0.6366974 1.928673 15 FootLeft
-0.04828981 0.08503062 1.760472 16 HipRight
-0.04818773 -0.2482587 1.870016 17 KneeRight
-0.05161781 -0.5712313 1.965978 18 AnkleRight
-0.0564136 -0.6407957 1.920914 19 FootRight
-0.1228068 0.5964527 1.707242 20 SpineShoulder
-0.4220752 -0.006794456 1.706695 21 HandTipLeft
-0.4657712 0.05284161 1.694 22 ThumbLeft
0.04541861 -0.1664295 1.601619 23 HandTipRight
0.09424707 -0.1010865 1.612636 24 ThumbRight
-0.1288576 0.0912154 1.788653 0 SpineBase
-0.1258803 0.3842921 1.746321 1 SpineMid
-0.1232928 0.6638758 1.693618 2 Neck
-0.2780242 0.5513971 1.681786 4 ShoulderLeft
-0.3780009 0.2993746 1.708761 5 ElbowLeft
-0.4212377 0.07492713 1.67886 6 WristLeft
-0.4167996 0.0482823 1.686408 7 HandLeft
0.07111019 0.5585095 1.69608 8 ShoulderRight
0.1233801 0.2988976 1.71175 9 ElbowRight
0.07767766 0.001277459 1.626081 10 WristRight
0.05709014 -0.08231242 1.619535 11 HandRight
-0.2035754 0.09429385 1.747831 12 HipLeft
-0.2033495 -0.2261665 1.831097 13 KneeLeft
-0.1548413 -0.5668628 1.972571 14 AnkleLeft
-0.1581467 -0.636758 1.928573 15 FootLeft
-0.0492544 0.08461866 1.760265 16 HipRight
-0.05294931 -0.2511864 1.870286 17 KneeRight
-0.05171237 -0.5712432 1.96609 18 AnkleRight
-0.05363843 -0.6397343 1.917987 19 FootRight
-0.1240215 0.5958757 1.708576 20 SpineShoulder
-0.4194214 -0.007611365 1.705896 21 HandTipLeft
-0.4612426 0.06494569 1.689733 22 ThumbLeft
0.04509367 -0.1579067 1.610706 23 HandTipRight
0.09551172 -0.08493988 1.625133 24 ThumbRight
-0.1295351 0.0910734 1.7888 0 SpineBase
-0.1266096 0.3838713 1.746978 1 SpineMid
-0.1238364 0.6630986 1.694875 2 Neck
-0.2787146 0.5508361 1.683738 4 ShoulderLeft
-0.3778439 0.301098 1.71036 5 ElbowLeft
-0.4197113 0.07673869 1.678576 6 WristLeft
-0.4203357 0.05124887 1.685163 7 HandLeft
0.07055477 0.5581706 1.69706 8 ShoulderRight
0.1236322 0.2991974 1.71563 9 ElbowRight
0.07476722 0.002209136 1.630539 10 WristRight
0.05663161 -0.07154627 1.627439 11 HandRight
-0.2045309 0.09385051 1.748439 12 HipLeft
-0.2036518 -0.2263928 1.831975 13 KneeLeft
-0.1547521 -0.5669797 1.972643 14 AnkleLeft
-0.1580534 -0.637096 1.92916 15 FootLeft
-0.04979024 0.08466631 1.760114 16 HipRight
-0.0378602 -0.2388351 1.83769 17 KneeRight
-0.05188363 -0.5707712 1.966092 18 AnkleRight
-0.0530931 -0.6391137 1.920308 19 FootRight
-0.1246339 0.5951903 1.70969 20 SpineShoulder
-0.4234082 -0.004168536 1.700691 21 HandTipLeft
-0.4642744 0.06881258 1.677 22 ThumbLeft
0.04966569 -0.1511034 1.619631 23 HandTipRight
0.0967543 -0.07208141 1.631125 24 ThumbRight
-0.1295351 0.0910734 1.7888 0 SpineBase
-0.1266096 0.3838713 1.746978 1 SpineMid
-0.1238364 0.6630986 1.694875 2 Neck
-0.2787146 0.5508361 1.683738 4 ShoulderLeft
-0.3778439 0.301098 1.71036 5 ElbowLeft
-0.4197113 0.07673869 1.678576 6 WristLeft
-0.4203357 0.05124887 1.685163 7 HandLeft
0.07055477 0.5581706 1.69706 8 ShoulderRight
0.1236322 0.2991974 1.71563 9 ElbowRight
0.07476722 0.002209136 1.630539 10 WristRight
0.05663161 -0.07154627 1.627439 11 HandRight
-0.2045309 0.09385051 1.748439 12 HipLeft
-0.2036518 -0.2263928 1.831975 13 KneeLeft
-0.1547521 -0.5669797 1.972643 14 AnkleLeft
-0.1580534 -0.637096 1.92916 15 FootLeft
-0.04979024 0.08466631 1.760114 16 HipRight
-0.0378602 -0.2388351 1.83769 17 KneeRight
-0.05188363 -0.5707712 1.966092 18 AnkleRight
-0.0530931 -0.6391137 1.920308 19 FootRight
-0.1246339 0.5951903 1.70969 20 SpineShoulder
-0.4234082 -0.004168536 1.700691 21 HandTipLeft
-0.4642744 0.06881258 1.677 22 ThumbLeft
0.04966569 -0.1511034 1.619631 23 HandTipRight
0.0967543 -0.07208141 1.631125 24 ThumbRight
-0.1295351 0.0910734 1.7888 0 SpineBase
-0.1266096 0.3838713 1.746978 1 SpineMid
-0.1238364 0.6630986 1.694875 2 Neck
-0.2787146 0.5508361 1.683738 4 ShoulderLeft
-0.3778439 0.301098 1.71036 5 ElbowLeft
-0.4197113 0.07673869 1.678576 6 WristLeft
-0.4203357 0.05124887 1.685163 7 HandLeft
0.07055477 0.5581706 1.69706 8 ShoulderRight
0.1236322 0.2991974 1.71563 9 ElbowRight
0.07476722 0.002209136 1.630539 10 WristRight
0.05663161 -0.07154627 1.627439 11 HandRight
-0.2045309 0.09385051 1.748439 12 HipLeft
-0.2036518 -0.2263928 1.831975 13 KneeLeft
-0.1547521 -0.5669797 1.972643 14 AnkleLeft
-0.1580534 -0.637096 1.92916 15 FootLeft
-0.04979024 0.08466631 1.760114 16 HipRight
-0.0378602 -0.2388351 1.83769 17 KneeRight
-0.05188363 -0.5707712 1.966092 18 AnkleRight
-0.0530931 -0.6391137 1.920308 19 FootRight
-0.1246339 0.5951903 1.70969 20 SpineShoulder
-0.4234082 -0.004168536 1.700691 21 HandTipLeft
-0.4642744 0.06881258 1.677 22 ThumbLeft
0.04966569 -0.1511034 1.619631 23 HandTipRight
0.0967543 -0.07208141 1.631125 24 ThumbRight
-0.1300054 0.09060538 1.789466 0 SpineBase
-0.1271013 0.3828413 1.748011 1 SpineMid
-0.1240735 0.6614078 1.69625 2 Neck
-0.2791388 0.550289 1.686767 4 ShoulderLeft
-0.3784577 0.3017018 1.714715 5 ElbowLeft
-0.4186391 0.07755578 1.680477 6 WristLeft
-0.4238793 0.05367611 1.692831 7 HandLeft
0.0703498 0.5576806 1.698242 8 ShoulderRight
0.1244312 0.2968898 1.72095 9 ElbowRight
0.07294043 0.0001974277 1.638064 10 WristRight
0.06102272 -0.07468819 1.638967 11 HandRight
-0.205291 0.09302944 1.749743 12 HipLeft
-0.2037938 -0.2263712 1.833084 13 KneeLeft
-0.1542861 -0.5665731 1.973216 14 AnkleLeft
-0.1597571 -0.636794 1.930671 15 FootLeft
-0.05001157 0.08446006 1.760325 16 HipRight
-0.03409006 -0.2368432 1.836169 17 KneeRight
-0.05195921 -0.5705059 1.966144 18 AnkleRight
-0.04915413 -0.6378174 1.920671 19 FootRight
-0.1249556 0.5936704 1.711001 20 SpineShoulder
-0.4348141 -3.695149E-06 1.707083 21 HandTipLeft
-0.4636052 0.07465493 1.679076 22 ThumbLeft
0.05646786 -0.1217692 1.635914 23 HandTipRight
0.09547727 -0.09331129 1.624167 24 ThumbRight
-0.1301663 0.09024709 1.789988 0 SpineBase
-0.1270844 0.3822941 1.748408 1 SpineMid
-0.1237745 0.6606473 1.696451 2 Neck
-0.2790486 0.5501029 1.687384 4 ShoulderLeft
-0.3777626 0.3041656 1.716835 5 ElbowLeft
-0.4170687 0.07986678 1.683933 6 WristLeft
-0.4209878 0.05448617 1.695774 7 HandLeft
0.07034039 0.5575372 1.698483 8 ShoulderRight
0.124169 0.2966499 1.721662 9 ElbowRight
0.07280012 -1.824988E-05 1.639508 10 WristRight
0.06136832 -0.07455023 1.638284 11 HandRight
-0.2055069 0.09258267 1.750551 12 HipLeft
-0.2027896 -0.2265163 1.834409 13 KneeLeft
-0.1549072 -0.5666129 1.973513 14 AnkleLeft
-0.1600952 -0.6352747 1.930138 15 FootLeft
-0.05008371 0.08424077 1.760563 16 HipRight
-0.0335835 -0.2366181 1.836015 17 KneeRight
-0.05183023 -0.5702696 1.966289 18 AnkleRight
-0.04944256 -0.6365631 1.91794 19 FootRight
-0.1247369 0.5929713 1.711264 20 SpineShoulder
-0.4292406 4.88836E-05 1.711543 21 HandTipLeft
-0.4599778 0.07059655 1.678764 22 ThumbLeft
0.06096538 -0.1205857 1.63254 23 HandTipRight
0.09626772 -0.08868326 1.624789 24 ThumbRight
-0.1304593 0.08987442 1.790385 0 SpineBase
-0.1271762 0.3818167 1.748594 1 SpineMid
-0.123621 0.6599994 1.696383 2 Neck
-0.2789497 0.5500252 1.687695 4 ShoulderLeft
-0.3773948 0.3048471 1.717591 5 ElbowLeft
-0.4168324 0.08068978 1.685023 6 WristLeft
-0.4180922 0.05417084 1.696982 7 HandLeft
0.07037698 0.5574688 1.698481 8 ShoulderRight
0.1242335 0.2961322 1.722129 9 ElbowRight
0.07259595 -0.0002545302 1.639897 10 WristRight
0.06046418 -0.07479537 1.636213 11 HandRight
-0.2058533 0.09221501 1.751184 12 HipLeft
-0.2032044 -0.2262647 1.834729 13 KneeLeft
-0.154913 -0.5664563 1.973585 14 AnkleLeft
-0.1602286 -0.6360252 1.930457 15 FootLeft
-0.05028081 0.083923 1.760733 16 HipRight
-0.03083733 -0.2345301 1.833355 17 KneeRight
-0.0521987 -0.5688848 1.966256 18 AnkleRight
-0.05018363 -0.6346296 1.917186 19 FootRight
-0.124653 0.5923807 1.711275 20 SpineShoulder
-0.4246004 0.000710263 1.711114 21 HandTipLeft
-0.4587165 0.07258266 1.686778 22 ThumbLeft
0.03438988 -0.1474684 1.628132 23 HandTipRight
0.09569612 -0.09299507 1.626411 24 ThumbRight
-0.1307249 0.08945961 1.790358 0 SpineBase
-0.1272406 0.381214 1.748372 1 SpineMid
-0.123306 0.6590853 1.695706 2 Neck
-0.2787287 0.5495124 1.687549 4 ShoulderLeft
-0.3773466 0.3051264 1.717624 5 ElbowLeft
-0.4162761 0.08097407 1.68569 6 WristLeft
-0.4179155 0.05315211 1.694736 7 HandLeft
0.07058374 0.5567436 1.698115 8 ShoulderRight
0.1239984 0.2961211 1.72184 9 ElbowRight
0.07259609 -0.0001530381 1.639901 10 WristRight
0.05981437 -0.07764893 1.633513 11 HandRight
-0.2061283 0.09188087 1.751297 12 HipLeft
-0.2037894 -0.2264511 1.834916 13 KneeLeft
-0.1548688 -0.566492 1.973628 14 AnkleLeft
-0.1604838 -0.6349153 1.930032 15 FootLeft
-0.05051662 0.08341457 1.760511 16 HipRight
-0.03019274 -0.2353665 1.833406 17 KneeRight
-0.05228696 -0.5690432 1.966179 18 AnkleRight
-0.04971124 -0.6346048 1.917643 19 FootRight
-0.1244544 0.5915525 1.710749 20 SpineShoulder
-0.4238031 0.0001050612 1.714319 21 HandTipLeft
-0.4623302 0.07063947 1.68444 22 ThumbLeft
0.03699405 -0.1519402 1.628544 23 HandTipRight
0.09593196 -0.09059953 1.624594 24 ThumbRight
-0.1307416 0.0885044 1.789337 0 SpineBase
-0.1268113 0.3796653 1.746391 1 SpineMid
-0.1220364 0.6568965 1.692216 2 Neck
-0.2782289 0.5471543 1.686376 4 ShoulderLeft
-0.3796714 0.3036762 1.71593 5 ElbowLeft
-0.4861613 0.1105005 1.650791 6 WristLeft
-0.4947885 0.1235957 1.655221 7 HandLeft
0.0709432 0.5555785 1.696472 8 ShoulderRight
0.1341198 0.3009349 1.725083 9 ElbowRight
0.2521474 0.1058743 1.712253 10 WristRight
0.2579496 0.09656622 1.700359 11 HandRight
-0.2062993 0.09094899 1.750693 12 HipLeft
-0.204916 -0.2264459 1.834485 13 KneeLeft
-0.1553912 -0.5661331 1.973462 14 AnkleLeft
-0.159403 -0.6341172 1.92978 15 FootLeft
-0.05027425 0.08247476 1.758876 16 HipRight
-0.0294411 -0.2346181 1.831724 17 KneeRight
-0.05296873 -0.5644724 1.965918 18 AnkleRight
-0.05074982 -0.6335787 1.917648 19 FootRight
-0.1234174 0.5895097 1.707684 20 SpineShoulder
-0.5695339 0.07461164 1.653478 21 HandTipLeft
-0.5167787 0.1563748 1.627747 22 ThumbLeft
0.31694 0.03326914 1.749675 23 HandTipRight
0.2765903 0.09153397 1.65054 24 ThumbRight
-0.1306974 0.08878922 1.787836 0 SpineBase
-0.1265925 0.3794801 1.744414 1 SpineMid
-0.1216107 0.6562541 1.689662 2 Neck
-0.2709353 0.5514004 1.679562 4 ShoulderLeft
-0.4017202 0.3152467 1.707511 5 ElbowLeft
-0.5514869 0.1679046 1.613704 6 WristLeft
-0.5560703 0.1876256 1.621304 7 HandLeft
0.0709662 0.5556148 1.695557 8 ShoulderRight
0.1764532 0.3387204 1.735164 9 ElbowRight
0.2954193 0.1487231 1.685043 10 WristRight
0.3130926 0.1462651 1.671795 11 HandRight
-0.2064338 0.09105294 1.749323 12 HipLeft
-0.2063571 -0.2259158 1.833092 13 KneeLeft
-0.1551518 -0.5656344 1.973286 14 AnkleLeft
-0.1587809 -0.6350242 1.93006 15 FootLeft
-0.04999262 0.0829927 1.757171 16 HipRight
-0.02841799 -0.2316494 1.828551 17 KneeRight
-0.05250728 -0.5646448 1.965484 18 AnkleRight
-0.04893783 -0.6339628 1.919513 19 FootRight
-0.1230346 0.5889794 1.705272 20 SpineShoulder
-0.6381068 0.16311 1.617313 21 HandTipLeft
-0.5713516 0.2335502 1.609971 22 ThumbLeft
0.3786169 0.1108474 1.702283 23 HandTipRight
0.3249416 0.1368938 1.617295 24 ThumbRight
-0.1306974 0.08878922 1.787836 0 SpineBase
-0.1265925 0.3794801 1.744414 1 SpineMid
-0.1216107 0.6562541 1.689662 2 Neck
-0.2709353 0.5514004 1.679562 4 ShoulderLeft
-0.4017202 0.3152467 1.707511 5 ElbowLeft
-0.5514869 0.1679046 1.613704 6 WristLeft
-0.5560703 0.1876256 1.621304 7 HandLeft
0.0709662 0.5556148 1.695557 8 ShoulderRight
0.1764532 0.3387204 1.735164 9 ElbowRight
0.2954193 0.1487231 1.685043 10 WristRight
0.3130926 0.1462651 1.671795 11 HandRight
-0.2064338 0.09105294 1.749323 12 HipLeft
-0.2063571 -0.2259158 1.833092 13 KneeLeft
-0.1551518 -0.5656344 1.973286 14 AnkleLeft
-0.1587809 -0.6350242 1.93006 15 FootLeft
-0.04999262 0.0829927 1.757171 16 HipRight
-0.02841799 -0.2316494 1.828551 17 KneeRight
-0.05250728 -0.5646448 1.965484 18 AnkleRight
-0.04893783 -0.6339628 1.919513 19 FootRight
-0.1230346 0.5889794 1.705272 20 SpineShoulder
-0.6381068 0.16311 1.617313 21 HandTipLeft
-0.5713516 0.2335502 1.609971 22 ThumbLeft
0.3786169 0.1108474 1.702283 23 HandTipRight
0.3249416 0.1368938 1.617295 24 ThumbRight
-0.1291753 0.09018996 1.785302 0 SpineBase
-0.1251117 0.3799331 1.74086 1 SpineMid
-0.1201496 0.6557559 1.684735 2 Neck
-0.2822337 0.5561217 1.684406 4 ShoulderLeft
-0.4498598 0.4058824 1.711345 5 ElbowLeft
-0.6139683 0.4163907 1.548821 6 WristLeft
-0.6457605 0.4410565 1.55558 7 HandLeft
0.07212713 0.5568283 1.694607 8 ShoulderRight
0.253571 0.3876973 1.727965 9 ElbowRight
0.4424532 0.3236535 1.611811 10 WristRight
0.4488603 0.3370702 1.609675 11 HandRight
-0.2052085 0.09189147 1.747222 12 HipLeft
-0.2145242 -0.2099509 1.813591 13 KneeLeft
-0.1551629 -0.5660969 1.97366 14 AnkleLeft
-0.157726 -0.6361266 1.929463 15 FootLeft
-0.04814409 0.08504587 1.754112 16 HipRight
-0.02837978 -0.2313065 1.827865 17 KneeRight
-0.05223349 -0.5650001 1.96513 18 AnkleRight
-0.04828781 -0.634781 1.920602 19 FootRight
-0.121551 0.5887296 1.700712 20 SpineShoulder
-0.6721338 0.4625908 1.516072 21 HandTipLeft
-0.5998846 0.4431636 1.514631 22 ThumbLeft
0.5227623 0.3504856 1.610996 23 HandTipRight
0.4520555 0.3159578 1.562451 24 ThumbRight
-0.1299083 0.09980725 1.778311 0 SpineBase
-0.1238219 0.3843058 1.734464 1 SpineMid
-0.1171759 0.656913 1.678134 2 Neck
-0.3035067 0.5767003 1.692402 4 ShoulderLeft
-0.5281817 0.5678897 1.671066 5 ElbowLeft
-0.6194502 0.7159155 1.521834 6 WristLeft
-0.6361997 0.7510757 1.541091 7 HandLeft
0.08841555 0.5639096 1.693383 8 ShoulderRight
0.3309315 0.5274999 1.686009 9 ElbowRight
0.5079901 0.60215 1.561099 10 WristRight
0.5046241 0.610257 1.560984 11 HandRight
-0.2053173 0.1006349 1.741204 12 HipLeft
-0.2136553 -0.2098468 1.812931 13 KneeLeft
-0.1541312 -0.5659953 1.972906 14 AnkleLeft
-0.1565774 -0.6367327 1.927946 15 FootLeft
-0.04950158 0.09514427 1.746145 16 HipRight
-0.03062868 -0.2298661 1.828554 17 KneeRight
-0.05218325 -0.5652527 1.965056 18 AnkleRight
-0.04814781 -0.6347162 1.920749 19 FootRight
-0.1190169 0.5906103 1.694263 20 SpineShoulder
-0.6516237 0.7804257 1.524404 21 HandTipLeft
-0.5992647 0.7584845 1.51744 22 ThumbLeft
0.5663868 0.6700301 1.557295 23 HandTipRight
0.5249348 0.5724552 1.57795 24 ThumbRight
-0.1296706 0.1119868 1.768042 0 SpineBase
-0.1181912 0.3907095 1.719796 1 SpineMid
-0.1058316 0.6565356 1.659534 2 Neck
-0.3056131 0.5899275 1.683562 4 ShoulderLeft
-0.5200623 0.647675 1.641262 5 ElbowLeft
-0.6271559 0.7939973 1.502848 6 WristLeft
-0.6441118 0.825477 1.535577 7 HandLeft
0.1089161 0.5764642 1.685515 8 ShoulderRight
0.3427265 0.6008272 1.658593 9 ElbowRight
0.482149 0.7229824 1.524306 10 WristRight
0.4712521 0.7220962 1.528396 11 HandRight
-0.2043622 0.1137946 1.729712 12 HipLeft
-0.1772417 -0.2358575 1.858407 13 KneeLeft
-0.1512051 -0.5693495 1.972695 14 AnkleLeft
-0.1550782 -0.6356587 1.925044 15 FootLeft
-0.04975144 0.1058087 1.737046 16 HipRight
-0.04564036 -0.2379433 1.837925 17 KneeRight
-0.05093277 -0.567084 1.96333 18 AnkleRight
-0.04780356 -0.635287 1.923399 19 FootRight
-0.1090588 0.5919681 1.676549 20 SpineShoulder
-0.6726888 0.864225 1.529708 21 HandTipLeft
-0.6055266 0.8294945 1.5092 22 ThumbLeft
0.5178165 0.8079637 1.537621 23 HandTipRight
0.5097519 0.6791229 1.5286 24 ThumbRight
-0.1289086 0.112329 1.76732 0 SpineBase
-0.1174877 0.3906543 1.718687 1 SpineMid
-0.1052815 0.6559885 1.658158 2 Neck
-0.3050593 0.5901395 1.682576 4 ShoulderLeft
-0.5202144 0.6468154 1.639606 5 ElbowLeft
-0.6274159 0.7930662 1.501198 6 WristLeft
-0.640487 0.8247539 1.531626 7 HandLeft
0.1099526 0.5766359 1.684538 8 ShoulderRight
0.3438151 0.5998991 1.657125 9 ElbowRight
0.4827223 0.720419 1.520633 10 WristRight
0.4702874 0.7225868 1.523176 11 HandRight
-0.2036929 0.1138692 1.72905 12 HipLeft
-0.2080872 -0.2094636 1.819856 13 KneeLeft
-0.1507369 -0.5695565 1.972608 14 AnkleLeft
-0.1551275 -0.6362703 1.924908 15 FootLeft
-0.04893132 0.1064457 1.736277 16 HipRight
-0.03995103 -0.2300425 1.827366 17 KneeRight
-0.05085264 -0.5670533 1.963215 18 AnkleRight
-0.04729759 -0.6352314 1.923653 19 FootRight
-0.1084594 0.5915455 1.675236 20 SpineShoulder
-0.6716712 0.8729285 1.547284 21 HandTipLeft
-0.6004327 0.8313382 1.50256 22 ThumbLeft
0.5168766 0.8074238 1.530601 23 HandTipRight
0.4877034 0.6826717 1.484514 24 ThumbRight
-0.1351286 0.109496 1.74364 0 SpineBase
-0.122266 0.3847448 1.694865 1 SpineMid
-0.1087101 0.6468986 1.634553 2 Neck
-0.3104679 0.5879069 1.660249 4 ShoulderLeft
-0.5256038 0.644213 1.614539 5 ElbowLeft
-0.6370367 0.7853897 1.474094 6 WristLeft
-0.6506944 0.8073837 1.49447 7 HandLeft
0.1081385 0.5696648 1.662396 8 ShoulderRight
0.342986 0.5886612 1.63091 9 ElbowRight
0.477643 0.7097199 1.490293 10 WristRight
0.4600075 0.7096438 1.491474 11 HandRight
-0.2101299 0.110093 1.706136 12 HipLeft
-0.205794 -0.2229508 1.8011 13 KneeLeft
-0.1540079 -0.5684615 1.970335 14 AnkleLeft
-0.1488037 -0.6385422 1.923324 15 FootLeft
-0.0547559 0.1045612 1.711995 16 HipRight
-0.04024847 -0.2354293 1.779697 17 KneeRight
-0.05428718 -0.568642 1.957236 18 AnkleRight
-0.05740641 -0.6360565 1.922706 19 FootRight
-0.1122017 0.5832399 1.651545 20 SpineShoulder
-0.6754881 0.8384547 1.495827 21 HandTipLeft
-0.6068502 0.8098428 1.46556 22 ThumbLeft
0.5115395 0.792971 1.498561 23 HandTipRight
0.477403 0.663636 1.455081 24 ThumbRight
-0.140099 0.1071672 1.738711 0 SpineBase
-0.1260145 0.3816915 1.687777 1 SpineMid
-0.1111744 0.6429216 1.624891 2 Neck
-0.314032 0.5857694 1.651108 4 ShoulderLeft
-0.5292789 0.6390461 1.601741 5 ElbowLeft
-0.6428926 0.7759282 1.458568 6 WristLeft
-0.65455 0.8003951 1.48217 7 HandLeft
0.1058295 0.5669187 1.655291 8 ShoulderRight
0.3414825 0.5851945 1.625594 9 ElbowRight
0.4760809 0.7021964 1.481143 10 WristRight
0.4598526 0.7009186 1.484822 11 HandRight
-0.2153896 0.1083979 1.700585 12 HipLeft
-0.2162504 -0.2266843 1.791076 13 KneeLeft
-0.1560444 -0.568154 1.970046 14 AnkleLeft
-0.143856 -0.64073 1.921515 15 FootLeft
-0.05928803 0.1016956 1.707627 16 HipRight
-0.04923953 -0.242061 1.74338 17 KneeRight
-0.05341188 -0.5750405 1.941149 18 AnkleRight
-0.07314169 -0.6371939 1.904507 19 FootRight
-0.1150077 0.5795072 1.642579 20 SpineShoulder
-0.6771856 0.835403 1.485469 21 HandTipLeft
-0.6121536 0.8003356 1.452829 22 ThumbLeft
0.5086029 0.7863758 1.48853 23 HandTipRight
0.4741896 0.6556858 1.448896 24 ThumbRight
0.1784351 0.002113809 1.257316 0 SpineBase
0.1661012 0.2549342 1.111989 1 SpineMid
-0.03347608 0.446559 1.00035 4 ShoulderLeft
-0.2954859 0.4294752 1.023193 5 ElbowLeft
-0.5103781 0.4740145 0.9685955 6 WristLeft
-0.5199664 0.5102484 0.9808599 7 HandLeft
0.3174783 0.401327 1.02256 8 ShoulderRight
0.6071324 0.387318 1.097109 9 ElbowRight
0.8265374 0.4014114 1.065713 10 WristRight
0.09159762 0.001400255 1.215455 12 HipLeft
0.1046593 -0.2987443 1.149168 13 KneeLeft
0.1260394 -0.7141029 1.100559 14 AnkleLeft
0.255347 0.002707151 1.230148 16 HipRight
0.1962235 -0.2935959 1.209184 17 KneeRight
0.08868863 -0.6329961 1.300529 18 AnkleRight
0.1556198 0.4353156 0.995012 20 SpineShoulder
0.2174866 0.06282377 1.299598 0 SpineBase
0.1974198 0.2585329 1.093258 1 SpineMid
0.1874332 0.4442144 0.8666859 2 Neck
-0.004182734 0.410157 0.9144316 4 ShoulderLeft
-0.2693296 0.388107 0.9492103 5 ElbowLeft
-0.4870599 0.4294858 0.9073899 6 WristLeft
-0.4965214 0.4709792 0.9239975 7 HandLeft
0.3316109 0.3577705 0.9355891 8 ShoulderRight
0.5194035 0.243109 1.0197 9 ElbowRight
0.1281731 0.06052903 1.26592 12 HipLeft
0.173177 -0.2967658 1.074155 13 KneeLeft
0.1499293 -0.6120837 0.9696516 14 AnkleLeft
0.2952022 0.06180169 1.264682 16 HipRight
0.2470759 -0.2923875 1.119773 17 KneeRight
0.09199408 -0.6612446 1.260511 19 FootRight
0.1921272 0.4002006 0.9241999 20 SpineShoulder
