X              Y         Z      JointType 
-0.0823229 0.1044191 1.755524 0 SpineBase
-0.06950116 0.3971932 1.707188 1 SpineMid
-0.05663117 0.6761705 1.647819 2 Neck
-0.2425256 0.5599452 1.671793 4 ShoulderLeft
-0.3771847 0.3396155 1.736642 5 ElbowLeft
-0.5022311 0.1600675 1.723187 6 WristLeft
-0.519064 0.1540302 1.717327 7 HandLeft
0.09196242 0.5500132 1.62035 8 ShoulderRight
0.1659903 0.3192791 1.682566 9 ElbowRight
0.219128 0.1151075 1.609202 10 WristRight
0.2274159 0.1026111 1.593875 11 HandRight
-0.1574508 0.1047374 1.730383 12 HipLeft
-0.1656307 -0.2207158 1.789764 13 KneeLeft
-0.136977 -0.5608233 1.904514 14 AnkleLeft
-0.1715432 -0.6300302 1.837341 15 FootLeft
-0.003877874 0.09996789 1.711205 16 HipRight
0.01037797 -0.2228566 1.833906 17 KneeRight
-0.03679208 -0.5484688 2.011218 18 AnkleRight
-0.03566669 -0.6330336 1.984139 19 FootRight
-0.05987119 0.608372 1.664538 20 SpineShoulder
-0.5737066 0.1137941 1.724428 21 HandTipLeft
-0.5431295 0.1761144 1.689938 22 ThumbLeft
0.2820137 0.05159495 1.579223 23 HandTipRight
0.2608987 0.1231839 1.565552 24 ThumbRight
-0.08723819 0.1131549 1.791594 0 SpineBase
-0.06586644 0.4014003 1.736761 1 SpineMid
-0.04550126 0.6767679 1.671972 2 Neck
-0.2332846 0.5648445 1.691597 4 ShoulderLeft
-0.3338104 0.3366393 1.777675 5 ElbowLeft
-0.4308517 0.142888 1.747255 6 WristLeft
-0.449199 0.1261716 1.743362 7 HandLeft
0.1015351 0.5531741 1.654207 8 ShoulderRight
0.1707134 0.3259002 1.713786 9 ElbowRight
0.2172572 0.1314279 1.616248 10 WristRight
0.2297049 0.1134546 1.608809 11 HandRight
-0.1624434 0.1137654 1.763463 12 HipLeft
-0.1697086 -0.2203718 1.793077 13 KneeLeft
-0.1536918 -0.5592315 1.899657 14 AnkleLeft
-0.185376 -0.6335763 1.846382 15 FootLeft
-0.008604703 0.1081505 1.75078 16 HipRight
0.009294304 -0.2169463 1.842855 17 KneeRight
-0.02985388 -0.5486497 2.029688 18 AnkleRight
-0.03512583 -0.6317815 1.984368 19 FootRight
-0.05053934 0.609789 1.689926 20 SpineShoulder
-0.5157489 0.0863234 1.761651 21 HandTipLeft
-0.4885076 0.1501758 1.71971 22 ThumbLeft
0.2523075 0.07539686 1.615399 23 HandTipRight
0.210323 0.115604 1.544707 24 ThumbRight
-0.08895582 0.122104 1.813685 0 SpineBase
-0.06645935 0.409857 1.760508 1 SpineMid
-0.04441538 0.6844875 1.696408 2 Neck
-0.2297828 0.5746279 1.717398 4 ShoulderLeft
-0.3245718 0.3471574 1.796725 5 ElbowLeft
-0.4172668 0.1540189 1.754301 6 WristLeft
-0.4455366 0.1471354 1.745888 7 HandLeft
0.101906 0.5606329 1.681651 8 ShoulderRight
0.1683164 0.3363929 1.743528 9 ElbowRight
0.2188593 0.1481584 1.637994 10 WristRight
0.2361644 0.1471274 1.623343 11 HandRight
-0.1643283 0.1227328 1.785609 12 HipLeft
-0.1651478 -0.2160052 1.817924 13 KneeLeft
-0.1617064 -0.554493 1.970759 14 AnkleLeft
-0.168196 -0.6377909 1.935818 15 FootLeft
-0.01014831 0.1168596 1.772907 16 HipRight
0.009426001 -0.2032777 1.851209 17 KneeRight
-0.02779607 -0.5454369 2.033845 18 AnkleRight
-0.03673785 -0.6273571 1.983403 19 FootRight
-0.04989248 0.6177013 1.714312 20 SpineShoulder
-0.4802666 0.122956 1.769898 21 HandTipLeft
-0.4939569 0.1638673 1.719027 22 ThumbLeft
0.2956632 0.1186524 1.569363 23 HandTipRight
0.2488315 0.1768383 1.563827 24 ThumbRight
-0.09879299 0.1219709 1.803044 0 SpineBase
-0.08487981 0.4160843 1.786683 1 SpineMid
-0.07062661 0.6967515 1.758897 2 Neck
-0.2522932 0.5762694 1.767245 4 ShoulderLeft
-0.3415819 0.3441757 1.843286 5 ElbowLeft
-0.5091122 0.243091 1.747065 6 WristLeft
-0.5111941 0.2480308 1.737444 7 HandLeft
0.07917974 0.5696312 1.734835 8 ShoulderRight
0.1757693 0.336759 1.779362 9 ElbowRight
0.3054661 0.2189395 1.645314 10 WristRight
0.310472 0.2276652 1.651402 11 HandRight
-0.172659 0.1188992 1.773803 12 HipLeft
-0.1857672 -0.1803148 1.828919 13 KneeLeft
-0.1539026 -0.5308791 2.028148 14 AnkleLeft
-0.1685912 -0.6131188 1.979191 15 FootLeft
-0.02106152 0.1203416 1.763096 16 HipRight
0.00524198 -0.1762922 1.803227 17 KneeRight
0.007757093 -0.5235375 1.996124 18 AnkleRight
-0.0002844483 -0.6082932 1.968893 19 FootRight
-0.07427827 0.628431 1.767742 20 SpineShoulder
-0.5707616 0.2338728 1.731112 21 HandTipLeft
-0.5365084 0.260648 1.694245 22 ThumbLeft
0.3759801 0.2301321 1.611931 23 HandTipRight
0.3462918 0.1891994 1.6835 24 ThumbRight
-0.09819055 0.1217508 1.803216 0 SpineBase
-0.08327493 0.4156366 1.786873 1 SpineMid
-0.0674169 0.6958939 1.759465 2 Neck
-0.2512674 0.5761827 1.770339 4 ShoulderLeft
-0.3392093 0.3443362 1.84374 5 ElbowLeft
-0.5066382 0.2423836 1.747752 6 WristLeft
-0.5086725 0.2475806 1.737916 7 HandLeft
0.08092266 0.5697188 1.73508 8 ShoulderRight
0.1765508 0.3353021 1.779744 9 ElbowRight
0.3057803 0.2150016 1.647171 10 WristRight
0.3120948 0.225382 1.652764 11 HandRight
-0.1719374 0.1186853 1.774119 12 HipLeft
-0.185771 -0.1797899 1.82847 13 KneeLeft
-0.1536697 -0.5329122 2.02802 14 AnkleLeft
-0.1691666 -0.6149255 1.978714 15 FootLeft
-0.02057295 0.1201173 1.763169 16 HipRight
0.005744132 -0.1768703 1.803269 17 KneeRight
0.007087354 -0.5342252 2.000426 18 AnkleRight
-0.001349975 -0.6189741 1.966508 19 FootRight
-0.07149298 0.6276889 1.768188 20 SpineShoulder
-0.5699511 0.2312869 1.730934 21 HandTipLeft
-0.5365323 0.262119 1.697355 22 ThumbLeft
0.3749618 0.2303282 1.61582 23 HandTipRight
0.351272 0.1869714 1.68627 24 ThumbRight
-0.09782529 0.1213889 1.803634 0 SpineBase
-0.08304752 0.4154376 1.786748 1 SpineMid
-0.06735514 0.6957366 1.758656 2 Neck
-0.2502573 0.5761485 1.772086 4 ShoulderLeft
-0.3381118 0.3441078 1.843561 5 ElbowLeft
-0.5055276 0.2414446 1.747666 6 WristLeft
-0.5086076 0.2491574 1.738331 7 HandLeft
0.08264634 0.5697846 1.735256 8 ShoulderRight
0.1785024 0.3333421 1.780356 9 ElbowRight
0.307581 0.2109677 1.649163 10 WristRight
0.3130029 0.2213063 1.654661 11 HandRight
-0.171524 0.1184886 1.774367 12 HipLeft
-0.1851649 -0.1798591 1.828397 13 KneeLeft
-0.1534641 -0.5343318 2.02723 14 AnkleLeft
-0.1694345 -0.6162579 1.977959 15 FootLeft
-0.02029227 0.1195464 1.763835 16 HipRight
0.006397795 -0.1771816 1.803188 17 KneeRight
0.007228876 -0.5348362 2.000346 18 AnkleRight
0.005730581 -0.6199658 1.966877 19 FootRight
-0.07135693 0.6275167 1.767617 20 SpineShoulder
-0.5705357 0.2315215 1.732734 21 HandTipLeft
-0.5343475 0.2649125 1.699255 22 ThumbLeft
0.3752783 0.2248597 1.617782 23 HandTipRight
0.3446409 0.1837159 1.688635 24 ThumbRight
-0.1037029 0.1167423 1.790115 0 SpineBase
-0.08100202 0.4113083 1.77265 1 SpineMid
-0.05869456 0.6921191 1.743792 2 Neck
-0.2489596 0.5735459 1.756004 4 ShoulderLeft
-0.3552918 0.3525843 1.831632 5 ElbowLeft
-0.5104254 0.2271534 1.736735 6 WristLeft
-0.5123924 0.2288474 1.735471 7 HandLeft
0.08368629 0.5644057 1.714621 8 ShoulderRight
0.1736328 0.3246502 1.763195 9 ElbowRight
0.2949438 0.1844897 1.639088 10 WristRight
0.3050284 0.2028763 1.637565 11 HandRight
-0.1778475 0.1149159 1.763235 12 HipLeft
-0.1896899 -0.1901291 1.820955 13 KneeLeft
-0.1527746 -0.5280265 2.025059 14 AnkleLeft
-0.169815 -0.6104682 1.97845 15 FootLeft
-0.02550859 0.114059 1.747736 16 HipRight
0.001720874 -0.1787425 1.791835 17 KneeRight
0.008930429 -0.5327381 1.995857 18 AnkleRight
-0.007213023 -0.6167123 1.962469 19 FootRight
-0.06426986 0.6237864 1.752954 20 SpineShoulder
-0.5639718 0.2106592 1.725408 21 HandTipLeft
-0.5195692 0.2565488 1.702444 22 ThumbLeft
0.353968 0.1969022 1.59786 23 HandTipRight
0.34926 0.1593926 1.671668 24 ThumbRight
-0.1036844 0.1166334 1.790071 0 SpineBase
-0.08089588 0.4113165 1.772669 1 SpineMid
-0.05828332 0.6923986 1.744059 2 Neck
-0.2487202 0.57326 1.755975 4 ShoulderLeft
-0.3498829 0.3465886 1.828411 5 ElbowLeft
-0.508517 0.2208759 1.740586 6 WristLeft
-0.5075451 0.2281665 1.732602 7 HandLeft
0.08365507 0.5642297 1.714524 8 ShoulderRight
0.1735997 0.3244383 1.762957 9 ElbowRight
0.2950733 0.1841624 1.63907 10 WristRight
0.328669 0.1849604 1.652806 11 HandRight
-0.1778529 0.114841 1.763228 12 HipLeft
-0.1893097 -0.1903259 1.821664 13 KneeLeft
-0.1521095 -0.5278208 2.025201 14 AnkleLeft
-0.1699253 -0.6100949 1.97851 15 FootLeft
-0.02545662 0.113895 1.747639 16 HipRight
0.001569757 -0.1787799 1.791769 17 KneeRight
0.008653495 -0.5324947 1.995742 18 AnkleRight
-0.01041307 -0.6152363 1.9744 19 FootRight
-0.06395592 0.6239701 1.753124 20 SpineShoulder
-0.5624583 0.2217102 1.720449 21 HandTipLeft
-0.5134406 0.2619218 1.707777 22 ThumbLeft
0.347275 0.2059237 1.602615 23 HandTipRight
0.3459881 0.1707474 1.664714 24 ThumbRight
-0.1036952 0.1164087 1.790065 0 SpineBase
-0.08085665 0.4111998 1.772789 1 SpineMid
-0.05815815 0.6923519 1.744518 2 Neck
-0.2487149 0.5730022 1.756704 4 ShoulderLeft
-0.3482241 0.3442644 1.827744 5 ElbowLeft
-0.5073204 0.2173298 1.742722 6 WristLeft
-0.506031 0.2272645 1.734384 7 HandLeft
0.08365493 0.5640852 1.714517 8 ShoulderRight
0.1739456 0.3242559 1.762404 9 ElbowRight
0.2956754 0.1840189 1.638646 10 WristRight
0.3270521 0.1845272 1.641708 11 HandRight
-0.1778183 0.1145092 1.763311 12 HipLeft
-0.1889275 -0.1906679 1.821981 13 KneeLeft
-0.1522548 -0.5276127 2.025096 14 AnkleLeft
-0.1698333 -0.6099509 1.978404 15 FootLeft
-0.02548907 0.1137187 1.747578 16 HipRight
0.001425868 -0.1788452 1.791747 17 KneeRight
0.008418196 -0.5318582 1.995666 18 AnkleRight
-0.01258873 -0.6136429 1.978117 19 FootRight
-0.06385478 0.6238994 1.753466 20 SpineShoulder
-0.5619793 0.2187054 1.724511 21 HandTipLeft
-0.516632 0.2658153 1.715459 22 ThumbLeft
0.3443478 0.200997 1.583425 23 HandTipRight
0.3535237 0.176692 1.65905 24 ThumbRight
-0.09759336 0.1106767 1.793431 0 SpineBase
-0.0785799 0.4071779 1.777574 1 SpineMid
-0.06015332 0.6896891 1.75056 2 Neck
-0.2488675 0.572009 1.75457 4 ShoulderLeft
-0.3377899 0.328198 1.828043 5 ElbowLeft
-0.4123174 0.1225009 1.815715 6 WristLeft
-0.4215575 0.09825526 1.807464 7 HandLeft
0.08583973 0.5590076 1.717353 8 ShoulderRight
0.1418394 0.3148437 1.746733 9 ElbowRight
0.1504548 0.09809427 1.701444 10 WristRight
0.1552998 0.04389505 1.693261 11 HandRight
-0.1714903 0.1092236 1.766757 12 HipLeft
-0.1819347 -0.1921652 1.824482 13 KneeLeft
-0.1481434 -0.5316953 2.02307 14 AnkleLeft
-0.1670452 -0.6148064 1.985724 15 FootLeft
-0.01992312 0.1078941 1.751094 16 HipRight
0.002980014 -0.1919603 1.796915 17 KneeRight
0.005605954 -0.5314394 1.995776 18 AnkleRight
0.001265298 -0.6164669 1.954255 19 FootRight
-0.06468836 0.6209558 1.759216 20 SpineShoulder
-0.4491017 0.03517961 1.831084 21 HandTipLeft
-0.4618212 0.126524 1.796061 22 ThumbLeft
0.1666489 7.190625E-06 1.702605 23 HandTipRight
0.1936327 0.05370229 1.686818 24 ThumbRight
-0.09778257 0.1106263 1.793667 0 SpineBase
-0.07955457 0.407258 1.777647 1 SpineMid
-0.06251948 0.6901707 1.7504 2 Neck
-0.2487034 0.5712861 1.753462 4 ShoulderLeft
-0.338002 0.3285965 1.825051 5 ElbowLeft
-0.4122331 0.1227973 1.809564 6 WristLeft
-0.4209057 0.09789639 1.799738 7 HandLeft
0.08579065 0.5591656 1.717359 8 ShoulderRight
0.1426639 0.3159848 1.745836 9 ElbowRight
0.1542614 0.09948558 1.699741 10 WristRight
0.1618187 0.04659856 1.687589 11 HandRight
-0.1716427 0.1091745 1.766673 12 HipLeft
-0.1826226 -0.191104 1.82337 13 KneeLeft
-0.1494048 -0.5305727 2.023302 14 AnkleLeft
-0.1691646 -0.613167 1.981643 15 FootLeft
-0.02022532 0.1078586 1.751964 16 HipRight
0.002884059 -0.1919479 1.79678 17 KneeRight
0.005320602 -0.5316709 1.995975 18 AnkleRight
-0.001560917 -0.6164132 1.953157 19 FootRight
-0.06669183 0.6213111 1.759125 20 SpineShoulder
-0.4463243 0.03351032 1.826501 21 HandTipLeft
-0.4645775 0.1295793 1.79983 22 ThumbLeft
0.1719053 -0.0005181746 1.706201 23 HandTipRight
0.1992318 0.05375928 1.678422 24 ThumbRight
-0.09795833 0.1105894 1.793622 0 SpineBase
-0.08054494 0.4073179 1.777593 1 SpineMid
-0.06439795 0.6904467 1.750472 2 Neck
-0.2485587 0.5704066 1.752485 4 ShoulderLeft
-0.3382687 0.3283924 1.822227 5 ElbowLeft
-0.4119137 0.1224344 1.804145 6 WristLeft
-0.4199283 0.09667624 1.794461 7 HandLeft
0.08587835 0.5593907 1.71779 8 ShoulderRight
0.1429799 0.3160203 1.745747 9 ElbowRight
0.1582611 0.09955893 1.700823 10 WristRight
0.1621123 0.06347951 1.690672 11 HandRight
-0.1719901 0.1091157 1.766112 12 HipLeft
-0.1829662 -0.1906492 1.822823 13 KneeLeft
-0.1493879 -0.5298287 2.023072 14 AnkleLeft
-0.1693808 -0.6123074 1.980743 15 FootLeft
-0.02041705 0.1078244 1.752199 16 HipRight
0.002584659 -0.1917767 1.796944 17 KneeRight
0.005144339 -0.5319154 1.996149 18 AnkleRight
-5.183741E-05 -0.6166664 1.952491 19 FootRight
-0.06836744 0.6215258 1.759151 20 SpineShoulder
-0.4454453 0.03387331 1.816246 21 HandTipLeft
-0.4637087 0.1257764 1.785706 22 ThumbLeft
0.1671309 -0.006950661 1.709272 23 HandTipRight
0.1945948 0.05162262 1.671103 24 ThumbRight
-0.09709762 0.1116301 1.773725 0 SpineBase
-0.08410641 0.4071696 1.769993 1 SpineMid
-0.07075058 0.6884139 1.752903 2 Neck
-0.2651024 0.5634993 1.759959 4 ShoulderLeft
-0.477237 0.4041256 1.820847 5 ElbowLeft
-0.6696718 0.308527 1.829509 6 WristLeft
-0.685949 0.3163425 1.828602 7 HandLeft
0.0838938 0.5567426 1.715503 8 ShoulderRight
0.2492276 0.3581017 1.670077 9 ElbowRight
0.4059437 0.2203396 1.596181 10 WristRight
0.4273381 0.2261389 1.57531 11 HandRight
-0.1723309 0.1069396 1.745641 12 HipLeft
-0.2034717 -0.155396 1.770492 13 KneeLeft
-0.157959 -0.5323786 2.013177 14 AnkleLeft
-0.1676088 -0.6171243 1.975466 15 FootLeft
-0.01801781 0.1120388 1.73254 16 HipRight
0.0008847581 -0.1823922 1.7816 17 KneeRight
0.004688224 -0.5418491 1.993016 18 AnkleRight
2.93646E-05 -0.6271634 1.95949 19 FootRight
-0.07404929 0.6200238 1.759147 20 SpineShoulder
-0.7441019 0.3007129 1.844814 21 HandTipLeft
-0.7154551 0.3365051 1.80501 22 ThumbLeft
0.4842859 0.21913 1.552453 23 HandTipRight
0.4275795 0.2461602 1.541125 24 ThumbRight
-0.09733465 0.1115479 1.773594 0 SpineBase
-0.08420279 0.4071307 1.769949 1 SpineMid
-0.07082079 0.6884162 1.753038 2 Neck
-0.2638001 0.564921 1.758697 4 ShoulderLeft
-0.4772723 0.4039817 1.820911 5 ElbowLeft
-0.6695997 0.3081792 1.829663 6 WristLeft
-0.6855167 0.3164123 1.827334 7 HandLeft
0.08388098 0.5562624 1.715772 8 ShoulderRight
0.249541 0.3581195 1.670179 9 ElbowRight
0.4064252 0.2205871 1.596218 10 WristRight
0.4266091 0.2269179 1.576023 11 HandRight
-0.1725934 0.1068922 1.745505 12 HipLeft
-0.1947275 -0.1858421 1.811116 13 KneeLeft
-0.1535005 -0.5288904 2.019551 14 AnkleLeft
-0.1685305 -0.6119977 1.973298 15 FootLeft
-0.01822567 0.1119203 1.732419 16 HipRight
0.0006140122 -0.1825317 1.781561 17 KneeRight
0.004630182 -0.5415478 1.992901 18 AnkleRight
0.0007852381 -0.6269094 1.960052 19 FootRight
-0.07411502 0.6200133 1.759211 20 SpineShoulder
-0.7437571 0.3087341 1.838935 21 HandTipLeft
-0.7135143 0.3367156 1.803695 22 ThumbLeft
0.4814907 0.2215898 1.551152 23 HandTipRight
0.4461911 0.2185101 1.522343 24 ThumbRight
-0.09750358 0.1113492 1.773342 0 SpineBase
-0.08424143 0.4064204 1.770149 1 SpineMid
-0.07039689 0.6860437 1.755188 2 Neck
-0.2651476 0.5633329 1.760835 4 ShoulderLeft
-0.4772297 0.4038075 1.820965 5 ElbowLeft
-0.6694233 0.3075798 1.829056 6 WristLeft
-0.6837658 0.3223829 1.820974 7 HandLeft
0.0839797 0.5555358 1.716408 8 ShoulderRight
0.250145 0.3585019 1.670532 9 ElbowRight
0.4070755 0.2210423 1.59654 10 WristRight
0.4258978 0.229005 1.5781 11 HandRight
-0.1727619 0.1066175 1.745276 12 HipLeft
-0.2029911 -0.1550119 1.772551 13 KneeLeft
-0.1563577 -0.5313795 2.015932 14 AnkleLeft
-0.1678176 -0.6155971 1.974185 15 FootLeft
-0.01839143 0.1117868 1.732147 16 HipRight
0.0002725776 -0.1828259 1.781366 17 KneeRight
0.004529578 -0.5417025 1.992355 18 AnkleRight
0.001463357 -0.6270906 1.960224 19 FootRight
-0.07386009 0.6181457 1.760689 20 SpineShoulder
-0.7429302 0.2996426 1.852474 21 HandTipLeft
-0.7193486 0.331892 1.791912 22 ThumbLeft
0.4749085 0.222186 1.548607 23 HandTipRight
0.4327056 0.2267644 1.526306 24 ThumbRight
-0.1000887 0.1111913 1.77107 0 SpineBase
-0.08361267 0.4036205 1.770805 1 SpineMid
-0.06525958 0.6816856 1.758815 2 Neck
-0.2605154 0.5693781 1.75691 4 ShoulderLeft
-0.480911 0.4163685 1.816958 5 ElbowLeft
-0.6818849 0.3390692 1.814131 6 WristLeft
-0.6877013 0.3590334 1.809107 7 HandLeft
0.08721859 0.5519822 1.721827 8 ShoulderRight
0.2535256 0.3479973 1.680726 9 ElbowRight
0.4026697 0.1997297 1.612087 10 WristRight
0.409263 0.2054514 1.594895 11 HandRight
-0.1760533 0.1071693 1.741996 12 HipLeft
-0.199831 -0.1848133 1.812313 13 KneeLeft
-0.1553177 -0.5296794 2.018203 14 AnkleLeft
-0.1659953 -0.6144278 1.986609 15 FootLeft
-0.02032458 0.1110354 1.730845 16 HipRight
-0.008553709 -0.1897231 1.790267 17 KneeRight
0.005112321 -0.542693 1.992456 18 AnkleRight
-0.0109077 -0.6264935 1.953716 19 FootRight
-0.07003388 0.6140326 1.763767 20 SpineShoulder
-0.7561519 0.3535674 1.822947 21 HandTipLeft
-0.7218141 0.3701651 1.773619 22 ThumbLeft
0.473538 0.1964731 1.581859 23 HandTipRight
0.4096108 0.1633248 1.624267 24 ThumbRight
-0.1046661 0.1112737 1.770922 0 SpineBase
-0.08373053 0.4034016 1.770701 1 SpineMid
-0.06325088 0.6806943 1.758607 2 Neck
-0.2613834 0.5689428 1.757648 4 ShoulderLeft
-0.4832833 0.4241748 1.817014 5 ElbowLeft
-0.6859583 0.3517516 1.814529 6 WristLeft
-0.6908131 0.3724028 1.809068 7 HandLeft
0.08820789 0.5505875 1.721657 8 ShoulderRight
0.2508753 0.3424419 1.68254 9 ElbowRight
0.3978423 0.1914651 1.615212 10 WristRight
0.4029381 0.1962038 1.598334 11 HandRight
-0.1801907 0.1081419 1.741526 12 HipLeft
-0.2022245 -0.1856392 1.814092 13 KneeLeft
-0.1550896 -0.529677 2.017798 14 AnkleLeft
-0.1682573 -0.6139772 1.981807 15 FootLeft
-0.02522689 0.1100812 1.731011 16 HipRight
-0.01138693 -0.1905051 1.790707 17 KneeRight
0.004248356 -0.5407045 1.992158 18 AnkleRight
-0.005690599 -0.6254792 1.955502 19 FootRight
-0.06879927 0.6132953 1.763573 20 SpineShoulder
-0.7597644 0.3641233 1.822529 21 HandTipLeft
-0.7209096 0.384253 1.773728 22 ThumbLeft
0.4649527 0.184445 1.583794 23 HandTipRight
0.3921588 0.1583143 1.639562 24 ThumbRight
-0.1066701 0.1111183 1.770986 0 SpineBase
-0.08383217 0.4031915 1.770688 1 SpineMid
-0.0619693 0.6801518 1.758716 2 Neck
-0.2617174 0.5689597 1.758217 4 ShoulderLeft
-0.4846928 0.4296133 1.815985 5 ElbowLeft
-0.6882678 0.3598875 1.813392 6 WristLeft
-0.6916165 0.3792993 1.806109 7 HandLeft
0.08874842 0.5497487 1.721676 8 ShoulderRight
0.2487977 0.3392408 1.6835 9 ElbowRight
0.3942351 0.1864869 1.61689 10 WristRight
0.3999383 0.1907154 1.599791 11 HandRight
-0.1820771 0.108333 1.741567 12 HipLeft
-0.2090989 -0.1888272 1.821951 13 KneeLeft
-0.1561677 -0.5293799 2.017844 14 AnkleLeft
-0.1649987 -0.6142624 1.980782 15 FootLeft
-0.02723548 0.1095684 1.731088 16 HipRight
-0.01333231 -0.1916487 1.791471 17 KneeRight
0.003062536 -0.5398787 1.992763 18 AnkleRight
-0.002531125 -0.6248457 1.953126 19 FootRight
-0.06793775 0.6128317 1.76363 20 SpineShoulder
-0.7569644 0.3709229 1.813019 21 HandTipLeft
-0.7256264 0.3879033 1.7695 22 ThumbLeft
0.4607231 0.1786447 1.583555 23 HandTipRight
0.4192885 0.1412181 1.617571 24 ThumbRight
-0.08553889 0.1089523 1.769275 0 SpineBase
-0.08852083 0.4028402 1.76878 1 SpineMid
-0.08934053 0.6848701 1.756836 2 Neck
-0.2742114 0.5479205 1.767016 4 ShoulderLeft
-0.4296103 0.3305423 1.84346 5 ElbowLeft
-0.5954178 0.1932406 1.856208 6 WristLeft
-0.6114314 0.2061927 1.848196 7 HandLeft
0.05961903 0.5694437 1.713454 8 ShoulderRight
0.2811615 0.4035471 1.652129 9 ElbowRight
0.4542685 0.2962865 1.564965 10 WristRight
0.4592815 0.2988485 1.554958 11 HandRight
-0.1607513 0.1019863 1.741868 12 HipLeft
-0.1676718 -0.1774598 1.799428 13 KneeLeft
-0.1545979 -0.5359142 2.014736 14 AnkleLeft
-0.1678848 -0.6194665 1.971254 15 FootLeft
-0.006853028 0.1115862 1.727232 16 HipRight
0.02427968 -0.1766296 1.768613 17 KneeRight
0.01063808 -0.5399093 1.99546 18 AnkleRight
-0.004341285 -0.6236239 1.972118 19 FootRight
-0.08944287 0.616093 1.761727 20 SpineShoulder
-0.6606958 0.1718474 1.865201 21 HandTipLeft
-0.6304079 0.2481702 1.842083 22 ThumbLeft
0.5182232 0.284895 1.534185 23 HandTipRight
0.4413493 0.2608382 1.59068 24 ThumbRight
-0.0862404 0.1087574 1.769882 0 SpineBase
-0.08848587 0.4026578 1.7688 1 SpineMid
-0.0886388 0.6836523 1.756066 2 Neck
-0.2732961 0.5495088 1.766875 4 ShoulderLeft
-0.431899 0.3338449 1.842286 5 ElbowLeft
-0.5988059 0.1977308 1.85398 6 WristLeft
-0.6150498 0.2111513 1.845516 7 HandLeft
0.06090685 0.5687014 1.712942 8 ShoulderRight
0.2816262 0.3990873 1.653377 9 ElbowRight
0.4544244 0.2892902 1.569082 10 WristRight
0.4575665 0.2940695 1.560923 11 HandRight
-0.1614023 0.10213 1.742494 12 HipLeft
-0.168724 -0.1774048 1.799378 13 KneeLeft
-0.1551071 -0.5334774 2.014891 14 AnkleLeft
-0.1669403 -0.617275 1.971114 15 FootLeft
-0.007673031 0.1110303 1.727896 16 HipRight
0.02387528 -0.1764765 1.767612 17 KneeRight
0.01031042 -0.5396987 1.995998 18 AnkleRight
-0.004312112 -0.6236655 1.970588 19 FootRight
-0.08883921 0.6153151 1.761209 20 SpineShoulder
-0.6658893 0.1802704 1.860052 21 HandTipLeft
-0.6500958 0.215106 1.8115 22 ThumbLeft
0.5192144 0.2814786 1.54036 23 HandTipRight
0.4398332 0.2571105 1.603318 24 ThumbRight
-0.08651893 0.1087672 1.770375 0 SpineBase
-0.08861724 0.4023539 1.769114 1 SpineMid
-0.08897816 0.6824893 1.756508 2 Neck
-0.2726815 0.5504016 1.766122 4 ShoulderLeft
-0.4332931 0.3354008 1.842087 5 ElbowLeft
-0.6005115 0.1995258 1.852878 6 WristLeft
-0.6156431 0.2137869 1.844049 7 HandLeft
0.06156883 0.5683318 1.712997 8 ShoulderRight
0.281931 0.396791 1.654778 9 ElbowRight
0.454533 0.2866621 1.570528 10 WristRight
0.457788 0.2923511 1.561482 11 HandRight
-0.1617112 0.1023348 1.742965 12 HipLeft
-0.1706555 -0.1763351 1.798805 13 KneeLeft
-0.1549664 -0.5335318 2.015559 14 AnkleLeft
-0.1669136 -0.617177 1.97069 15 FootLeft
-0.007928893 0.1108539 1.728458 16 HipRight
0.02352746 -0.1763728 1.767274 17 KneeRight
0.01033775 -0.5398459 1.995972 18 AnkleRight
-0.004970724 -0.6237645 1.969716 19 FootRight
-0.08909062 0.6144047 1.761607 20 SpineShoulder
-0.6656716 0.1817711 1.852636 21 HandTipLeft
-0.6358594 0.261732 1.851857 22 ThumbLeft
0.5191841 0.2793396 1.543631 23 HandTipRight
0.4453161 0.2548131 1.599452 24 ThumbRight
-0.08826096 0.1072094 1.768357 0 SpineBase
-0.08438691 0.4004963 1.765084 1 SpineMid
-0.07897402 0.6801201 1.75063 2 Neck
-0.2674641 0.5532306 1.760311 4 ShoulderLeft
-0.4348002 0.3424345 1.826997 5 ElbowLeft
-0.6065208 0.2112514 1.82965 6 WristLeft
-0.6156991 0.2247662 1.825692 7 HandLeft
0.07373093 0.5626906 1.706258 8 ShoulderRight
0.2840047 0.3721204 1.653116 9 ElbowRight
0.4528656 0.2553992 1.570235 10 WristRight
0.4527937 0.26576 1.557066 11 HandRight
-0.1630651 0.1017513 1.74071 12 HipLeft
-0.1758711 -0.1773291 1.794823 13 KneeLeft
-0.1550878 -0.5307418 2.017562 14 AnkleLeft
-0.1653249 -0.6144665 1.971005 15 FootLeft
-0.009960324 0.1085318 1.726459 16 HipRight
0.01992873 -0.1788914 1.762446 17 KneeRight
0.01024417 -0.5352312 1.993811 18 AnkleRight
-0.009618129 -0.6182053 1.969495 19 FootRight
-0.08044885 0.612067 1.756147 20 SpineShoulder
-0.6775658 0.2027515 1.842641 21 HandTipLeft
-0.6523266 0.2305113 1.793414 22 ThumbLeft
0.5118575 0.2477685 1.534032 23 HandTipRight
0.4409766 0.2273825 1.598213 24 ThumbRight
-0.08822376 0.1071698 1.768359 0 SpineBase
-0.08416039 0.400831 1.765031 1 SpineMid
-0.07846947 0.6814355 1.750448 2 Neck
-0.2671437 0.552653 1.760537 4 ShoulderLeft
-0.4344574 0.3430736 1.826897 5 ElbowLeft
-0.6064586 0.2123018 1.829879 6 WristLeft
-0.615334 0.2274041 1.825063 7 HandLeft
0.07396901 0.5625259 1.705972 8 ShoulderRight
0.284108 0.3719451 1.652854 9 ElbowRight
0.4526705 0.2550905 1.569489 10 WristRight
0.4524834 0.2639282 1.555959 11 HandRight
-0.1630073 0.1017134 1.740735 12 HipLeft
-0.1761692 -0.177372 1.794888 13 KneeLeft
-0.1550286 -0.5309716 2.017541 14 AnkleLeft
-0.1651777 -0.6146838 1.97085 15 FootLeft
-0.009949086 0.1084854 1.726451 16 HipRight
0.01976712 -0.1790458 1.762794 17 KneeRight
0.01007148 -0.5346383 1.993569 18 AnkleRight
-0.01033508 -0.6175135 1.969106 19 FootRight
-0.08001976 0.6130861 1.756004 20 SpineShoulder
-0.670619 0.2040345 1.833403 21 HandTipLeft
-0.6445806 0.2349588 1.792848 22 ThumbLeft
0.5139952 0.2535017 1.536327 23 HandTipRight
0.450933 0.221629 1.588148 24 ThumbRight
-0.0881644 0.10713 1.768366 0 SpineBase
-0.08379278 0.400979 1.764995 1 SpineMid
-0.07780898 0.68194 1.750407 2 Neck
-0.2667499 0.5524293 1.760577 4 ShoulderLeft
-0.4342614 0.3444211 1.826432 5 ElbowLeft
-0.6069662 0.2146786 1.83006 6 WristLeft
-0.617317 0.2317218 1.825254 7 HandLeft
0.07441707 0.5624626 1.705688 8 ShoulderRight
0.284283 0.3712316 1.652895 9 ElbowRight
0.4524595 0.2543433 1.568704 10 WristRight
0.4511375 0.2638624 1.556974 11 HandRight
-0.1628827 0.1016642 1.740715 12 HipLeft
-0.1762194 -0.1770609 1.794787 13 KneeLeft
-0.1552454 -0.5359293 2.018883 14 AnkleLeft
-0.166193 -0.6189498 1.969189 15 FootLeft
-0.009936262 0.1084445 1.72648 16 HipRight
0.01956025 -0.1791116 1.76283 17 KneeRight
0.01010551 -0.5354419 1.993262 18 AnkleRight
-0.008065258 -0.6188408 1.967972 19 FootRight
-0.07942635 0.6135007 1.75596 20 SpineShoulder
-0.6714036 0.2043396 1.837204 21 HandTipLeft
-0.6317035 0.2765622 1.829028 22 ThumbLeft
0.5133744 0.2568521 1.535778 23 HandTipRight
0.4533107 0.2208044 1.591757 24 ThumbRight
-0.1131125 0.1057545 1.786635 0 SpineBase
-0.1011098 0.4004375 1.777503 1 SpineMid
-0.08914147 0.6815245 1.757715 2 Neck
-0.2750575 0.5544204 1.763638 4 ShoulderLeft
-0.3721028 0.3046918 1.830289 5 ElbowLeft
-0.4560118 0.1033257 1.828045 6 WristLeft
-0.4571195 0.07680698 1.821309 7 HandLeft
0.05811841 0.5560204 1.715308 8 ShoulderRight
0.1517987 0.2910113 1.742692 9 ElbowRight
0.2266755 0.0857236 1.715652 10 WristRight
0.2284976 0.07289513 1.708709 11 HandRight
-0.187328 0.1008803 1.760477 12 HipLeft
-0.185844 -0.21253 1.836358 13 KneeLeft
-0.1550693 -0.5240269 2.022176 14 AnkleLeft
-0.1649038 -0.6087608 1.983332 15 FootLeft
-0.03448613 0.1065151 1.743434 16 HipRight
-0.002143635 -0.1874455 1.789123 17 KneeRight
0.005115502 -0.5368524 1.994523 18 AnkleRight
-0.008308689 -0.6212232 1.957561 19 FootRight
-0.09215073 0.6131004 1.764535 20 SpineShoulder
-0.5032825 0.01569762 1.862005 21 HandTipLeft
-0.4850595 0.087806 1.795287 22 ThumbLeft
0.2815821 0.002292035 1.727653 23 HandTipRight
0.1886668 0.055839 1.741211 24 ThumbRight
-0.1152764 0.1049569 1.787336 0 SpineBase
-0.1033058 0.3995795 1.778374 1 SpineMid
-0.09124459 0.680635 1.758657 2 Neck
-0.2771502 0.5539218 1.764351 4 ShoulderLeft
-0.3708726 0.3038701 1.830411 5 ElbowLeft
-0.4443929 0.09816369 1.822777 6 WristLeft
-0.4429223 0.07027424 1.813925 7 HandLeft
0.05580803 0.5544794 1.717482 8 ShoulderRight
0.1398008 0.2879635 1.746205 9 ElbowRight
0.2048157 0.07907954 1.721773 10 WristRight
0.1960298 0.07002649 1.708595 11 HandRight
-0.1895224 0.1001214 1.761472 12 HipLeft
-0.1877271 -0.213528 1.838228 13 KneeLeft
-0.1505269 -0.5255975 2.021222 14 AnkleLeft
-0.1681071 -0.608988 1.982804 15 FootLeft
-0.03655963 0.1057002 1.743844 16 HipRight
-0.004307284 -0.188978 1.789638 17 KneeRight
0.004432545 -0.5358278 1.994102 18 AnkleRight
-0.01669825 -0.618818 1.958152 19 FootRight
-0.09429668 0.6122156 1.765471 20 SpineShoulder
-0.4732089 0.001437252 1.849393 21 HandTipLeft
-0.4845239 0.1115617 1.82275 22 ThumbLeft
0.2270938 -0.0002198867 1.733166 23 HandTipRight
0.1721816 0.03683514 1.6778 24 ThumbRight
-0.1181378 0.1039132 1.788602 0 SpineBase
-0.1070849 0.3982399 1.779949 1 SpineMid
-0.09596261 0.6789922 1.760553 2 Neck
-0.281747 0.554463 1.766235 4 ShoulderLeft
-0.3675905 0.3060888 1.827731 5 ElbowLeft
-0.425154 0.09538829 1.805701 6 WristLeft
-0.423359 0.04627306 1.792897 7 HandLeft
0.051978 0.5525792 1.720765 8 ShoulderRight
0.1257437 0.2965443 1.747524 9 ElbowRight
0.1617592 0.08122009 1.71489 10 WristRight
0.1566272 0.06012697 1.704294 11 HandRight
-0.1920954 0.09921552 1.762634 12 HipLeft
-0.1897284 -0.2140236 1.839923 13 KneeLeft
-0.1499659 -0.5280163 2.01947 14 AnkleLeft
-0.1689345 -0.611147 1.982904 15 FootLeft
-0.03957087 0.1045619 1.745203 16 HipRight
-0.008925779 -0.1961868 1.795424 17 KneeRight
0.004194582 -0.5362737 1.993966 18 AnkleRight
-0.01044531 -0.6204536 1.956725 19 FootRight
-0.09878879 0.6106483 1.767288 20 SpineShoulder
-0.4412746 -0.01342271 1.819074 21 HandTipLeft
-0.4546579 0.0580078 1.772827 22 ThumbLeft
0.1658632 -0.01016464 1.728327 23 HandTipRight
0.123912 0.03666992 1.677343 24 ThumbRight
-0.1779565 0.09547603 1.83987 0 SpineBase
-0.1677848 0.3892984 1.833367 1 SpineMid
-0.1565927 0.6702173 1.816199 2 Neck
-0.3395149 0.5554932 1.810079 4 ShoulderLeft
-0.4027877 0.3136116 1.847492 5 ElbowLeft
-0.4245225 0.09790093 1.806459 6 WristLeft
-0.4227088 0.06446087 1.804513 7 HandLeft
-0.004749346 0.5506523 1.79188 8 ShoulderRight
0.05562897 0.3080978 1.807015 9 ElbowRight
0.0792312 0.09375381 1.756649 10 WristRight
0.08154435 0.05569741 1.753142 11 HandRight
-0.2506246 0.09484319 1.810065 12 HipLeft
-0.2333091 -0.2417146 1.892994 13 KneeLeft
-0.1682873 -0.541424 2.03801 14 AnkleLeft
-0.1612471 -0.6251432 1.987393 15 FootLeft
-0.0985362 0.09252643 1.800413 16 HipRight
-0.07341963 -0.2611856 1.838953 17 KneeRight
-0.02066237 -0.5618369 1.973246 18 AnkleRight
-0.008272019 -0.6459361 1.937235 19 FootRight
-0.1595586 0.6017733 1.822425 20 SpineShoulder
-0.4298171 -0.006820833 1.819053 21 HandTipLeft
-0.463911 0.06149415 1.797077 22 ThumbLeft
0.08310313 -0.00841331 1.7671 23 HandTipRight
0.04229503 0.03558242 1.73997 24 ThumbRight
-0.1763752 0.09594917 1.841089 0 SpineBase
-0.1667151 0.3895327 1.83406 1 SpineMid
-0.1560248 0.6702592 1.816404 2 Neck
-0.339073 0.5557854 1.810661 4 ShoulderLeft
-0.4020949 0.3138598 1.84784 5 ElbowLeft
-0.4232205 0.09810071 1.806664 6 WristLeft
-0.4215214 0.06470107 1.805153 7 HandLeft
-0.003271042 0.5521178 1.793998 8 ShoulderRight
0.05698253 0.3083787 1.808646 9 ElbowRight
0.08199687 0.09394038 1.759672 10 WristRight
0.0838389 0.05562897 1.756305 11 HandRight
-0.2490569 0.09527881 1.811196 12 HipLeft
-0.2334627 -0.2408428 1.892666 13 KneeLeft
-0.1672373 -0.5458166 2.038943 14 AnkleLeft
-0.1619466 -0.6288562 1.985123 15 FootLeft
-0.09700277 0.09302319 1.801702 16 HipRight
-0.07252504 -0.2609276 1.839404 17 KneeRight
-0.02026036 -0.5618033 1.973417 18 AnkleRight
-0.005978772 -0.6456047 1.936575 19 FootRight
-0.158878 0.6018566 1.822736 20 SpineShoulder
-0.429352 -0.002817748 1.816102 21 HandTipLeft
-0.464398 0.06811102 1.800036 22 ThumbLeft
0.08685251 -0.0117338 1.772026 23 HandTipRight
0.04563579 0.04191657 1.747543 24 ThumbRight
-0.176035 0.09603572 1.841314 0 SpineBase
-0.1662625 0.3896785 1.834432 1 SpineMid
-0.1555381 0.6704428 1.816869 2 Neck
-0.3389249 0.5558784 1.810786 4 ShoulderLeft
-0.4017971 0.3139642 1.847946 5 ElbowLeft
-0.4225849 0.09817246 1.806737 6 WristLeft
-0.4211948 0.06457812 1.806079 7 HandLeft
-0.002914333 0.5522143 1.794376 8 ShoulderRight
0.05750563 0.308414 1.809135 9 ElbowRight
0.08281955 0.09394486 1.760531 10 WristRight
0.08455956 0.05542292 1.75686 11 HandRight
-0.248729 0.09535754 1.811386 12 HipLeft
-0.2335528 -0.2404066 1.89253 13 KneeLeft
-0.1676566 -0.5443275 2.038531 14 AnkleLeft
-0.1617138 -0.627539 1.985466 15 FootLeft
-0.09666472 0.09311316 1.801956 16 HipRight
-0.07211129 -0.2608667 1.839513 17 KneeRight
-0.02025894 -0.5618578 1.973435 18 AnkleRight
-0.005170655 -0.6455128 1.936153 19 FootRight
-0.1583903 0.6020316 1.82318 20 SpineShoulder
-0.4282561 -0.007477043 1.81799 21 HandTipLeft
-0.4637787 0.04882434 1.7997 22 ThumbLeft
0.0885213 -0.01140568 1.77134 23 HandTipRight
0.04604675 0.03399701 1.743056 24 ThumbRight
-0.1371185 0.1172034 1.847486 0 SpineBase
-0.1254106 0.4162312 1.836874 1 SpineMid
-0.1132405 0.7019886 1.815251 2 Neck
-0.2969591 0.5712421 1.802059 4 ShoulderLeft
-0.3548679 0.3345034 1.829579 5 ElbowLeft
-0.3812033 0.1201977 1.782037 6 WristLeft
-0.3785236 0.08296079 1.774228 7 HandLeft
0.03556186 0.5711196 1.778113 8 ShoulderRight
0.09389635 0.3246301 1.797907 9 ElbowRight
0.1138398 0.109526 1.749138 10 WristRight
0.1140309 0.05712815 1.748134 11 HandRight
-0.2098923 0.1152444 1.81539 12 HipLeft
-0.1944174 -0.2221802 1.897219 13 KneeLeft
-0.1518213 -0.5399186 2.028095 14 AnkleLeft
-0.1437683 -0.6227413 1.973773 15 FootLeft
-0.05911039 0.1147624 1.810138 16 HipRight
-0.04520166 -0.2075333 1.875505 17 KneeRight
-0.07657629 -0.5494677 2.020484 18 AnkleRight
-0.09036809 -0.6315103 1.968272 19 FootRight
-0.1163707 0.6323711 1.822574 20 SpineShoulder
-0.3846809 0.01172113 1.78733 21 HandTipLeft
-0.4207752 0.08924227 1.77125 22 ThumbLeft
0.1234668 0.0166106 1.760926 23 HandTipRight
0.07454803 0.05160609 1.738658 24 ThumbRight
-0.1316442 0.1188821 1.849153 0 SpineBase
-0.1206054 0.4177733 1.837273 1 SpineMid
-0.1089731 0.7034249 1.814562 2 Neck
-0.2917466 0.5723268 1.801367 4 ShoulderLeft
-0.3493733 0.335816 1.829259 5 ElbowLeft
-0.3743479 0.1211306 1.782802 6 WristLeft
-0.3718445 0.06908731 1.77715 7 HandLeft
0.04045375 0.5725551 1.777249 8 ShoulderRight
0.09914538 0.3251555 1.797999 9 ElbowRight
0.1192285 0.1101159 1.748958 10 WristRight
0.1200859 0.05758152 1.750146 11 HandRight
-0.2045005 0.1168015 1.817117 12 HipLeft
-0.1941419 -0.2178706 1.895901 13 KneeLeft
-0.1520469 -0.5413918 2.028633 14 AnkleLeft
-0.1441777 -0.6242844 1.974652 15 FootLeft
-0.05379313 0.1164963 1.811728 16 HipRight
-0.03963795 -0.2027887 1.871933 17 KneeRight
-0.07507102 -0.5480192 2.022183 18 AnkleRight
-0.08631632 -0.6306263 1.970672 19 FootRight
-0.1119803 0.633832 1.822146 20 SpineShoulder
-0.3750086 0.01352696 1.784467 21 HandTipLeft
-0.4108464 0.07353345 1.769267 22 ThumbLeft
0.1278691 0.01579724 1.763484 23 HandTipRight
0.07916525 0.05325111 1.744667 24 ThumbRight
-0.1275026 0.1197526 1.849308 0 SpineBase
-0.1147945 0.4188566 1.835985 1 SpineMid
-0.1014703 0.7046459 1.811427 2 Neck
-0.2881533 0.5734662 1.800769 4 ShoulderLeft
-0.3423879 0.3349777 1.828496 5 ElbowLeft
-0.3662333 0.119834 1.783911 6 WristLeft
-0.3651572 0.06896431 1.779835 7 HandLeft
0.04639219 0.5729229 1.774241 8 ShoulderRight
0.1060186 0.3255653 1.796947 9 ElbowRight
0.1292173 0.1105994 1.749299 10 WristRight
0.1315576 0.05637899 1.74736 11 HandRight
-0.2002493 0.1177914 1.817115 12 HipLeft
-0.1930281 -0.2153151 1.895098 13 KneeLeft
-0.1513364 -0.5427911 2.028528 14 AnkleLeft
-0.1449138 -0.6258262 1.974947 15 FootLeft
-0.04991435 0.1172239 1.812026 16 HipRight
-0.03557762 -0.2009264 1.869219 17 KneeRight
-0.07402315 -0.5490541 2.022888 18 AnkleRight
-0.08588308 -0.6314967 1.97105 19 FootRight
-0.1048884 0.6350306 1.819502 20 SpineShoulder
-0.3722878 0.02337155 1.794573 21 HandTipLeft
-0.4021334 0.07367083 1.769286 22 ThumbLeft
0.141842 0.01637308 1.758655 23 HandTipRight
0.09056304 0.042492 1.742269 24 ThumbRight
-0.1301503 0.1212985 1.839945 0 SpineBase
-0.1178267 0.4192559 1.832503 1 SpineMid
-0.104821 0.7043374 1.814072 2 Neck
-0.2795576 0.5747505 1.796942 4 ShoulderLeft
-0.344768 0.3364432 1.828598 5 ElbowLeft
-0.3768241 0.1228218 1.782135 6 WristLeft
-0.3777135 0.07204647 1.777707 7 HandLeft
0.05205123 0.5703381 1.77223 8 ShoulderRight
0.2107022 0.3733428 1.762547 9 ElbowRight
0.3389301 0.4947474 1.628559 10 WristRight
0.3313294 0.5143107 1.625298 11 HandRight
-0.203041 0.1193716 1.808159 12 HipLeft
-0.1833512 -0.2189669 1.884607 13 KneeLeft
-0.1567336 -0.5427377 2.024588 14 AnkleLeft
-0.1449009 -0.6257678 1.972828 15 FootLeft
-0.05235006 0.1186566 1.802234 16 HipRight
-0.03888319 -0.1844608 1.85145 17 KneeRight
-0.07466039 -0.5541717 2.021515 18 AnkleRight
-0.09470026 -0.6355152 1.972419 19 FootRight
-0.1081896 0.6348551 1.820536 20 SpineShoulder
-0.3888276 0.02326618 1.786948 21 HandTipLeft
-0.4120074 0.08255965 1.75984 22 ThumbLeft
0.3923703 0.581941 1.631703 23 HandTipRight
0.3636182 0.4903575 1.607633 24 ThumbRight
-0.1304857 0.1214207 1.83991 0 SpineBase
-0.1181544 0.4193088 1.832535 1 SpineMid
-0.1052887 0.704242 1.814215 2 Neck
-0.2799918 0.5749491 1.797188 4 ShoulderLeft
-0.3450535 0.3364932 1.828875 5 ElbowLeft
-0.3772395 0.1229516 1.782076 6 WristLeft
-0.3781475 0.07245779 1.778765 7 HandLeft
0.05205814 0.57 1.772374 8 ShoulderRight
0.2006358 0.3677255 1.779107 9 ElbowRight
0.3184186 0.4884278 1.634399 10 WristRight
0.3196347 0.5107936 1.628259 11 HandRight
-0.2033454 0.1194222 1.808136 12 HipLeft
-0.1831581 -0.2191764 1.884435 13 KneeLeft
-0.161547 -0.5389863 2.024921 14 AnkleLeft
-0.143841 -0.6214246 1.973744 15 FootLeft
-0.05271804 0.1188617 1.802189 16 HipRight
-0.03874878 -0.1817147 1.848674 17 KneeRight
-0.07442255 -0.553016 2.021402 18 AnkleRight
-0.09609557 -0.6340724 1.972833 19 FootRight
-0.1086024 0.6348089 1.820652 20 SpineShoulder
-0.3911799 0.02820743 1.792146 21 HandTipLeft
-0.4128263 0.08271527 1.761316 22 ThumbLeft
0.3839988 0.5811781 1.633719 23 HandTipRight
0.3650914 0.5024097 1.662639 24 ThumbRight
-0.1305844 0.121467 1.839845 0 SpineBase
-0.1182865 0.4193298 1.832527 1 SpineMid
-0.105547 0.704191 1.814299 2 Neck
-0.2799406 0.5749432 1.797084 4 ShoulderLeft
-0.3451521 0.3363729 1.828895 5 ElbowLeft
-0.3774229 0.1228466 1.782092 6 WristLeft
-0.3774288 0.07281565 1.778384 7 HandLeft
0.05226826 0.5697199 1.77217 8 ShoulderRight
0.1977479 0.3648876 1.78551 9 ElbowRight
0.3117858 0.4840638 1.636251 10 WristRight
0.3189967 0.5102475 1.627449 11 HandRight
-0.2034439 0.1194469 1.808074 12 HipLeft
-0.1828398 -0.2190525 1.88412 13 KneeLeft
-0.1581229 -0.5404254 2.024584 14 AnkleLeft
-0.1443217 -0.6233748 1.973313 15 FootLeft
-0.05281004 0.1189293 1.802125 16 HipRight
-0.03814793 -0.181288 1.848181 17 KneeRight
-0.07423428 -0.5527197 2.021387 18 AnkleRight
-0.09268664 -0.6345918 1.973123 19 FootRight
-0.1088174 0.6347835 1.82071 20 SpineShoulder
-0.3899945 0.02847276 1.791669 21 HandTipLeft
-0.4140027 0.08372554 1.762357 22 ThumbLeft
0.3646708 0.5776466 1.630751 23 HandTipRight
0.3669939 0.5027844 1.660017 24 ThumbRight
-0.1328625 0.1218388 1.837297 0 SpineBase
-0.1206501 0.4196699 1.830175 1 SpineMid
-0.1083456 0.7040011 1.812001 2 Neck
-0.2841284 0.5759674 1.795631 4 ShoulderLeft
-0.34735 0.3362063 1.829053 5 ElbowLeft
-0.3784538 0.1224921 1.782291 6 WristLeft
-0.3794311 0.06939832 1.776522 7 HandLeft
0.04996849 0.5689555 1.766172 8 ShoulderRight
0.225118 0.3929101 1.771295 9 ElbowRight
0.3057469 0.5240276 1.610196 10 WristRight
0.3106618 0.5600861 1.600256 11 HandRight
-0.2055048 0.119635 1.806331 12 HipLeft
-0.1833583 -0.2154735 1.87731 13 KneeLeft
-0.1578805 -0.5443754 2.024144 14 AnkleLeft
-0.1438811 -0.6271113 1.972271 15 FootLeft
-0.05521311 0.1194613 1.79868 16 HipRight
-0.03442235 -0.1810248 1.846938 17 KneeRight
-0.07382418 -0.5543042 2.020727 18 AnkleRight
-0.09112406 -0.6365808 1.973618 19 FootRight
-0.1114454 0.6347753 1.818425 20 SpineShoulder
-0.3897684 0.02570601 1.788336 21 HandTipLeft
-0.4164647 0.0800654 1.762637 22 ThumbLeft
0.3312324 0.6250451 1.583299 23 HandTipRight
0.289349 0.5667313 1.552895 24 ThumbRight
-0.1322603 0.1221888 1.836212 0 SpineBase
-0.1197732 0.4199012 1.827975 1 SpineMid
-0.1064537 0.7041888 1.807687 2 Neck
-0.2846703 0.5753294 1.793849 4 ShoulderLeft
-0.3478093 0.3360479 1.82769 5 ElbowLeft
-0.3786077 0.1222658 1.781039 6 WristLeft
-0.3787495 0.06838882 1.774211 7 HandLeft
0.05200227 0.569794 1.766161 8 ShoulderRight
0.2730576 0.4799372 1.711653 9 ElbowRight
0.3273719 0.6497947 1.581509 10 WristRight
0.3185585 0.6645255 1.587917 11 HandRight
-0.204907 0.1200724 1.804648 12 HipLeft
-0.1834169 -0.2137887 1.875299 13 KneeLeft
-0.157315 -0.5443463 2.024296 14 AnkleLeft
-0.1443262 -0.6271051 1.971962 15 FootLeft
-0.05462128 0.119729 1.798062 16 HipRight
-0.03489606 -0.1816591 1.847481 17 KneeRight
-0.07378456 -0.5541835 2.020764 18 AnkleRight
-0.09000944 -0.6366047 1.973223 19 FootRight
-0.1098702 0.6349717 1.814746 20 SpineShoulder
-0.3872834 0.01208895 1.787651 21 HandTipLeft
-0.4174415 0.07995876 1.761801 22 ThumbLeft
0.3421609 0.7466361 1.595394 23 HandTipRight
0.2845681 0.663973 1.560853 24 ThumbRight
-0.1322177 0.122302 1.835966 0 SpineBase
-0.1198763 0.4199114 1.827854 1 SpineMid
-0.1069047 0.7040811 1.80771 2 Neck
-0.2848964 0.5749952 1.7929 4 ShoulderLeft
-0.3478695 0.3359749 1.827383 5 ElbowLeft
-0.3786171 0.1221849 1.78073 6 WristLeft
-0.3780735 0.06896614 1.775046 7 HandLeft
0.0536022 0.5698902 1.766175 8 ShoulderRight
0.2745137 0.4852303 1.70967 9 ElbowRight
0.3272411 0.6588854 1.584476 10 WristRight
0.3178744 0.6753913 1.586741 11 HandRight
-0.2048779 0.1202315 1.804287 12 HipLeft
-0.1833406 -0.2145677 1.875616 13 KneeLeft
-0.1578567 -0.5439599 2.024255 14 AnkleLeft
-0.1441974 -0.6266855 1.972101 15 FootLeft
-0.0545744 0.1197929 1.797934 16 HipRight
-0.0351871 -0.181847 1.847424 17 KneeRight
-0.07508584 -0.554897 2.020805 18 AnkleRight
-0.08905885 -0.6376729 1.97307 19 FootRight
-0.1101909 0.6349052 1.81471 20 SpineShoulder
-0.3842276 0.015931 1.782454 21 HandTipLeft
-0.416636 0.0778192 1.761076 22 ThumbLeft
0.3416818 0.7601814 1.596694 23 HandTipRight
0.2962688 0.6770761 1.545786 24 ThumbRight
-0.1296368 0.1250451 1.828911 0 SpineBase
-0.1201781 0.4208868 1.821812 1 SpineMid
-0.1111882 0.7031907 1.804925 2 Neck
-0.2913653 0.5734408 1.794289 4 ShoulderLeft
-0.3486421 0.3298683 1.827096 5 ElbowLeft
-0.3744291 0.1150521 1.782543 6 WristLeft
-0.3730182 0.07894385 1.78404 7 HandLeft
0.05647688 0.5751553 1.77083 8 ShoulderRight
0.2989345 0.5543271 1.695518 9 ElbowRight
0.3617247 0.737608 1.594129 10 WristRight
0.3548269 0.7479381 1.594622 11 HandRight
-0.2024961 0.1221582 1.797125 12 HipLeft
-0.1812118 -0.2161815 1.871825 13 KneeLeft
-0.1569809 -0.5462986 2.022711 14 AnkleLeft
-0.1431589 -0.6291895 1.971677 15 FootLeft
-0.05180669 0.1230817 1.791292 16 HipRight
-0.03758241 -0.1851981 1.844304 17 KneeRight
-0.07698883 -0.5771991 2.019949 18 AnkleRight
-0.1041387 -0.6549827 1.965352 19 FootRight
-0.1134874 0.6344572 1.810984 20 SpineShoulder
-0.3806423 0.007597972 1.801217 21 HandTipLeft
-0.4114184 0.08111568 1.769334 22 ThumbLeft
0.3878648 0.8345538 1.613934 23 HandTipRight
0.403542 0.70532 1.586 24 ThumbRight
-0.1300306 0.1248809 1.829091 0 SpineBase
-0.1214827 0.4206551 1.822818 1 SpineMid
-0.1131381 0.7030361 1.806588 2 Neck
-0.2920181 0.5732691 1.794276 4 ShoulderLeft
-0.3490342 0.3292304 1.827244 5 ElbowLeft
-0.3745726 0.1143591 1.782856 6 WristLeft
-0.3732418 0.07851916 1.783593 7 HandLeft
0.05621482 0.5753169 1.770189 8 ShoulderRight
0.2977402 0.5521066 1.694569 9 ElbowRight
0.3743173 0.724771 1.583317 10 WristRight
0.3738327 0.7343686 1.586246 11 HandRight
-0.2028641 0.1219183 1.797328 12 HipLeft
-0.1821789 -0.2173691 1.872831 13 KneeLeft
-0.1544501 -0.5892029 2.021635 14 AnkleLeft
-0.05222709 0.1230052 1.791451 16 HipRight
-0.03798669 -0.1864719 1.845636 17 KneeRight
-0.07616736 -0.5727473 2.020264 18 AnkleRight
-0.1008621 -0.6518409 1.96765 19 FootRight
-0.1152961 0.6342705 1.812503 20 SpineShoulder
-0.380311 0.007907258 1.794297 21 HandTipLeft
-0.4113292 0.08101431 1.768544 22 ThumbLeft
0.4122064 0.8139927 1.595942 23 HandTipRight
0.3734796 0.7515447 1.5396 24 ThumbRight
-0.1302882 0.1248737 1.8292 0 SpineBase
-0.1219915 0.4206035 1.823149 1 SpineMid
-0.1137645 0.7029489 1.807011 2 Neck
-0.2923898 0.5731686 1.794307 4 ShoulderLeft
-0.3492078 0.3292143 1.827337 5 ElbowLeft
-0.3747604 0.1143215 1.783097 6 WristLeft
-0.3732629 0.07886515 1.783342 7 HandLeft
0.05630057 0.5752947 1.769332 8 ShoulderRight
0.2954658 0.5446625 1.695874 9 ElbowRight
0.3853787 0.7050841 1.575545 10 WristRight
0.3858364 0.7131172 1.578783 11 HandRight
-0.2030894 0.121966 1.797433 12 HipLeft
-0.1823694 -0.2179794 1.873256 13 KneeLeft
-0.1546407 -0.589757 2.021873 14 AnkleLeft
-0.1329025 -0.6616974 1.94604 15 FootLeft
-0.05251954 0.1229566 1.791567 16 HipRight
-0.03803724 -0.1868859 1.84615 17 KneeRight
-0.07862116 -0.5710521 2.020892 18 AnkleRight
-0.09580451 -0.6519439 1.967881 19 FootRight
-0.1158987 0.6341904 1.812912 20 SpineShoulder
-0.3808409 0.007916913 1.796797 21 HandTipLeft
-0.4113763 0.07876916 1.768726 22 ThumbLeft
0.4323204 0.7920236 1.585453 23 HandTipRight
0.3704695 0.7098326 1.535158 24 ThumbRight
-0.1355352 0.1211607 1.828663 0 SpineBase
-0.1246667 0.4177718 1.818155 1 SpineMid
-0.1137397 0.701503 1.799004 2 Neck
-0.2966546 0.5751118 1.792728 4 ShoulderLeft
-0.3564064 0.334136 1.833382 5 ElbowLeft
-0.3867033 0.1197489 1.79194 6 WristLeft
-0.3860112 0.06829551 1.788542 7 HandLeft
0.04267537 0.5685133 1.749483 8 ShoulderRight
0.2614101 0.4325464 1.741064 9 ElbowRight
0.3757412 0.4107203 1.658787 10 WristRight
0.4235713 0.4011276 1.624382 11 HandRight
-0.2078454 0.1189695 1.799081 12 HipLeft
-0.1870457 -0.2144283 1.871475 13 KneeLeft
-0.1559613 -0.5450435 2.023245 14 AnkleLeft
-0.1450721 -0.6281524 1.971638 15 FootLeft
-0.05806404 0.1186256 1.788804 16 HipRight
-0.0347503 -0.1834619 1.845911 17 KneeRight
-0.08150172 -0.5652047 2.020229 18 AnkleRight
-0.09406693 -0.6476511 1.970373 19 FootRight
-0.1165378 0.6323621 1.80554 20 SpineShoulder
-0.3988185 0.02485305 1.804883 21 HandTipLeft
-0.4226772 0.07733277 1.774092 22 ThumbLeft
0.4712462 0.3888225 1.603101 23 HandTipRight
0.4270647 0.4520534 1.6212 24 ThumbRight
-0.1355596 0.1212223 1.828884 0 SpineBase
-0.1247601 0.4179646 1.819417 1 SpineMid
-0.1134836 0.7017077 1.800729 2 Neck
-0.2956891 0.5756427 1.794122 4 ShoulderLeft
-0.3563981 0.3346125 1.834024 5 ElbowLeft
-0.3867794 0.1203242 1.792335 6 WristLeft
-0.3866158 0.06872029 1.790635 7 HandLeft
0.04337529 0.5693865 1.754682 8 ShoulderRight
0.2609184 0.4315158 1.74147 9 ElbowRight
0.3773388 0.4071651 1.660978 10 WristRight
0.4252127 0.3962441 1.626851 11 HandRight
-0.2078793 0.1190935 1.799409 12 HipLeft
-0.1870493 -0.2144038 1.871547 13 KneeLeft
-0.1552217 -0.5449592 2.023371 14 AnkleLeft
-0.1454421 -0.6281493 1.971696 15 FootLeft
-0.05808551 0.1186471 1.788967 16 HipRight
-0.03457309 -0.1833973 1.845821 17 KneeRight
-0.08053149 -0.5656826 2.020404 18 AnkleRight
-0.09771289 -0.6471347 1.969668 19 FootRight
-0.1164212 0.6325766 1.807253 20 SpineShoulder
-0.3997292 0.02365827 1.812244 21 HandTipLeft
-0.4261639 0.0825071 1.778936 22 ThumbLeft
0.481888 0.3786866 1.613371 23 HandTipRight
0.4197025 0.4492825 1.624167 24 ThumbRight
-0.1354855 0.121304 1.829211 0 SpineBase
-0.1245645 0.4181418 1.819996 1 SpineMid
-0.1130408 0.7020109 1.80137 2 Neck
-0.2957037 0.575862 1.794734 4 ShoulderLeft
-0.3564467 0.3351448 1.83465 5 ElbowLeft
-0.3870132 0.1209066 1.793011 6 WristLeft
-0.3864556 0.06940905 1.790505 7 HandLeft
0.04365184 0.5698355 1.756983 8 ShoulderRight
0.2609307 0.4298525 1.742123 9 ElbowRight
0.3803473 0.4037742 1.66168 10 WristRight
0.429302 0.3901437 1.625639 11 HandRight
-0.2078147 0.1191898 1.79974 12 HipLeft
-0.1870891 -0.2144118 1.871936 13 KneeLeft
-0.1548041 -0.5446821 2.02371 14 AnkleLeft
-0.1458932 -0.6280076 1.972356 15 FootLeft
-0.05799684 0.1187281 1.789289 16 HipRight
-0.03473939 -0.1836075 1.846352 17 KneeRight
-0.08036957 -0.5701576 2.021414 18 AnkleRight
-0.09887236 -0.651012 1.969458 19 FootRight
-0.1160573 0.6328468 1.807912 20 SpineShoulder
-0.3960426 0.02730823 1.806534 21 HandTipLeft
-0.4234051 0.0784376 1.775413 22 ThumbLeft
0.4966892 0.3582105 1.620346 23 HandTipRight
0.4317849 0.4332325 1.610359 24 ThumbRight
-0.1350386 0.1199894 1.830031 0 SpineBase
-0.1203787 0.4172346 1.818846 1 SpineMid
-0.10495 0.7009968 1.79649 2 Neck
-0.2935194 0.5760421 1.796932 4 ShoulderLeft
-0.3553978 0.3365588 1.837145 5 ElbowLeft
-0.3879049 0.1223896 1.796724 6 WristLeft
-0.3855985 0.06952975 1.790831 7 HandLeft
0.04476789 0.5633253 1.749764 8 ShoulderRight
0.2172287 0.3460195 1.763269 9 ElbowRight
0.375812 0.2142516 1.683451 10 WristRight
0.3913927 0.2014482 1.673756 11 HandRight
-0.2070523 0.1182644 1.802065 12 HipLeft
-0.1868825 -0.2161553 1.873039 13 KneeLeft
-0.1571592 -0.5904203 2.024212 14 AnkleLeft
-0.1278352 -0.6560957 1.941598 15 FootLeft
-0.0578536 0.1170302 1.788265 16 HipRight
-0.03503259 -0.1849037 1.845569 17 KneeRight
-0.07533155 -0.5500547 2.019776 18 AnkleRight
-0.09166294 -0.6328936 1.97483 19 FootRight
-0.1088882 0.6318985 1.804015 20 SpineShoulder
-0.3981107 0.02565201 1.810856 21 HandTipLeft
-0.4255412 0.07933505 1.78003 22 ThumbLeft
0.4336674 0.1466527 1.716893 23 HandTipRight
0.3588246 0.1754449 1.666692 24 ThumbRight
-0.1350599 0.1199375 1.829992 0 SpineBase
-0.1202536 0.4171554 1.818655 1 SpineMid
-0.1046217 0.7008933 1.796071 2 Neck
-0.2933085 0.5754939 1.796209 4 ShoulderLeft
-0.3549365 0.336608 1.836618 5 ElbowLeft
-0.3869461 0.122389 1.795972 6 WristLeft
-0.3840453 0.06925882 1.790796 7 HandLeft
0.04481662 0.5632837 1.74967 8 ShoulderRight
0.2144548 0.3439086 1.764889 9 ElbowRight
0.370979 0.2094399 1.685452 10 WristRight
0.3865549 0.195725 1.676523 11 HandRight
-0.2070675 0.1182427 1.8021 12 HipLeft
-0.186902 -0.216015 1.872815 13 KneeLeft
-0.1529277 -0.5459507 2.023015 14 AnkleLeft
-0.1448777 -0.6292367 1.971317 15 FootLeft
-0.0578991 0.1169117 1.788087 16 HipRight
-0.03496146 -0.1853169 1.845738 17 KneeRight
-0.07549167 -0.5498033 2.019862 18 AnkleRight
-0.09095035 -0.6327738 1.974656 19 FootRight
-0.1086125 0.6317993 1.803652 20 SpineShoulder
-0.3949666 0.02269223 1.805945 21 HandTipLeft
-0.4239098 0.07712383 1.777809 22 ThumbLeft
0.428372 0.1408583 1.721908 23 HandTipRight
0.3554278 0.1748653 1.65025 24 ThumbRight
-0.1350891 0.1199236 1.829945 0 SpineBase
-0.1206475 0.4171139 1.81912 1 SpineMid
-0.1064383 0.700846 1.798676 2 Neck
-0.2932914 0.5753759 1.796063 4 ShoulderLeft
-0.354766 0.336586 1.83647 5 ElbowLeft
-0.3864418 0.1223345 1.795678 6 WristLeft
-0.383374 0.06891919 1.792395 7 HandLeft
0.04482457 0.5632607 1.749645 8 ShoulderRight
0.2127893 0.3421795 1.765648 9 ElbowRight
0.3672549 0.2037187 1.689359 10 WristRight
0.3809014 0.1877403 1.682086 11 HandRight
-0.2071021 0.1182852 1.80205 12 HipLeft
-0.1868971 -0.2158478 1.872592 13 KneeLeft
-0.154095 -0.5448539 2.023054 14 AnkleLeft
-0.1450068 -0.6281155 1.971479 15 FootLeft
-0.05793291 0.1168406 1.788047 16 HipRight
-0.0349697 -0.1855808 1.845754 17 KneeRight
-0.07548626 -0.5497741 2.019838 18 AnkleRight
-0.09210944 -0.632472 1.974242 19 FootRight
-0.1099665 0.6317465 1.805545 20 SpineShoulder
-0.3896178 0.01124683 1.807454 21 HandTipLeft
-0.4247873 0.07679133 1.782392 22 ThumbLeft
0.4226374 0.133605 1.728507 23 HandTipRight
0.3478658 0.1663944 1.663238 24 ThumbRight
-0.1309014 0.1152165 1.823214 0 SpineBase
-0.1203254 0.4138119 1.812461 1 SpineMid
-0.1090229 0.6986516 1.790512 2 Neck
-0.2956129 0.5733984 1.789872 4 ShoulderLeft
-0.3549217 0.3324402 1.828782 5 ElbowLeft
-0.3827112 0.1173851 1.789269 6 WristLeft
-0.3819042 0.08322182 1.787542 7 HandLeft
0.03529239 0.5614011 1.742479 8 ShoulderRight
0.1054927 0.323841 1.769685 9 ElbowRight
0.1380057 0.1127293 1.710682 10 WristRight
0.1389373 0.05894156 1.707411 11 HandRight
-0.202938 0.1137551 1.795227 12 HipLeft
-0.1896393 -0.2166861 1.867359 13 KneeLeft
-0.1524367 -0.5646409 2.019619 14 AnkleLeft
-0.1391921 -0.6468567 1.966553 15 FootLeft
-0.05380106 0.112178 1.78166 16 HipRight
-0.03940393 -0.2046718 1.855281 17 KneeRight
-0.0792119 -0.5520721 2.018237 18 AnkleRight
-0.0916655 -0.6350743 1.970285 19 FootRight
-0.1119821 0.6292924 1.79794 20 SpineShoulder
-0.39218 0.01285638 1.804282 21 HandTipLeft
-0.4230247 0.08638407 1.773353 22 ThumbLeft
0.1498596 0.01996267 1.70969 23 HandTipRight
0.1013447 0.04949833 1.69215 24 ThumbRight
-0.129621 0.114689 1.823094 0 SpineBase
-0.1198477 0.4136067 1.81235 1 SpineMid
-0.1089916 0.6986455 1.790459 2 Neck
-0.2957116 0.5734877 1.790013 4 ShoulderLeft
-0.3548355 0.3325903 1.828966 5 ElbowLeft
-0.382452 0.117497 1.789552 6 WristLeft
-0.3811621 0.08350808 1.788374 7 HandLeft
0.03524064 0.5613413 1.742408 8 ShoulderRight
0.1052673 0.3235188 1.769288 9 ElbowRight
0.138085 0.1121688 1.711516 10 WristRight
0.1378256 0.05917583 1.706531 11 HandRight
-0.2015257 0.1130478 1.795236 12 HipLeft
-0.1898183 -0.2167825 1.867306 13 KneeLeft
-0.1521785 -0.5612367 2.019817 14 AnkleLeft
-0.1424698 -0.6435602 1.965468 15 FootLeft
-0.05268 0.1118407 1.781451 16 HipRight
-0.04081102 -0.2101377 1.86011 17 KneeRight
-0.07917581 -0.5511369 2.017849 18 AnkleRight
-0.09217829 -0.6341192 1.970206 19 FootRight
-0.1118866 0.6292574 1.797873 20 SpineShoulder
-0.3916753 0.01283777 1.801949 21 HandTipLeft
-0.4219449 0.09013167 1.772915 22 ThumbLeft
0.15034 0.01980847 1.710276 23 HandTipRight
0.1012721 0.05227527 1.691606 24 ThumbRight
-0.1297237 0.1145301 1.823246 0 SpineBase
-0.119849 0.4134955 1.812403 1 SpineMid
-0.108978 0.6985556 1.79044 2 Neck
-0.2958116 0.5734881 1.790202 4 ShoulderLeft
-0.354705 0.3324513 1.829136 5 ElbowLeft
-0.38232 0.1173323 1.789915 6 WristLeft
-0.3809474 0.08345168 1.789884 7 HandLeft
0.03521774 0.5612624 1.742428 8 ShoulderRight
0.1051282 0.3232178 1.769105 9 ElbowRight
0.1378216 0.1117444 1.711789 10 WristRight
0.1374695 0.05918156 1.707369 11 HandRight
-0.2016445 0.1129134 1.79547 12 HipLeft
-0.1900755 -0.2173148 1.86773 13 KneeLeft
-0.1532689 -0.5575816 2.01973 14 AnkleLeft
-0.05277638 0.1116779 1.781546 16 HipRight
-0.04041029 -0.211923 1.862027 17 KneeRight
-0.07925149 -0.5513115 2.017869 18 AnkleRight
-0.09147888 -0.6344463 1.970464 19 FootRight
-0.1118697 0.6291633 1.797873 20 SpineShoulder
-0.3926934 0.01671702 1.801947 21 HandTipLeft
-0.4219499 0.09123215 1.776127 22 ThumbLeft
0.1477682 0.01977707 1.708513 23 HandTipRight
0.1006823 0.04394716 1.690522 24 ThumbRight
-0.1268343 0.1138035 1.824307 0 SpineBase
-0.1151359 0.4122949 1.813285 1 SpineMid
-0.1026417 0.6971862 1.791181 2 Neck
-0.2897498 0.5724407 1.791176 4 ShoulderLeft
-0.350378 0.3342033 1.831098 5 ElbowLeft
-0.3769285 0.1187745 1.793034 6 WristLeft
-0.3749422 0.08384479 1.789584 7 HandLeft
0.04165529 0.5638058 1.749488 8 ShoulderRight
0.1063805 0.3218579 1.766557 9 ElbowRight
0.1357226 0.1089892 1.713364 10 WristRight
0.1350245 0.05551933 1.70598 11 HandRight
-0.1989659 0.1127367 1.79684 12 HipLeft
-0.191654 -0.2164232 1.865421 13 KneeLeft
-0.1503862 -0.5524176 2.020597 14 AnkleLeft
-0.1411141 -0.6352223 1.967578 15 FootLeft
-0.04977406 0.1105144 1.782351 16 HipRight
-0.04176402 -0.2080716 1.858443 17 KneeRight
-0.07712422 -0.5517682 2.017167 18 AnkleRight
-0.1058824 0.6278132 1.798634 20 SpineShoulder
-0.3868107 0.01284238 1.801956 21 HandTipLeft
-0.4176584 0.09090453 1.78003 22 ThumbLeft
0.145816 0.01742605 1.704037 23 HandTipRight
0.09657337 0.04268193 1.692758 24 ThumbRight
-0.1268479 0.1137806 1.824309 0 SpineBase
-0.1151055 0.4122319 1.813218 1 SpineMid
-0.1025861 0.6970268 1.790961 2 Neck
-0.2896686 0.5724165 1.790939 4 ShoulderLeft
-0.350298 0.3340003 1.830791 5 ElbowLeft
-0.3767296 0.1185357 1.792883 6 WristLeft
-0.3746983 0.08410349 1.78965 7 HandLeft
0.04176879 0.5638104 1.749535 8 ShoulderRight
0.106493 0.3217003 1.76654 9 ElbowRight
0.1358865 0.1087838 1.71362 10 WristRight
0.1352992 0.05538478 1.706726 11 HandRight
-0.1989925 0.1127258 1.79685 12 HipLeft
-0.1916937 -0.2162368 1.865164 13 KneeLeft
-0.1504823 -0.5527776 2.02047 14 AnkleLeft
-0.141032 -0.6355673 1.967473 15 FootLeft
-0.04978338 0.1104819 1.78236 16 HipRight
-0.04159794 -0.2096097 1.859259 17 KneeRight
-0.07702295 -0.5518281 2.017069 18 AnkleRight
-0.09167765 -0.6347533 1.970873 19 FootRight
-0.1058265 0.6276826 1.798455 20 SpineShoulder
-0.3870572 0.01284918 1.803123 21 HandTipLeft
-0.417707 0.09090485 1.780248 22 ThumbLeft
0.1481955 0.0158905 1.713472 23 HandTipRight
0.09629606 0.04306653 1.694384 24 ThumbRight
-0.1268328 0.113785 1.824312 0 SpineBase
-0.115055 0.4122487 1.813197 1 SpineMid
-0.1025258 0.6970724 1.79092 2 Neck
-0.2895926 0.5723384 1.790822 4 ShoulderLeft
-0.3502686 0.3340157 1.830723 5 ElbowLeft
-0.3765466 0.1185527 1.792644 6 WristLeft
-0.3747712 0.08378763 1.79024 7 HandLeft
0.04177853 0.5637979 1.749562 8 ShoulderRight
0.106507 0.3216946 1.766529 9 ElbowRight
0.135949 0.1087568 1.713746 10 WristRight
0.1352024 0.05552123 1.706741 11 HandRight
-0.1989826 0.112737 1.796829 12 HipLeft
-0.1916243 -0.2163375 1.86528 13 KneeLeft
-0.1506105 -0.552135 2.020546 14 AnkleLeft
-0.1413604 -0.6350322 1.967921 15 FootLeft
-0.04976504 0.110484 1.782371 16 HipRight
-0.04142759 -0.2088449 1.858524 17 KneeRight
-0.07723986 -0.551634 2.017103 18 AnkleRight
-0.09162734 -0.6346115 1.970932 19 FootRight
-0.1057647 0.6277199 1.798418 20 SpineShoulder
-0.3857462 0.007286315 1.803058 21 HandTipLeft
-0.4176599 0.08398375 1.779819 22 ThumbLeft
0.1475376 0.01566184 1.710115 23 HandTipRight
0.09656799 0.04255397 1.693032 24 ThumbRight
-0.1190251 0.1144735 1.825114 0 SpineBase
-0.1100181 0.413627 1.81747 1 SpineMid
-0.1028503 0.6994891 1.80127 2 Neck
-0.292531 0.5772576 1.806277 4 ShoulderLeft
-0.4594118 0.3878781 1.878171 5 ElbowLeft
-0.664334 0.356831 1.81087 6 WristLeft
-0.6609861 0.3741945 1.806538 7 HandLeft
0.04508146 0.5660116 1.751207 8 ShoulderRight
0.109924 0.323759 1.768947 9 ElbowRight
0.1365115 0.1099416 1.718439 10 WristRight
0.1360617 0.05657333 1.710843 11 HandRight
-0.1912305 0.1120633 1.798548 12 HipLeft
-0.1898486 -0.2122646 1.866083 13 KneeLeft
-0.1515899 -0.5499913 2.018238 14 AnkleLeft
-0.04211457 0.1125364 1.78241 16 HipRight
-0.04177728 -0.2107577 1.86411 17 KneeRight
-0.07615494 -0.5487471 2.016972 18 AnkleRight
-0.08719034 -0.6322652 1.970693 19 FootRight
-0.1045428 0.6298454 1.807061 20 SpineShoulder
-0.7319148 0.3580921 1.82881 21 HandTipLeft
-0.6733311 0.4004617 1.773735 22 ThumbLeft
0.1478413 0.01818624 1.707254 23 HandTipRight
0.09683149 0.04911235 1.700253 24 ThumbRight
-0.1187174 0.1145479 1.825341 0 SpineBase
-0.1101101 0.4137315 1.818099 1 SpineMid
-0.102553 0.6994218 1.801402 2 Neck
-0.2924829 0.5774665 1.807094 4 ShoulderLeft
-0.4595825 0.3878728 1.878506 5 ElbowLeft
-0.6644129 0.3571759 1.810695 6 WristLeft
-0.6613479 0.3736502 1.806663 7 HandLeft
0.04554039 0.5661805 1.75204 8 ShoulderRight
0.110184 0.3236876 1.769395 9 ElbowRight
0.1361075 0.1097642 1.719011 10 WristRight
0.1365013 0.0564971 1.712974 11 HandRight
-0.1909431 0.112115 1.798801 12 HipLeft
-0.1899032 -0.2120449 1.865934 13 KneeLeft
-0.1511117 -0.5514977 2.018536 14 AnkleLeft
-0.04182535 0.112624 1.782573 16 HipRight
-0.04281621 -0.2026184 1.857836 17 KneeRight
-0.07698894 -0.5499515 2.017131 18 AnkleRight
-0.08683842 -0.6336171 1.970973 19 FootRight
-0.1044867 0.629846 1.807492 20 SpineShoulder
-0.7251441 0.353189 1.815643 21 HandTipLeft
-0.6581623 0.4234036 1.792971 22 ThumbLeft
0.1490994 0.01599233 1.715705 23 HandTipRight
0.09686501 0.04829993 1.703346 24 ThumbRight
-0.1188241 0.1145683 1.825708 0 SpineBase
-0.1108575 0.4138014 1.819222 1 SpineMid
-0.1037338 0.6995063 1.803124 2 Neck
-0.2920671 0.5773711 1.80688 4 ShoulderLeft
-0.459769 0.387961 1.878701 5 ElbowLeft
-0.664444 0.3575044 1.810204 6 WristLeft
-0.6610839 0.3728468 1.805711 7 HandLeft
0.04575392 0.5661942 1.752429 8 ShoulderRight
0.1105014 0.3235989 1.769844 9 ElbowRight
0.1361275 0.1095566 1.719892 10 WristRight
0.136804 0.05644647 1.712829 11 HandRight
-0.1910679 0.1121477 1.799193 12 HipLeft
-0.1894646 -0.2133248 1.867229 13 KneeLeft
-0.1513288 -0.5521199 2.018161 14 AnkleLeft
-0.04192409 0.112631 1.78291 16 HipRight
-0.04301465 -0.1993849 1.855652 17 KneeRight
-0.07731381 -0.5504883 2.017151 18 AnkleRight
-0.08767475 -0.6340623 1.970857 19 FootRight
-0.1055836 0.6299241 1.809068 20 SpineShoulder
-0.7353225 0.3568286 1.833663 21 HandTipLeft
-0.6564097 0.424519 1.79821 22 ThumbLeft
0.1490271 0.01677045 1.712384 23 HandTipRight
0.09783593 0.03666821 1.702429 24 ThumbRight
-0.1195425 0.114218 1.825567 0 SpineBase
-0.1133478 0.4136992 1.819897 1 SpineMid
-0.1073722 0.6997122 1.803841 2 Neck
-0.2950238 0.5759202 1.806906 4 ShoulderLeft
-0.4769486 0.4153366 1.875122 5 ElbowLeft
-0.6794086 0.4250697 1.794845 6 WristLeft
-0.6872793 0.4456854 1.793223 7 HandLeft
0.04392632 0.5653507 1.754104 8 ShoulderRight
0.1071447 0.320986 1.769391 9 ElbowRight
0.1291285 0.1063104 1.720878 10 WristRight
0.1312233 0.05281737 1.712502 11 HandRight
-0.1917983 0.1118646 1.799092 12 HipLeft
-0.1907104 -0.2151027 1.86937 13 KneeLeft
-0.1495271 -0.5617452 2.019806 14 AnkleLeft
-0.1379796 -0.6438686 1.965343 15 FootLeft
-0.04261509 0.1121768 1.782514 16 HipRight
-0.03981598 -0.211219 1.865016 17 KneeRight
-0.07788417 -0.5497751 2.016927 18 AnkleRight
-0.08718506 -0.6335555 1.971104 19 FootRight
-0.1088311 0.6300389 1.809673 20 SpineShoulder
-0.7501497 0.450009 1.7932 21 HandTipLeft
-0.6648105 0.4989613 1.795588 22 ThumbLeft
0.1441184 0.01388876 1.714557 23 HandTipRight
0.09186732 0.04332891 1.701726 24 ThumbRight
-0.1194682 0.1141533 1.825571 0 SpineBase
-0.112202 0.4133521 1.818547 1 SpineMid
-0.1037707 0.6988947 1.799103 2 Neck
-0.2949146 0.575707 1.806808 4 ShoulderLeft
-0.4937238 0.4357402 1.871733 5 ElbowLeft
-0.6898907 0.476496 1.786134 6 WristLeft
-0.6891518 0.4948561 1.783977 7 HandLeft
0.0440931 0.5653301 1.753578 8 ShoulderRight
0.1074209 0.3208122 1.769272 9 ElbowRight
0.1304385 0.1062905 1.720594 10 WristRight
0.1328592 0.0531771 1.712793 11 HandRight
-0.1917125 0.1118075 1.799208 12 HipLeft
-0.1908145 -0.2144843 1.868958 13 KneeLeft
-0.1496831 -0.5583181 2.019982 14 AnkleLeft
-0.1385143 -0.6407372 1.966386 15 FootLeft
-0.04251015 0.1120657 1.782421 16 HipRight
-0.03967685 -0.2128064 1.866011 17 KneeRight
-0.0774047 -0.5494148 2.016782 18 AnkleRight
-0.08740508 -0.6331486 1.971172 19 FootRight
-0.105995 0.6293618 1.805974 20 SpineShoulder
-0.7535986 0.5053682 1.78563 21 HandTipLeft
-0.6623423 0.5461032 1.784945 22 ThumbLeft
0.1468097 0.01398236 1.716759 23 HandTipRight
0.09214927 0.0436183 1.705908 24 ThumbRight
-0.1193185 0.114117 1.825562 0 SpineBase
-0.1128653 0.4134334 1.819258 1 SpineMid
-0.106791 0.6994252 1.80263 2 Neck
-0.294978 0.5755822 1.806914 4 ShoulderLeft
-0.5148942 0.4647147 1.867395 5 ElbowLeft
-0.6894215 0.5512655 1.769506 6 WristLeft
-0.7151406 0.5874403 1.768288 7 HandLeft
0.04427179 0.5654622 1.752395 8 ShoulderRight
0.1081432 0.3210108 1.769063 9 ElbowRight
0.1324169 0.1069697 1.718737 10 WristRight
0.1354711 0.05338846 1.708906 11 HandRight
-0.1915307 0.1116571 1.79951 12 HipLeft
-0.1909838 -0.2131647 1.867892 13 KneeLeft
-0.1520784 -0.5640572 2.019942 14 AnkleLeft
-0.135991 -0.6451117 1.963615 15 FootLeft
-0.04240602 0.1121706 1.781978 16 HipRight
-0.03887611 -0.2097725 1.863035 17 KneeRight
-0.07778779 -0.5500354 2.016906 18 AnkleRight
-0.08624654 -0.6339045 1.971087 19 FootRight
-0.1082911 0.6297466 1.808599 20 SpineShoulder
-0.7541275 0.6456144 1.817381 21 HandTipLeft
-0.6806786 0.6077683 1.737722 22 ThumbLeft
0.1501815 0.01514715 1.711262 23 HandTipRight
0.09328137 0.04288179 1.703917 24 ThumbRight
-0.1191787 0.1149408 1.824206 0 SpineBase
-0.1113288 0.4144233 1.816881 1 SpineMid
-0.1034763 0.7003425 1.798283 2 Neck
-0.3004366 0.5773616 1.808593 4 ShoulderLeft
-0.5033921 0.4300812 1.854276 5 ElbowLeft
-0.707726 0.4019854 1.785037 6 WristLeft
-0.7196504 0.406158 1.77688 7 HandLeft
0.04184492 0.5638013 1.749067 8 ShoulderRight
0.1058644 0.3202268 1.768635 9 ElbowRight
0.1280896 0.1056842 1.720268 10 WristRight
0.1278024 0.05207087 1.707057 11 HandRight
-0.1915858 0.112491 1.798435 12 HipLeft
-0.1932775 -0.2103143 1.866181 13 KneeLeft
-0.1506466 -0.5584321 2.019363 14 AnkleLeft
-0.1379198 -0.6410298 1.967326 15 FootLeft
-0.04230413 0.1130529 1.780355 16 HipRight
-0.03922436 -0.2082043 1.862045 17 KneeRight
-0.07721783 -0.5490619 2.016996 18 AnkleRight
-0.08602864 -0.6328276 1.970605 19 FootRight
-0.1056037 0.6307071 1.804916 20 SpineShoulder
-0.7932866 0.4344638 1.795823 21 HandTipLeft
-0.7097712 0.4476197 1.755362 22 ThumbLeft
0.1410215 0.01371682 1.706545 23 HandTipRight
0.08909294 0.04398034 1.699711 24 ThumbRight
-0.1202713 0.1145544 1.823372 0 SpineBase
-0.1120176 0.4139735 1.815386 1 SpineMid
-0.1036023 0.6997544 1.796034 2 Neck
-0.3003743 0.5767946 1.8056 4 ShoulderLeft
-0.4974805 0.40526 1.854311 5 ElbowLeft
-0.6843828 0.3051308 1.805415 6 WristLeft
-0.7005261 0.3022376 1.794415 7 HandLeft
0.04056854 0.5637906 1.748847 8 ShoulderRight
0.1040806 0.3202544 1.766348 9 ElbowRight
0.1272457 0.1058306 1.717851 10 WristRight
0.1243529 0.05212222 1.703728 11 HandRight
-0.1926083 0.1123784 1.7974 12 HipLeft
-0.193793 -0.2102453 1.866216 13 KneeLeft
-0.1502451 -0.5582002 2.019536 14 AnkleLeft
-0.13812 -0.6408374 1.967358 15 FootLeft
-0.04341252 0.1123686 1.77973 16 HipRight
-0.04013806 -0.210964 1.864323 17 KneeRight
-0.07747242 -0.5490667 2.016972 18 AnkleRight
-0.08338047 -0.6330852 1.970472 19 FootRight
-0.1058567 0.6301589 1.80284 20 SpineShoulder
-0.7791748 0.2874232 1.815014 21 HandTipLeft
-0.7239967 0.328397 1.75592 22 ThumbLeft
0.1364181 0.01246311 1.703699 23 HandTipRight
0.08573905 0.04889526 1.690389 24 ThumbRight
-0.1219775 0.1139729 1.823018 0 SpineBase
-0.112794 0.4135542 1.814593 1 SpineMid
-0.1037186 0.6993869 1.794774 2 Neck
-0.2995105 0.575433 1.800512 4 ShoulderLeft
-0.4673815 0.3555748 1.849491 5 ElbowLeft
-0.6115485 0.194132 1.830589 6 WristLeft
-0.6274622 0.1891103 1.819193 7 HandLeft
0.04005593 0.5634312 1.747503 8 ShoulderRight
0.1031327 0.3203392 1.76537 9 ElbowRight
0.1271021 0.1058992 1.717448 10 WristRight
0.1238811 0.05191582 1.705379 11 HandRight
-0.1944314 0.1121069 1.796643 12 HipLeft
-0.1950494 -0.2098268 1.865807 13 KneeLeft
-0.1499325 -0.5583698 2.019855 14 AnkleLeft
-0.1382599 -0.6409586 1.967244 15 FootLeft
-0.04500619 0.1114789 1.779777 16 HipRight
-0.04021043 -0.2109875 1.8644 17 KneeRight
-0.07742066 -0.5488648 2.016986 18 AnkleRight
-0.08425532 -0.6328488 1.970747 19 FootRight
-0.1061211 0.6297881 1.801713 20 SpineShoulder
-0.6910103 0.1317409 1.849283 21 HandTipLeft
-0.6541801 0.201649 1.779184 22 ThumbLeft
0.1330527 0.01179268 1.707272 23 HandTipRight
0.08693767 0.044223 1.692724 24 ThumbRight
0.1834358 -0.1237373 0.9216181 0 SpineBase
0.2017889 0.1827452 0.9024512 1 SpineMid
0.03339507 0.3676281 0.8108978 4 ShoulderLeft
-0.05455835 0.1609324 0.7551156 5 ElbowLeft
0.01190958 0.008195284 0.6009647 6 WristLeft
0.02275397 -0.007293983 0.5976413 7 HandLeft
0.3340692 0.3785564 0.8815835 8 ShoulderRight
0.4243799 0.1174759 0.8755682 9 ElbowRight
0.5272515 0.01589679 0.7034367 10 WristRight
0.1009949 -0.1277032 0.8783116 12 HipLeft
0.07498599 -0.3401955 0.8473454 13 KneeLeft
0.02459081 -0.8342444 0.8528398 14 AnkleLeft
0.2521638 -0.1102431 0.8972173 16 HipRight
0.3222966 -0.3146516 1.103929 17 KneeRight
0.2113169 0.3967568 0.8801419 20 SpineShoulder
0.06666602 -0.001037864 0.534643 21 HandTipLeft
-0.007785094 0.0115261 0.5520715 22 ThumbLeft
0.2075875 -0.1613323 0.8619941 0 SpineBase
0.2329648 0.1447705 0.8389764 1 SpineMid
0.04018721 0.3313961 0.7483781 4 ShoulderLeft
-0.01937339 0.1221875 0.6653397 5 ElbowLeft
0.05365436 -0.03347708 0.51585 6 WristLeft
0.3453984 0.3537338 0.8022101 8 ShoulderRight
0.4498377 0.1198778 0.8136082 9 ElbowRight
0.5583018 0.02670597 0.6403282 10 WristRight
0.1239344 -0.1620302 0.8170327 12 HipLeft
0.2543407 -0.4674647 0.8192152 13 KneeLeft
0.3995149 -0.8021184 0.8557666 14 AnkleLeft
0.2745441 -0.1480493 0.8400761 16 HipRight
0.3677626 -0.3808743 1.041825 17 KneeRight
0.2477992 0.357521 0.8111908 20 SpineShoulder
0.07042687 -0.06751025 0.5198557 21 HandTipLeft
0.09961247 -0.04123144 0.526 22 ThumbLeft
0.2336503 -0.1990357 0.796609 0 SpineBase
0.1770112 0.04205721 0.7497832 1 SpineMid
-0.09566911 0.1644855 0.6426163 4 ShoulderLeft
-0.02123071 0.02683018 0.5496221 6 WristLeft
0.3771631 0.311295 0.7495909 8 ShoulderRight
0.4408615 0.09441302 0.7495978 9 ElbowRight
0.6500163 0.06185868 0.7162599 10 WristRight
0.1547021 -0.2015424 0.7403686 12 HipLeft
0.3950506 -0.3054582 0.7030695 13 KneeLeft
0.80704 -0.4935168 0.6955187 14 AnkleLeft
0.2916637 -0.1783307 0.7907037 16 HipRight
0.3965938 -0.4452835 0.95039 17 KneeRight
0.1335896 0.2125163 0.7029836 20 SpineShoulder
