X              Y         Z      JointType 
-0.09281946 0.06771805 1.894228 0 SpineBase
-0.07072206 0.3803328 1.852271 1 SpineMid
-0.04626696 0.6771443 1.775978 2 Neck
-0.2343295 0.560292 1.810181 4 ShoulderLeft
-0.2941824 0.2865635 1.816858 5 ElbowLeft
-0.3041241 0.01100294 1.826904 6 WristLeft
-0.3205704 -0.169193 1.849882 7 HandLeft
0.09777944 0.5455617 1.742196 8 ShoulderRight
0.1480537 0.2683685 1.732113 9 ElbowRight
0.1028333 -0.001349204 1.676976 10 WristRight
0.1047632 -0.09263574 1.677179 11 HandRight
-0.1671111 0.06930596 1.866834 12 HipLeft
-0.1120349 -0.2435877 1.962216 13 KneeLeft
-0.06915087 -0.5893424 2.048418 14 AnkleLeft
-0.131942 -0.6673291 2.043323 15 FootLeft
-0.01484178 0.06345368 1.847411 16 HipRight
0.02728245 -0.1961104 1.900728 17 KneeRight
-0.01504604 -0.5559649 1.997688 18 AnkleRight
-0.04016173 -0.6159699 1.852879 19 FootRight
-0.05272397 0.6051086 1.799072 20 SpineShoulder
-0.3287876 -0.2427076 1.875372 21 HandTipLeft
-0.3429549 -0.1783295 1.803271 22 ThumbLeft
0.1059916 -0.1631567 1.678439 23 HandTipRight
0.0761071 -0.05199514 1.641544 24 ThumbRight
-0.08236458 0.07336713 1.888158 0 SpineBase
-0.06223964 0.3840193 1.843552 1 SpineMid
-0.04242268 0.6788707 1.776829 2 Neck
-0.2338411 0.5600975 1.810451 4 ShoulderLeft
-0.2874372 0.2452407 1.813841 5 ElbowLeft
-0.29481 -0.0694671 1.809208 6 WristLeft
-0.2981207 -0.1507135 1.818801 7 HandLeft
0.1040591 0.54725 1.743696 8 ShoulderRight
0.1700146 0.2644904 1.744908 9 ElbowRight
0.124265 -0.0426456 1.678471 10 WristRight
0.1255403 -0.1313156 1.679785 11 HandRight
-0.1572845 0.07438204 1.862075 12 HipLeft
-0.1374692 -0.2549168 1.924319 13 KneeLeft
-0.126972 -0.5662517 2.04248 14 AnkleLeft
-0.1582934 -0.6534963 1.977472 15 FootLeft
-0.004184871 0.06950483 1.840221 16 HipRight
0.00280784 -0.273149 1.924934 17 KneeRight
-0.01797812 -0.5786437 2.018859 18 AnkleRight
-0.04090773 -0.6345063 1.879618 19 FootRight
-0.04789652 0.6070907 1.797419 20 SpineShoulder
-0.3027698 -0.2291602 1.839828 21 HandTipLeft
-0.3221495 -0.1584712 1.77181 22 ThumbLeft
0.1152242 -0.2060974 1.666223 23 HandTipRight
0.1000108 -0.0765207 1.642421 24 ThumbRight
-0.0782027 0.0721829 1.885344 0 SpineBase
-0.05947945 0.3838193 1.841719 1 SpineMid
-0.04064502 0.6796182 1.777764 2 Neck
-0.2327837 0.5601897 1.810508 4 ShoulderLeft
-0.2842968 0.2387264 1.811301 5 ElbowLeft
-0.2791219 -0.07359456 1.796166 6 WristLeft
-0.2820602 -0.1537298 1.806456 7 HandLeft
0.1076624 0.5481359 1.745679 8 ShoulderRight
0.1732118 0.2642717 1.745765 9 ElbowRight
0.1327874 -0.04437006 1.680035 10 WristRight
0.1333317 -0.1321446 1.682249 11 HandRight
-0.1531645 0.073168 1.85858 12 HipLeft
-0.1449234 -0.2527049 1.922404 13 KneeLeft
-0.1353383 -0.5675644 2.02471 14 AnkleLeft
-0.153575 -0.6545618 1.95213 15 FootLeft
-0.0001097682 0.06837516 1.838082 16 HipRight
0.007926979 -0.2711649 1.928226 17 KneeRight
-0.01759529 -0.5782457 2.018398 18 AnkleRight
-0.03953324 -0.6333476 1.879851 19 FootRight
-0.0459921 0.6075981 1.79736 20 SpineShoulder
-0.2948512 -0.2372707 1.813794 21 HandTipLeft
-0.3019255 -0.1483211 1.757511 22 ThumbLeft
0.1240672 -0.2064168 1.670153 23 HandTipRight
0.1084463 -0.08280989 1.642538 24 ThumbRight
-0.06795657 0.06447076 1.873353 0 SpineBase
-0.05458478 0.38035 1.837643 1 SpineMid
-0.0387418 0.6789766 1.782503 2 Neck
-0.2316241 0.5591587 1.809231 4 ShoulderLeft
-0.2828969 0.2547657 1.803696 5 ElbowLeft
-0.3027211 0.0120257 1.769535 6 WristLeft
-0.2723955 -0.04483186 1.777276 7 HandLeft
0.1104966 0.5455306 1.755745 8 ShoulderRight
0.1754775 0.2611597 1.749457 9 ElbowRight
0.143743 -0.05449229 1.682554 10 WristRight
0.1400192 -0.1418107 1.684633 11 HandRight
-0.1440174 0.06580792 1.843071 12 HipLeft
-0.1609006 -0.2333608 1.897454 13 KneeLeft
-0.1489417 -0.5674107 2.015131 14 AnkleLeft
-0.1533414 -0.6564011 1.947744 15 FootLeft
0.01086257 0.060512 1.82927 16 HipRight
0.02165613 -0.2727429 1.934952 17 KneeRight
-0.01460562 -0.5742731 2.019105 18 AnkleRight
-0.03259633 -0.627678 1.880921 19 FootRight
-0.04362078 0.6067612 1.798743 20 SpineShoulder
-0.2845531 -0.1349653 1.769816 21 HandTipLeft
-0.2962768 -0.03975413 1.776214 22 ThumbLeft
0.1246201 -0.215458 1.678579 23 HandTipRight
0.1093987 -0.1043201 1.649762 24 ThumbRight
-0.06829369 0.06428019 1.870316 0 SpineBase
-0.05459967 0.379647 1.836711 1 SpineMid
-0.03921538 0.678098 1.784684 2 Neck
-0.2324446 0.5576833 1.806486 4 ShoulderLeft
-0.2880422 0.2598263 1.80134 5 ElbowLeft
-0.2673976 -0.06062485 1.777511 6 WristLeft
-0.2667616 -0.1542806 1.787672 7 HandLeft
0.1094642 0.5447527 1.760973 8 ShoulderRight
0.1736537 0.2594697 1.752602 9 ElbowRight
0.1443113 -0.05764361 1.682707 10 WristRight
0.1371708 -0.1460401 1.680851 11 HandRight
-0.1447582 0.06508059 1.838807 12 HipLeft
-0.1637297 -0.2327524 1.896979 13 KneeLeft
-0.1472053 -0.5667945 2.015904 14 AnkleLeft
-0.154536 -0.655304 1.949017 15 FootLeft
0.01086015 0.06072386 1.827349 16 HipRight
0.02228662 -0.2723173 1.934874 17 KneeRight
-0.01402968 -0.5735095 2.018694 18 AnkleRight
-0.02939473 -0.6264813 1.880329 19 FootRight
-0.04371084 0.6060437 1.799605 20 SpineShoulder
-0.2715299 -0.24132 1.787145 21 HandTipLeft
-0.2970979 -0.1554727 1.756 22 ThumbLeft
0.1240262 -0.2156827 1.670901 23 HandTipRight
0.1071791 -0.125288 1.644852 24 ThumbRight
-0.07018662 0.06396611 1.868934 0 SpineBase
-0.05546435 0.3791077 1.836032 1 SpineMid
-0.03974188 0.677712 1.785188 2 Neck
-0.2335183 0.5568658 1.80453 4 ShoulderLeft
-0.2916504 0.2593022 1.79925 5 ElbowLeft
-0.2739321 -0.06936023 1.773786 6 WristLeft
-0.2761937 -0.1627209 1.781589 7 HandLeft
0.1087105 0.5442857 1.761854 8 ShoulderRight
0.1723091 0.2580431 1.754628 9 ElbowRight
0.144192 -0.05805577 1.68265 10 WristRight
0.1343745 -0.1471642 1.679552 11 HandRight
-0.1472693 0.06475772 1.836332 12 HipLeft
-0.1686313 -0.2353249 1.89977 13 KneeLeft
-0.1454778 -0.5680455 2.016357 14 AnkleLeft
-0.1552688 -0.6560563 1.949318 15 FootLeft
0.009575293 0.06048298 1.826821 16 HipRight
0.01889638 -0.2721163 1.932504 17 KneeRight
-0.01387595 -0.5732039 2.01836 18 AnkleRight
-0.02828505 -0.6260085 1.879945 19 FootRight
-0.04413561 0.6056368 1.799833 20 SpineShoulder
-0.2775735 -0.2424041 1.781593 21 HandTipLeft
-0.3075909 -0.1577253 1.748677 22 ThumbLeft
0.1190557 -0.2175943 1.667134 23 HandTipRight
0.104204 -0.1596715 1.64063 24 ThumbRight
-0.07099853 0.0639331 1.86857 0 SpineBase
-0.05594679 0.3788688 1.835813 1 SpineMid
-0.04023973 0.6774414 1.785738 2 Neck
-0.2345572 0.5566968 1.803254 4 ShoulderLeft
-0.2951795 0.2581562 1.797501 5 ElbowLeft
-0.2812734 -0.07398049 1.769653 6 WristLeft
-0.2887679 -0.1671865 1.775124 7 HandLeft
0.1080068 0.5441043 1.763175 8 ShoulderRight
0.1710356 0.2573305 1.756783 9 ElbowRight
0.1426835 -0.05925443 1.682724 10 WristRight
0.1314065 -0.1474624 1.680779 11 HandRight
-0.1481148 0.06466827 1.835596 12 HipLeft
-0.1694837 -0.236479 1.902147 13 KneeLeft
-0.1441769 -0.5679396 2.016485 14 AnkleLeft
-0.1570242 -0.6554254 1.949549 15 FootLeft
0.008801398 0.06051384 1.826807 16 HipRight
0.01496421 -0.2706022 1.932211 17 KneeRight
-0.01382981 -0.5732571 2.018446 18 AnkleRight
-0.02736523 -0.6259586 1.880016 19 FootRight
-0.04452095 0.6053475 1.800143 20 SpineShoulder
-0.290191 -0.2433315 1.773932 21 HandTipLeft
-0.3196534 -0.156692 1.738857 22 ThumbLeft
0.116206 -0.2173805 1.667073 23 HandTipRight
0.09992231 -0.1935059 1.638273 24 ThumbRight
-0.07254473 0.06362313 1.86811 0 SpineBase
-0.05701456 0.3783997 1.835357 1 SpineMid
-0.04097556 0.6771367 1.785985 2 Neck
-0.2352005 0.5569873 1.802758 4 ShoulderLeft
-0.2978717 0.2551048 1.79529 5 ElbowLeft
-0.2888793 -0.07759731 1.765384 6 WristLeft
-0.3004121 -0.1685262 1.769543 7 HandLeft
0.107101 0.5432959 1.763911 8 ShoulderRight
0.1695879 0.2564828 1.757852 9 ElbowRight
0.1421615 -0.05905224 1.683243 10 WristRight
0.1295272 -0.1476374 1.682412 11 HandRight
-0.1495609 0.06434163 1.83476 12 HipLeft
-0.1708779 -0.2383733 1.904343 13 KneeLeft
-0.1435975 -0.5683503 2.016682 14 AnkleLeft
-0.1569075 -0.655827 1.95032 15 FootLeft
0.007203539 0.06024843 1.826799 16 HipRight
0.01254172 -0.2706006 1.932266 17 KneeRight
-0.01382008 -0.5731829 2.018479 18 AnkleRight
-0.0269577 -0.6257864 1.880087 19 FootRight
-0.04523948 0.6049583 1.800256 20 SpineShoulder
-0.3059099 -0.2438662 1.767033 21 HandTipLeft
-0.3298331 -0.1664868 1.730187 22 ThumbLeft
0.1136634 -0.2178564 1.668213 23 HandTipRight
0.1004915 -0.1547511 1.640722 24 ThumbRight
-0.07557012 0.06293839 1.867303 0 SpineBase
-0.05956052 0.3773943 1.834684 1 SpineMid
-0.04338977 0.6762753 1.786771 2 Neck
-0.238433 0.5563107 1.800891 4 ShoulderLeft
-0.300029 0.2531624 1.793961 5 ElbowLeft
-0.2925403 -0.08046223 1.763701 6 WristLeft
-0.3035046 -0.1621232 1.77166 7 HandLeft
0.1044257 0.5427593 1.765604 8 ShoulderRight
0.16674 0.2566682 1.75959 9 ElbowRight
0.1390009 -0.05756216 1.684675 10 WristRight
0.1255194 -0.1454227 1.687738 11 HandRight
-0.1525449 0.06358942 1.8335 12 HipLeft
-0.1750738 -0.2415194 1.910584 13 KneeLeft
-0.1428373 -0.5684747 2.016504 14 AnkleLeft
-0.1568517 -0.6557559 1.950521 15 FootLeft
0.004327288 0.05969098 1.826565 16 HipRight
0.005362184 -0.2694537 1.93107 17 KneeRight
-0.01387159 -0.5732023 2.018488 18 AnkleRight
-0.0258051 -0.6256381 1.8801 19 FootRight
-0.04753686 0.6039444 1.800705 20 SpineShoulder
-0.3187945 -0.2443034 1.76321 21 HandTipLeft
-0.3286477 -0.1522257 1.729553 22 ThumbLeft
0.1146732 -0.2152947 1.676369 23 HandTipRight
0.09444695 -0.1469821 1.649333 24 ThumbRight
-0.07798926 0.06246291 1.866743 0 SpineBase
-0.06201928 0.3768964 1.83462 1 SpineMid
-0.04646513 0.6760136 1.788374 2 Neck
-0.2416599 0.5548488 1.799168 4 ShoulderLeft
-0.3011541 0.2542543 1.79389 5 ElbowLeft
-0.2925835 -0.08001489 1.765161 6 WristLeft
-0.2927926 -0.1650342 1.780021 7 HandLeft
0.1014735 0.5429137 1.767238 8 ShoulderRight
0.1649778 0.2567078 1.761327 9 ElbowRight
0.1375404 -0.0582379 1.686792 10 WristRight
0.1255621 -0.1453028 1.689474 11 HandRight
-0.1551679 0.06292248 1.832525 12 HipLeft
-0.174975 -0.242734 1.90987 13 KneeLeft
-0.1431957 -0.5685734 2.016641 14 AnkleLeft
-0.1578272 -0.6557143 1.951019 15 FootLeft
0.002235709 0.05942045 1.826434 16 HipRight
0.005252404 -0.2695114 1.93085 17 KneeRight
-0.01417616 -0.572618 2.018346 18 AnkleRight
-0.02497504 -0.624902 1.879918 19 FootRight
-0.05035255 0.6035026 1.801848 20 SpineShoulder
-0.3047404 -0.2468719 1.774809 21 HandTipLeft
-0.3197708 -0.1711745 1.745542 22 ThumbLeft
0.1127705 -0.2151978 1.677195 23 HandTipRight
0.09426307 -0.1456487 1.651994 24 ThumbRight
-0.07874616 0.06229207 1.866522 0 SpineBase
-0.06318957 0.3766147 1.834499 1 SpineMid
-0.04807746 0.6757399 1.788775 2 Neck
-0.2428979 0.5546233 1.799056 4 ShoulderLeft
-0.3017072 0.2544799 1.794132 5 ElbowLeft
-0.2926595 -0.08003889 1.76632 6 WristLeft
-0.2911505 -0.1657361 1.781763 7 HandLeft
0.1008576 0.5427778 1.767507 8 ShoulderRight
0.1645716 0.2565212 1.7619 9 ElbowRight
0.136787 -0.05953969 1.68716 10 WristRight
0.1265652 -0.1454264 1.688874 11 HandRight
-0.1558615 0.06272243 1.832305 12 HipLeft
-0.1753157 -0.2433297 1.909006 13 KneeLeft
-0.1431993 -0.5685779 2.016637 14 AnkleLeft
-0.1590628 -0.6559227 1.952579 15 FootLeft
0.001475671 0.05930306 1.826262 16 HipRight
0.00523313 -0.2696608 1.930777 17 KneeRight
-0.01413033 -0.5713581 2.017843 18 AnkleRight
-0.02478108 -0.6236041 1.879432 19 FootRight
-0.0518455 0.6031812 1.802126 20 SpineShoulder
-0.3021855 -0.2464341 1.77659 21 HandTipLeft
-0.3200085 -0.1484475 1.749976 22 ThumbLeft
0.1127406 -0.2151496 1.676818 23 HandTipRight
0.09616598 -0.1480353 1.650109 24 ThumbRight
-0.08010024 0.0619307 1.866035 0 SpineBase
-0.06499558 0.3761699 1.834313 1 SpineMid
-0.05036094 0.6753985 1.789477 2 Neck
-0.2441328 0.5544038 1.798699 4 ShoulderLeft
-0.302716 0.2549992 1.794551 5 ElbowLeft
-0.2928455 -0.07985542 1.767235 6 WristLeft
-0.2912434 -0.1689164 1.780753 7 HandLeft
0.09907406 0.5423399 1.767797 8 ShoulderRight
0.1638765 0.2562874 1.762204 9 ElbowRight
0.136712 -0.05953186 1.687227 10 WristRight
0.1284951 -0.1458546 1.687368 11 HandRight
-0.1572419 0.0623855 1.831709 12 HipLeft
-0.1769976 -0.2439056 1.90738 13 KneeLeft
-0.1428352 -0.5685344 2.01649 14 AnkleLeft
-0.1605901 -0.6559687 1.954379 15 FootLeft
0.0002328672 0.05895537 1.825948 16 HipRight
0.005230582 -0.2699854 1.930485 17 KneeRight
-0.01389434 -0.5705663 2.017358 18 AnkleRight
-0.02434578 -0.6227133 1.87899 19 FootRight
-0.05400246 0.6027523 1.802617 20 SpineShoulder
-0.3019219 -0.2472856 1.777436 21 HandTipLeft
-0.3210441 -0.1662651 1.749949 22 ThumbLeft
0.1147567 -0.2153687 1.675656 23 HandTipRight
0.09896342 -0.1000518 1.643533 24 ThumbRight
-0.08095603 0.06161087 1.865677 0 SpineBase
-0.0657175 0.3758784 1.834161 1 SpineMid
-0.05090242 0.6751955 1.7896 2 Neck
-0.2447524 0.5539668 1.798427 4 ShoulderLeft
-0.3033962 0.2548791 1.794851 5 ElbowLeft
-0.2928439 -0.08009638 1.767276 6 WristLeft
-0.2926546 -0.1705809 1.77751 7 HandLeft
0.0984852 0.5422224 1.767778 8 ShoulderRight
0.1633395 0.2554543 1.761927 9 ElbowRight
0.1346301 -0.06251407 1.684504 10 WristRight
0.1285213 -0.1479362 1.684431 11 HandRight
-0.1580389 0.06201952 1.831447 12 HipLeft
-0.1769067 -0.2438229 1.906805 13 KneeLeft
-0.1428061 -0.5685131 2.016448 14 AnkleLeft
-0.1603079 -0.6556309 1.953219 15 FootLeft
-0.0006371737 0.05870778 1.825528 16 HipRight
0.005238873 -0.2700955 1.930488 17 KneeRight
-0.01388702 -0.5705557 2.017357 18 AnkleRight
-0.02424873 -0.6226532 1.87901 19 FootRight
-0.05458822 0.6025125 1.802693 20 SpineShoulder
-0.2996141 -0.2470886 1.775434 21 HandTipLeft
-0.3225868 -0.1621642 1.744539 22 ThumbLeft
0.1142651 -0.2151532 1.672571 23 HandTipRight
0.09830926 -0.1473637 1.6462 24 ThumbRight
-0.08270252 0.06090968 1.864626 0 SpineBase
-0.06674611 0.3753417 1.832712 1 SpineMid
-0.05144202 0.6748149 1.787742 2 Neck
-0.2462713 0.5527021 1.797933 4 ShoulderLeft
-0.3047105 0.2571888 1.79695 5 ElbowLeft
-0.4529531 0.05967558 1.782001 6 WristLeft
-0.4723673 0.03864853 1.811674 7 HandLeft
0.09781618 0.5419978 1.767187 8 ShoulderRight
0.1613301 0.2543228 1.760964 9 ElbowRight
0.133046 -0.06452671 1.681238 10 WristRight
0.1281989 -0.1488246 1.679691 11 HandRight
-0.1596416 0.06123833 1.830553 12 HipLeft
-0.1734447 -0.2447851 1.905957 13 KneeLeft
-0.1428567 -0.5686029 2.016381 14 AnkleLeft
-0.1603747 -0.6554539 1.952493 15 FootLeft
-0.002441245 0.05809528 1.824363 16 HipRight
0.004465617 -0.2707166 1.9298 17 KneeRight
-0.01366935 -0.5697966 2.016948 18 AnkleRight
-0.02403386 -0.6218994 1.878675 19 FootRight
-0.05523493 0.6020709 1.801022 20 SpineShoulder
0.1115416 -0.2177238 1.668257 23 HandTipRight
0.09748334 -0.1424892 1.6405 24 ThumbRight
-0.08457855 0.06056667 1.863118 0 SpineBase
-0.06776815 0.3749098 1.830656 1 SpineMid
-0.05149125 0.6744002 1.785326 2 Neck
-0.2471052 0.5519485 1.797338 4 ShoulderLeft
-0.3140913 0.2763667 1.804545 5 ElbowLeft
-0.4521548 0.07178982 1.7857 6 WristLeft
-0.4808646 0.05712884 1.810676 7 HandLeft
0.09724941 0.541203 1.765714 8 ShoulderRight
0.1607692 0.2545136 1.759888 9 ElbowRight
0.1311843 -0.06598879 1.677544 10 WristRight
0.1283133 -0.148964 1.676301 11 HandRight
-0.1613195 0.06097586 1.829445 12 HipLeft
-0.1777509 -0.2444305 1.904145 13 KneeLeft
-0.1427231 -0.5684316 2.01609 14 AnkleLeft
-0.159636 -0.6552042 1.951661 15 FootLeft
-0.004431479 0.05768874 1.822464 16 HipRight
0.003255529 -0.270783 1.928518 17 KneeRight
-0.01371185 -0.5697185 2.017006 18 AnkleRight
-0.02435194 -0.6218286 1.878811 19 FootRight
-0.05553507 0.6016278 1.798731 20 SpineShoulder
-0.5293546 0.02578088 1.829245 21 HandTipLeft
-0.5093999 0.07136046 1.8169 22 ThumbLeft
0.1132398 -0.2181413 1.667099 23 HandTipRight
0.09601345 -0.1734962 1.642333 24 ThumbRight
-0.08774558 0.0600649 1.861036 0 SpineBase
-0.06907903 0.3743615 1.82856 1 SpineMid
-0.05141244 0.6738567 1.78325 2 Neck
-0.2474343 0.5521293 1.798305 4 ShoulderLeft
-0.315418 0.2777401 1.80599 5 ElbowLeft
-0.4766896 0.09211097 1.799335 6 WristLeft
-0.4778708 0.1108645 1.802753 7 HandLeft
0.09689701 0.5403252 1.764019 8 ShoulderRight
0.1618136 0.2585509 1.759261 9 ElbowRight
0.1290994 -0.06616993 1.673612 10 WristRight
0.1248195 -0.1516053 1.673298 11 HandRight
-0.1642386 0.06067304 1.827673 12 HipLeft
-0.179956 -0.2435294 1.902833 13 KneeLeft
-0.1418559 -0.567913 2.015725 14 AnkleLeft
-0.1615876 -0.6554761 1.956367 15 FootLeft
-0.007710576 0.05702055 1.820113 16 HipRight
0.003094568 -0.2702508 1.927065 17 KneeRight
-0.01343325 -0.5682752 2.016733 18 AnkleRight
-0.02494446 -0.6203479 1.878635 19 FootRight
-0.05578256 0.6010748 1.796692 20 SpineShoulder
-0.5456097 0.03693043 1.828453 21 HandTipLeft
-0.5276067 0.1558891 1.8127 22 ThumbLeft
0.1100393 -0.2179986 1.661291 23 HandTipRight
0.09377111 -0.1537704 1.637425 24 ThumbRight
-0.08979243 0.05932022 1.858423 0 SpineBase
-0.07011336 0.3735903 1.826171 1 SpineMid
-0.0514246 0.6731557 1.78128 2 Neck
-0.2476528 0.5520778 1.798826 4 ShoulderLeft
-0.318378 0.2791722 1.806964 5 ElbowLeft
-0.4958288 0.1104796 1.803635 6 WristLeft
-0.5233274 0.09695494 1.810554 7 HandLeft
0.0968435 0.5387877 1.760908 8 ShoulderRight
0.163565 0.2624405 1.758206 9 ElbowRight
0.1216249 -0.05734866 1.661105 10 WristRight
0.1167564 -0.1464408 1.662022 11 HandRight
-0.1660023 0.06035389 1.825514 12 HipLeft
-0.1862375 -0.2406234 1.896527 13 KneeLeft
-0.1419943 -0.5674353 2.015254 14 AnkleLeft
-0.161509 -0.6549081 1.955369 15 FootLeft
-0.00997594 0.05581971 1.817035 16 HipRight
0.003425397 -0.2703823 1.926512 17 KneeRight
-0.01344254 -0.5681525 2.016483 18 AnkleRight
-0.02612801 -0.6201465 1.878487 19 FootRight
-0.05603409 0.6003388 1.794613 20 SpineShoulder
-0.5808204 0.05719163 1.835324 21 HandTipLeft
-0.53502 0.1369985 1.768 22 ThumbLeft
0.1066577 -0.2168622 1.6505 23 HandTipRight
0.08354376 -0.1759329 1.624941 24 ThumbRight
-0.09081623 0.0587427 1.857094 0 SpineBase
-0.07064509 0.3731276 1.825041 1 SpineMid
-0.05146876 0.6728176 1.780427 2 Neck
-0.248379 0.5518633 1.798401 4 ShoulderLeft
-0.31979 0.2795864 1.807081 5 ElbowLeft
-0.5028316 0.1178147 1.804693 6 WristLeft
-0.52911 0.1060441 1.803917 7 HandLeft
0.09682125 0.5377869 1.759105 8 ShoulderRight
0.1674971 0.2692855 1.758592 9 ElbowRight
0.1203342 -0.04877122 1.659605 10 WristRight
0.1143031 -0.1432472 1.65814 11 HandRight
-0.1668829 0.05999169 1.824599 12 HipLeft
-0.1860573 -0.2409076 1.896422 13 KneeLeft
-0.1418301 -0.5674341 2.01491 14 AnkleLeft
-0.1614199 -0.655037 1.955595 15 FootLeft
-0.011087 0.05503091 1.815246 16 HipRight
0.003268701 -0.2706808 1.924623 17 KneeRight
-0.01344715 -0.5681412 2.016482 18 AnkleRight
-0.02655498 -0.6200964 1.878511 19 FootRight
-0.05619123 0.599965 1.793688 20 SpineShoulder
-0.5861329 0.06815271 1.831623 21 HandTipLeft
-0.5353001 0.1446782 1.76065 22 ThumbLeft
0.1045731 -0.2158771 1.645998 23 HandTipRight
0.08035412 -0.1554285 1.622579 24 ThumbRight
-0.09406786 0.05698177 1.853615 0 SpineBase
-0.07212408 0.3719579 1.822643 1 SpineMid
-0.05159069 0.6721555 1.77901 2 Neck
-0.2494871 0.5507495 1.798523 4 ShoulderLeft
-0.3270232 0.2785454 1.806088 5 ElbowLeft
-0.5358457 0.1547177 1.790028 6 WristLeft
-0.5509841 0.1539587 1.767868 7 HandLeft
0.09628633 0.5368894 1.756125 8 ShoulderRight
0.171983 0.2730357 1.757896 9 ElbowRight
0.1149464 -0.04103677 1.656094 10 WristRight
0.1089942 -0.1345971 1.653384 11 HandRight
-0.1699323 0.05874894 1.822046 12 HipLeft
-0.1882429 -0.2404065 1.894773 13 KneeLeft
-0.1415694 -0.5671531 2.01466 14 AnkleLeft
-0.161627 -0.654825 1.955984 15 FootLeft
-0.01437057 0.05283254 1.810806 16 HipRight
0.003560056 -0.2708667 1.921396 17 KneeRight
-0.01345531 -0.5685642 2.016587 18 AnkleRight
-0.02753668 -0.6203756 1.878642 19 FootRight
-0.05659021 0.5991798 1.792046 20 SpineShoulder
-0.6022189 0.1329978 1.824995 21 HandTipLeft
-0.5601928 0.1873153 1.7346 22 ThumbLeft
0.1028751 -0.2076596 1.641864 23 HandTipRight
0.07595187 -0.1502941 1.620722 24 ThumbRight
-0.09668835 0.0556856 1.851293 0 SpineBase
-0.07519414 0.3687798 1.819045 1 SpineMid
-0.05474353 0.666317 1.774019 2 Neck
-0.251186 0.5495183 1.797998 4 ShoulderLeft
-0.3354194 0.2726915 1.801827 5 ElbowLeft
-0.5569568 0.1784628 1.765826 6 WristLeft
-0.5656391 0.1794378 1.742015 7 HandLeft
0.09588214 0.5361847 1.754456 8 ShoulderRight
0.1741276 0.2727954 1.753798 9 ElbowRight
0.1117164 -0.03921779 1.650859 10 WristRight
0.1055407 -0.1335769 1.646473 11 HandRight
-0.1722471 0.05751292 1.820615 12 HipLeft
-0.1904675 -0.2394372 1.89389 13 KneeLeft
-0.1421865 -0.5671627 2.014296 14 AnkleLeft
-0.161836 -0.6550499 1.956179 15 FootLeft
-0.01721165 0.05157274 1.807509 16 HipRight
0.003001151 -0.2716357 1.918957 17 KneeRight
-0.01353234 -0.5687402 2.016257 18 AnkleRight
-0.02792934 -0.6206621 1.878435 19 FootRight
-0.0597827 0.5940462 1.787391 20 SpineShoulder
-0.6048067 0.1533998 1.774943 21 HandTipLeft
-0.5743057 0.2211779 1.725294 22 ThumbLeft
0.09856465 -0.2067341 1.633741 23 HandTipRight
0.07516655 -0.1294669 1.614178 24 ThumbRight
-0.09771416 0.05453145 1.849995 0 SpineBase
-0.07671389 0.3667723 1.817503 1 SpineMid
-0.05638586 0.6638867 1.772585 2 Neck
-0.2533618 0.5478007 1.79776 4 ShoulderLeft
-0.3447341 0.2720525 1.798869 5 ElbowLeft
-0.5660425 0.180482 1.757002 6 WristLeft
-0.5747128 0.1810952 1.736204 7 HandLeft
0.09534995 0.5355793 1.753207 8 ShoulderRight
0.1763076 0.2746576 1.752021 9 ElbowRight
0.1103934 -0.03601734 1.649386 10 WristRight
0.1039218 -0.1269305 1.644599 11 HandRight
-0.1732756 0.05652103 1.819669 12 HipLeft
-0.188139 -0.2414199 1.897977 13 KneeLeft
-0.1492124 -0.5645865 2.013774 14 AnkleLeft
-0.1604793 -0.6548442 1.959689 15 FootLeft
-0.01816247 0.05032304 1.805907 16 HipRight
0.001910191 -0.2723275 1.917539 17 KneeRight
-0.01358886 -0.5687342 2.016257 18 AnkleRight
-0.02823205 -0.6206343 1.878516 19 FootRight
-0.06142968 0.5916701 1.785899 20 SpineShoulder
-0.6297885 0.1471636 1.763488 21 HandTipLeft
-0.6130147 0.1748027 1.791 22 ThumbLeft
0.0958142 -0.2023472 1.633053 23 HandTipRight
0.07450158 -0.13117 1.612783 24 ThumbRight
-0.09856876 0.05383851 1.849165 0 SpineBase
-0.07752369 0.365901 1.816795 1 SpineMid
-0.057026 0.6630081 1.772071 2 Neck
-0.2521596 0.5485611 1.798813 4 ShoulderLeft
-0.347631 0.2806377 1.800056 5 ElbowLeft
-0.5629744 0.1781231 1.751823 6 WristLeft
-0.5723038 0.1830689 1.732334 7 HandLeft
0.09494213 0.5352303 1.752548 8 ShoulderRight
0.176546 0.27479 1.751139 9 ElbowRight
0.1034838 -0.0133939 1.648505 10 WristRight
0.101985 -0.102311 1.640314 11 HandRight
-0.1741188 0.0559078 1.818948 12 HipLeft
-0.1901356 -0.2409435 1.896984 13 KneeLeft
-0.1484121 -0.565201 2.013561 14 AnkleLeft
-0.1646212 -0.6547959 1.960475 15 FootLeft
-0.01898176 0.04958916 1.805014 16 HipRight
0.001126956 -0.2727911 1.916852 17 KneeRight
-0.01363787 -0.568634 2.016149 18 AnkleRight
-0.02888872 -0.6204807 1.878511 19 FootRight
-0.06211945 0.5907793 1.785332 20 SpineShoulder
-0.6081909 0.1501552 1.742518 21 HandTipLeft
-0.5854506 0.2269665 1.724273 22 ThumbLeft
0.09350502 -0.1798072 1.63253 23 HandTipRight
0.07642103 -0.08433419 1.608216 24 ThumbRight
-0.09966475 0.05231248 1.847081 0 SpineBase
-0.0785934 0.3650785 1.815783 1 SpineMid
-0.05834283 0.6626323 1.771594 2 Neck
-0.2529042 0.5477858 1.798653 4 ShoulderLeft
-0.3452056 0.2733193 1.795076 5 ElbowLeft
-0.5647011 0.1811894 1.745377 6 WristLeft
-0.5728707 0.1772705 1.727534 7 HandLeft
0.09411424 0.5347229 1.751708 8 ShoulderRight
0.1776269 0.2798662 1.74244 9 ElbowRight
0.1060878 -0.03064739 1.645124 10 WristRight
0.1059684 -0.120534 1.64322 11 HandRight
-0.1753191 0.05435701 1.816782 12 HipLeft
-0.1891417 -0.2430769 1.899281 13 KneeLeft
-0.1455915 -0.5638046 2.013985 14 AnkleLeft
-0.1669186 -0.6523824 1.961426 15 FootLeft
-0.01993272 0.04816331 1.803077 16 HipRight
0.0003118276 -0.2728807 1.915893 17 KneeRight
-0.01379744 -0.5679597 2.015605 18 AnkleRight
-0.029258 -0.6197091 1.877998 19 FootRight
-0.06340626 0.5901946 1.784687 20 SpineShoulder
-0.6272038 0.139423 1.75624 21 HandTipLeft
-0.6031735 0.1845517 1.768143 22 ThumbLeft
0.09690609 -0.1979437 1.635016 23 HandTipRight
0.07756972 -0.1117554 1.613881 24 ThumbRight
-0.09993552 0.05160233 1.846177 0 SpineBase
-0.0795397 0.3640403 1.814783 1 SpineMid
-0.05997517 0.6613847 1.77069 2 Neck
-0.2549385 0.5459691 1.797178 4 ShoulderLeft
-0.3444239 0.2715937 1.794037 5 ElbowLeft
-0.5644699 0.1817346 1.743864 6 WristLeft
-0.5721847 0.175806 1.727663 7 HandLeft
0.09382509 0.5344859 1.751345 8 ShoulderRight
0.1777934 0.2797895 1.742509 9 ElbowRight
0.1064016 -0.03046312 1.645471 10 WristRight
0.1062522 -0.1204632 1.643921 11 HandRight
-0.1756609 0.05346309 1.815743 12 HipLeft
-0.192251 -0.2424894 1.896399 13 KneeLeft
-0.1458073 -0.5633837 2.013917 14 AnkleLeft
-0.1671999 -0.651993 1.96172 15 FootLeft
-0.02013039 0.04764698 1.802324 16 HipRight
-0.0004296907 -0.2728235 1.915651 17 KneeRight
-0.01387332 -0.5679122 2.015546 18 AnkleRight
-0.0289007 -0.6196707 1.87791 19 FootRight
-0.06484091 0.5890259 1.783768 20 SpineShoulder
-0.6239022 0.1363172 1.746991 21 HandTipLeft
-0.602554 0.1719639 1.771661 22 ThumbLeft
0.09694068 -0.1980339 1.635771 23 HandTipRight
0.07858524 -0.1042065 1.61182 24 ThumbRight
-0.1005093 0.05035183 1.844525 0 SpineBase
-0.08069625 0.3628595 1.813684 1 SpineMid
-0.06150919 0.6603841 1.770186 2 Neck
-0.2571003 0.5435997 1.79466 4 ShoulderLeft
-0.3458489 0.2728404 1.792836 5 ElbowLeft
-0.5631593 0.1783141 1.741339 6 WristLeft
-0.5709292 0.172076 1.727587 7 HandLeft
0.09275573 0.5341296 1.750402 8 ShoulderRight
0.1729362 0.2790609 1.740831 9 ElbowRight
0.1078075 -0.03188011 1.644147 10 WristRight
0.1066696 -0.1242371 1.643271 11 HandRight
-0.1764249 0.05204945 1.813794 12 HipLeft
-0.1949443 -0.2408367 1.892106 13 KneeLeft
-0.149028 -0.5622144 2.013968 14 AnkleLeft
-0.1694261 -0.6511654 1.96255 15 FootLeft
-0.02050946 0.04660444 1.800982 16 HipRight
-0.0009403817 -0.2738657 1.916402 17 KneeRight
-0.01399262 -0.5679733 2.015526 18 AnkleRight
-0.02846874 -0.6196786 1.877828 19 FootRight
-0.06627157 0.5880045 1.783131 20 SpineShoulder
0.0968732 -0.2020305 1.63336 23 HandTipRight
0.07892802 -0.1051344 1.611564 24 ThumbRight
-0.1008645 0.04945276 1.84303 0 SpineBase
-0.08153825 0.3619034 1.812535 1 SpineMid
-0.06270242 0.659444 1.769439 2 Neck
-0.2582764 0.5422496 1.792524 4 ShoulderLeft
-0.3473148 0.2768464 1.792639 5 ElbowLeft
-0.5606238 0.1752174 1.73984 6 WristLeft
-0.5701528 0.1716594 1.726488 7 HandLeft
0.09216684 0.5339566 1.750015 8 ShoulderRight
0.1696741 0.2777557 1.739367 9 ElbowRight
0.1076111 -0.03339981 1.644109 10 WristRight
0.1064799 -0.1256171 1.642251 11 HandRight
-0.1770352 0.05111177 1.812197 12 HipLeft
-0.1976978 -0.2403503 1.889869 13 KneeLeft
-0.1516157 -0.5595756 2.015601 14 AnkleLeft
-0.1663665 -0.649497 1.962988 15 FootLeft
-0.02060717 0.04575385 1.799586 16 HipRight
-0.001508167 -0.2736462 1.916092 17 KneeRight
-0.01411363 -0.5680266 2.015537 18 AnkleRight
-0.02800985 -0.6197101 1.877764 19 FootRight
-0.06737991 0.5870717 1.782291 20 SpineShoulder
-0.6241766 0.1316371 1.747744 21 HandTipLeft
-0.5934877 0.1863899 1.7533 22 ThumbLeft
0.09880285 -0.2018952 1.631628 23 HandTipRight
0.07837744 -0.107822 1.611188 24 ThumbRight
-0.1009812 0.0492475 1.842679 0 SpineBase
-0.08200978 0.3616194 1.812106 1 SpineMid
-0.06361938 0.6591175 1.768983 2 Neck
-0.2588882 0.5419128 1.791681 4 ShoulderLeft
-0.347101 0.2761827 1.792175 5 ElbowLeft
-0.5609015 0.1770665 1.737698 6 WristLeft
-0.5732079 0.1789955 1.722587 7 HandLeft
0.09145549 0.5334231 1.749293 8 ShoulderRight
0.1681807 0.2786455 1.738674 9 ElbowRight
0.1076827 -0.03264745 1.644328 10 WristRight
0.1062211 -0.1253289 1.642868 11 HandRight
-0.1771535 0.05086127 1.811866 12 HipLeft
-0.1984733 -0.2404411 1.88955 13 KneeLeft
-0.1506093 -0.5594844 2.015977 14 AnkleLeft
-0.1638232 -0.6497521 1.963842 15 FootLeft
-0.02071391 0.0456063 1.799227 16 HipRight
-0.001956943 -0.2737063 1.915625 17 KneeRight
-0.01423598 -0.5675566 2.015312 18 AnkleRight
-0.02809688 -0.619257 1.877539 19 FootRight
-0.06817892 0.5867558 1.781839 20 SpineShoulder
-0.6315967 0.1406562 1.742217 21 HandTipLeft
-0.6110828 0.1708262 1.773125 22 ThumbLeft
0.09776939 -0.2018747 1.633748 23 HandTipRight
0.07817882 -0.1076266 1.611605 24 ThumbRight
-0.1011942 0.04910502 1.842286 0 SpineBase
-0.08261262 0.3614388 1.811431 1 SpineMid
-0.06463907 0.6589702 1.768051 2 Neck
-0.2595622 0.5416385 1.790995 4 ShoulderLeft
-0.3495701 0.28527 1.792465 5 ElbowLeft
-0.5612543 0.1836111 1.733386 6 WristLeft
-0.5828989 0.1897797 1.713694 7 HandLeft
0.09095973 0.533088 1.748616 8 ShoulderRight
0.1721686 0.2810641 1.739255 9 ElbowRight
0.1082244 -0.0295546 1.6449 10 WristRight
0.1039259 -0.1206865 1.64419 11 HandRight
-0.1773503 0.05068641 1.81157 12 HipLeft
-0.1994999 -0.2405519 1.889082 13 KneeLeft
-0.1506408 -0.5596992 2.016136 14 AnkleLeft
-0.1637837 -0.6499157 1.963663 15 FootLeft
-0.02093209 0.04551379 1.798728 16 HipRight
-0.001842271 -0.2738009 1.915175 17 KneeRight
-0.01433171 -0.5675043 2.015311 18 AnkleRight
-0.0281816 -0.6192354 1.877555 19 FootRight
-0.06909683 0.586598 1.78097 20 SpineShoulder
-0.6464028 0.1602849 1.742005 21 HandTipLeft
-0.5961389 0.2259684 1.697333 22 ThumbLeft
0.09706988 -0.1979289 1.636145 23 HandTipRight
0.07742812 -0.1099961 1.612331 24 ThumbRight
-0.1012986 0.04885599 1.84127 0 SpineBase
-0.08324538 0.3612481 1.809787 1 SpineMid
-0.06580583 0.6589653 1.765757 2 Neck
-0.2643217 0.5385702 1.787213 4 ShoulderLeft
-0.4380792 0.3564372 1.802099 5 ElbowLeft
-0.6577443 0.3211907 1.704704 6 WristLeft
-0.6698652 0.328387 1.698776 7 HandLeft
0.09054834 0.5328997 1.745864 8 ShoulderRight
0.2656744 0.330473 1.72165 9 ElbowRight
0.4551075 0.2336812 1.598553 10 WristRight
0.4813745 0.248759 1.626151 11 HandRight
-0.1775062 0.05031395 1.811012 12 HipLeft
-0.2012541 -0.2394396 1.887558 13 KneeLeft
-0.1537971 -0.5620291 2.019016 14 AnkleLeft
-0.1637743 -0.6516824 1.961689 15 FootLeft
-0.02092853 0.04550075 1.797022 16 HipRight
-0.002189673 -0.2736101 1.914376 17 KneeRight
-0.01420986 -0.567982 2.015245 18 AnkleRight
-0.02756931 -0.6197842 1.877471 19 FootRight
-0.07013505 0.5865432 1.778843 20 SpineShoulder
-0.7042139 0.3113465 1.70216 21 HandTipLeft
-0.6697326 0.379659 1.709333 22 ThumbLeft
0.5352091 0.2367024 1.608606 23 HandTipRight
0.5136357 0.2331699 1.594111 24 ThumbRight
-0.1014453 0.04903357 1.840801 0 SpineBase
-0.0836385 0.3615306 1.809136 1 SpineMid
-0.06640882 0.6593705 1.764978 2 Neck
-0.2666469 0.5382131 1.786242 4 ShoulderLeft
-0.4401405 0.3627339 1.802776 5 ElbowLeft
-0.5773738 0.3582832 1.737917 6 WristLeft
-0.6448757 0.3628621 1.715133 7 HandLeft
0.09075688 0.5332972 1.74514 8 ShoulderRight
0.26976 0.3372492 1.719658 9 ElbowRight
0.3767595 0.2994846 1.655663 10 WristRight
0.4343731 0.2904867 1.61922 11 HandRight
-0.1776661 0.05036773 1.810728 12 HipLeft
-0.2014199 -0.2388247 1.887542 13 KneeLeft
-0.156205 -0.5623572 2.017666 14 AnkleLeft
-0.1618264 -0.6525362 1.960713 15 FootLeft
-0.0210329 0.04582458 1.79637 16 HipRight
-0.002362727 -0.2734333 1.914274 17 KneeRight
-0.01405461 -0.5680087 2.015371 18 AnkleRight
-0.02724616 -0.6198325 1.877588 19 FootRight
-0.07069161 0.58692 1.778091 20 SpineShoulder
-0.7167115 0.3502603 1.702952 21 HandTipLeft
-0.6618589 0.3878051 1.673259 22 ThumbLeft
0.5176021 0.2682053 1.601373 23 HandTipRight
0.4515053 0.2966459 1.56178 24 ThumbRight
-0.1022878 0.05007163 1.839086 0 SpineBase
-0.08493488 0.3627682 1.807194 1 SpineMid
-0.06800497 0.6607898 1.762916 2 Neck
-0.2738399 0.5377313 1.784184 4 ShoulderLeft
-0.4816524 0.417904 1.8015 5 ElbowLeft
-0.7000204 0.4369205 1.698227 6 WristLeft
-0.7238129 0.4622673 1.698277 7 HandLeft
0.09127229 0.5355362 1.742275 8 ShoulderRight
0.2858844 0.3857573 1.712054 9 ElbowRight
0.4233284 0.3753954 1.633278 10 WristRight
0.4812374 0.375032 1.598401 11 HandRight
-0.1784771 0.05098805 1.809603 12 HipLeft
-0.2024733 -0.2345078 1.885589 13 KneeLeft
-0.1572916 -0.5630027 2.018734 14 AnkleLeft
-0.1590691 -0.652585 1.958301 15 FootLeft
-0.02183179 0.04726897 1.794081 16 HipRight
-0.005726905 -0.2701331 1.912437 17 KneeRight
-0.01275233 -0.5695243 2.016167 18 AnkleRight
-0.0259363 -0.621348 1.878398 19 FootRight
-0.07222792 0.5883026 1.776052 20 SpineShoulder
0.5667486 0.3762136 1.570448 23 HandTipRight
0.4869996 0.3593479 1.542277 24 ThumbRight
-0.1024686 0.0503372 1.838907 0 SpineBase
-0.08542808 0.3630656 1.806563 1 SpineMid
-0.0689044 0.6610659 1.761576 2 Neck
-0.2763443 0.5377833 1.783657 4 ShoulderLeft
-0.4840681 0.4182882 1.802353 5 ElbowLeft
-0.6067972 0.4428019 1.739927 6 WristLeft
-0.6693008 0.4605456 1.713064 7 HandLeft
0.09142783 0.5364946 1.741065 8 ShoulderRight
0.2876428 0.3906334 1.710246 9 ElbowRight
0.4945449 0.3560621 1.583216 10 WristRight
0.4828651 0.383567 1.592973 11 HandRight
-0.1786114 0.05110938 1.809579 12 HipLeft
-0.2033667 -0.2329745 1.885384 13 KneeLeft
-0.1582185 -0.5624871 2.018791 14 AnkleLeft
-0.1574953 -0.6520835 1.958066 15 FootLeft
-0.02206042 0.04772155 1.793681 16 HipRight
-0.005825466 -0.2694881 1.912156 17 KneeRight
-0.01194798 -0.5702614 2.017694 18 AnkleRight
-0.02525242 -0.6221365 1.879974 19 FootRight
-0.07302088 0.5885928 1.774913 20 SpineShoulder
-0.7555227 0.4734289 1.701216 21 HandTipLeft
-0.6533703 0.5171104 1.728235 22 ThumbLeft
0.567916 0.3858624 1.561719 23 HandTipRight
0.5076091 0.4348912 1.597636 24 ThumbRight
-0.1028973 0.05035302 1.838766 0 SpineBase
-0.08596772 0.3630894 1.805725 1 SpineMid
-0.06942747 0.6611277 1.75951 2 Neck
-0.2767463 0.5375204 1.782667 4 ShoulderLeft
-0.4552116 0.3753101 1.80029 5 ElbowLeft
-0.5930234 0.3888698 1.730647 6 WristLeft
-0.6553447 0.3905939 1.710149 7 HandLeft
0.09088342 0.5373058 1.738658 8 ShoulderRight
0.2822226 0.383384 1.708785 9 ElbowRight
0.3966876 0.3428577 1.635695 10 WristRight
0.4536584 0.3225533 1.6005 11 HandRight
-0.1791365 0.05113022 1.809605 12 HipLeft
-0.1981913 -0.2406682 1.902416 13 KneeLeft
-0.1590184 -0.5627322 2.018832 14 AnkleLeft
-0.1578849 -0.6526451 1.959335 15 FootLeft
-0.02243825 0.04771573 1.793398 16 HipRight
-0.007000511 -0.2694015 1.911828 17 KneeRight
-0.01133397 -0.5705842 2.018683 18 AnkleRight
-0.02506732 -0.6225408 1.881068 19 FootRight
-0.07356943 0.5886447 1.773204 20 SpineShoulder
-0.7305747 0.3827392 1.699705 21 HandTipLeft
-0.6501576 0.4468389 1.720588 22 ThumbLeft
0.5327044 0.3025497 1.572949 23 HandTipRight
0.5286589 0.3634618 1.632222 24 ThumbRight
-0.1038195 0.05066673 1.838425 0 SpineBase
-0.08688543 0.3634506 1.804326 1 SpineMid
-0.0701734 0.6615677 1.756579 2 Neck
-0.2774296 0.5374404 1.78161 4 ShoulderLeft
-0.4589367 0.3798361 1.803253 5 ElbowLeft
-0.595095 0.3892511 1.734575 6 WristLeft
-0.6620627 0.3809705 1.720636 7 HandLeft
0.09040269 0.5383071 1.736731 8 ShoulderRight
0.2827013 0.3805065 1.707547 9 ElbowRight
0.3976248 0.3408715 1.63581 10 WristRight
0.4565307 0.3163672 1.604366 11 HandRight
-0.1801695 0.05136203 1.809473 12 HipLeft
-0.1977071 -0.2454371 1.909518 13 KneeLeft
-0.1599395 -0.5633091 2.019496 14 AnkleLeft
-0.155602 -0.6552539 1.970521 15 FootLeft
-0.02324194 0.04808214 1.792895 16 HipRight
-0.00687416 -0.2695049 1.911357 17 KneeRight
-0.01143583 -0.5705595 2.019273 18 AnkleRight
-0.02540122 -0.6226386 1.881761 19 FootRight
-0.074384 0.5890695 1.77069 20 SpineShoulder
-0.7414912 0.3691689 1.717094 21 HandTipLeft
-0.6768479 0.4326023 1.716308 22 ThumbLeft
0.5422284 0.2952029 1.586517 23 HandTipRight
0.5270549 0.3555426 1.63066 24 ThumbRight
-0.1062745 0.05222576 1.83732 0 SpineBase
-0.08850179 0.3645711 1.801533 1 SpineMid
-0.07089987 0.6622964 1.75203 2 Neck
-0.2792403 0.5378549 1.780386 4 ShoulderLeft
-0.4915784 0.4322732 1.810434 5 ElbowLeft
-0.7114467 0.4379735 1.70882 6 WristLeft
-0.7281017 0.4675263 1.713877 7 HandLeft
0.0907816 0.5401077 1.733263 8 ShoulderRight
0.2964352 0.407599 1.707062 9 ElbowRight
0.506752 0.3778796 1.585156 10 WristRight
0.4971758 0.4046044 1.595516 11 HandRight
-0.1826002 0.05268398 1.808996 12 HipLeft
-0.2022277 -0.238334 1.898816 13 KneeLeft
-0.1605335 -0.5634601 2.021319 14 AnkleLeft
-0.1683418 -0.6541168 1.967741 15 FootLeft
-0.02564662 0.04980118 1.791209 16 HipRight
-0.003516252 -0.2679066 1.903125 17 KneeRight
-0.01159738 -0.5711034 2.019877 18 AnkleRight
-0.02545302 -0.6628601 1.981192 19 FootRight
-0.07535481 0.5899119 1.766583 20 SpineShoulder
-0.7905276 0.4762024 1.736646 21 HandTipLeft
-0.7156284 0.5206124 1.712091 22 ThumbLeft
0.584602 0.4088431 1.570407 23 HandTipRight
0.5005153 0.364011 1.646933 24 ThumbRight
-0.10669 0.05283088 1.837117 0 SpineBase
-0.08880034 0.3649251 1.800866 1 SpineMid
-0.07106661 0.6623933 1.750933 2 Neck
-0.2812336 0.5382877 1.779877 4 ShoulderLeft
-0.4930643 0.4318624 1.810342 5 ElbowLeft
-0.7126497 0.4468248 1.709397 6 WristLeft
-0.7303472 0.4737281 1.71497 7 HandLeft
0.09118933 0.5407398 1.732586 8 ShoulderRight
0.298534 0.4113869 1.706601 9 ElbowRight
0.5090446 0.3859326 1.584132 10 WristRight
0.4981213 0.4109401 1.595198 11 HandRight
-0.1829489 0.05308833 1.808967 12 HipLeft
-0.2046756 -0.2360746 1.895279 13 KneeLeft
-0.1609251 -0.5633204 2.022044 14 AnkleLeft
-0.1668288 -0.6539993 1.967603 15 FootLeft
-0.0261056 0.05060344 1.790815 16 HipRight
-0.003356103 -0.2669502 1.899315 17 KneeRight
-0.01176959 -0.5714574 2.020337 18 AnkleRight
-0.02640833 -0.6630493 1.980522 19 FootRight
-0.07555459 0.5900802 1.765586 20 SpineShoulder
-0.808441 0.4961191 1.741914 21 HandTipLeft
-0.7149078 0.5291661 1.716969 22 ThumbLeft
0.5821824 0.4148077 1.565152 23 HandTipRight
0.5062905 0.3706659 1.639429 24 ThumbRight
-0.1075995 0.05316474 1.836943 0 SpineBase
-0.0892339 0.365162 1.800329 1 SpineMid
-0.07113254 0.662594 1.750124 2 Neck
-0.2825585 0.5384029 1.77955 4 ShoulderLeft
-0.4934297 0.4301641 1.810395 5 ElbowLeft
-0.7125075 0.4474271 1.708678 6 WristLeft
-0.7256064 0.4587322 1.708863 7 HandLeft
0.0911866 0.5412039 1.73175 8 ShoulderRight
0.2984551 0.4116706 1.70637 9 ElbowRight
0.5088906 0.3859114 1.583821 10 WristRight
0.496059 0.400003 1.593041 11 HandRight
-0.1838816 0.05343223 1.808994 12 HipLeft
-0.205013 -0.2358984 1.894859 13 KneeLeft
-0.1609053 -0.5594782 2.021247 14 AnkleLeft
-0.1656477 -0.6502676 1.966583 15 FootLeft
-0.02696654 0.05089816 1.79048 16 HipRight
0.0007491531 -0.2657086 1.889292 17 KneeRight
-0.01220632 -0.5721525 2.020564 18 AnkleRight
-0.02765256 -0.6635748 1.980056 19 FootRight
-0.07571045 0.5902861 1.764844 20 SpineShoulder
-0.8098572 0.4823064 1.73492 21 HandTipLeft
-0.7114762 0.5130581 1.707286 22 ThumbLeft
0.5799386 0.4005246 1.559195 23 HandTipRight
0.5174692 0.4556373 1.601895 24 ThumbRight
-0.1080389 0.0530688 1.836825 0 SpineBase
-0.0896223 0.3650166 1.799891 1 SpineMid
-0.07140168 0.6623927 1.749462 2 Neck
-0.2817437 0.538223 1.779533 4 ShoulderLeft
-0.4534587 0.3694283 1.800907 5 ElbowLeft
-0.5855964 0.3795955 1.733009 6 WristLeft
-0.6526463 0.3726526 1.713556 7 HandLeft
0.09110225 0.5411962 1.731523 8 ShoulderRight
0.2801857 0.3780005 1.708424 9 ElbowRight
0.3997512 0.3397976 1.63423 10 WristRight
0.4590645 0.3212555 1.598008 11 HandRight
-0.1844606 0.05324868 1.809059 12 HipLeft
-0.2052814 -0.2360667 1.895302 13 KneeLeft
-0.1612172 -0.5611301 2.021757 14 AnkleLeft
-0.1617726 -0.6527395 1.970534 15 FootLeft
-0.02731929 0.05085504 1.790212 16 HipRight
0.005941567 -0.2614177 1.877073 17 KneeRight
-0.01221793 -0.5720485 2.020546 18 AnkleRight
-0.02777401 -0.6634548 1.980027 19 FootRight
-0.0760105 0.5900968 1.764225 20 SpineShoulder
-0.729425 0.3564457 1.710923 21 HandTipLeft
-0.66026 0.425448 1.717188 22 ThumbLeft
0.5404615 0.3034183 1.591641 23 HandTipRight
0.5238315 0.3669008 1.616 24 ThumbRight
-0.1084753 0.05196653 1.836071 0 SpineBase
-0.08975499 0.3643658 1.799638 1 SpineMid
-0.07131218 0.6619112 1.749737 2 Neck
-0.2757547 0.5382708 1.776703 4 ShoulderLeft
-0.330323 0.2275641 1.767701 5 ElbowLeft
-0.3254367 -0.09571305 1.743252 6 WristLeft
-0.3233901 -0.1832012 1.756205 7 HandLeft
0.08624098 0.536608 1.730351 8 ShoulderRight
0.1260311 0.2535582 1.718312 9 ElbowRight
0.08904009 -0.06414876 1.634214 10 WristRight
0.08702999 -0.1535899 1.639122 11 HandRight
-0.185103 0.05196663 1.808103 12 HipLeft
-0.1980309 -0.2404226 1.904593 13 KneeLeft
-0.1565711 -0.5611405 2.020428 14 AnkleLeft
-0.1656672 -0.6533241 1.979653 15 FootLeft
-0.02752925 0.04989936 1.789659 16 HipRight
-0.002976645 -0.277595 1.904348 17 KneeRight
-0.01285078 -0.5704101 2.018984 18 AnkleRight
-0.03103815 -0.6614327 1.97827 19 FootRight
-0.07597319 0.589609 1.764338 20 SpineShoulder
-0.3284215 -0.2628456 1.7596 21 HandTipLeft
-0.3567281 -0.1862328 1.724131 22 ThumbLeft
0.07917456 -0.2276626 1.631093 23 HandTipRight
0.1324612 -0.1624148 1.637313 24 ThumbRight
-0.1093991 0.05213239 1.832349 0 SpineBase
-0.08987833 0.3641487 1.799181 1 SpineMid
-0.07115689 0.6612406 1.750577 2 Neck
-0.2701254 0.5397674 1.774768 4 ShoulderLeft
-0.2908851 0.2517385 1.747292 5 ElbowLeft
-0.3063217 0.0124035 1.699839 6 WristLeft
-0.2938927 -0.0005970859 1.711748 7 HandLeft
0.08505699 0.5359486 1.73022 8 ShoulderRight
0.1221787 0.2578026 1.712909 9 ElbowRight
0.07664701 0.02943604 1.632952 10 WristRight
0.07082299 0.008910005 1.634299 11 HandRight
-0.1870047 0.05277134 1.803081 12 HipLeft
-0.1956017 -0.2368816 1.89886 13 KneeLeft
-0.1571774 -0.5590284 2.020574 14 AnkleLeft
-0.1631962 -0.6515948 1.980511 15 FootLeft
-0.02766658 0.04959384 1.787033 16 HipRight
-0.002467989 -0.2694655 1.898664 17 KneeRight
-0.01437554 -0.5681695 2.017328 18 AnkleRight
-0.02870924 -0.6202697 1.879787 19 FootRight
-0.07591927 0.5892051 1.76465 20 SpineShoulder
-0.2910458 -0.08059113 1.744992 21 HandTipLeft
-0.3356065 0.002938884 1.70095 22 ThumbLeft
0.03325816 -0.0931849 1.618374 23 HandTipRight
0.1168309 -0.01401806 1.647067 24 ThumbRight
-0.1092053 0.05214914 1.831761 0 SpineBase
-0.08979983 0.3639971 1.799133 1 SpineMid
-0.07087418 0.6604007 1.751745 2 Neck
-0.2697725 0.5394518 1.774891 4 ShoulderLeft
-0.3050498 0.2638003 1.750155 5 ElbowLeft
-0.3550012 0.03544651 1.67636 6 WristLeft
-0.3410017 0.01951579 1.679812 7 HandLeft
0.084479 0.5347083 1.729784 8 ShoulderRight
0.1261174 0.2592112 1.704793 9 ElbowRight
0.09633708 0.02759695 1.62775 10 WristRight
0.09549723 0.02705946 1.624471 11 HandRight
-0.1870015 0.05287996 1.802138 12 HipLeft
-0.1942374 -0.2347572 1.897551 13 KneeLeft
-0.1574753 -0.5591139 2.020256 14 AnkleLeft
-0.1625464 -0.6512939 1.974449 15 FootLeft
-0.0272944 0.04952341 1.786702 16 HipRight
-0.004488439 -0.2681633 1.896632 17 KneeRight
-0.01496972 -0.5677598 2.016946 18 AnkleRight
-0.02951679 -0.6197721 1.87938 19 FootRight
-0.07569163 0.5885743 1.765351 20 SpineShoulder
-0.3422813 -0.0235241 1.713302 21 HandTipLeft
-0.3577837 0.006166033 1.697454 22 ThumbLeft
0.07608769 -0.02694878 1.620168 23 HandTipRight
0.1606313 -0.005507965 1.599227 24 ThumbRight
-0.1070866 0.05179 1.831451 0 SpineBase
-0.08885251 0.3632414 1.799502 1 SpineMid
-0.07025132 0.6591334 1.753783 2 Neck
-0.2661218 0.5375502 1.772032 4 ShoulderLeft
-0.3182944 0.2836208 1.755482 5 ElbowLeft
-0.4097575 0.07573248 1.662191 6 WristLeft
-0.4142895 0.07110368 1.661497 7 HandLeft
0.08411104 0.5310085 1.728428 8 ShoulderRight
0.142107 0.2796642 1.704883 9 ElbowRight
0.2118523 0.07677805 1.582099 10 WristRight
0.2209264 0.06095632 1.586589 11 HandRight
-0.1854139 0.05204227 1.801473 12 HipLeft
-0.2048446 -0.2298109 1.885769 13 KneeLeft
-0.1574485 -0.5592196 2.019692 14 AnkleLeft
-0.1666014 -0.6507314 1.971642 15 FootLeft
-0.02422441 0.04954627 1.787141 16 HipRight
-0.004551171 -0.2591879 1.883514 17 KneeRight
-0.01518366 -0.5673672 2.016522 18 AnkleRight
-0.03756959 -0.6576659 1.977982 19 FootRight
-0.07492789 0.5873467 1.767017 20 SpineShoulder
-0.4349091 -0.0003585052 1.666399 21 HandTipLeft
-0.446822 0.09445652 1.649947 22 ThumbLeft
0.2364408 -0.0153707 1.587084 23 HandTipRight
0.2656254 0.01497961 1.6375 24 ThumbRight
-0.107271 0.051736 1.83203 0 SpineBase
-0.08885312 0.3630391 1.799704 1 SpineMid
-0.07014921 0.6588076 1.753931 2 Neck
-0.2652998 0.5369011 1.77057 4 ShoulderLeft
-0.318339 0.2766829 1.753813 5 ElbowLeft
-0.4171707 0.07138097 1.662834 6 WristLeft
-0.4210508 0.06974084 1.666287 7 HandLeft
0.08506662 0.5315334 1.729153 8 ShoulderRight
0.1445751 0.2782658 1.704333 9 ElbowRight
0.2191828 0.07616809 1.583291 10 WristRight
0.2249849 0.06038068 1.591383 11 HandRight
-0.185522 0.05210898 1.801756 12 HipLeft
-0.2062772 -0.2295072 1.883743 13 KneeLeft
-0.1577946 -0.5599261 2.019741 14 AnkleLeft
-0.1680603 -0.6504245 1.96626 15 FootLeft
-0.02453518 0.04925929 1.788194 16 HipRight
-0.00505868 -0.2597309 1.885256 17 KneeRight
-0.01536904 -0.567548 2.016503 18 AnkleRight
-0.03978432 -0.6572616 1.975865 19 FootRight
-0.07484921 0.5870262 1.76721 20 SpineShoulder
-0.4441657 -0.0005265354 1.66941 21 HandTipLeft
-0.4545166 0.09007063 1.653706 22 ThumbLeft
0.2405612 -0.01591329 1.591834 23 HandTipRight
0.2318669 0.004018405 1.646389 24 ThumbRight
-0.1077253 0.0516682 1.832549 0 SpineBase
-0.08889912 0.3629048 1.799729 1 SpineMid
-0.06999513 0.658498 1.753723 2 Neck
-0.2642094 0.5370492 1.768945 4 ShoulderLeft
-0.3207051 0.2262628 1.742323 5 ElbowLeft
-0.4420762 0.02835102 1.666369 6 WristLeft
-0.433779 0.002462995 1.698758 7 HandLeft
0.0859639 0.5322185 1.729841 8 ShoulderRight
0.1453333 0.2773226 1.70566 9 ElbowRight
0.1501512 0.04026218 1.642683 10 WristRight
0.1989942 0.03448336 1.619143 11 HandRight
-0.1858088 0.05219997 1.802103 12 HipLeft
-0.2068557 -0.2306584 1.884014 13 KneeLeft
-0.1579021 -0.5598962 2.01988 14 AnkleLeft
-0.1697976 -0.6503006 1.967105 15 FootLeft
-0.02521752 0.04895917 1.788946 16 HipRight
-0.007793508 -0.2617799 1.887936 17 KneeRight
-0.01550503 -0.5674132 2.016426 18 AnkleRight
-0.03972626 -0.6571871 1.975983 19 FootRight
-0.07476728 0.5867724 1.767105 20 SpineShoulder
0.2203723 -0.02994582 1.635642 23 HandTipRight
0.1951403 0.008083921 1.661834 24 ThumbRight
-0.1064734 0.04962021 1.83007 0 SpineBase
-0.08767778 0.3600025 1.795141 1 SpineMid
-0.0690045 0.6554432 1.74743 2 Neck
-0.2606862 0.5385505 1.762293 4 ShoulderLeft
-0.3088699 0.2338632 1.752275 5 ElbowLeft
-0.3349052 -0.007217618 1.740596 6 WristLeft
-0.2894019 -0.0768712 1.761893 7 HandLeft
0.08370712 0.5274156 1.723465 8 ShoulderRight
0.1264139 0.2450793 1.707777 9 ElbowRight
0.1079456 -0.0417537 1.640597 10 WristRight
0.0988732 -0.128095 1.620577 11 HandRight
-0.1843172 0.05090006 1.798956 12 HipLeft
-0.2053174 -0.2382897 1.889722 13 KneeLeft
-0.1511593 -0.5611372 2.019468 14 AnkleLeft
-0.1697448 -0.6496844 1.963431 15 FootLeft
-0.02418753 0.04619533 1.786929 16 HipRight
-0.006029493 -0.2653705 1.893707 17 KneeRight
-0.01504322 -0.5687973 2.017133 18 AnkleRight
-0.04053316 -0.6575179 1.969155 19 FootRight
-0.07370416 0.583692 1.761377 20 SpineShoulder
-0.2906885 -0.1653092 1.761481 21 HandTipLeft
-0.3101355 -0.1554674 1.746616 22 ThumbLeft
0.09540123 -0.2069769 1.608932 23 HandTipRight
0.118449 -0.1449555 1.629231 24 ThumbRight
-0.1043157 0.04965686 1.82838 0 SpineBase
-0.08664066 0.3596217 1.793369 1 SpineMid
-0.06879954 0.6547362 1.745493 2 Neck
-0.2602972 0.5385783 1.761024 4 ShoulderLeft
-0.3035193 0.2433828 1.75495 5 ElbowLeft
-0.3281689 0.00205024 1.742003 6 WristLeft
-0.2849946 -0.03339648 1.758486 7 HandLeft
0.08486477 0.5290143 1.724773 8 ShoulderRight
0.123757 0.2448312 1.707287 9 ElbowRight
0.1068257 -0.04441067 1.640716 10 WristRight
0.09978237 -0.1332096 1.625958 11 HandRight
-0.1821687 0.05071605 1.796843 12 HipLeft
-0.205041 -0.2379667 1.88924 13 KneeLeft
-0.150933 -0.5613563 2.019518 14 AnkleLeft
-0.1686511 -0.6498853 1.962582 15 FootLeft
-0.02211158 0.04645567 1.785622 16 HipRight
-0.003312917 -0.266805 1.897603 17 KneeRight
-0.01472225 -0.5692759 2.018806 18 AnkleRight
-0.04006646 -0.657727 1.968692 19 FootRight
-0.07329793 0.5830603 1.759523 20 SpineShoulder
-0.2743247 -0.1274856 1.761853 21 HandTipLeft
-0.3440422 -0.006485342 1.747652 22 ThumbLeft
0.09644139 -0.2120536 1.616082 23 HandTipRight
0.1243536 -0.1235098 1.643833 24 ThumbRight
-0.102296 0.04926877 1.826621 0 SpineBase
-0.08560786 0.3588541 1.791125 1 SpineMid
-0.06874269 0.6535602 1.742641 2 Neck
-0.2601177 0.5387501 1.757941 4 ShoulderLeft
-0.3042487 0.2478833 1.755551 5 ElbowLeft
-0.3070683 0.00518124 1.750806 6 WristLeft
-0.2710851 -0.05057818 1.767632 7 HandLeft
0.08354671 0.5271231 1.720969 8 ShoulderRight
0.1221392 0.2418128 1.706074 9 ElbowRight
0.1066667 -0.04708717 1.643921 10 WristRight
0.1020835 -0.1350181 1.64673 11 HandRight
-0.1802257 0.05021707 1.794927 12 HipLeft
-0.2046443 -0.2376194 1.883111 13 KneeLeft
-0.150595 -0.5616406 2.019482 14 AnkleLeft
-0.1683662 -0.6497585 1.960859 15 FootLeft
-0.0201282 0.04621798 1.784047 16 HipRight
0.001331695 -0.2644345 1.889961 17 KneeRight
-0.01470053 -0.5699393 2.019082 18 AnkleRight
-0.03219406 -0.6600768 1.968836 19 FootRight
-0.07298202 0.5819843 1.756858 20 SpineShoulder
0.09965818 -0.2158511 1.643239 23 HandTipRight
0.1234087 -0.1321341 1.642589 24 ThumbRight
-0.1022396 0.04888662 1.825664 0 SpineBase
-0.08581609 0.3577071 1.78851 1 SpineMid
-0.06945799 0.6514747 1.738001 2 Neck
-0.2605216 0.5384485 1.752692 4 ShoulderLeft
-0.3065155 0.2519531 1.752816 5 ElbowLeft
-0.3413154 0.01189165 1.738829 6 WristLeft
-0.3440462 -0.004499167 1.743174 7 HandLeft
0.08198812 0.5261419 1.71727 8 ShoulderRight
0.1227523 0.2362797 1.702386 9 ElbowRight
0.1110565 -0.04702805 1.647567 10 WristRight
0.1039913 -0.1354554 1.657075 11 HandRight
-0.1802317 0.04984194 1.793837 12 HipLeft
-0.2037953 -0.2358564 1.877543 13 KneeLeft
-0.1505687 -0.5617481 2.019512 14 AnkleLeft
-0.1684225 -0.6497278 1.960405 15 FootLeft
-0.02002312 0.04586309 1.783234 16 HipRight
0.006224525 -0.2634747 1.883509 17 KneeRight
-0.01606254 -0.570022 2.018229 18 AnkleRight
-0.02987687 -0.6609392 1.969381 19 FootRight
-0.07355434 0.5801296 1.752755 20 SpineShoulder
-0.3605361 -0.03938099 1.777864 21 HandTipLeft
-0.3930515 0.003232327 1.718118 22 ThumbLeft
0.09604788 -0.2178506 1.658428 23 HandTipRight
0.1363244 -0.151448 1.681333 24 ThumbRight
-0.103555 0.04804091 1.824213 0 SpineBase
-0.08785024 0.3560843 1.784549 1 SpineMid
-0.07207058 0.6491724 1.731043 2 Neck
-0.2624156 0.5374032 1.744647 4 ShoulderLeft
-0.3119087 0.2560462 1.746113 5 ElbowLeft
-0.3761399 0.02356543 1.71142 6 WristLeft
-0.3677297 0.04157229 1.710783 7 HandLeft
0.07919963 0.5250674 1.710902 8 ShoulderRight
0.1223942 0.2357663 1.697065 9 ElbowRight
0.1123499 -0.04720538 1.646346 10 WristRight
0.1009345 -0.1420404 1.648578 11 HandRight
-0.1815895 0.04934045 1.792101 12 HipLeft
-0.2038395 -0.2358251 1.872712 13 KneeLeft
-0.1505281 -0.5620304 2.019406 14 AnkleLeft
-0.1687401 -0.649825 1.959885 15 FootLeft
-0.02128424 0.04471262 1.782029 16 HipRight
-0.0005793647 -0.2671602 1.889072 17 KneeRight
-0.01717479 -0.5705959 2.016665 18 AnkleRight
-0.03227037 -0.6614887 1.969195 19 FootRight
-0.07604222 0.5779739 1.746579 20 SpineShoulder
-0.3751826 -0.03489451 1.738147 21 HandTipLeft
-0.4081229 0.04978712 1.700161 22 ThumbLeft
0.104675 -0.2168743 1.651103 23 HandTipRight
0.1346005 -0.1481199 1.669333 24 ThumbRight
-0.1146289 0.0458928 1.815379 0 SpineBase
-0.09845172 0.3529442 1.771153 1 SpineMid
-0.08188933 0.6452682 1.713826 2 Neck
-0.2699065 0.536328 1.729329 4 ShoulderLeft
-0.3190488 0.2401103 1.724604 5 ElbowLeft
-0.3284409 -0.01960952 1.721708 6 WristLeft
-0.3160799 -0.0912132 1.745374 7 HandLeft
0.06912345 0.52381 1.698193 8 ShoulderRight
0.1095888 0.2320344 1.677396 9 ElbowRight
0.09120604 -0.05386814 1.625046 10 WristRight
0.07307205 -0.1456713 1.622801 11 HandRight
-0.1923362 0.04767915 1.783589 12 HipLeft
-0.2117662 -0.2387616 1.868934 13 KneeLeft
-0.1570127 -0.5642377 2.018144 14 AnkleLeft
-0.1735803 -0.6548774 1.974253 15 FootLeft
-0.03218579 0.04220171 1.772967 16 HipRight
-0.01741473 -0.2695799 1.882057 17 KneeRight
-0.01697769 -0.5761022 2.012634 18 AnkleRight
-0.032867 -0.6672097 1.970763 19 FootRight
-0.08608738 0.5742425 1.730268 20 SpineShoulder
-0.3313071 -0.1769949 1.748697 21 HandTipLeft
-0.3464226 -0.1712474 1.739 22 ThumbLeft
0.08126762 -0.2217282 1.621679 23 HandTipRight
0.1032329 -0.1682981 1.634684 24 ThumbRight
-0.1291998 0.05072095 1.807116 0 SpineBase
-0.1094161 0.3564223 1.762931 1 SpineMid
-0.08972523 0.647632 1.706248 2 Neck
-0.2767472 0.5376953 1.72339 4 ShoulderLeft
-0.3189016 0.2407629 1.718127 5 ElbowLeft
-0.3237431 -0.002333582 1.713718 6 WristLeft
-0.3128809 -0.0626587 1.729645 7 HandLeft
0.05977632 0.5264205 1.689592 8 ShoulderRight
0.0949252 0.2285733 1.66917 9 ElbowRight
0.07688055 -0.01109916 1.618977 10 WristRight
0.04962225 -0.09512383 1.611724 11 HandRight
-0.2069476 0.05220031 1.775798 12 HipLeft
-0.214756 -0.2383982 1.86817 13 KneeLeft
-0.1634169 -0.5651745 2.013778 14 AnkleLeft
-0.1738767 -0.6562231 1.965268 15 FootLeft
-0.04610671 0.04716092 1.764294 16 HipRight
-0.01912481 -0.2692435 1.869757 17 KneeRight
-0.0200179 -0.5733373 2.010134 18 AnkleRight
-0.01737107 -0.6657529 1.968454 19 FootRight
-0.09466486 0.5768675 1.722496 20 SpineShoulder
-0.3254945 -0.1563812 1.734966 21 HandTipLeft
-0.3667944 -0.0104176 1.666583 22 ThumbLeft
0.04599698 -0.1755004 1.60279 23 HandTipRight
0.06924352 -0.1518363 1.612818 24 ThumbRight
-0.1442782 0.0575674 1.798241 0 SpineBase
-0.1233195 0.3620137 1.75335 1 SpineMid
-0.1022702 0.651942 1.696231 2 Neck
-0.2900768 0.5414398 1.716166 4 ShoulderLeft
-0.3229247 0.2473632 1.712202 5 ElbowLeft
-0.3222552 0.003785814 1.707248 6 WristLeft
-0.3408137 0.02055751 1.687155 7 HandLeft
0.05083627 0.529978 1.681942 8 ShoulderRight
0.07907309 0.2292147 1.661302 9 ElbowRight
0.06403314 -0.0118335 1.616561 10 WristRight
0.02858962 -0.09254947 1.613367 11 HandRight
-0.2218061 0.05882199 1.767631 12 HipLeft
-0.223143 -0.2323189 1.861859 13 KneeLeft
-0.167803 -0.5629109 2.008783 14 AnkleLeft
-0.1717907 -0.6551093 1.96463 15 FootLeft
-0.06077432 0.0539678 1.754761 16 HipRight
-0.03169372 -0.2678314 1.854121 17 KneeRight
-0.0208903 -0.5672973 2.005209 18 AnkleRight
-0.01715144 -0.6599765 1.968772 19 FootRight
-0.1075757 0.5815039 1.712564 20 SpineShoulder
-0.3748576 -0.008474283 1.678573 21 HandTipLeft
-0.3738202 0.05573197 1.666901 22 ThumbLeft
0.02255305 -0.1760558 1.609646 23 HandTipRight
0.04841022 -0.1344978 1.6217 24 ThumbRight
-0.1503363 0.06039404 1.794862 0 SpineBase
-0.1285446 0.364288 1.749869 1 SpineMid
-0.1066786 0.6536738 1.692697 2 Neck
-0.2954119 0.5431834 1.714113 4 ShoulderLeft
-0.3296078 0.249415 1.709847 5 ElbowLeft
-0.3309101 0.005716437 1.706378 6 WristLeft
-0.3520845 0.01878844 1.688369 7 HandLeft
0.04093342 0.5329037 1.673182 8 ShoulderRight
0.07110709 0.2200098 1.6538 9 ElbowRight
0.03646171 -0.03757694 1.609892 10 WristRight
0.01482217 -0.1272525 1.61377 11 HandRight
-0.227607 0.06165549 1.764651 12 HipLeft
-0.2265101 -0.2297047 1.859465 13 KneeLeft
-0.1724035 -0.5555829 2.003336 14 AnkleLeft
-0.1707352 -0.6483881 1.963108 15 FootLeft
-0.06681696 0.0566521 1.751008 16 HipRight
-0.03494221 -0.2637118 1.843992 17 KneeRight
-0.02256737 -0.5655263 2.001966 18 AnkleRight
-0.03644018 -0.6186521 1.865169 19 FootRight
-0.1121886 0.5833713 1.709039 20 SpineShoulder
-0.3740409 -0.01159618 1.682392 21 HandTipLeft
-0.3902669 0.03714373 1.661667 22 ThumbLeft
0.007290881 -0.2030324 1.613573 23 HandTipRight
0.04802363 -0.1395029 1.63875 24 ThumbRight
-0.1615251 0.06425357 1.788195 0 SpineBase
-0.1390017 0.368154 1.742553 1 SpineMid
-0.1163051 0.6574303 1.684763 2 Neck
-0.3056164 0.5460912 1.708475 4 ShoulderLeft
-0.3470493 0.2582362 1.707573 5 ElbowLeft
-0.3472503 0.01453158 1.708703 6 WristLeft
-0.3735185 0.02432003 1.695934 7 HandLeft
0.02944986 0.5351989 1.663032 8 ShoulderRight
0.06303071 0.2363838 1.64603 9 ElbowRight
0.03027109 -0.04074257 1.604453 10 WristRight
0.009529201 -0.1337881 1.607776 11 HandRight
-0.2375969 0.06395727 1.760198 12 HipLeft
-0.2343909 -0.2265708 1.856214 13 KneeLeft
-0.173967 -0.5532082 2.005433 14 AnkleLeft
-0.1702466 -0.6453357 1.957281 15 FootLeft
-0.0789225 0.06227889 1.741759 16 HipRight
-0.04018687 -0.2558501 1.824468 17 KneeRight
-0.02206824 -0.566021 2.0032 18 AnkleRight
-0.01902773 -0.6586965 1.971569 19 FootRight
-0.1220376 0.5871698 1.701253 20 SpineShoulder
-0.4062162 -0.007661547 1.688956 21 HandTipLeft
-0.4145404 0.04055837 1.662298 22 ThumbLeft
0.004780126 -0.206695 1.604373 23 HandTipRight
0.04856006 -0.1341441 1.624176 24 ThumbRight
-0.1729628 0.06713732 1.782443 0 SpineBase
-0.1476604 0.3699711 1.737128 1 SpineMid
-0.122591 0.658338 1.679684 2 Neck
-0.3127918 0.5483336 1.704741 4 ShoulderLeft
-0.3593455 0.2559457 1.707219 5 ElbowLeft
-0.3971378 0.01521116 1.695124 6 WristLeft
-0.3924892 0.003026224 1.70066 7 HandLeft
0.02291523 0.5362586 1.657834 8 ShoulderRight
0.0594187 0.2411118 1.642021 9 ElbowRight
0.02580003 -0.04398869 1.597206 10 WristRight
0.004657037 -0.1360797 1.594712 11 HandRight
-0.2490522 0.06606065 1.755038 12 HipLeft
-0.241178 -0.2287823 1.858372 13 KneeLeft
-0.1765564 -0.5550065 2.001813 14 AnkleLeft
-0.1684275 -0.6470048 1.953973 15 FootLeft
-0.08957074 0.06558485 1.735769 16 HipRight
-0.04533246 -0.2638781 1.819317 17 KneeRight
-0.02337551 -0.5631784 1.993799 18 AnkleRight
-0.0316461 -0.6554649 1.963684 19 FootRight
-0.1288808 0.5882919 1.696086 20 SpineShoulder
0.0007058327 -0.2096379 1.588916 23 HandTipRight
0.04375131 -0.1299387 1.608273 24 ThumbRight
-0.1839055 0.06782909 1.778534 0 SpineBase
-0.1546812 0.3708896 1.73342 1 SpineMid
-0.1264827 0.6592702 1.676277 2 Neck
-0.3163473 0.5492277 1.702425 4 ShoulderLeft
-0.3641557 0.2540441 1.706477 5 ElbowLeft
-0.3742732 -0.01929228 1.707003 6 WristLeft
-0.3616287 -0.09262753 1.737085 7 HandLeft
0.01867827 0.5371348 1.653937 8 ShoulderRight
0.05448128 0.2414475 1.636982 9 ElbowRight
0.0183209 -0.04615169 1.588822 10 WristRight
-0.001152538 -0.1397388 1.585207 11 HandRight
-0.2604058 0.06751207 1.75094 12 HipLeft
-0.2474759 -0.2323817 1.861255 13 KneeLeft
-0.1773886 -0.5571408 2.000639 14 AnkleLeft
-0.1671887 -0.648747 1.951142 15 FootLeft
-0.09971 0.06545899 1.732144 16 HipRight
-0.06468542 -0.2587499 1.795424 17 KneeRight
-0.02676123 -0.5624895 1.984012 18 AnkleRight
-0.03657995 -0.6545026 1.955572 19 FootRight
-0.1334738 0.5892365 1.692599 20 SpineShoulder
-0.3758115 -0.1707589 1.741789 21 HandTipLeft
-0.3852168 -0.09392305 1.731778 22 ThumbLeft
-0.007077921 -0.2121542 1.577127 23 HandTipRight
0.03798617 -0.1378707 1.602833 24 ThumbRight
-0.1906794 0.06873303 1.774153 0 SpineBase
-0.1604607 0.3715588 1.728386 1 SpineMid
-0.130808 0.6596677 1.670638 2 Neck
-0.3213444 0.5496171 1.696615 4 ShoulderLeft
-0.3683279 0.2515019 1.704039 5 ElbowLeft
-0.3744126 -0.01902361 1.706458 6 WristLeft
-0.3658853 -0.09781572 1.73537 7 HandLeft
0.01565495 0.5374976 1.650851 8 ShoulderRight
0.05009252 0.2423265 1.633089 9 ElbowRight
0.006936744 -0.05277183 1.577742 10 WristRight
-0.008529194 -0.1467464 1.575288 11 HandRight
-0.2672144 0.06872842 1.746831 12 HipLeft
-0.2556049 -0.234299 1.860286 13 KneeLeft
-0.1777188 -0.5601251 1.998798 14 AnkleLeft
-0.1660194 -0.6509424 1.94558 15 FootLeft
-0.1061306 0.06595646 1.727568 16 HipRight
-0.07327818 -0.2741442 1.777779 17 KneeRight
-0.02881054 -0.56058 1.95912 18 AnkleRight
-0.04726215 -0.6509486 1.934452 19 FootRight
-0.138201 0.5897088 1.687105 20 SpineShoulder
-0.3786726 -0.1750059 1.740829 21 HandTipLeft
-0.3857576 -0.117021 1.718083 22 ThumbLeft
-0.0155497 -0.2190101 1.564911 23 HandTipRight
0.02888701 -0.143106 1.592762 24 ThumbRight
-0.2005901 0.06850195 1.759792 0 SpineBase
-0.1687442 0.3689947 1.711176 1 SpineMid
-0.1368521 0.6544813 1.650012 2 Neck
-0.327767 0.544325 1.67512 4 ShoulderLeft
-0.371933 0.2466765 1.687516 5 ElbowLeft
-0.380317 0.002760891 1.686678 6 WristLeft
-0.3675723 -0.04282901 1.695965 7 HandLeft
0.01038734 0.5342011 1.634913 8 ShoulderRight
0.04726908 0.2391521 1.621526 9 ElbowRight
0.02308469 -0.004334445 1.570014 10 WristRight
0.001285929 -0.06779651 1.560758 11 HandRight
-0.2775502 0.06931382 1.730468 12 HipLeft
-0.2704689 -0.2360879 1.841335 13 KneeLeft
-0.1792906 -0.5648053 1.991886 14 AnkleLeft
-0.09286144 -0.6401769 1.886045 15 FootLeft
-0.1151573 0.0649083 1.715169 16 HipRight
-0.08615825 -0.2791617 1.69259 17 KneeRight
-0.05508881 -0.5614812 1.827021 18 AnkleRight
-0.06806441 -0.6141763 1.690666 19 FootRight
-0.1448813 0.5852166 1.667375 20 SpineShoulder
-0.3726472 -0.1409501 1.717882 21 HandTipLeft
-0.4232436 -0.006968273 1.63975 22 ThumbLeft
-0.007863596 -0.1571366 1.554155 23 HandTipRight
0.07553966 -0.02088187 1.552747 24 ThumbRight
-0.1912759 0.063242 1.741714 0 SpineBase
-0.1632269 0.3649167 1.692512 1 SpineMid
-0.134606 0.6514592 1.630752 2 Neck
-0.3259265 0.5410964 1.654824 4 ShoulderLeft
-0.3678245 0.2505085 1.668509 5 ElbowLeft
-0.3714536 0.006715902 1.675067 6 WristLeft
-0.3870291 0.01581115 1.648893 7 HandLeft
0.01276117 0.5310652 1.614167 8 ShoulderRight
0.05236951 0.2368643 1.605216 9 ElbowRight
0.02487155 -0.02232951 1.555879 10 WristRight
0.005561412 -0.1014847 1.551873 11 HandRight
-0.2682354 0.06451245 1.712553 12 HipLeft
-0.2719918 -0.2339361 1.82364 13 KneeLeft
-0.1811166 -0.5678927 1.984504 14 AnkleLeft
-0.1822153 -0.6571556 1.923971 15 FootLeft
-0.1061272 0.059314 1.697001 16 HipRight
-0.06667349 -0.2869522 1.642506 17 KneeRight
-0.03935719 -0.5903818 1.713537 18 AnkleRight
-0.01004791 -0.6762695 1.628906 19 FootRight
-0.1418515 0.5819459 1.648261 20 SpineShoulder
-0.4091052 -0.02515938 1.655316 21 HandTipLeft
-0.4294752 0.03424054 1.631064 22 ThumbLeft
-0.0009559859 -0.1817989 1.547169 23 HandTipRight
0.04155102 -0.1032331 1.563 24 ThumbRight
-0.1744676 0.04988626 1.712236 0 SpineBase
-0.1484547 0.3537425 1.66026 1 SpineMid
-0.1222606 0.6424209 1.595975 2 Neck
-0.3155113 0.5314023 1.620736 4 ShoulderLeft
-0.3588464 0.2418859 1.636239 5 ElbowLeft
-0.3563178 -0.002108497 1.641581 6 WristLeft
-0.3747546 0.01080738 1.619833 7 HandLeft
0.02463386 0.5193335 1.574016 8 ShoulderRight
0.06714649 0.2337538 1.574464 9 ElbowRight
0.06952973 -0.009205418 1.532815 10 WristRight
0.05463903 -0.06245224 1.532163 11 HandRight
-0.2516075 0.04967439 1.685069 12 HipLeft
-0.245699 -0.2917143 1.830306 13 KneeLeft
-0.1753424 -0.5764214 1.983471 14 AnkleLeft
-0.1841495 -0.6645078 1.921451 15 FootLeft
-0.08963861 0.04794835 1.665282 16 HipRight
-0.03359269 -0.2841045 1.608021 17 KneeRight
-0.02997323 -0.6239669 1.602064 18 AnkleRight
-0.004043579 -0.6879883 1.49707 19 FootRight
-0.1288683 0.5723971 1.614075 20 SpineShoulder
-0.397919 -0.02950635 1.618319 21 HandTipLeft
-0.4187732 0.02765981 1.600059 22 ThumbLeft
0.05101177 -0.1591515 1.532569 23 HandTipRight
0.1179298 -0.03762991 1.527437 24 ThumbRight
-0.1503551 0.02947155 1.662924 0 SpineBase
-0.1257057 0.3359807 1.612902 1 SpineMid
-0.1009507 0.626758 1.550385 2 Neck
-0.2943551 0.5128028 1.578945 4 ShoulderLeft
-0.3391596 0.2255697 1.590948 5 ElbowLeft
-0.3406049 -0.02729191 1.601432 6 WristLeft
-0.3256105 -0.09911343 1.611126 7 HandLeft
0.04643444 0.5021468 1.525556 8 ShoulderRight
0.08795274 0.2188248 1.527319 9 ElbowRight
0.07931855 -0.05422408 1.49589 10 WristRight
0.06266356 -0.1374424 1.493824 11 HandRight
-0.2275639 0.02871131 1.636715 12 HipLeft
-0.2504631 -0.2533273 1.778882 13 KneeLeft
-0.1712884 -0.5701208 1.972726 14 AnkleLeft
-0.1825575 -0.6611173 1.927207 15 FootLeft
-0.06634251 0.028943 1.615033 16 HipRight
-0.01282005 -0.2853855 1.576628 17 KneeRight
-0.02614372 -0.6251854 1.572062 18 AnkleRight
0.003642999 -0.6996678 1.494261 19 FootRight
-0.1071795 0.5562723 1.568042 20 SpineShoulder
-0.3316458 -0.1862809 1.628698 21 HandTipLeft
-0.3490986 -0.1834305 1.623572 22 ThumbLeft
0.06726762 -0.219975 1.497566 23 HandTipRight
0.09972521 -0.1448289 1.5088 24 ThumbRight
-0.1358331 0.01882017 1.613882 0 SpineBase
-0.1069623 0.3271773 1.56879 1 SpineMid
-0.07909693 0.6194311 1.512042 2 Neck
-0.2712792 0.5006369 1.537835 4 ShoulderLeft
-0.3213343 0.2155926 1.554036 5 ElbowLeft
-0.3314957 -0.04399261 1.564022 6 WristLeft
-0.3173282 -0.1172602 1.578919 7 HandLeft
0.07012305 0.493201 1.48112 8 ShoulderRight
0.110837 0.206412 1.476159 9 ElbowRight
0.1009749 -0.05756254 1.443811 10 WristRight
0.07887351 -0.1232471 1.451074 11 HandRight
-0.2131153 0.0190205 1.587368 12 HipLeft
-0.1467484 -0.2862097 1.665494 13 KneeLeft
-0.1612165 -0.5444753 1.936634 14 AnkleLeft
-0.1795278 -0.6380345 1.930671 15 FootLeft
-0.05220975 0.01775496 1.566286 16 HipRight
0.0001932128 -0.2879323 1.543961 17 KneeRight
-0.02266213 -0.6264784 1.568508 18 AnkleRight
0.00114271 -0.7049523 1.495966 19 FootRight
-0.08604797 0.5486515 1.528334 20 SpineShoulder
-0.325785 -0.2033057 1.594641 21 HandTipLeft
-0.3416698 -0.186502 1.586273 22 ThumbLeft
0.08481377 -0.2089963 1.456698 23 HandTipRight
0.1106824 -0.1504111 1.463667 24 ThumbRight
-0.09782396 0.009586118 1.529662 0 SpineBase
-0.06696627 0.3210108 1.49327 1 SpineMid
-0.03759897 0.6151122 1.44531 2 Neck
-0.2288927 0.5038693 1.455479 4 ShoulderLeft
-0.2916233 0.1795759 1.477625 5 ElbowLeft
-0.3048954 -0.0876718 1.480531 6 WristLeft
-0.2922516 -0.170688 1.498089 7 HandLeft
0.108089 0.4838475 1.416892 8 ShoulderRight
0.1571281 0.187827 1.381324 9 ElbowRight
0.1316086 -0.06493437 1.342184 10 WristRight
0.1062174 -0.1365521 1.348622 11 HandRight
-0.17546 0.008855437 1.499209 12 HipLeft
-0.1971737 -0.2876524 1.670057 13 KneeLeft
-0.1589772 -0.5576937 1.918908 14 AnkleLeft
-0.1784193 -0.6405019 1.92145 15 FootLeft
-0.01545755 0.009859729 1.486016 16 HipRight
0.0336556 -0.2763103 1.457505 17 KneeRight
-0.01233155 -0.6209256 1.552863 18 AnkleRight
-0.004040145 -0.7074175 1.497922 19 FootRight
-0.04484638 0.5439743 1.459309 20 SpineShoulder
-0.3038099 -0.2496417 1.509067 21 HandTipLeft
-0.3099757 -0.1494751 1.47087 22 ThumbLeft
0.1146166 -0.2218847 1.348764 23 HandTipRight
0.1429642 -0.1336675 1.3542 24 ThumbRight
-0.06774274 -0.01079923 1.467182 0 SpineBase
-0.04078243 0.3024448 1.434651 1 SpineMid
-0.01471482 0.5974915 1.389231 2 Neck
-0.2007998 0.4841999 1.393563 4 ShoulderLeft
-0.2679528 0.1637767 1.407378 5 ElbowLeft
-0.2723251 -0.1655796 1.414005 6 WristLeft
-0.2795982 -0.2499173 1.438283 7 HandLeft
0.139742 0.4633552 1.369523 8 ShoulderRight
0.1864144 0.1648374 1.320707 9 ElbowRight
0.1625315 -0.07678913 1.274065 10 WristRight
0.1343978 -0.1478158 1.277116 11 HandRight
-0.1480292 -0.008722742 1.435095 12 HipLeft
-0.1671737 -0.2766491 1.519806 13 KneeLeft
-0.1584202 -0.539546 1.787221 14 AnkleLeft
-0.1638916 -0.5907501 1.649499 15 FootLeft
0.01604465 -0.01232985 1.4249 16 HipRight
0.03168928 -0.2919623 1.454783 17 KneeRight
-0.007549715 -0.6156413 1.545708 18 AnkleRight
-0.004379224 -0.7038212 1.49913 19 FootRight
-0.02112134 0.5261925 1.402559 20 SpineShoulder
-0.270239 -0.3214808 1.444416 21 HandTipLeft
-0.3145129 -0.2475412 1.428189 22 ThumbLeft
0.139744 -0.2299961 1.271375 23 HandTipRight
0.1698228 -0.1569895 1.2835 24 ThumbRight
-0.04299125 -0.02172671 1.437668 0 SpineBase
-0.02316493 0.2929634 1.406909 1 SpineMid
-0.003185318 0.5888923 1.362727 2 Neck
-0.1821302 0.4739141 1.353733 4 ShoulderLeft
-0.2500657 0.1536745 1.352736 5 ElbowLeft
-0.2480656 -0.1613607 1.353492 6 WristLeft
-0.2521998 -0.2452439 1.376745 7 HandLeft
0.1498741 0.4585792 1.348768 8 ShoulderRight
0.2013237 0.1503081 1.295578 9 ElbowRight
0.1756451 -0.09068351 1.245954 10 WristRight
0.15025 -0.1659698 1.23877 11 HandRight
-0.1230123 -0.01848438 1.399422 12 HipLeft
-0.1352727 -0.299316 1.440553 13 KneeLeft
-0.1532973 -0.5616491 1.707471 14 AnkleLeft
-0.1523732 -0.6119988 1.569797 15 FootLeft
0.03940176 -0.02374918 1.400754 16 HipRight
0.04284326 -0.3038419 1.445047 17 KneeRight
-0.003505931 -0.6110894 1.541906 18 AnkleRight
-0.003642456 -0.699448 1.496639 19 FootRight
-0.008154457 0.5174322 1.375784 20 SpineShoulder
-0.2462833 -0.3287567 1.383823 21 HandTipLeft
-0.2890528 -0.2359422 1.364717 22 ThumbLeft
0.1482137 -0.2427302 1.227654 23 HandTipRight
0.1886748 -0.1773083 1.254647 24 ThumbRight
0.01669359 -0.03846046 1.37846 0 SpineBase
0.02041071 0.2776981 1.342556 1 SpineMid
0.02449598 0.5742075 1.290897 2 Neck
-0.1482125 0.4381493 1.257962 4 ShoulderLeft
-0.2075731 0.1452509 1.244433 5 ElbowLeft
-0.2161097 -0.09819425 1.202611 6 WristLeft
-0.2187259 -0.1013157 1.214943 7 HandLeft
0.1832927 0.4425367 1.29612 8 ShoulderRight
0.2308287 0.125387 1.253761 9 ElbowRight
0.2128283 -0.1148227 1.19541 10 WristRight
0.1961408 -0.1893671 1.179858 11 HandRight
-0.06458183 -0.03134544 1.332242 12 HipLeft
-0.09283379 -0.3209288 1.290807 13 KneeLeft
-0.1327494 -0.6235151 1.511434 14 AnkleLeft
0.09728823 -0.04322918 1.349643 16 HipRight
0.05955696 -0.3682314 1.452193 17 KneeRight
-0.02259902 -0.6458292 1.521935 18 AnkleRight
-0.09763992 -0.6913427 1.453811 19 FootRight
0.02359313 0.5026964 1.305832 20 SpineShoulder
0.1921426 -0.261364 1.163735 23 HandTipRight
0.2189007 -0.2601861 1.173 24 ThumbRight
0.06077075 -0.0537511 1.327208 0 SpineBase
0.05124959 0.265624 1.282228 1 SpineMid
0.04158914 0.5647435 1.223526 2 Neck
-0.1248005 0.4221661 1.185636 4 ShoulderLeft
-0.1796869 0.1208826 1.163495 5 ElbowLeft
-0.1474677 -0.1228227 1.143096 6 WristLeft
-0.1250371 -0.1970018 1.163104 7 HandLeft
0.2034598 0.4402569 1.243917 8 ShoulderRight
0.2416895 0.1239911 1.24054 9 ElbowRight
0.2486361 -0.1177656 1.184169 10 WristRight
0.2412201 -0.1907456 1.162403 11 HandRight
-0.02273237 -0.05118012 1.276434 12 HipLeft
-0.05603939 -0.3571281 1.187717 13 KneeLeft
-0.05875474 -0.6614606 1.247755 14 AnkleLeft
-0.03732449 -0.7073893 1.115166 15 FootLeft
0.1395636 -0.05305475 1.304865 16 HipRight
0.09507558 -0.3607399 1.426686 17 KneeRight
0.04402591 0.4927288 1.240133 20 SpineShoulder
-0.1281484 -0.280641 1.152962 21 HandTipLeft
-0.1521548 -0.2378677 1.152167 22 ThumbLeft
0.2352626 -0.2640124 1.151013 23 HandTipRight
0.2574913 -0.2573852 1.161 24 ThumbRight
0.0797926 -0.063288 1.29617 0 SpineBase
0.06579302 0.2560143 1.246058 1 SpineMid
0.05143664 0.5544603 1.180809 2 Neck
-0.1153479 0.3928859 1.136992 4 ShoulderLeft
-0.1654391 0.1063627 1.115705 5 ElbowLeft
-0.1021706 -0.1314165 1.090279 6 WristLeft
-0.128248 -0.1279561 1.088478 7 HandLeft
0.2087404 0.433516 1.216502 8 ShoulderRight
0.2518016 0.1110728 1.220004 9 ElbowRight
0.2714664 -0.1487208 1.18343 10 WristRight
0.2709805 -0.2229046 1.170105 11 HandRight
-0.002982997 -0.06396127 1.243039 12 HipLeft
-0.03919051 -0.3482262 1.155136 13 KneeLeft
0.01113835 -0.733121 1.111741 14 AnkleLeft
0.1584369 -0.05950665 1.273851 16 HipRight
0.09088799 -0.3519143 1.328723 17 KneeRight
-0.02907715 -0.6560805 1.361686 18 AnkleRight
0.05508106 0.4827092 1.199162 20 SpineShoulder
0.2789284 -0.3018097 1.158723 23 HandTipRight
0.2983601 -0.2918807 1.174 24 ThumbRight
0.1184853 -0.0936366 1.19333 0 SpineBase
0.09653649 0.2270822 1.141839 1 SpineMid
0.07434598 0.5256268 1.075414 2 Neck
-0.08303092 0.359608 1.031561 4 ShoulderLeft
-0.1331569 0.05895229 1.006018 5 ElbowLeft
-0.09067754 -0.1839703 0.997619 6 WristLeft
-0.06625256 -0.2452089 1.026449 7 HandLeft
0.2275509 0.3932284 1.113721 8 ShoulderRight
0.284374 0.09313311 1.138503 9 ElbowRight
0.2997883 -0.1526936 1.154584 10 WristRight
0.3050033 -0.2141002 1.162745 11 HandRight
0.03055602 -0.09666491 1.137198 12 HipLeft
-0.04049992 -0.3742729 1.048998 13 KneeLeft
0.1294729 -0.7241853 1.010998 14 AnkleLeft
0.1987562 -0.08483099 1.175474 16 HipRight
0.247991 -0.2977666 1.312925 17 KneeRight
0.03548958 -0.6025153 1.418876 18 AnkleRight
0.06425457 -0.6513506 1.287721 19 FootRight
0.07991259 0.4540606 1.093936 20 SpineShoulder
-0.07143701 -0.3250374 1.026705 21 HandTipLeft
-0.1022515 -0.2736706 1.022714 22 ThumbLeft
0.3272142 -0.3024176 1.155658 23 HandTipRight
0.2677231 -0.2205974 1.1824 24 ThumbRight
0.1192791 -0.09004936 1.169791 0 SpineBase
0.09814092 0.2270262 1.12282 1 SpineMid
0.0765767 0.5223503 1.059866 2 Neck
0.0177757 0.4391944 1.019311 4 ShoulderLeft
-0.1080979 0.1214995 0.9883822 5 ElbowLeft
-0.112324 -0.1229247 0.9393678 6 WristLeft
-0.09380703 -0.1559175 0.9527383 7 HandLeft
0.2303068 0.3982818 1.098759 8 ShoulderRight
0.2884804 0.09456827 1.12496 9 ElbowRight
0.3109036 -0.1491569 1.133927 10 WristRight
0.3158838 -0.2122074 1.140262 11 HandRight
0.0318478 -0.0893501 1.116223 12 HipLeft
-0.02891607 -0.3707329 1.034482 13 KneeLeft
0.1210097 -0.7298059 1.019522 14 AnkleLeft
0.1988156 -0.08536337 1.148532 16 HipRight
0.257796 -0.2923017 1.289359 17 KneeRight
0.04504189 -0.5971661 1.395355 18 AnkleRight
0.08199921 0.4515622 1.077608 20 SpineShoulder
-0.06026209 -0.2090016 0.9786973 21 HandTipLeft
-0.1565505 -0.1731586 0.9534285 22 ThumbLeft
0.3266806 -0.3076294 1.143811 23 HandTipRight
0.2860545 -0.2166507 1.15973 24 ThumbRight
0.1531178 -0.1006818 1.026362 0 SpineBase
0.134258 0.2071945 0.989031 1 SpineMid
0.05331564 0.4092266 0.9080441 4 ShoulderLeft
-0.09272665 -0.1411386 0.8030156 6 WristLeft
-0.06883296 -0.1728332 0.8178926 7 HandLeft
0.2526738 0.4094704 0.9680262 8 ShoulderRight
0.3184024 0.09211919 0.9903604 9 ElbowRight
0.3476427 -0.1506365 1.004689 10 WristRight
0.3489365 -0.22739 1.025791 11 HandRight
0.06257646 -0.09719741 0.9711219 12 HipLeft
0.007176867 -0.3827036 0.9096301 13 KneeLeft
0.0867793 -0.6889755 1.112834 14 AnkleLeft
0.2322078 -0.09696647 1.00809 16 HipRight
0.2565245 -0.3263146 1.131338 17 KneeRight
0.04274933 -0.6308221 1.237205 18 AnkleRight
0.1193727 0.4227354 0.9512901 20 SpineShoulder
-0.03487277 -0.2260385 0.8511013 21 HandTipLeft
-0.1310589 -0.1752943 0.8075294 22 ThumbLeft
0.3515039 -0.3143529 1.042286 23 HandTipRight
0.3273054 -0.2056525 1.041429 24 ThumbRight
0.1754428 -0.1565361 0.9106657 0 SpineBase
0.1665503 0.1515698 0.8763752 1 SpineMid
0.09304546 0.3516207 0.7966774 4 ShoulderLeft
-0.05327057 -0.1796814 0.6305147 6 WristLeft
-0.04184628 -0.2028508 0.6645848 7 HandLeft
0.2805471 0.3815545 0.8669578 8 ShoulderRight
0.3515564 0.06209349 0.8777487 9 ElbowRight
0.384504 -0.1817812 0.8687714 10 WristRight
0.3885345 -0.2596376 0.873792 11 HandRight
0.08294441 -0.1588029 0.8501439 12 HipLeft
0.005317579 -0.428408 0.8686962 13 KneeLeft
-0.0922555 -0.7913702 0.9388972 14 AnkleLeft
0.2532592 -0.1419436 0.8988082 16 HipRight
0.2030537 -0.4166265 0.9294462 17 KneeRight
0.1492128 -0.7860026 1.013884 18 AnkleRight
0.1578392 0.3661937 0.8393366 20 SpineShoulder
-0.0009857469 -0.272537 0.7109172 21 HandTipLeft
-0.09820154 -0.2038081 0.6493077 22 ThumbLeft
0.3848951 -0.3498775 0.8840673 23 HandTipRight
0.3744369 -0.2359261 0.9048975 24 ThumbRight
0.1842701 -0.1669616 0.9012568 0 SpineBase
0.1734437 0.1429891 0.8657494 1 SpineMid
0.0979394 0.3445482 0.7840624 4 ShoulderLeft
-0.02277021 -0.1866599 0.6394614 6 WristLeft
-0.04086784 -0.1879677 0.6327369 7 HandLeft
0.2832308 0.3738031 0.8535591 8 ShoulderRight
0.3611952 0.04042017 0.8562673 9 ElbowRight
0.3979802 -0.2025502 0.8376504 10 WristRight
0.4028276 -0.275699 0.8282089 11 HandRight
0.09326243 -0.1692743 0.8404694 12 HipLeft
0.03802256 -0.441321 0.8659008 13 KneeLeft
-0.02945446 -0.8083013 0.9456881 14 AnkleLeft
0.2599838 -0.1514849 0.8899565 16 HipRight
0.2015046 -0.4293027 0.9023975 17 KneeRight
0.1369174 -0.8031477 0.9618197 18 AnkleRight
0.1632837 0.3588423 0.827242 20 SpineShoulder
-0.02778208 -0.2682757 0.6872951 21 HandTipLeft
-0.09618271 -0.1913651 0.6185625 22 ThumbLeft
0.3929672 -0.3661623 0.8262833 23 HandTipRight
0.4376462 -0.3074048 0.8217143 24 ThumbRight
0.277966 -0.2378141 0.8219174 0 SpineBase
0.2218432 0.06341211 0.7677311 1 SpineMid
0.09993982 0.2595531 0.6640651 4 ShoulderLeft
-0.05940504 -0.1652123 0.53694 6 WristLeft
-0.0268401 -0.2408392 0.5596312 7 HandLeft
0.2699091 0.3135018 0.7293289 8 ShoulderRight
0.389875 -0.008109335 0.7253418 9 ElbowRight
0.4295293 -0.2494237 0.6929749 10 WristRight
0.4510905 -0.306374 0.703862 11 HandRight
0.1873569 -0.2463233 0.7638597 12 HipLeft
0.07239634 -0.5497084 0.8076409 13 KneeLeft
0.3447345 -0.2098506 0.8117802 16 HipRight
0.2566707 -0.5384612 0.7392594 17 KneeRight
0.177258 0.275898 0.7128485 20 SpineShoulder
-0.02597527 -0.2726215 0.5506467 21 HandTipLeft
-0.06966653 -0.2490117 0.5313334 22 ThumbLeft
0.4658564 -0.3794877 0.6815093 23 HandTipRight
0.446134 -0.2979219 0.7333145 24 ThumbRight
0.3014818 -0.3318689 0.7819219 0 SpineBase
0.3011776 -0.05861547 0.7543185 1 SpineMid
0.2918825 0.1973846 0.706064 2 Neck
0.2630297 0.1187579 0.6983438 4 ShoulderLeft
-0.06232981 -0.0785725 0.5297137 6 WristLeft
0.4303296 0.1740294 0.7626621 8 ShoulderRight
0.4517018 -0.3368016 0.6352823 10 WristRight
0.2083851 -0.3333078 0.7275845 12 HipLeft
-0.1437997 -0.3794088 0.6340969 13 KneeLeft
0.3688383 -0.3032 0.7714887 16 HipRight
0.2465631 -0.6102734 0.6506302 17 KneeRight
0.2953488 0.1363703 0.7206741 20 SpineShoulder
0.3087462 -0.3378087 0.7629398 0 SpineBase
0.3214056 -0.06845653 0.742451 1 SpineMid
0.3363737 0.1781695 0.7019629 2 Neck
0.2721433 0.1026911 0.6816152 4 ShoulderLeft
-0.06144332 -0.0791943 0.5307502 6 WristLeft
0.4393443 0.1581472 0.7458144 8 ShoulderRight
0.3881968 -0.3985464 0.5404239 10 WristRight
0.2124143 -0.3341982 0.7225315 12 HipLeft
-0.1367992 -0.3775187 0.6099047 13 KneeLeft
0.3784341 -0.3170632 0.7296154 16 HipRight
0.251271 -0.6290083 0.6502844 17 KneeRight
0.332592 0.1199498 0.7139406 20 SpineShoulder
0.3411176 -0.3863549 0.5964155 1 SpineMid
0.3637275 -0.0664425 0.5765042 2 Neck
0.2527258 -0.2580746 0.5075912 4 ShoulderLeft
0.4671487 -0.08905884 0.6121893 8 ShoulderRight
0.3605007 -0.1447707 0.5849665 20 SpineShoulder
0.4683835 0.1464196 0.4091723 14 AnkleLeft
0.05189287 -0.1380851 0.6253773 6 WristLeft
0.06032002 -0.1331829 0.7298583 7 HandLeft
0.04171963 -0.3187996 0.5889099 10 WristRight
0.02934728 -0.3521051 0.6118658 11 HandRight
0.03459812 -0.2260007 0.4651654 19 FootRight
0.06663715 -0.05568666 0.7591549 21 HandTipLeft
0.06399447 -0.0577116 0.7156768 22 ThumbLeft
