X              Y         Z      JointType 
-0.1217861 -0.415871 1.71998 0 SpineBase
-0.1300384 -0.1189346 1.735865 1 SpineMid
-0.1369562 0.1683577 1.7373 2 Neck
-0.3014995 0.0467714 1.711934 4 ShoulderLeft
-0.3645662 -0.1760576 1.673419 5 ElbowLeft
-0.3912364 -0.3761412 1.574844 6 WristLeft
-0.3938513 -0.4364128 1.544856 7 HandLeft
0.04599842 0.04499299 1.761513 8 ShoulderRight
0.07548749 -0.178855 1.743494 9 ElbowRight
0.1354447 -0.3441007 1.654339 10 WristRight
0.1557731 -0.3901241 1.613875 11 HandRight
-0.1991628 -0.4073724 1.677782 12 HipLeft
-0.174093 -0.7194008 1.666086 13 KneeLeft
-0.1906296 -1.059541 1.750669 14 AnkleLeft
-0.03966172 -0.4081112 1.694934 16 HipRight
-0.05064308 -0.6764111 1.576454 17 KneeRight
-0.04316963 -1.065076 1.563844 18 AnkleRight
-0.1354376 0.09784932 1.73929 20 SpineShoulder
-0.3903766 -0.5075072 1.531794 21 HandTipLeft
-0.3714806 -0.4195463 1.518367 22 ThumbLeft
0.1911366 -0.4349469 1.574175 23 HandTipRight
0.1837388 -0.4007031 1.563111 24 ThumbRight
-0.1229367 -0.4158137 1.731361 0 SpineBase
-0.1331793 -0.1191705 1.753919 1 SpineMid
-0.1424142 0.1678177 1.763034 2 Neck
-0.3064641 0.04043866 1.740777 4 ShoulderLeft
-0.3609647 -0.1821068 1.699523 5 ElbowLeft
-0.3865877 -0.3802397 1.599983 6 WristLeft
-0.384749 -0.4423512 1.574986 7 HandLeft
0.04160292 0.04571445 1.788421 8 ShoulderRight
0.07240494 -0.1822572 1.7659 9 ElbowRight
0.1358884 -0.3488523 1.68146 10 WristRight
0.1571981 -0.3979168 1.652602 11 HandRight
-0.2003204 -0.4085167 1.689162 12 HipLeft
-0.1895275 -0.7310755 1.688631 13 KneeLeft
-0.1848761 -1.072443 1.740284 14 AnkleLeft
-0.04079865 -0.4069517 1.706344 16 HipRight
-0.04404299 -0.6797221 1.591104 17 KneeRight
-0.0155041 -1.061395 1.64385 18 AnkleRight
-0.1402983 0.09737372 1.763033 20 SpineShoulder
-0.3835205 -0.506591 1.554448 21 HandTipLeft
-0.3649776 -0.4229603 1.543978 22 ThumbLeft
0.1920503 -0.446942 1.62248 23 HandTipRight
0.1830507 -0.4101393 1.602238 24 ThumbRight
-0.1219884 -0.4168462 1.733618 0 SpineBase
-0.1312521 -0.1197675 1.75967 1 SpineMid
-0.1390656 0.1682479 1.773474 2 Neck
-0.3029802 0.03621176 1.753372 4 ShoulderLeft
-0.3393367 -0.1903628 1.729567 5 ElbowLeft
-0.3494408 -0.3727919 1.628929 6 WristLeft
-0.3476498 -0.4405145 1.591504 7 HandLeft
0.04438119 0.04459576 1.79433 8 ShoulderRight
0.0775627 -0.18487 1.773085 9 ElbowRight
0.1433699 -0.352309 1.692202 10 WristRight
0.1710687 -0.3981275 1.665658 11 HandRight
-0.1991891 -0.4102777 1.692964 12 HipLeft
-0.1899991 -0.7291105 1.688308 13 KneeLeft
-0.1857485 -1.078132 1.740137 14 AnkleLeft
-0.04008777 -0.4074278 1.707394 16 HipRight
-0.02675474 -0.7078655 1.634152 17 KneeRight
0.01407866 -1.074638 1.680985 18 AnkleRight
-0.137342 0.09749211 1.772209 20 SpineShoulder
-0.3364826 -0.5098672 1.572073 21 HandTipLeft
-0.3215307 -0.4382194 1.563869 22 ThumbLeft
0.2071707 -0.4510883 1.635835 23 HandTipRight
0.2047311 -0.4140423 1.625588 24 ThumbRight
-0.1112346 -0.4205153 1.737327 0 SpineBase
-0.1147289 -0.1205692 1.7682 1 SpineMid
-0.1163825 0.1706257 1.785994 2 Neck
-0.2801524 0.03661725 1.768536 4 ShoulderLeft
-0.3177546 -0.1925627 1.738899 5 ElbowLeft
-0.3368095 -0.3703156 1.638778 6 WristLeft
-0.3299125 -0.4422131 1.606324 7 HandLeft
0.06523959 0.04342961 1.79859 8 ShoulderRight
0.09689064 -0.1826296 1.778176 9 ElbowRight
0.1586054 -0.3519722 1.697321 10 WristRight
0.1905407 -0.3995853 1.661354 11 HandRight
-0.1888493 -0.413905 1.69951 12 HipLeft
-0.1836227 -0.7239299 1.685388 13 KneeLeft
-0.1867722 -1.085244 1.740382 14 AnkleLeft
-0.02896859 -0.4109347 1.707743 16 HipRight
-0.01274113 -0.70955 1.65064 17 KneeRight
0.01846933 -1.083954 1.692461 18 AnkleRight
-0.116171 0.09907271 1.783836 20 SpineShoulder
-0.3176489 -0.5133278 1.58297 21 HandTipLeft
-0.2963616 -0.4418332 1.58065 22 ThumbLeft
0.2259515 -0.4532651 1.628335 23 HandTipRight
0.2212334 -0.418855 1.610952 24 ThumbRight
-0.1112346 -0.4205153 1.737327 0 SpineBase
-0.1147289 -0.1205692 1.7682 1 SpineMid
-0.1163825 0.1706257 1.785994 2 Neck
-0.2801524 0.03661725 1.768536 4 ShoulderLeft
-0.3177546 -0.1925627 1.738899 5 ElbowLeft
-0.3368095 -0.3703156 1.638778 6 WristLeft
-0.3299125 -0.4422131 1.606324 7 HandLeft
0.06523959 0.04342961 1.79859 8 ShoulderRight
0.09689064 -0.1826296 1.778176 9 ElbowRight
0.1586054 -0.3519722 1.697321 10 WristRight
0.1905407 -0.3995853 1.661354 11 HandRight
-0.1888493 -0.413905 1.69951 12 HipLeft
-0.1836227 -0.7239299 1.685388 13 KneeLeft
-0.1867722 -1.085244 1.740382 14 AnkleLeft
-0.02896859 -0.4109347 1.707743 16 HipRight
-0.01274113 -0.70955 1.65064 17 KneeRight
0.01846933 -1.083954 1.692461 18 AnkleRight
-0.116171 0.09907271 1.783836 20 SpineShoulder
-0.3176489 -0.5133278 1.58297 21 HandTipLeft
-0.2963616 -0.4418332 1.58065 22 ThumbLeft
0.2259515 -0.4532651 1.628335 23 HandTipRight
0.2212334 -0.418855 1.610952 24 ThumbRight
-0.08113602 -0.4199268 1.736172 0 SpineBase
-0.07066316 -0.1183074 1.767568 1 SpineMid
-0.0596313 0.1734751 1.784468 2 Neck
-0.2268052 0.0409708 1.769097 4 ShoulderLeft
-0.2757 -0.190721 1.738229 5 ElbowLeft
-0.3094471 -0.3610194 1.637345 6 WristLeft
-0.3188156 -0.4271195 1.591585 7 HandLeft
0.1162009 0.04222232 1.782741 8 ShoulderRight
0.1538891 -0.1701102 1.77079 9 ElbowRight
0.2099851 -0.3339893 1.676338 10 WristRight
0.2394433 -0.3950806 1.624377 11 HandRight
-0.1597975 -0.4121246 1.702865 12 HipLeft
-0.1538556 -0.7278999 1.659625 13 KneeLeft
-0.1671723 -1.08478 1.719952 14 AnkleLeft
0.001069745 -0.4112745 1.701194 16 HipRight
0.0168926 -0.7051109 1.663321 17 KneeRight
0.03188053 -1.086389 1.707692 18 AnkleRight
-0.06245063 0.1018667 1.782624 20 SpineShoulder
-0.3123454 -0.4926772 1.558052 21 HandTipLeft
-0.2480026 -0.3841863 1.582 22 ThumbLeft
0.271562 -0.4440886 1.588035 23 HandTipRight
0.2547699 -0.3982772 1.571375 24 ThumbRight
-0.06727973 -0.4190727 1.730675 0 SpineBase
-0.05340397 -0.1184163 1.762696 1 SpineMid
-0.03895646 0.1720814 1.779912 2 Neck
-0.2077635 0.0436436 1.766112 4 ShoulderLeft
-0.2575115 -0.1917038 1.734835 5 ElbowLeft
-0.2962206 -0.3545437 1.631638 6 WristLeft
-0.3072865 -0.4160987 1.585494 7 HandLeft
0.1340805 0.04080136 1.775485 8 ShoulderRight
0.1766255 -0.1641783 1.759114 9 ElbowRight
0.2330761 -0.326039 1.663208 10 WristRight
0.2675959 -0.3871744 1.604173 11 HandRight
-0.1456103 -0.4089439 1.699556 12 HipLeft
-0.1430812 -0.7237564 1.644801 13 KneeLeft
-0.1587822 -1.081513 1.701375 14 AnkleLeft
0.01396686 -0.4126244 1.693268 16 HipRight
0.02694014 -0.7027023 1.664714 17 KneeRight
0.03887768 -1.086001 1.714636 18 AnkleRight
-0.04262812 0.1008216 1.777981 20 SpineShoulder
-0.2991812 -0.4833554 1.546217 21 HandTipLeft
-0.2431804 -0.4154956 1.602333 22 ThumbLeft
0.3057103 -0.4379081 1.564975 23 HandTipRight
0.2939098 -0.3956902 1.556643 24 ThumbRight
-0.06624958 -0.4183109 1.721559 0 SpineBase
-0.05201377 -0.1180753 1.758337 1 SpineMid
-0.03756701 0.1719511 1.778726 2 Neck
-0.2063657 0.04364453 1.762676 4 ShoulderLeft
-0.2581731 -0.1898703 1.730996 5 ElbowLeft
-0.2998756 -0.3513093 1.627946 6 WristLeft
-0.3240535 -0.4170755 1.585405 7 HandLeft
0.1352796 0.04132754 1.776433 8 ShoulderRight
0.1771225 -0.1636377 1.756719 9 ElbowRight
0.2374033 -0.3245504 1.659237 10 WristRight
0.2772442 -0.3939868 1.593462 11 HandRight
-0.1440046 -0.4077393 1.689194 12 HipLeft
-0.1452827 -0.7228168 1.655859 13 KneeLeft
-0.1544303 -1.079516 1.713617 14 AnkleLeft
0.01433633 -0.4122096 1.685133 16 HipRight
0.02802757 -0.7043266 1.659201 17 KneeRight
0.0364133 -1.083892 1.713998 18 AnkleRight
-0.04123991 0.1008069 1.776198 20 SpineShoulder
-0.3269138 -0.4927956 1.558612 21 HandTipLeft
-0.2456215 -0.4010957 1.589917 22 ThumbLeft
0.3185115 -0.4495185 1.561102 23 HandTipRight
0.3217569 -0.451116 1.574083 24 ThumbRight
-0.06653254 -0.4182418 1.714827 0 SpineBase
-0.05364269 -0.1175465 1.753989 1 SpineMid
-0.0403317 0.1727826 1.7767 2 Neck
-0.2090485 0.04454205 1.759066 4 ShoulderLeft
-0.2670872 -0.1868325 1.722926 5 ElbowLeft
-0.3274156 -0.3488091 1.62022 6 WristLeft
-0.352209 -0.4093824 1.582538 7 HandLeft
0.1329589 0.04084827 1.776004 8 ShoulderRight
0.1727431 -0.1647252 1.754614 9 ElbowRight
0.2363323 -0.3251252 1.658968 10 WristRight
0.2752329 -0.3983465 1.603031 11 HandRight
-0.1440547 -0.407621 1.680846 12 HipLeft
-0.1458989 -0.7221144 1.656658 13 KneeLeft
-0.1563783 -1.077901 1.717405 14 AnkleLeft
0.01380521 -0.4121341 1.680032 16 HipRight
0.02715373 -0.7053413 1.654157 17 KneeRight
0.03363803 -1.082875 1.712161 18 AnkleRight
-0.04367997 0.1015527 1.773614 20 SpineShoulder
-0.3809415 -0.486608 1.555645 21 HandTipLeft
-0.3268945 -0.4244097 1.546595 22 ThumbLeft
0.3228057 -0.4565932 1.573798 23 HandTipRight
0.328315 -0.4582755 1.584572 24 ThumbRight
-0.06897231 -0.4167995 1.703756 0 SpineBase
-0.05863745 -0.1158736 1.745802 1 SpineMid
-0.04822101 0.1746968 1.771829 2 Neck
-0.2164488 0.04661906 1.754319 4 ShoulderLeft
-0.2837781 -0.1767304 1.71691 5 ElbowLeft
-0.3515533 -0.340769 1.61333 6 WristLeft
-0.384622 -0.4026804 1.573849 7 HandLeft
0.1273825 0.04173353 1.773185 8 ShoulderRight
0.1656006 -0.1649263 1.750203 9 ElbowRight
0.2320719 -0.3284365 1.664594 10 WristRight
0.2626207 -0.4035423 1.624824 11 HandRight
-0.1460836 -0.4062313 1.669306 12 HipLeft
-0.1474802 -0.7200242 1.654826 13 KneeLeft
-0.1562619 -1.074657 1.718007 14 AnkleLeft
0.01099762 -0.4105594 1.669469 16 HipRight
0.02553713 -0.7036521 1.647355 17 KneeRight
0.03029447 -1.079144 1.711557 18 AnkleRight
-0.05079953 0.1034069 1.767836 20 SpineShoulder
-0.4142905 -0.4815671 1.55277 21 HandTipLeft
-0.3708045 -0.3921096 1.536049 22 ThumbLeft
0.3048916 -0.4851965 1.614315 23 HandTipRight
0.2404779 -0.3589622 1.6536 24 ThumbRight
-0.07261629 -0.4150856 1.692654 0 SpineBase
-0.06542813 -0.1135201 1.737752 1 SpineMid
-0.0583389 0.1775851 1.767134 2 Neck
-0.2273724 0.0483937 1.746907 4 ShoulderLeft
-0.2942123 -0.1702493 1.714246 5 ElbowLeft
-0.3574747 -0.3429265 1.610504 6 WristLeft
-0.3658471 -0.4128476 1.57733 7 HandLeft
0.1167795 0.04501176 1.765132 8 ShoulderRight
0.1592294 -0.1653928 1.750203 9 ElbowRight
0.2253975 -0.3333626 1.662842 10 WristRight
0.2337496 -0.4084278 1.61864 11 HandRight
-0.1496333 -0.4051651 1.658532 12 HipLeft
-0.1516059 -0.7172991 1.65102 13 KneeLeft
-0.1566344 -1.071024 1.718121 14 AnkleLeft
0.007384013 -0.4081105 1.657939 16 HipRight
0.02197073 -0.7039776 1.640262 17 KneeRight
0.0289485 -1.074709 1.707256 18 AnkleRight
-0.06008644 0.1061791 1.762235 20 SpineShoulder
-0.3668901 -0.4851691 1.554178 21 HandTipLeft
-0.3431672 -0.4082358 1.544 22 ThumbLeft
0.2497701 -0.492415 1.610164 23 HandTipRight
0.2128637 -0.379898 1.641333 24 ThumbRight
-0.0733818 -0.4146898 1.690329 0 SpineBase
-0.06771241 -0.112776 1.735291 1 SpineMid
-0.06230956 0.1786268 1.764812 2 Neck
-0.2297718 0.04817457 1.744868 4 ShoulderLeft
-0.2937706 -0.1715071 1.713991 5 ElbowLeft
-0.3496757 -0.3483743 1.6098 6 WristLeft
-0.3529437 -0.4180881 1.577445 7 HandLeft
0.1137845 0.04546956 1.766959 8 ShoulderRight
0.1534091 -0.1679719 1.747837 9 ElbowRight
0.218317 -0.3364574 1.658687 10 WristRight
0.2244033 -0.4121446 1.611796 11 HandRight
-0.1502706 -0.4049212 1.656608 12 HipLeft
-0.1529617 -0.716374 1.649001 13 KneeLeft
-0.157432 -1.070402 1.717276 14 AnkleLeft
0.006514335 -0.4075217 1.655154 16 HipRight
0.02066317 -0.704763 1.637627 17 KneeRight
0.02845504 -1.073493 1.706783 18 AnkleRight
-0.06364975 0.1071594 1.759849 20 SpineShoulder
-0.3497632 -0.4922078 1.553437 21 HandTipLeft
-0.326817 -0.4140764 1.549 22 ThumbLeft
0.2373887 -0.492171 1.602719 23 HandTipRight
0.203598 -0.3903684 1.638667 24 ThumbRight
-0.07381614 -0.4145844 1.687862 0 SpineBase
-0.06957785 -0.1122946 1.732943 1 SpineMid
-0.06557955 0.1794428 1.762697 2 Neck
-0.2316252 0.04799442 1.742865 4 ShoulderLeft
-0.2914856 -0.1736343 1.712598 5 ElbowLeft
-0.3402271 -0.3499027 1.607715 6 WristLeft
-0.347603 -0.4210389 1.57167 7 HandLeft
0.1091642 0.04726052 1.759054 8 ShoulderRight
0.1503242 -0.16859 1.744019 9 ElbowRight
0.2140373 -0.3356683 1.652373 10 WristRight
0.2264973 -0.4106279 1.603295 11 HandRight
-0.1507086 -0.4050792 1.654506 12 HipLeft
-0.1537038 -0.7161023 1.647272 13 KneeLeft
-0.1576621 -1.070388 1.716679 14 AnkleLeft
0.006120803 -0.4070895 1.652242 16 HipRight
0.02001457 -0.70486 1.63577 17 KneeRight
0.02852184 -1.07321 1.70452 18 AnkleRight
-0.06658546 0.1078998 1.757667 20 SpineShoulder
-0.3406393 -0.4925298 1.54823 21 HandTipLeft
-0.3191954 -0.4151169 1.541736 22 ThumbLeft
0.2379326 -0.4906258 1.596538 23 HandTipRight
0.2184656 -0.4235984 1.6188 24 ThumbRight
-0.07429577 -0.4149383 1.686211 0 SpineBase
-0.07012692 -0.1123163 1.731899 1 SpineMid
-0.06602294 0.1796086 1.762164 2 Neck
-0.2322299 0.04760552 1.741588 4 ShoulderLeft
-0.294524 -0.1728792 1.709387 5 ElbowLeft
-0.3598483 -0.3419994 1.606297 6 WristLeft
-0.3882296 -0.410669 1.573627 7 HandLeft
0.1077325 0.0482744 1.756255 8 ShoulderRight
0.1543711 -0.1586677 1.737757 9 ElbowRight
0.2269954 -0.3172999 1.654581 10 WristRight
0.2587366 -0.3982399 1.612469 11 HandRight
-0.1511801 -0.4055898 1.653432 12 HipLeft
-0.1538227 -0.7157404 1.64634 13 KneeLeft
-0.1575738 -1.070681 1.717033 14 AnkleLeft
0.005671042 -0.4071956 1.649861 16 HipRight
0.01974763 -0.704932 1.634976 17 KneeRight
0.02802525 -1.073207 1.703979 18 AnkleRight
-0.06706335 0.1080278 1.757025 20 SpineShoulder
-0.3966834 -0.4911988 1.558974 21 HandTipLeft
-0.364353 -0.40263 1.544469 22 ThumbLeft
0.2715092 -0.4827529 1.607195 23 HandTipRight
0.2561309 -0.4485376 1.615571 24 ThumbRight
-0.07370373 -0.4151122 1.684692 0 SpineBase
-0.07038822 -0.1120926 1.730856 1 SpineMid
-0.06699064 0.1802003 1.761356 2 Neck
-0.2315346 0.04865015 1.739631 4 ShoulderLeft
-0.3590278 -0.128205 1.692213 5 ElbowLeft
-0.4885032 -0.251947 1.624488 6 WristLeft
-0.5476274 -0.3257747 1.597646 7 HandLeft
0.1022093 0.05295574 1.749422 8 ShoulderRight
0.2093476 -0.1273516 1.726 9 ElbowRight
0.3318836 -0.2642695 1.672616 10 WristRight
0.4002614 -0.3375265 1.649898 11 HandRight
-0.1507243 -0.4060546 1.651715 12 HipLeft
-0.1537943 -0.7146516 1.645777 13 KneeLeft
-0.1571427 -1.070598 1.718235 14 AnkleLeft
0.006367222 -0.4071075 1.648523 16 HipRight
0.01978818 -0.7047495 1.63468 17 KneeRight
0.02778122 -1.073087 1.703687 18 AnkleRight
-0.06784577 0.1085193 1.756167 20 SpineShoulder
-0.5959938 -0.3999379 1.580972 21 HandTipLeft
-0.5389746 -0.3374488 1.555926 22 ThumbLeft
0.4513977 -0.4224758 1.668166 23 HandTipRight
0.4315245 -0.3885849 1.662 24 ThumbRight
-0.07281265 -0.4130876 1.683113 0 SpineBase
-0.0707861 -0.1103056 1.729143 1 SpineMid
-0.06851035 0.1818885 1.759583 2 Neck
-0.2337261 0.05958386 1.738741 4 ShoulderLeft
-0.4173392 -0.04476552 1.70673 5 ElbowLeft
-0.5838149 -0.118044 1.650445 6 WristLeft
-0.6877453 -0.1609851 1.638248 7 HandLeft
0.1011957 0.05906066 1.747902 8 ShoulderRight
0.2645729 -0.06776376 1.737059 9 ElbowRight
0.4417012 -0.1264253 1.701494 10 WristRight
0.5124748 -0.1678018 1.685176 11 HandRight
-0.1498176 -0.404422 1.649485 12 HipLeft
-0.1534062 -0.7127067 1.644845 13 KneeLeft
-0.1571648 -1.068579 1.718301 14 AnkleLeft
0.007247149 -0.4046886 1.64745 16 HipRight
0.01992893 -0.7028039 1.633635 17 KneeRight
0.02803807 -1.070536 1.703602 18 AnkleRight
-0.06910346 0.1102365 1.75441 20 SpineShoulder
-0.7645301 -0.2175347 1.639203 21 HandTipLeft
-0.6707045 -0.1643728 1.5917 22 ThumbLeft
0.5892747 -0.2265646 1.678809 23 HandTipRight
0.4675962 -0.1593595 1.7035 24 ThumbRight
-0.07247539 -0.4114276 1.682479 0 SpineBase
-0.07070708 -0.1085861 1.728354 1 SpineMid
-0.06868903 0.1836042 1.758796 2 Neck
-0.2363769 0.065462 1.738836 4 ShoulderLeft
-0.4534189 0.03131105 1.718062 5 ElbowLeft
-0.6577879 0.005846059 1.678596 6 WristLeft
-0.7420452 -0.01633182 1.67617 7 HandLeft
0.1042189 0.06179954 1.748775 8 ShoulderRight
0.3015436 0.00284409 1.748006 9 ElbowRight
0.4862398 -0.02764408 1.720013 10 WristRight
0.5900453 -0.04263059 1.705697 11 HandRight
-0.1494675 -0.4028556 1.648724 12 HipLeft
-0.1529555 -0.710452 1.644427 13 KneeLeft
-0.1572547 -1.067024 1.717881 14 AnkleLeft
0.007545867 -0.4030381 1.646967 16 HipRight
0.02017678 -0.7014867 1.633219 17 KneeRight
0.0277757 -1.069135 1.702384 18 AnkleRight
-0.06922749 0.1119578 1.753612 20 SpineShoulder
-0.818737 -0.0598367 1.678477 21 HandTipLeft
-0.7348531 -0.01679913 1.629778 22 ThumbLeft
0.6706518 -0.06738041 1.713289 23 HandTipRight
0.6532232 -0.07986129 1.7422 24 ThumbRight
-0.07192642 -0.4094404 1.682128 0 SpineBase
-0.07021677 -0.1069283 1.727916 1 SpineMid
-0.06822 0.1848669 1.75838 2 Neck
-0.2393767 0.07048695 1.739483 4 ShoulderLeft
-0.454105 0.04469522 1.719567 5 ElbowLeft
-0.687344 0.04552418 1.693141 6 WristLeft
-0.7740793 0.0322721 1.690429 7 HandLeft
0.1088697 0.06463523 1.751795 8 ShoulderRight
0.3053456 0.01257159 1.749234 9 ElbowRight
0.5484856 0.01136754 1.71816 10 WristRight
0.6245109 0.0009556706 1.709695 11 HandRight
-0.1487804 -0.400757 1.647951 12 HipLeft
-0.1524937 -0.7093285 1.643857 13 KneeLeft
-0.1572818 -1.065172 1.716464 14 AnkleLeft
0.007945876 -0.4011661 1.647007 16 HipRight
0.02050647 -0.6999137 1.632637 17 KneeRight
0.02743645 -1.067459 1.701642 18 AnkleRight
-0.06876219 0.1133218 1.753187 20 SpineShoulder
-0.8494461 0.004464984 1.694117 21 HandTipLeft
-0.7661082 0.03065174 1.6418 22 ThumbLeft
0.7121144 -0.0183353 1.739026 23 HandTipRight
0.6486571 -0.02401702 1.750445 24 ThumbRight
-0.07183322 -0.4086193 1.682184 0 SpineBase
-0.06997658 -0.1060926 1.728106 1 SpineMid
-0.06775594 0.1857442 1.758802 2 Neck
-0.2411061 0.07450137 1.74102 4 ShoulderLeft
-0.4545839 0.05205283 1.721837 5 ElbowLeft
-0.6857966 0.04585426 1.69334 6 WristLeft
-0.7662987 0.03135997 1.690483 7 HandLeft
0.1110908 0.05807707 1.766242 8 ShoulderRight
0.309798 0.01933664 1.749624 9 ElbowRight
0.5389797 0.0139697 1.71853 10 WristRight
0.6144852 0.008039266 1.707649 11 HandRight
-0.1485708 -0.3997861 1.64774 12 HipLeft
-0.1516371 -0.7088346 1.643778 13 KneeLeft
-0.1570052 -1.064365 1.716002 14 AnkleLeft
0.00793006 -0.4004933 1.647278 16 HipRight
0.02055994 -0.6990974 1.632684 17 KneeRight
0.02774009 -1.066941 1.701432 18 AnkleRight
-0.06836942 0.1141874 1.753541 20 SpineShoulder
-0.8421884 -0.001132516 1.697699 21 HandTipLeft
-0.7480361 0.02905579 1.645539 22 ThumbLeft
0.7051092 -0.006704737 1.740149 23 HandTipRight
0.6439078 -0.01835064 1.746857 24 ThumbRight
-0.07187566 -0.4082437 1.68288 0 SpineBase
-0.06893847 -0.1062514 1.730192 1 SpineMid
-0.06439853 0.1839538 1.764342 2 Neck
-0.241742 0.07597133 1.742187 4 ShoulderLeft
-0.4537283 0.0536225 1.723824 5 ElbowLeft
-0.6848457 0.04566717 1.693741 6 WristLeft
-0.7645636 0.03176345 1.690385 7 HandLeft
0.111855 0.05653742 1.769571 8 ShoulderRight
0.3106192 0.0214594 1.750275 9 ElbowRight
0.5352476 0.01512606 1.721306 10 WristRight
0.6136149 0.01132967 1.705363 11 HandRight
-0.1485713 -0.3994094 1.648371 12 HipLeft
-0.1511777 -0.7075524 1.643917 13 KneeLeft
-0.1568905 -1.064078 1.716261 14 AnkleLeft
0.007830644 -0.4001603 1.648072 16 HipRight
0.02062754 -0.6987893 1.632824 17 KneeRight
0.02768841 -1.066638 1.70186 18 AnkleRight
-0.06572202 0.1128934 1.758035 20 SpineShoulder
-0.8475021 -0.001778531 1.706911 21 HandTipLeft
-0.7630025 0.03087356 1.651185 22 ThumbLeft
0.7070755 -0.01068493 1.743882 23 HandTipRight
0.6050558 -0.00644187 1.734091 24 ThumbRight
-0.071685 -0.4078887 1.683905 0 SpineBase
-0.06873737 -0.1058799 1.730771 1 SpineMid
-0.06439064 0.1845254 1.764295 2 Neck
-0.2417679 0.07680005 1.743717 4 ShoulderLeft
-0.4531032 0.05493036 1.725302 5 ElbowLeft
-0.6663434 0.04902788 1.696386 6 WristLeft
-0.7669244 0.03488057 1.69279 7 HandLeft
0.1122164 0.05581533 1.771426 8 ShoulderRight
0.3110106 0.0228835 1.751134 9 ElbowRight
0.5403809 0.01699497 1.720165 10 WristRight
0.6229014 0.01141523 1.706223 11 HandRight
-0.1483935 -0.3991424 1.649076 12 HipLeft
-0.1506294 -0.706821 1.644375 13 KneeLeft
-0.1574563 -1.063996 1.716118 14 AnkleLeft
0.00800915 -0.3997588 1.649489 16 HipRight
0.02070796 -0.698601 1.633332 17 KneeRight
0.02802547 -1.066397 1.702128 18 AnkleRight
-0.06565206 0.1133523 1.758157 20 SpineShoulder
-0.8444769 0.004021179 1.700474 21 HandTipLeft
-0.7737533 0.01971134 1.650824 22 ThumbLeft
0.7121104 -0.009872884 1.74085 23 HandTipRight
0.6496755 -0.01157759 1.745857 24 ThumbRight
-0.07158639 -0.4076921 1.684605 0 SpineBase
-0.06814426 -0.1062366 1.732463 1 SpineMid
-0.06330091 0.1833411 1.767017 2 Neck
-0.2420083 0.07717918 1.744838 4 ShoulderLeft
-0.4542819 0.05591005 1.725898 5 ElbowLeft
-0.6705494 0.04976426 1.695875 6 WristLeft
-0.7667087 0.03788768 1.691211 7 HandLeft
0.1123326 0.05554241 1.772184 8 ShoulderRight
0.3113726 0.02354104 1.751678 9 ElbowRight
0.543176 0.01876326 1.717993 10 WristRight
0.6225698 0.01363609 1.705453 11 HandRight
-0.1483034 -0.3989698 1.64956 12 HipLeft
-0.1502645 -0.7065468 1.644779 13 KneeLeft
-0.1577374 -1.063977 1.71592 14 AnkleLeft
0.008103911 -0.3995746 1.650437 16 HipRight
0.02090165 -0.6983727 1.633852 17 KneeRight
0.02818475 -1.066424 1.701926 18 AnkleRight
-0.06465535 0.1123738 1.760666 20 SpineShoulder
-0.8412187 0.007109006 1.700291 21 HandTipLeft
-0.7891936 0.01301198 1.7234 22 ThumbLeft
0.7075804 -0.004604516 1.731201 23 HandTipRight
0.6888719 -0.01473554 1.75014 24 ThumbRight
-0.07124417 -0.4075148 1.686001 0 SpineBase
-0.06726381 -0.1066715 1.734705 1 SpineMid
-0.0622092 0.182698 1.769483 2 Neck
-0.2420678 0.07757214 1.74569 4 ShoulderLeft
-0.4544731 0.05685089 1.726272 5 ElbowLeft
-0.6751451 0.05063565 1.694692 6 WristLeft
-0.7693097 0.03839179 1.689121 7 HandLeft
0.1144463 0.05865616 1.770483 8 ShoulderRight
0.311462 0.02413674 1.752121 9 ElbowRight
0.5452276 0.02048361 1.715499 10 WristRight
0.6199849 0.01485181 1.703407 11 HandRight
-0.1479982 -0.3988175 1.650789 12 HipLeft
-0.1498087 -0.7064494 1.645246 13 KneeLeft
-0.1586826 -1.063895 1.716362 14 AnkleLeft
0.008456437 -0.3994154 1.651992 16 HipRight
0.02103031 -0.6981837 1.634274 17 KneeRight
0.02775659 -1.066486 1.701921 18 AnkleRight
-0.06354854 0.111725 1.763192 20 SpineShoulder
-0.8557923 0.01176402 1.709401 21 HandTipLeft
-0.7952399 0.009535864 1.721461 22 ThumbLeft
0.7064247 -0.0006921507 1.730476 23 HandTipRight
0.6489587 -0.007484396 1.742429 24 ThumbRight
-0.07124417 -0.4075148 1.686001 0 SpineBase
-0.06726381 -0.1066715 1.734705 1 SpineMid
-0.0622092 0.182698 1.769483 2 Neck
-0.2420678 0.07757214 1.74569 4 ShoulderLeft
-0.4544731 0.05685089 1.726272 5 ElbowLeft
-0.6751451 0.05063565 1.694692 6 WristLeft
-0.7693097 0.03839179 1.689121 7 HandLeft
0.1144463 0.05865616 1.770483 8 ShoulderRight
0.311462 0.02413674 1.752121 9 ElbowRight
0.5452276 0.02048361 1.715499 10 WristRight
0.6199849 0.01485181 1.703407 11 HandRight
-0.1479982 -0.3988175 1.650789 12 HipLeft
-0.1498087 -0.7064494 1.645246 13 KneeLeft
-0.1586826 -1.063895 1.716362 14 AnkleLeft
0.008456437 -0.3994154 1.651992 16 HipRight
0.02103031 -0.6981837 1.634274 17 KneeRight
0.02775659 -1.066486 1.701921 18 AnkleRight
-0.06354854 0.111725 1.763192 20 SpineShoulder
-0.8557923 0.01176402 1.709401 21 HandTipLeft
-0.7952399 0.009535864 1.721461 22 ThumbLeft
0.7064247 -0.0006921507 1.730476 23 HandTipRight
0.6489587 -0.007484396 1.742429 24 ThumbRight
-0.07089075 -0.4068986 1.688471 0 SpineBase
-0.06637919 -0.1067636 1.737351 1 SpineMid
-0.06125042 0.182576 1.771845 2 Neck
-0.243381 0.07839955 1.746952 4 ShoulderLeft
-0.4542811 0.09240661 1.730022 5 ElbowLeft
-0.7064141 0.1120187 1.698798 6 WristLeft
-0.7741554 0.115438 1.701733 7 HandLeft
0.1206822 0.06243527 1.770124 8 ShoulderRight
0.315222 0.05468439 1.752163 9 ElbowRight
0.5362312 0.08772438 1.724883 10 WristRight
0.611226 0.0921624 1.721138 11 HandRight
-0.1474905 -0.3983266 1.653319 12 HipLeft
-0.1493572 -0.7060715 1.645776 13 KneeLeft
-0.158971 -1.063763 1.716423 14 AnkleLeft
0.008642048 -0.3987472 1.654371 16 HipRight
0.02139614 -0.6984833 1.636222 17 KneeRight
0.02805943 -1.066188 1.70247 18 AnkleRight
-0.06258196 0.111575 1.765675 20 SpineShoulder
-0.8411117 0.09020565 1.717258 21 HandTipLeft
-0.79449 0.08731966 1.73825 22 ThumbLeft
0.7042621 0.07564696 1.75553 23 HandTipRight
0.6738153 0.07912933 1.7506 24 ThumbRight
-0.07051713 -0.4001549 1.691826 0 SpineBase
-0.06611345 -0.1023263 1.73757 1 SpineMid
-0.06107316 0.1862022 1.769334 2 Neck
-0.2475825 0.089931 1.749465 4 ShoulderLeft
-0.4571109 0.1806216 1.740349 5 ElbowLeft
-0.6471869 0.2842876 1.713636 6 WristLeft
-0.7252052 0.2930736 1.721003 7 HandLeft
0.1298792 0.07935782 1.768868 8 ShoulderRight
0.3208389 0.1419208 1.75648 9 ElbowRight
0.4888967 0.2243937 1.735526 10 WristRight
0.5606251 0.2492596 1.732342 11 HandRight
-0.1468579 -0.3915217 1.656629 12 HipLeft
-0.1492944 -0.7046162 1.646228 13 KneeLeft
-0.1584827 -1.058182 1.714112 14 AnkleLeft
0.008742072 -0.3923712 1.657731 16 HipRight
0.02157022 -0.697278 1.636492 17 KneeRight
0.02857413 -1.060764 1.700617 18 AnkleRight
-0.06239241 0.1153107 1.763848 20 SpineShoulder
-0.8169917 0.2880391 1.744871 21 HandTipLeft
-0.7692938 0.2752602 1.75725 22 ThumbLeft
0.6519019 0.2533687 1.744496 23 HandTipRight
0.6607968 0.2451517 1.764 24 ThumbRight
-0.07204782 -0.3797765 1.696014 0 SpineBase
-0.06751698 -0.08842382 1.737093 1 SpineMid
-0.06262463 0.1941057 1.764742 2 Neck
-0.2403986 0.1229312 1.752978 4 ShoulderLeft
-0.3904167 0.2925908 1.759789 5 ElbowLeft
-0.5157601 0.438015 1.747659 6 WristLeft
-0.5716076 0.5118668 1.745465 7 HandLeft
0.1299476 0.1051847 1.767192 8 ShoulderRight
0.2865186 0.2501798 1.766948 9 ElbowRight
0.4155297 0.3943794 1.747965 10 WristRight
0.4708154 0.471436 1.744727 11 HandRight
-0.1482406 -0.3705556 1.66122 12 HipLeft
-0.150886 -0.696053 1.645876 13 KneeLeft
-0.156894 -1.039663 1.708228 14 AnkleLeft
0.007106959 -0.3733593 1.66132 16 HipRight
0.02130242 -0.6945977 1.636922 17 KneeRight
0.02420746 -1.04323 1.697872 18 AnkleRight
-0.06389893 0.1246259 1.760178 20 SpineShoulder
-0.6560337 0.5817317 1.760414 21 HandTipLeft
-0.6071348 0.5193576 1.775637 22 ThumbLeft
0.5553692 0.5445908 1.768484 23 HandTipRight
0.4787656 0.4851691 1.755 24 ThumbRight
-0.0727667 -0.3731347 1.69655 0 SpineBase
-0.06799979 -0.08534117 1.736757 1 SpineMid
-0.0629578 0.1946057 1.763589 2 Neck
-0.236654 0.1347958 1.757771 4 ShoulderLeft
-0.3825383 0.3194304 1.76116 5 ElbowLeft
-0.5138499 0.483638 1.75408 6 WristLeft
-0.5621159 0.5354554 1.743907 7 HandLeft
0.1255232 0.1124082 1.766158 8 ShoulderRight
0.2722726 0.2649399 1.767125 9 ElbowRight
0.3945127 0.4265679 1.746002 10 WristRight
0.4506449 0.4917191 1.74069 11 HandRight
-0.1490672 -0.363995 1.662389 12 HipLeft
-0.1518768 -0.6913099 1.64499 13 KneeLeft
-0.1564552 -1.0334 1.70712 14 AnkleLeft
0.006535181 -0.3669007 1.661124 16 HipRight
0.02055809 -0.6910535 1.637021 17 KneeRight
0.02529497 -1.037019 1.696755 18 AnkleRight
-0.06423534 0.1255997 1.759257 20 SpineShoulder
-0.645206 0.6062824 1.767636 21 HandTipLeft
-0.5639911 0.5078399 1.79375 22 ThumbLeft
0.5288824 0.5724929 1.758667 23 HandTipRight
0.4592085 0.4808829 1.7605 24 ThumbRight
-0.07312561 -0.3718464 1.696389 0 SpineBase
-0.06830198 -0.08420262 1.736729 1 SpineMid
-0.06309735 0.1949157 1.763497 2 Neck
-0.236794 0.1356186 1.758479 4 ShoulderLeft
-0.3825587 0.3181997 1.760715 5 ElbowLeft
-0.5158645 0.4715551 1.756346 6 WristLeft
-0.5713818 0.5167728 1.743961 7 HandLeft
0.1249765 0.1139103 1.766274 8 ShoulderRight
0.272234 0.2658335 1.766692 9 ElbowRight
0.4089202 0.4332332 1.74482 10 WristRight
0.4637485 0.4864459 1.741962 11 HandRight
-0.1494124 -0.3625563 1.662412 12 HipLeft
-0.1523055 -0.6897063 1.644663 13 KneeLeft
-0.1561625 -1.031963 1.706885 14 AnkleLeft
0.006173962 -0.3657749 1.660755 16 HipRight
0.02021503 -0.6901985 1.636907 17 KneeRight
0.02534279 -1.035894 1.696355 18 AnkleRight
-0.06443421 0.1261632 1.759165 20 SpineShoulder
-0.6542488 0.5841842 1.758932 21 HandTipLeft
-0.5809978 0.4988456 1.79525 22 ThumbLeft
0.5426938 0.5655501 1.760639 23 HandTipRight
0.5342985 0.5500798 1.7685 24 ThumbRight
-0.07328994 -0.3706226 1.696109 0 SpineBase
-0.06883384 -0.08299813 1.73648 1 SpineMid
-0.06393082 0.1956649 1.763009 2 Neck
-0.2376556 0.1366767 1.759173 4 ShoulderLeft
-0.3831321 0.3164937 1.760722 5 ElbowLeft
-0.5161171 0.4677205 1.756943 6 WristLeft
-0.5642499 0.5237993 1.749267 7 HandLeft
0.1239298 0.1155267 1.766237 8 ShoulderRight
0.2697121 0.2676324 1.765021 9 ElbowRight
0.4047641 0.4326927 1.74538 10 WristRight
0.450228 0.4943279 1.744284 11 HandRight
-0.1496542 -0.3614313 1.662229 12 HipLeft
-0.1523214 -0.6894658 1.644492 13 KneeLeft
-0.155977 -1.030851 1.706486 14 AnkleLeft
0.006100591 -0.364494 1.660357 16 HipRight
0.02006616 -0.6890382 1.636546 17 KneeRight
0.02540243 -1.034686 1.69548 18 AnkleRight
-0.0652092 0.1271114 1.758739 20 SpineShoulder
-0.6511731 0.5941769 1.770958 21 HandTipLeft
-0.5851817 0.5164003 1.795833 22 ThumbLeft
0.5271158 0.5742272 1.765058 23 HandTipRight
0.3912345 0.4651726 1.7545 24 ThumbRight
-0.07524853 -0.3609152 1.693906 0 SpineBase
-0.06961268 -0.08035222 1.736997 1 SpineMid
-0.06349206 0.192567 1.767405 2 Neck
-0.2342182 0.1465562 1.762607 4 ShoulderLeft
-0.3364434 0.367669 1.75867 5 ElbowLeft
-0.4154548 0.5862337 1.747827 6 WristLeft
-0.4494252 0.6331841 1.745113 7 HandLeft
0.1152958 0.1182015 1.766421 8 ShoulderRight
0.2233669 0.3442451 1.759388 9 ElbowRight
0.3122241 0.5438583 1.743313 10 WristRight
0.3414516 0.6094081 1.742731 11 HandRight
-0.1519366 -0.3525893 1.660777 12 HipLeft
-0.1522944 -0.6823613 1.641771 13 KneeLeft
-0.155652 -1.022367 1.704188 14 AnkleLeft
0.00459157 -0.3542601 1.657247 16 HipRight
0.01821045 -0.6777776 1.633683 17 KneeRight
0.02559267 -1.024718 1.692878 18 AnkleRight
-0.0652509 0.1261527 1.761623 20 SpineShoulder
-0.5025384 0.7067841 1.765604 21 HandTipLeft
-0.4659563 0.6259081 1.763929 22 ThumbLeft
0.3967897 0.6982235 1.766275 23 HandTipRight
0.3579373 0.599176 1.770125 24 ThumbRight
-0.07498471 -0.334762 1.696608 0 SpineBase
-0.07082376 -0.07528584 1.737661 1 SpineMid
-0.06532256 0.1894284 1.767889 2 Neck
-0.2337664 0.1517405 1.760332 4 ShoulderLeft
-0.2925524 0.5907758 1.747394 6 WristLeft
-0.317341 0.6552773 1.74515 7 HandLeft
0.09284816 0.1781528 1.779265 8 ShoulderRight
0.1638133 0.3534682 1.759496 9 ElbowRight
0.1903034 0.538549 1.735887 10 WristRight
0.2104389 0.6423513 1.736395 11 HandRight
-0.1509492 -0.3326845 1.660897 12 HipLeft
-0.1514797 -0.6724936 1.639099 13 KneeLeft
-0.1557107 -1.003651 1.700005 14 AnkleLeft
0.00381736 -0.3223299 1.66284 16 HipRight
0.01712338 -0.6716645 1.631813 17 KneeRight
0.02499061 -0.9953672 1.685882 18 AnkleRight
-0.0662389 0.1249936 1.762434 20 SpineShoulder
-0.3480334 0.7421093 1.747017 21 HandTipLeft
-0.3556987 0.6933506 1.765111 22 ThumbLeft
0.2424305 0.7303659 1.741673 23 HandTipRight
0.2394219 0.6590443 1.7555 24 ThumbRight
-0.08279954 -0.2863893 1.705468 0 SpineBase
-0.07798178 -0.05542428 1.74058 1 SpineMid
-0.07374847 0.1776243 1.764727 2 Neck
-0.1964333 0.2441144 1.776974 4 ShoulderLeft
-0.2131636 0.467128 1.755467 5 ElbowLeft
-0.207159 0.659991 1.747408 6 WristLeft
-0.2008849 0.7194721 1.752892 7 HandLeft
0.09215307 0.2023997 1.782864 8 ShoulderRight
0.1148569 0.3946194 1.756434 9 ElbowRight
0.1047931 0.6484891 1.748202 10 WristRight
0.08247983 0.7078993 1.742865 11 HandRight
-0.1564024 -0.2790818 1.666104 12 HipLeft
-0.1507149 -0.6343564 1.635287 13 KneeLeft
-0.1555769 -0.9424456 1.692865 14 AnkleLeft
-0.1427998 -1.00984 1.623673 15 FootLeft
-0.005780415 -0.2812893 1.67423 16 HipRight
0.01550975 -0.6361519 1.626541 17 KneeRight
0.02234695 -0.9455228 1.678199 18 AnkleRight
0.07483622 -0.9374662 1.571589 19 FootRight
-0.07366899 0.1213065 1.761313 20 SpineShoulder
-0.2113032 0.794453 1.765376 21 HandTipLeft
-0.2265012 0.7125055 1.770138 22 ThumbLeft
0.08341672 0.7926523 1.758853 23 HandTipRight
0.1172102 0.7300682 1.787364 24 ThumbRight
-0.08271778 -0.2861786 1.704663 0 SpineBase
-0.07760438 -0.05329249 1.742569 1 SpineMid
-0.07234658 0.1763741 1.770351 2 Neck
-0.1989304 0.2440707 1.778352 4 ShoulderLeft
-0.2028977 0.4698789 1.759325 5 ElbowLeft
-0.1948694 0.6659346 1.755583 6 WristLeft
-0.2010799 0.7213766 1.766399 7 HandLeft
0.08363236 0.1671079 1.775579 8 ShoulderRight
0.07815608 0.6396739 1.752161 10 WristRight
0.06703746 0.7018888 1.759577 11 HandRight
-0.1562814 -0.2788632 1.665755 12 HipLeft
-0.1502469 -0.6341508 1.634722 13 KneeLeft
-0.1551094 -0.9424713 1.691325 14 AnkleLeft
-0.1315753 -1.013571 1.637709 15 FootLeft
-0.005760042 -0.2812971 1.673012 16 HipRight
0.01865841 -0.6308243 1.624524 17 KneeRight
0.02250163 -0.9407023 1.674275 18 AnkleRight
0.07164772 -0.9906616 1.601915 19 FootRight
-0.07322227 0.1207191 1.765546 20 SpineShoulder
-0.2120297 0.7973972 1.786728 21 HandTipLeft
-0.2257504 0.7034537 1.782619 22 ThumbLeft
0.06821324 0.7944512 1.782654 23 HandTipRight
0.09938841 0.7253523 1.8028 24 ThumbRight
-0.08111187 -0.2844126 1.704785 0 SpineBase
-0.07670309 -0.05241031 1.743687 1 SpineMid
-0.2013719 0.2439056 1.780068 4 ShoulderLeft
-0.2034009 0.4817443 1.769428 5 ElbowLeft
-0.2035669 0.6709368 1.771866 6 WristLeft
-0.2122186 0.7238635 1.778389 7 HandLeft
0.08889523 0.1909682 1.782307 8 ShoulderRight
0.1016046 0.389886 1.771096 9 ElbowRight
0.0805517 0.6432446 1.763003 10 WristRight
0.0760617 0.7025082 1.772181 11 HandRight
-0.1549602 -0.2777711 1.666186 12 HipLeft
-0.1495185 -0.633116 1.634474 13 KneeLeft
-0.1549857 -0.9415241 1.690685 14 AnkleLeft
-0.1342283 -1.011785 1.63212 15 FootLeft
-0.003904617 -0.2789327 1.672841 16 HipRight
0.01912219 -0.6298173 1.623998 17 KneeRight
0.02270152 -0.9396781 1.673886 18 AnkleRight
0.0400067 -1.011442 1.620797 19 FootRight
-0.07279836 0.119806 1.766723 20 SpineShoulder
-0.2254285 0.8008859 1.800932 21 HandTipLeft
-0.2396494 0.7123955 1.8028 22 ThumbLeft
0.07783397 0.7931945 1.798898 23 HandTipRight
0.1118795 0.7188004 1.815 24 ThumbRight
-0.08002745 -0.2834839 1.705331 0 SpineBase
-0.07639395 -0.05128924 1.744945 1 SpineMid
-0.2030994 0.2442905 1.78152 4 ShoulderLeft
-0.2035954 0.475946 1.77127 5 ElbowLeft
-0.2001605 0.6726382 1.778711 6 WristLeft
-0.2082219 0.7268503 1.785522 7 HandLeft
0.0894701 0.1935928 1.783354 8 ShoulderRight
0.1012158 0.3879658 1.775308 9 ElbowRight
0.08423303 0.640453 1.786888 10 WristRight
0.07124422 0.7071666 1.784101 11 HandRight
-0.1537087 -0.2771114 1.666899 12 HipLeft
-0.1489062 -0.6324992 1.634522 13 KneeLeft
-0.1550338 -0.9410455 1.690095 14 AnkleLeft
-0.1331483 -1.0124 1.635994 15 FootLeft
-0.002937643 -0.2779108 1.673358 16 HipRight
0.01929333 -0.629453 1.623978 17 KneeRight
0.02290712 -0.9393471 1.673723 18 AnkleRight
0.04931759 -1.007927 1.617556 19 FootRight
-0.07319308 0.1199521 1.767888 20 SpineShoulder
-0.2215627 0.8060043 1.810217 21 HandTipLeft
-0.2348756 0.7107272 1.802333 22 ThumbLeft
0.07615995 0.7997995 1.814447 23 HandTipRight
0.106186 0.7235759 1.820253 24 ThumbRight
-0.07934058 -0.281767 1.706227 0 SpineBase
-0.07622378 -0.04632485 1.746605 1 SpineMid
-0.2094416 0.2410597 1.786242 4 ShoulderLeft
-0.2359148 0.491608 1.782769 5 ElbowLeft
-0.2474147 0.6772425 1.783546 6 WristLeft
-0.2727151 0.7200972 1.792269 7 HandLeft
0.09114984 0.2040012 1.787208 8 ShoulderRight
0.08836431 0.4597957 1.782685 9 ElbowRight
0.02090185 0.633845 1.784536 10 WristRight
-0.003420918 0.6653808 1.786963 11 HandRight
-0.1531084 -0.2754123 1.666909 12 HipLeft
-0.1492589 -0.6308359 1.63483 13 KneeLeft
-0.1546648 -0.9395358 1.689875 14 AnkleLeft
-0.1500676 -0.9952716 1.57723 15 FootLeft
-0.00165492 -0.2761143 1.675467 16 HipRight
0.01731321 -0.6312223 1.626369 17 KneeRight
0.02352346 -0.9410722 1.676066 18 AnkleRight
0.0469228 -1.001051 1.598691 19 FootRight
-0.07331491 0.1272998 1.769472 20 SpineShoulder
0.0004396912 0.7469708 1.79457 23 HandTipRight
0.0313743 0.6597853 1.778882 24 ThumbRight
-0.07441439 -0.2931297 1.703726 0 SpineBase
-0.03127693 -0.04387776 1.747892 1 SpineMid
0.02217932 0.2058189 1.781326 2 Neck
-0.1893213 0.2137326 1.777154 4 ShoulderLeft
-0.2817013 0.39888 1.786629 5 ElbowLeft
-0.369569 0.6078153 1.807704 6 WristLeft
-0.4031052 0.6618074 1.809518 7 HandLeft
0.1030582 0.2229916 1.785944 8 ShoulderRight
0.1742228 0.3973065 1.780501 9 ElbowRight
-0.006851562 0.4936215 1.802448 10 WristRight
-0.06160444 0.5292003 1.803279 11 HandRight
-0.1488454 -0.2833013 1.663256 12 HipLeft
-0.1504608 -0.638288 1.635465 13 KneeLeft
-0.1547262 -0.9471788 1.689481 14 AnkleLeft
-0.1326958 -1.01668 1.629808 15 FootLeft
0.004034894 -0.2913953 1.673687 16 HipRight
0.01301873 -0.640102 1.626849 17 KneeRight
0.0241302 -0.9667946 1.677565 18 AnkleRight
0.01067806 0.1445139 1.775386 20 SpineShoulder
-0.4396807 0.7479337 1.849925 21 HandTipLeft
-0.4229047 0.6484321 1.841333 22 ThumbLeft
-0.07250265 -0.3226601 1.698848 0 SpineBase
-0.02841883 -0.05510474 1.743256 1 SpineMid
0.01876209 0.1990983 1.774198 2 Neck
-0.1735864 0.1699264 1.759401 4 ShoulderLeft
-0.3369749 0.3587643 1.796708 5 ElbowLeft
-0.4634989 0.5227951 1.810512 6 WristLeft
-0.5092197 0.5782403 1.819896 7 HandLeft
0.1020383 0.2138696 1.780528 8 ShoulderRight
0.01885027 0.4276901 1.805093 10 WristRight
-0.1467254 -0.3115976 1.662901 12 HipLeft
-0.1540856 -0.6613106 1.637366 13 KneeLeft
-0.1570338 -0.9846639 1.692352 14 AnkleLeft
0.004856236 -0.3210003 1.664287 16 HipRight
0.01160388 -0.6700028 1.631139 17 KneeRight
0.02365496 -0.9945496 1.683732 18 AnkleRight
0.008010056 0.1371013 1.768965 20 SpineShoulder
-0.5686539 0.6556754 1.866133 21 HandTipLeft
-0.5117755 0.5579646 1.850182 22 ThumbLeft
-0.07479286 -0.3604033 1.696291 0 SpineBase
-0.0182029 -0.09020502 1.735394 1 SpineMid
0.03874332 0.1689959 1.758954 2 Neck
-0.1424505 0.1240779 1.727527 4 ShoulderLeft
-0.3447704 0.2619512 1.784988 5 ElbowLeft
-0.5425366 0.3777498 1.832173 6 WristLeft
-0.6104282 0.4199807 1.842069 7 HandLeft
0.1370886 0.1475298 1.773004 8 ShoulderRight
0.02753405 0.381991 1.800502 10 WristRight
-0.1485674 -0.3401826 1.653851 12 HipLeft
-0.1595854 -0.6766827 1.640913 13 KneeLeft
-0.1587626 -1.010714 1.697735 14 AnkleLeft
0.001894017 -0.3675463 1.670311 16 HipRight
0.006709862 -0.6541466 1.629448 17 KneeRight
0.02525281 -1.036558 1.695958 18 AnkleRight
0.02466575 0.1056091 1.755631 20 SpineShoulder
-0.7072409 0.4714159 1.876655 21 HandTipLeft
-0.6342515 0.4124832 1.87675 22 ThumbLeft
-0.0836236 -0.3897427 1.691511 0 SpineBase
-0.009968567 -0.1106539 1.731779 1 SpineMid
0.0672959 0.1521842 1.756294 2 Neck
-0.1160153 0.1040917 1.717417 4 ShoulderLeft
-0.3444057 0.1945475 1.774058 5 ElbowLeft
-0.5401757 0.2480953 1.820684 6 WristLeft
-0.6497338 0.2652619 1.85006 7 HandLeft
0.1654702 0.130448 1.770513 8 ShoulderRight
0.07776571 0.3652429 1.797822 10 WristRight
-0.159297 -0.372796 1.660002 12 HipLeft
-0.1618024 -0.6853537 1.643269 13 KneeLeft
-0.1625841 -1.04193 1.705018 14 AnkleLeft
-0.005030094 -0.3934503 1.654092 16 HipRight
0.005451804 -0.6508923 1.62935 17 KneeRight
0.02303679 -1.059425 1.703762 18 AnkleRight
0.04743481 0.08782608 1.752578 20 SpineShoulder
-0.7372276 0.2656356 1.892468 21 HandTipLeft
-0.6519556 0.2409071 1.8676 22 ThumbLeft
-0.08580455 -0.3934959 1.69073 0 SpineBase
-0.007712644 -0.1162448 1.730284 1 SpineMid
0.07138074 0.1472546 1.753922 2 Neck
-0.1041265 0.09199537 1.709912 4 ShoulderLeft
-0.3434853 0.1342221 1.775324 5 ElbowLeft
-0.5515542 0.1596344 1.823687 6 WristLeft
-0.6593644 0.1452071 1.857105 7 HandLeft
0.1697794 0.1255504 1.768709 8 ShoulderRight
0.07941322 0.1923786 1.789756 10 WristRight
-0.5059916 0.1523305 1.811773 11 HandRight
-0.1606289 -0.3752013 1.65941 12 HipLeft
-0.1631548 -0.6888182 1.644083 13 KneeLeft
-0.1650967 -1.044122 1.705728 14 AnkleLeft
-0.007526908 -0.397003 1.653093 16 HipRight
0.005176155 -0.6541721 1.629544 17 KneeRight
0.02272908 -1.062251 1.705812 18 AnkleRight
0.05208264 0.08218718 1.750493 20 SpineShoulder
-0.7463756 0.1232817 1.898661 21 HandTipLeft
-0.6855381 0.111162 1.886769 22 ThumbLeft
-0.08897521 -0.3993493 1.68912 0 SpineBase
-0.01260072 -0.118562 1.727653 1 SpineMid
0.05770798 0.1515702 1.748561 2 Neck
-0.1073993 0.09042183 1.708059 4 ShoulderLeft
-0.345361 0.1327149 1.777103 5 ElbowLeft
-0.5458267 0.1422618 1.829995 6 WristLeft
-0.6490514 0.1227542 1.867738 7 HandLeft
0.1652486 0.1033906 1.761085 8 ShoulderRight
0.3463497 0.1865007 1.780857 9 ElbowRight
0.08813116 0.1734341 1.789611 10 WristRight
-0.493509 0.1363754 1.818982 11 HandRight
-0.1646431 -0.379328 1.658716 12 HipLeft
-0.1639314 -0.6914608 1.644637 13 KneeLeft
-0.1662247 -1.047931 1.706797 14 AnkleLeft
-0.009619371 -0.403935 1.650211 16 HipRight
0.004357222 -0.6605673 1.630192 17 KneeRight
0.02225645 -1.068198 1.708354 18 AnkleRight
0.04111702 0.08463871 1.745942 20 SpineShoulder
-0.7337198 0.09870313 1.914664 21 HandTipLeft
-0.6729141 0.08932115 1.897364 22 ThumbLeft
-0.09005325 -0.4020616 1.689223 0 SpineBase
-0.01532866 -0.1199718 1.72597 1 SpineMid
0.05449068 0.1515366 1.745813 2 Neck
-0.1087301 0.08957919 1.707243 4 ShoulderLeft
-0.3400142 0.1296025 1.793024 5 ElbowLeft
-0.557709 0.1484466 1.863241 6 WristLeft
-0.6563926 0.145172 1.910712 7 HandLeft
0.16507 0.09741904 1.754789 8 ShoulderRight
0.3531683 0.145262 1.782552 9 ElbowRight
0.09418464 0.1509893 1.782626 10 WristRight
-0.2849764 0.1355101 1.765992 11 HandRight
-0.1659872 -0.38231 1.658597 12 HipLeft
-0.1675383 -0.6940538 1.645752 13 KneeLeft
-0.1691035 -1.05084 1.707089 14 AnkleLeft
-0.01033625 -0.4056102 1.650839 16 HipRight
-0.001359039 -0.6626104 1.628492 17 KneeRight
0.02457548 -1.069048 1.709198 18 AnkleRight
0.03764407 0.08467433 1.743376 20 SpineShoulder
-0.7374067 0.121976 1.954005 21 HandTipLeft
-0.6757858 0.1116292 1.9389 22 ThumbLeft
-0.08948793 -0.4015056 1.690379 0 SpineBase
-0.01255763 -0.1236439 1.724081 1 SpineMid
0.06307456 0.1401971 1.739048 2 Neck
-0.1090711 0.08970043 1.707831 4 ShoulderLeft
-0.3369262 0.138475 1.79717 5 ElbowLeft
-0.5683005 0.1592171 1.887683 6 WristLeft
-0.645485 0.1648865 1.921372 7 HandLeft
0.1702646 0.09468669 1.753672 8 ShoulderRight
0.3622837 0.1176275 1.779764 9 ElbowRight
0.1045224 0.123707 1.796481 10 WristRight
-0.3706631 0.1503477 1.808705 11 HandRight
-0.1654106 -0.3819896 1.659329 12 HipLeft
-0.1689008 -0.6947696 1.646163 13 KneeLeft
-0.1714289 -1.050722 1.706554 14 AnkleLeft
-0.00988302 -0.4047071 1.65241 16 HipRight
-0.003601164 -0.6619213 1.628771 17 KneeRight
0.02444391 -1.068168 1.709445 18 AnkleRight
0.04444461 0.0756091 1.737904 20 SpineShoulder
-0.7173949 0.1441006 1.966697 21 HandTipLeft
-0.6384304 0.1379748 1.931276 22 ThumbLeft
-0.0871985 -0.4029169 1.692575 0 SpineBase
0.003184187 -0.1349386 1.722514 1 SpineMid
0.09284804 0.1210296 1.734372 2 Neck
-0.1019064 0.0873469 1.707451 4 ShoulderLeft
-0.3218734 0.160236 1.799479 5 ElbowLeft
-0.555647 0.1872758 1.883149 6 WristLeft
-0.6126331 0.1991129 1.907917 7 HandLeft
0.1849039 0.07991531 1.744554 8 ShoulderRight
0.3671418 0.07446428 1.776962 9 ElbowRight
0.1116609 0.1088939 1.793848 10 WristRight
-0.4373344 0.1917889 1.836497 11 HandRight
-0.1628783 -0.3831902 1.661755 12 HipLeft
-0.1684293 -0.6998606 1.64758 13 KneeLeft
-0.172408 -1.052114 1.70687 14 AnkleLeft
-0.007922689 -0.4062454 1.654301 16 HipRight
-4.411449E-05 -0.6633665 1.630882 17 KneeRight
0.01953949 -1.070602 1.70977 18 AnkleRight
0.07082926 0.05827697 1.733892 20 SpineShoulder
-0.6892216 0.1839428 1.948682 21 HandTipLeft
-0.6182845 0.1717144 1.926905 22 ThumbLeft
-0.08113151 -0.413555 1.699126 0 SpineBase
0.03381988 -0.1633123 1.722779 1 SpineMid
0.15137 0.07715046 1.728803 2 Neck
-0.08171277 0.1108473 1.714891 4 ShoulderLeft
-0.3046104 0.1873616 1.798831 5 ElbowLeft
-0.5155734 0.2471151 1.872229 6 WristLeft
-0.5711625 0.2579723 1.893076 7 HandLeft
0.2040564 0.0284783 1.73096 8 ShoulderRight
0.3957914 0.0490701 1.77546 9 ElbowRight
0.1433623 0.101824 1.792813 10 WristRight
-0.4323103 0.2373442 1.838388 11 HandRight
-0.1553903 -0.3922873 1.667372 12 HipLeft
-0.1650371 -0.7059327 1.650281 13 KneeLeft
-0.1742547 -1.061252 1.708056 14 AnkleLeft
-0.003588546 -0.4181877 1.661946 16 HipRight
0.005666448 -0.6750196 1.638007 17 KneeRight
0.01606998 -1.083688 1.712023 18 AnkleRight
0.1238761 0.01700449 1.729755 20 SpineShoulder
-0.6481751 0.2534305 1.932144 21 HandTipLeft
-0.554546 0.2396856 1.8995 22 ThumbLeft
-0.07525977 -0.417621 1.705823 0 SpineBase
0.05060839 -0.1726528 1.722176 1 SpineMid
0.1773952 0.06322548 1.71901 2 Neck
-0.03687162 0.1554145 1.729568 4 ShoulderLeft
-0.2729081 0.2185843 1.79276 5 ElbowLeft
-0.4581074 0.2793249 1.86011 6 WristLeft
-0.5362383 0.3059894 1.880169 7 HandLeft
0.239981 0.02290316 1.727246 8 ShoulderRight
0.1721632 0.09334444 1.784252 10 WristRight
-0.3818265 0.2693029 1.818341 11 HandRight
-0.1455039 -0.3956045 1.672587 12 HipLeft
-0.1591026 -0.6530242 1.642652 13 KneeLeft
-0.174448 -1.062767 1.711669 14 AnkleLeft
-0.0009943485 -0.4230743 1.670597 16 HipRight
0.01245342 -0.7491022 1.653373 17 KneeRight
0.01352363 -1.092195 1.705622 18 AnkleRight
0.1461065 0.005332411 1.722673 20 SpineShoulder
-0.6125326 0.3132182 1.916703 21 HandTipLeft
-0.5331081 0.2822779 1.892363 22 ThumbLeft
-0.06920782 -0.453476 1.715398 0 SpineBase
0.05048562 -0.1978385 1.708303 1 SpineMid
0.1598237 0.04313834 1.675882 2 Neck
-0.08646351 0.1274507 1.729887 4 ShoulderLeft
-0.3925926 0.3482871 1.823701 6 WristLeft
-0.4639172 0.3672389 1.859536 7 HandLeft
0.3286741 -0.07870843 1.739879 8 ShoulderRight
0.2649653 0.0706078 1.766864 10 WristRight
-0.3641094 0.3309388 1.816947 11 HandRight
-0.1385644 -0.4258469 1.675942 12 HipLeft
-0.1621347 -0.7745177 1.668025 13 KneeLeft
-0.1848654 -1.087496 1.685076 14 AnkleLeft
0.00304368 -0.4630523 1.68643 16 HipRight
0.01368394 -0.7654147 1.662031 17 KneeRight
0.01358358 -1.131692 1.71383 18 AnkleRight
0.1329261 -0.01766931 1.685753 20 SpineShoulder
-0.5446476 0.3863775 1.895191 21 HandTipLeft
-0.4630604 0.3482265 1.874921 22 ThumbLeft
-0.4501743 0.3704939 1.826852 23 HandTipRight
-0.4398568 0.3692726 1.792909 24 ThumbRight
-0.06862196 -0.4622525 1.719071 0 SpineBase
0.04127158 -0.1882079 1.717986 1 SpineMid
0.1321167 0.1037609 1.711708 2 Neck
0.03349192 0.1351009 1.701289 4 ShoulderLeft
-0.1694806 0.2726034 1.763264 5 ElbowLeft
-0.353642 0.3884873 1.82678 6 WristLeft
-0.4199544 0.4176326 1.858535 7 HandLeft
0.3010571 -0.0183054 1.775923 8 ShoulderRight
-0.07772072 0.1899591 1.766692 10 WristRight
-0.2783496 0.3434711 1.794011 11 HandRight
-0.1385595 -0.4313977 1.678226 12 HipLeft
-0.1645383 -0.7799928 1.667838 13 KneeLeft
-0.1893835 -1.092978 1.68267 14 AnkleLeft
0.004309662 -0.4752163 1.69163 16 HipRight
0.006175071 -0.7315713 1.650522 17 KneeRight
0.02536961 -1.148408 1.731826 18 AnkleRight
0.108182 0.03388238 1.717631 20 SpineShoulder
-0.4889539 0.4445353 1.894953 21 HandTipLeft
-0.425288 0.3939198 1.885769 22 ThumbLeft
-0.3619477 0.401266 1.817211 23 HandTipRight
-0.2735621 0.3607821 1.767667 24 ThumbRight
-0.09189291 -0.4770054 1.743303 0 SpineBase
-0.02770425 -0.1726469 1.729877 1 SpineMid
0.04055789 0.1434056 1.697114 2 Neck
-0.04684873 0.2010605 1.675525 4 ShoulderLeft
-0.3130209 0.5152444 1.8017 6 WristLeft
0.1400394 0.04802431 1.642658 8 ShoulderRight
0.3408935 -0.110739 1.657477 9 ElbowRight
0.1555085 0.0666592 1.684783 10 WristRight
0.1190269 0.1162568 1.648622 11 HandRight
-0.1583252 -0.4480927 1.701127 12 HipLeft
-0.181489 -0.7037132 1.651723 13 KneeLeft
-0.1635697 -1.123864 1.720015 14 AnkleLeft
-0.02440281 -0.4864747 1.718078 16 HipRight
0.007727181 -0.7403716 1.660499 17 KneeRight
0.01859142 -1.158768 1.735998 18 AnkleRight
0.02328404 0.06831757 1.708234 20 SpineShoulder
0.03719283 0.1299263 1.654969 23 HandTipRight
0.1529505 0.1084037 1.618909 24 ThumbRight
-0.1042352 -0.4835092 1.774104 0 SpineBase
-0.02811001 -0.190238 1.72561 1 SpineMid
0.04762865 0.08452514 1.650723 2 Neck
-0.03989104 0.1424196 1.62919 4 ShoulderLeft
-0.1545851 0.4890461 1.676389 6 WristLeft
-0.1925938 0.5263988 1.672705 7 HandLeft
0.1601594 0.02470279 1.624678 8 ShoulderRight
0.3725585 -0.1208281 1.620384 9 ElbowRight
0.1992355 0.07186633 1.626244 10 WristRight
0.1087744 0.1123751 1.578793 11 HandRight
-0.1757014 -0.4506562 1.735814 12 HipLeft
-0.2130799 -0.7034879 1.670277 13 KneeLeft
-0.1907572 -1.123812 1.7371 14 AnkleLeft
-0.02918634 -0.4978511 1.745257 16 HipRight
-0.003916166 -0.7527198 1.704803 17 KneeRight
0.01450649 -1.180593 1.705817 18 AnkleRight
0.02898903 0.01641663 1.67172 20 SpineShoulder
-0.2426087 0.599368 1.720037 21 HandTipLeft
-0.209132 0.5148377 1.706818 22 ThumbLeft
0.04788837 0.2262355 1.606279 23 HandTipRight
0.0487844 0.08174378 1.585643 24 ThumbRight
-0.09553786 -0.4801924 1.798504 0 SpineBase
-0.01816106 -0.2203733 1.700981 1 SpineMid
0.05804356 0.01777148 1.571626 2 Neck
-0.02966904 0.07597909 1.550177 4 ShoulderLeft
-0.1077532 0.4616719 1.490535 6 WristLeft
-0.1584773 0.5190647 1.483111 7 HandLeft
0.2023522 -0.02745179 1.553049 8 ShoulderRight
0.3755486 -0.2125612 1.578653 9 ElbowRight
0.2034299 -0.01871453 1.544858 10 WristRight
0.1180984 0.04660632 1.508766 11 HandRight
-0.1592115 -0.4398515 1.796492 12 HipLeft
-0.2164796 -0.693464 1.697009 13 KneeLeft
-0.2118303 -1.094883 1.743907 14 AnkleLeft
-0.02364269 -0.4989434 1.746932 16 HipRight
-0.009319273 -0.7534989 1.72779 17 KneeRight
0.02086901 -1.180354 1.684881 18 AnkleRight
0.03930597 -0.03996582 1.60678 20 SpineShoulder
-0.1922171 0.5794356 1.512301 21 HandTipLeft
-0.1885233 0.5168331 1.441616 22 ThumbLeft
0.06910355 0.1430773 1.496127 23 HandTipRight
0.07033687 -0.006164178 1.494723 24 ThumbRight
-0.08156814 -0.5508347 1.843269 0 SpineBase
0.0003837182 -0.3112682 1.691238 1 SpineMid
0.08017273 -0.07471794 1.525312 2 Neck
-0.0971453 -0.1845887 1.656132 4 ShoulderLeft
-0.04435959 0.03436911 1.509812 5 ElbowLeft
-0.05217641 0.264515 1.383644 6 WristLeft
-0.08847436 0.4427166 1.303908 7 HandLeft
0.217886 -0.07304995 1.507508 8 ShoulderRight
0.3785515 -0.2633813 1.550958 9 ElbowRight
0.2191282 -0.06679016 1.479953 10 WristRight
0.1390868 -0.01177793 1.476609 11 HandRight
-0.144178 -0.528206 1.819861 12 HipLeft
-0.2369825 -0.7492956 1.689706 13 KneeLeft
-0.1909147 -1.162769 1.777412 14 AnkleLeft
-0.01591062 -0.5530922 1.798484 16 HipRight
-0.01330504 -0.8049864 1.716673 17 KneeRight
0.04312529 -1.228461 1.729447 18 AnkleRight
0.06062116 -0.1332927 1.569275 20 SpineShoulder
-0.1098317 0.5280017 1.296586 21 HandTipLeft
-0.1297993 0.4712754 1.2522 22 ThumbLeft
-0.08533192 -0.5488859 1.846077 0 SpineBase
-0.007993017 -0.3242834 1.695492 1 SpineMid
0.06386763 -0.1111564 1.531754 2 Neck
-0.09824865 -0.1822886 1.65327 4 ShoulderLeft
-0.03220826 -0.01291127 1.453355 5 ElbowLeft
-0.03006235 0.1732123 1.265232 6 WristLeft
-0.02069723 0.3439907 1.103143 7 HandLeft
0.2224064 -0.07997973 1.503009 8 ShoulderRight
0.3650599 -0.2459566 1.51924 9 ElbowRight
0.2005909 -0.07007091 1.411301 10 WristRight
0.1124676 -0.02667185 1.435434 11 HandRight
-0.1487123 -0.5232522 1.826688 12 HipLeft
-0.2321762 -0.7539706 1.71358 13 KneeLeft
-0.1950006 -1.17459 1.77179 14 AnkleLeft
-0.01907383 -0.5535946 1.798067 16 HipRight
-0.01890282 -0.8078359 1.736994 17 KneeRight
0.06487933 -1.227305 1.697138 18 AnkleRight
0.04594828 -0.1636172 1.575244 20 SpineShoulder
-0.02618226 0.4120511 1.064131 21 HandTipLeft
-0.03955412 0.3447635 1.054917 22 ThumbLeft
-0.08069668 -0.5596916 1.849549 0 SpineBase
0.006542739 -0.3660253 1.692149 1 SpineMid
-0.09517524 -0.1555399 1.61343 4 ShoulderLeft
0.008345069 -0.04362679 1.389728 5 ElbowLeft
0.02794473 0.07260741 1.151859 6 WristLeft
0.04225011 0.2043341 0.9521587 7 HandLeft
0.2107303 -0.2034387 1.54039 8 ShoulderRight
0.3553765 -0.3230209 1.537116 9 ElbowRight
0.2853356 -0.2684938 1.358722 10 WristRight
0.2370724 -0.1597588 1.418868 11 HandRight
-0.1483911 -0.5262321 1.831815 12 HipLeft
-0.2337374 -0.758435 1.726419 13 KneeLeft
-0.1874662 -1.181327 1.763783 14 AnkleLeft
-0.006079077 -0.5784516 1.797767 16 HipRight
-0.02235619 -0.8318658 1.74034 17 KneeRight
0.1059284 -1.239158 1.690001 18 AnkleRight
0.06754337 -0.2212687 1.567418 20 SpineShoulder
0.04479338 0.2466564 0.8942564 21 HandTipLeft
0.04219043 0.1705642 0.9030001 22 ThumbLeft
0.232106 -0.1555645 1.404262 23 HandTipRight
0.2286928 -0.1593661 1.388206 24 ThumbRight
-0.09553181 -0.5062869 2.007596 0 SpineBase
-0.02060453 -0.3290809 1.760862 1 SpineMid
0.05294246 -0.1523015 1.501536 2 Neck
-0.1261577 -0.2047693 1.613173 4 ShoulderLeft
-0.2105571 -0.4132542 1.715614 5 ElbowLeft
-0.121387 -0.3063896 1.489631 6 WristLeft
0.2076387 -0.2139568 1.561191 8 ShoulderRight
0.03662978 -0.134698 1.151626 11 HandRight
-0.1819477 -0.4926521 1.964295 12 HipLeft
-0.2264509 -0.7279787 1.743507 13 KneeLeft
-0.2216904 -1.103633 1.740143 14 AnkleLeft
-0.005851338 -0.5025061 1.981841 16 HipRight
-0.04750969 -0.7436408 1.75251 17 KneeRight
0.02302276 -1.10524 1.71468 18 AnkleRight
0.03484236 -0.1963685 1.568746 20 SpineShoulder
-0.02310809 -0.23976 1.474342 21 HandTipLeft
-0.01488272 -0.2785219 1.4957 22 ThumbLeft
0.05348706 -0.1469812 1.071722 23 HandTipRight
0.01845295 -0.1557154 1.139889 24 ThumbRight
-0.1492525 -0.5802799 1.874227 0 SpineBase
-0.007800589 -0.3892511 1.695715 1 SpineMid
0.113207 -0.215397 1.501532 2 Neck
-0.09262888 -0.1656913 1.529186 4 ShoulderLeft
-0.1876167 -0.3525176 1.656978 5 ElbowLeft
-0.07984214 -0.3895314 1.417521 6 WristLeft
-0.03678533 -0.3714927 1.299537 7 HandLeft
0.250439 -0.2710932 1.552819 8 ShoulderRight
0.02124037 -0.3343531 1.414446 10 WristRight
-0.01480273 -0.3308253 1.287387 11 HandRight
-0.2196192 -0.5349901 1.859936 12 HipLeft
-0.239221 -0.7809982 1.752548 13 KneeLeft
-0.2075164 -1.194075 1.765717 14 AnkleLeft
-0.06855127 -0.6048528 1.822343 16 HipRight
-0.09198684 -0.9162573 1.702775 17 KneeRight
0.08230332 -0.2560753 1.549222 20 SpineShoulder
-0.01555356 -0.4396746 1.250273 21 HandTipLeft
-0.01427433 -0.4401913 1.2375 22 ThumbLeft
-0.004454575 -0.3836089 1.237545 23 HandTipRight
-0.04745927 -0.3190189 1.2974 24 ThumbRight
-0.1172287 -0.5927036 1.853971 0 SpineBase
-0.0105091 -0.3940936 1.690475 1 SpineMid
0.0996829 -0.2058702 1.499053 2 Neck
-0.07131034 -0.1617953 1.483384 4 ShoulderLeft
-0.17132 -0.3341415 1.624887 5 ElbowLeft
-0.07154529 -0.4521229 1.410307 6 WristLeft
-0.03834281 -0.5187211 1.347429 7 HandLeft
0.2383738 -0.2638149 1.551753 8 ShoulderRight
-0.1839925 -0.5633129 1.778621 12 HipLeft
-0.2376136 -0.8093727 1.769907 13 KneeLeft
-0.2247972 -1.233664 1.696694 14 AnkleLeft
-0.04023772 -0.6036934 1.850131 16 HipRight
0.008474387 -0.9301527 1.695452 17 KneeRight
0.07509456 -0.2530969 1.548202 20 SpineShoulder
-0.02588519 -0.5918285 1.326769 21 HandTipLeft
-0.05736522 -0.5794139 1.350333 22 ThumbLeft
-0.1498068 -0.6036996 1.83971 0 SpineBase
-0.03711074 -0.3912262 1.676202 1 SpineMid
0.06979103 -0.1816252 1.496412 2 Neck
-0.07649264 -0.1761302 1.477145 4 ShoulderLeft
-0.1861946 -0.3286034 1.631427 5 ElbowLeft
-0.1849836 -0.5799505 1.659602 6 WristLeft
-0.198276 -0.6514263 1.691975 7 HandLeft
0.1565515 -0.3171057 1.584327 8 ShoulderRight
0.2650723 -0.23498 1.434232 9 ElbowRight
0.0730667 -0.244637 1.411905 10 WristRight
0.04679076 -0.2436774 1.454694 11 HandRight
-0.2265622 -0.5677584 1.762787 12 HipLeft
-0.2391643 -0.8366376 1.755289 13 KneeLeft
-0.2627811 -1.233781 1.788716 14 AnkleLeft
-0.07161266 -0.6118495 1.852617 16 HipRight
-0.02155994 -0.8534502 1.748033 17 KneeRight
0.1199743 -1.257425 1.718544 18 AnkleRight
0.04391062 -0.2338224 1.543459 20 SpineShoulder
-0.1584941 -0.5465744 1.847501 0 SpineBase
-0.05227246 -0.3194602 1.703344 1 SpineMid
0.05021101 -0.09058037 1.54807 2 Neck
-0.1143124 -0.08885925 1.51208 4 ShoulderLeft
-0.2525062 -0.2152857 1.526183 5 ElbowLeft
-0.2121945 -0.442683 1.623232 6 WristLeft
-0.2168596 -0.5135117 1.695156 7 HandLeft
0.1525267 -0.2514435 1.625289 8 ShoulderRight
0.1827355 0.05388983 1.405939 10 WristRight
0.1440189 0.08760921 1.450628 11 HandRight
-0.2297349 -0.5156545 1.791395 12 HipLeft
-0.2372698 -0.7709379 1.759326 13 KneeLeft
-0.2283891 -1.199383 1.744317 14 AnkleLeft
-0.08161277 -0.5569296 1.836239 16 HipRight
-0.02360032 -0.7947658 1.719884 17 KneeRight
0.03296028 -1.209168 1.79521 18 AnkleRight
0.02505327 -0.1475062 1.58875 20 SpineShoulder
-0.142785 -0.4761434 1.800083 0 SpineBase
-0.06117257 -0.197978 1.713409 1 SpineMid
0.01082938 0.08935624 1.621069 2 Neck
-0.1394753 0.03029902 1.568264 4 ShoulderLeft
-0.2526425 -0.1106589 1.489084 5 ElbowLeft
-0.2161096 -0.2795775 1.398856 6 WristLeft
-0.2143686 -0.3801963 1.373449 7 HandLeft
0.113268 -0.07202312 1.699343 8 ShoulderRight
0.09637852 -0.1302055 1.597179 10 WristRight
0.06941973 -0.171841 1.627924 11 HandRight
-0.2185715 -0.4525326 1.752223 12 HipLeft
-0.2200484 -0.7087061 1.731009 13 KneeLeft
-0.2401526 -1.135173 1.75536 14 AnkleLeft
-0.06163444 -0.4814141 1.778893 16 HipRight
-0.02913202 -0.7343388 1.706294 17 KneeRight
0.03053187 -1.151626 1.768111 18 AnkleRight
-0.006784883 0.01954548 1.646085 20 SpineShoulder
-0.2240184 -0.4485524 1.347419 21 HandTipLeft
-0.2072037 -0.3377555 1.3196 22 ThumbLeft
-0.1320483 -0.4179477 1.749686 0 SpineBase
-0.08341866 -0.1144613 1.731351 1 SpineMid
-0.03572183 0.1795251 1.697971 2 Neck
-0.169384 0.08777972 1.645444 4 ShoulderLeft
-0.2667339 -0.04972402 1.538564 5 ElbowLeft
-0.1815954 -0.1207579 1.210885 7 HandLeft
0.08625409 0.05294439 1.680364 8 ShoulderRight
0.09526024 -0.1770456 1.592038 9 ElbowRight
0.05522579 -0.3233735 1.467753 10 WristRight
0.03203265 -0.4014861 1.423778 11 HandRight
-0.210623 -0.3944152 1.701814 12 HipLeft
-0.2230607 -0.689448 1.696079 13 KneeLeft
-0.2320601 -1.062956 1.749836 14 AnkleLeft
-0.04830244 -0.4249489 1.728382 16 HipRight
-0.03353874 -0.6914188 1.683999 17 KneeRight
0.02790922 -1.089203 1.742254 18 AnkleRight
-0.04752095 0.1074038 1.708758 20 SpineShoulder
-0.177246 -0.1512619 1.122739 21 HandTipLeft
-0.1884686 -0.1376322 1.107 22 ThumbLeft
0.02430962 -0.4715581 1.405202 23 HandTipRight
-0.003767437 -0.4410041 1.431143 24 ThumbRight
-0.1341926 -0.3729673 1.703918 0 SpineBase
-0.1128126 -0.08403217 1.746638 1 SpineMid
-0.106581 0.2009272 1.776938 2 Neck
-0.2609259 0.1172531 1.7281 4 ShoulderLeft
-0.2825122 0.2526887 1.549325 5 ElbowLeft
-0.2205122 0.3366352 1.38081 6 WristLeft
-0.1907592 0.3659928 1.299189 7 HandLeft
0.04221809 0.0963857 1.736838 8 ShoulderRight
0.2094269 0.05079895 1.639497 9 ElbowRight
0.2040738 0.07247285 1.225568 11 HandRight
-0.2137974 -0.3656445 1.665486 12 HipLeft
-0.2174577 -0.678304 1.654375 13 KneeLeft
-0.228016 -1.032008 1.725855 14 AnkleLeft
-0.04846673 -0.3664685 1.673369 16 HipRight
-0.02323255 -0.6830316 1.63765 17 KneeRight
0.01139517 -1.033393 1.704325 18 AnkleRight
-0.1101897 0.1321751 1.77188 20 SpineShoulder
-0.1489165 0.3770614 1.218545 21 HandTipLeft
-0.2007366 0.3871229 1.249429 22 ThumbLeft
0.226172 0.05374953 1.142749 23 HandTipRight
0.1979769 0.07660843 1.191 24 ThumbRight
-0.1294303 -0.3552532 1.696854 0 SpineBase
-0.1186076 -0.07487088 1.743777 1 SpineMid
-0.1112539 0.1985493 1.774993 2 Neck
-0.2700476 0.1698954 1.730887 4 ShoulderLeft
-0.3069708 0.3991185 1.641469 5 ElbowLeft
-0.2934936 0.6033199 1.573878 6 WristLeft
-0.3016499 0.6835502 1.551423 7 HandLeft
0.04695022 0.1161909 1.749713 8 ShoulderRight
0.1732363 0.3113765 1.621776 9 ElbowRight
0.2179331 0.4451706 1.486105 10 WristRight
0.2352903 0.4852554 1.45262 11 HandRight
-0.2063394 -0.3458653 1.654841 12 HipLeft
-0.2132761 -0.6672156 1.636746 13 KneeLeft
-0.223189 -1.012766 1.710775 14 AnkleLeft
-0.04675393 -0.3499369 1.668939 16 HipRight
-0.02136313 -0.6728238 1.630993 17 KneeRight
0.00861653 -1.018968 1.692829 18 AnkleRight
-0.1132648 0.1321815 1.769829 20 SpineShoulder
-0.311835 0.7366254 1.518394 21 HandTipLeft
-0.3288686 0.6872684 1.553629 22 ThumbLeft
0.2655043 0.5229877 1.397479 23 HandTipRight
0.2523566 0.4747236 1.406895 24 ThumbRight
-0.1284262 -0.341037 1.687667 0 SpineBase
-0.1251932 -0.06216811 1.724188 1 SpineMid
-0.1230015 0.205699 1.744067 2 Neck
-0.276224 0.2095986 1.736041 4 ShoulderLeft
-0.3633377 0.6203851 1.802222 6 WristLeft
-0.3809014 0.6849461 1.842201 7 HandLeft
0.03764416 0.1396978 1.746403 8 ShoulderRight
0.135711 0.3211108 1.720278 9 ElbowRight
0.1555486 0.5750411 1.711974 10 WristRight
0.1604072 0.6673175 1.718629 11 HandRight
-0.2029936 -0.3344074 1.648575 12 HipLeft
-0.213115 -0.6659037 1.632677 13 KneeLeft
-0.2220312 -1.001524 1.705824 14 AnkleLeft
-0.04896323 -0.333111 1.655341 16 HipRight
-0.01934026 -0.6669505 1.630828 17 KneeRight
0.008562721 -1.002399 1.690053 18 AnkleRight
-0.1236385 0.1402685 1.741624 20 SpineShoulder
-0.3831635 0.7525641 1.87 21 HandTipLeft
-0.413384 0.6919819 1.849667 22 ThumbLeft
0.1669413 0.736444 1.711446 23 HandTipRight
0.1926002 0.675009 1.701154 24 ThumbRight
-0.1273376 -0.3403945 1.684784 0 SpineBase
-0.1260834 -0.06143473 1.714946 1 SpineMid
-0.1257531 0.2068841 1.728511 2 Neck
-0.2782611 0.2023067 1.735363 4 ShoulderLeft
-0.3605272 0.413182 1.781004 5 ElbowLeft
-0.4167045 0.6201062 1.903177 6 WristLeft
-0.4327172 0.6830637 1.934863 7 HandLeft
0.0371963 0.1397853 1.740219 8 ShoulderRight
0.1177526 0.3512262 1.760292 9 ElbowRight
0.09574424 0.5855054 1.844148 10 WristRight
0.07909311 0.6567211 1.889199 11 HandRight
-0.2020515 -0.3341807 1.647953 12 HipLeft
-0.2133974 -0.6657342 1.631952 13 KneeLeft
-0.2225482 -1.001048 1.705889 14 AnkleLeft
-0.04735671 -0.3319842 1.649635 16 HipRight
-0.0188841 -0.6603324 1.630726 17 KneeRight
0.00851969 -1.000831 1.690837 18 AnkleRight
-0.1259454 0.1412125 1.727572 20 SpineShoulder
-0.432399 0.7264826 1.960113 21 HandTipLeft
-0.45536 0.6598794 1.919714 22 ThumbLeft
0.05365796 0.7228722 1.933516 23 HandTipRight
0.1020696 0.6900544 1.891166 24 ThumbRight
-0.1276051 -0.3415414 1.684734 0 SpineBase
-0.1269306 -0.0622697 1.713105 1 SpineMid
-0.1267755 0.2067397 1.724946 2 Neck
-0.279707 0.2002206 1.73572 4 ShoulderLeft
-0.3729204 0.3880876 1.745108 5 ElbowLeft
-0.4397292 0.6069651 1.797341 6 WristLeft
-0.4590252 0.6652172 1.813665 7 HandLeft
0.02984505 0.1301182 1.723349 8 ShoulderRight
0.1186816 0.3582251 1.755933 9 ElbowRight
0.08596988 0.5881746 1.846851 10 WristRight
0.07071267 0.6508809 1.877 11 HandRight
-0.2024523 -0.3365247 1.649969 12 HipLeft
-0.2138248 -0.6656523 1.632563 13 KneeLeft
-0.2217974 -1.003439 1.706771 14 AnkleLeft
-0.04767796 -0.3329429 1.648792 16 HipRight
-0.01878566 -0.6601894 1.630967 17 KneeRight
0.00868111 -1.001489 1.691719 18 AnkleRight
-0.1269422 0.1408411 1.724445 20 SpineShoulder
-0.4652625 0.7154397 1.827588 21 HandTipLeft
-0.4840658 0.6535602 1.802583 22 ThumbLeft
0.04964609 0.6950934 1.916818 23 HandTipRight
0.0949946 0.680152 1.8896 24 ThumbRight
-0.1277465 -0.3455747 1.688038 0 SpineBase
-0.1289438 -0.06265257 1.714251 1 SpineMid
-0.1320127 0.2104235 1.726061 2 Neck
-0.2851425 0.1873407 1.72914 4 ShoulderLeft
-0.3889223 0.3520076 1.627651 5 ElbowLeft
-0.4704253 0.5498606 1.552082 6 WristLeft
-0.4969044 0.5993687 1.546296 7 HandLeft
0.02910092 0.1340863 1.719535 8 ShoulderRight
0.1405043 0.3309701 1.665367 9 ElbowRight
0.1579451 0.5828014 1.654404 10 WristRight
0.1553341 0.6452125 1.669332 11 HandRight
-0.2032855 -0.3413961 1.656059 12 HipLeft
-0.2144592 -0.6678805 1.636145 13 KneeLeft
-0.2219098 -1.008839 1.708701 14 AnkleLeft
-0.04725484 -0.33599 1.65052 16 HipRight
-0.01812564 -0.6666449 1.633145 17 KneeRight
0.008778118 -1.004813 1.691911 18 AnkleRight
-0.1311726 0.14316 1.725509 20 SpineShoulder
-0.5186452 0.6519139 1.527315 21 HandTipLeft
-0.5263346 0.5889008 1.539158 22 ThumbLeft
0.1491184 0.6993262 1.676596 23 HandTipRight
0.1818568 0.6549698 1.6448 24 ThumbRight
-0.1258439 -0.4049512 1.729654 0 SpineBase
-0.1348886 -0.08973242 1.735091 1 SpineMid
-0.1394573 0.2077582 1.729803 2 Neck
-0.2726245 0.09383604 1.691826 4 ShoulderLeft
-0.3513922 0.06208177 1.50695 5 ElbowLeft
-0.3792139 0.08187646 1.311019 6 WristLeft
-0.4000171 0.09477662 1.215773 7 HandLeft
0.01248734 0.09275986 1.698356 8 ShoulderRight
0.1247686 0.1073994 1.529587 9 ElbowRight
0.1784709 0.1150747 1.338186 10 WristRight
0.2095177 0.149213 1.243544 11 HandRight
-0.2056131 -0.3987414 1.695023 12 HipLeft
-0.2137519 -0.6878968 1.6664 13 KneeLeft
-0.2257816 -1.068621 1.723101 14 AnkleLeft
-0.04094392 -0.3949652 1.695115 16 HipRight
-0.018779 -0.6823891 1.650931 17 KneeRight
0.01405173 -1.064245 1.70411 18 AnkleRight
-0.138605 0.1360674 1.732625 20 SpineShoulder
-0.4128797 0.09429981 1.111908 21 HandTipLeft
-0.4392016 0.1183729 1.161167 22 ThumbLeft
0.2480759 0.1691402 1.158321 23 HandTipRight
0.2296797 0.1479644 1.156857 24 ThumbRight
-0.1260015 -0.4213687 1.758418 0 SpineBase
-0.1376415 -0.1079908 1.738458 1 SpineMid
-0.1490593 0.1833987 1.704244 2 Neck
-0.2744304 0.06958959 1.665802 4 ShoulderLeft
-0.3187178 -0.05368784 1.511585 5 ElbowLeft
-0.3273465 -0.1117431 1.321603 6 WristLeft
-0.3308798 -0.1611973 1.198674 7 HandLeft
-0.004755697 0.07856264 1.672779 8 ShoulderRight
0.1042353 -0.007539055 1.525494 9 ElbowRight
0.117712 -0.09743794 1.348868 10 WristRight
0.1505011 -0.1225973 1.239405 11 HandRight
-0.207398 -0.4182978 1.724013 12 HipLeft
-0.214596 -0.6899368 1.684374 13 KneeLeft
-0.2275076 -1.08898 1.7351 14 AnkleLeft
-0.03969983 -0.4081879 1.723812 16 HipRight
-0.02150608 -0.6757534 1.669853 17 KneeRight
0.01894424 -1.077199 1.717115 18 AnkleRight
-0.1460285 0.1128036 1.716858 20 SpineShoulder
-0.3430304 -0.1998538 1.116147 21 HandTipLeft
-0.3489385 -0.1913512 1.1268 22 ThumbLeft
0.1573155 -0.1461347 1.161794 23 HandTipRight
0.1648534 -0.1552178 1.170667 24 ThumbRight
-0.1221352 -0.4528783 1.788336 0 SpineBase
-0.1288866 -0.1658173 1.710188 1 SpineMid
-0.1338021 0.1030808 1.598094 2 Neck
-0.2859358 -0.001757032 1.605374 4 ShoulderLeft
-0.2688439 -0.2601813 1.602536 5 ElbowLeft
-0.2072332 -0.479335 1.564771 6 WristLeft
-0.1935131 -0.5525202 1.565056 7 HandLeft
0.01550646 0.003000999 1.597032 8 ShoulderRight
0.03483818 -0.2278049 1.594884 9 ElbowRight
0.0143423 -0.469604 1.537606 10 WristRight
-0.002118673 -0.5456868 1.528168 11 HandRight
-0.2037759 -0.450934 1.753978 12 HipLeft
-0.2041586 -0.7080214 1.707619 13 KneeLeft
-0.2412745 -1.130346 1.755197 14 AnkleLeft
-0.03552077 -0.4373399 1.754373 16 HipRight
-0.03013358 -0.6944563 1.699029 17 KneeRight
0.04270085 -1.114282 1.734033 18 AnkleRight
-0.1325325 0.03717517 1.62922 20 SpineShoulder
-0.1806028 -0.6399422 1.579866 21 HandTipLeft
-0.1881849 -0.5976148 1.525 22 ThumbLeft
-0.003902241 -0.6343928 1.543283 23 HandTipRight
-0.03791048 -0.5481781 1.561143 24 ThumbRight
-0.1194854 -0.4663395 1.802709 0 SpineBase
-0.125077 -0.1841921 1.697704 1 SpineMid
-0.1283529 0.08374888 1.569262 2 Neck
-0.2753631 -0.02723342 1.567585 4 ShoulderLeft
-0.305441 -0.251837 1.671519 5 ElbowLeft
-0.2661946 -0.4364889 1.661379 6 WristLeft
-0.2200378 -0.5057355 1.684159 7 HandLeft
0.0188329 -0.01202405 1.577467 8 ShoulderRight
0.05439366 -0.212978 1.63896 9 ElbowRight
0.01298134 -0.4103141 1.65561 10 WristRight
-0.00924009 -0.495203 1.674874 11 HandRight
-0.2015183 -0.4620333 1.770348 12 HipLeft
-0.2121599 -0.718492 1.732819 13 KneeLeft
-0.2328119 -1.145244 1.752817 14 AnkleLeft
-0.03250593 -0.4529764 1.766441 16 HipRight
-0.008615434 -0.7090807 1.720382 17 KneeRight
0.0298721 -1.1355 1.730955 18 AnkleRight
-0.1279282 0.01757058 1.603709 20 SpineShoulder
-0.2173852 -0.5920478 1.683724 21 HandTipLeft
-0.1824146 -0.4926414 1.639 22 ThumbLeft
-0.1221855 -0.4611703 1.790085 0 SpineBase
-0.12289 -0.1732407 1.702973 1 SpineMid
-0.1161666 0.1259737 1.622789 2 Neck
-0.2859292 0.01315867 1.614718 4 ShoulderLeft
-0.3131386 -0.2037416 1.601087 5 ElbowLeft
-0.2856055 -0.400789 1.518936 6 WristLeft
-0.2902896 -0.4816337 1.500165 7 HandLeft
0.0320984 0.02418104 1.607815 8 ShoulderRight
0.07222926 -0.1787037 1.589502 9 ElbowRight
0.05689773 -0.3959611 1.5105 10 WristRight
0.05410548 -0.4727138 1.497293 11 HandRight
-0.2043249 -0.4560098 1.754501 12 HipLeft
-0.2097985 -0.7128291 1.715959 13 KneeLeft
-0.233964 -1.136619 1.760095 14 AnkleLeft
-0.03496437 -0.4485125 1.756287 16 HipRight
-0.007754986 -0.7039946 1.698885 17 KneeRight
0.02733562 -1.127278 1.742435 18 AnkleRight
-0.1175935 0.05537364 1.64661 20 SpineShoulder
-0.2989957 -0.5559214 1.506307 21 HandTipLeft
-0.3017849 -0.4877279 1.458462 22 ThumbLeft
0.05998161 -0.5526128 1.517585 23 HandTipRight
0.0276948 -0.4463289 1.512333 24 ThumbRight
-0.1162737 -0.4336152 1.73824 0 SpineBase
-0.1219587 -0.1409398 1.713289 1 SpineMid
-0.1264997 0.1636534 1.68127 2 Neck
-0.2816885 0.04913172 1.652841 4 ShoulderLeft
-0.3044963 -0.1247312 1.555427 5 ElbowLeft
-0.3274985 -0.2984702 1.368547 6 WristLeft
-0.3486498 -0.3508382 1.312417 7 HandLeft
0.03885754 0.05586025 1.643217 8 ShoulderRight
0.07210086 -0.1257697 1.573429 9 ElbowRight
0.09032979 -0.2699967 1.390682 10 WristRight
0.1060877 -0.3388356 1.316841 11 HandRight
-0.1973342 -0.428381 1.706196 12 HipLeft
-0.2109464 -0.7035032 1.693136 13 KneeLeft
-0.2272343 -1.095358 1.752437 14 AnkleLeft
-0.03058387 -0.4216824 1.701066 16 HipRight
-0.009923644 -0.6959769 1.665143 17 KneeRight
0.02276508 -1.084649 1.743017 18 AnkleRight
-0.1255668 0.09164426 1.692486 20 SpineShoulder
-0.3691583 -0.3994474 1.267046 21 HandTipLeft
-0.3157486 -0.3597062 1.284364 22 ThumbLeft
0.1190947 -0.3890477 1.263134 23 HandTipRight
0.07415742 -0.3533162 1.302692 24 ThumbRight
-0.1194914 -0.4152293 1.68328 0 SpineBase
-0.1204061 -0.1148903 1.719766 1 SpineMid
-0.1203337 0.1874685 1.738881 2 Neck
-0.2785952 0.06684373 1.702514 4 ShoulderLeft
-0.3452325 -0.08677422 1.594645 5 ElbowLeft
-0.3252228 -0.05874654 1.350118 6 WristLeft
-0.3175861 -0.04056499 1.253156 7 HandLeft
0.04185347 0.06876907 1.690883 8 ShoulderRight
0.1113414 -0.005484376 1.514301 9 ElbowRight
0.05957616 -0.03544104 1.255651 10 WristRight
0.06629048 -0.0356001 1.247685 11 HandRight
-0.1981205 -0.4093544 1.652948 12 HipLeft
-0.2148674 -0.7057543 1.651706 13 KneeLeft
-0.2284401 -1.069046 1.735979 14 AnkleLeft
-0.03596683 -0.4040695 1.6445 16 HipRight
-0.01178165 -0.692489 1.631232 17 KneeRight
0.0200999 -1.063541 1.718006 18 AnkleRight
-0.1209218 0.1141655 1.73537 20 SpineShoulder
-0.2996508 -0.03339014 1.223189 21 HandTipLeft
-0.2939947 -0.01957754 1.239555 22 ThumbLeft
0.04484926 -0.04060468 1.21812 23 HandTipRight
0.08858702 -0.04900917 1.236667 24 ThumbRight
-0.1198379 -0.4153996 1.663465 0 SpineBase
-0.1208119 -0.1137199 1.718013 1 SpineMid
-0.1216025 0.1833135 1.750432 2 Neck
-0.2793141 0.06386806 1.713182 4 ShoulderLeft
-0.3331391 -0.1111235 1.641366 5 ElbowLeft
0.04256548 0.06674178 1.691327 8 ShoulderRight
0.1435806 -0.09317572 1.641959 9 ElbowRight
0.09991749 -0.1279902 1.450862 10 WristRight
0.03291317 -0.1322159 1.340124 11 HandRight
-0.1974906 -0.4092587 1.636901 12 HipLeft
-0.21505 -0.7071118 1.637936 13 KneeLeft
-0.22542 -1.066034 1.730977 14 AnkleLeft
-0.0372932 -0.4043495 1.620754 16 HipRight
-0.01088306 -0.6963273 1.617936 17 KneeRight
0.01775396 -1.061678 1.707591 18 AnkleRight
-0.121696 0.111479 1.742943 20 SpineShoulder
-0.2868361 -0.1314953 1.306379 21 HandTipLeft
-0.280297 -0.1194539 1.3402 22 ThumbLeft
0.0103117 -0.1330608 1.308671 23 HandTipRight
0.008972394 -0.1590468 1.332091 24 ThumbRight
-0.1198665 -0.4158796 1.646029 0 SpineBase
-0.1204479 -0.1142898 1.711445 1 SpineMid
-0.1216224 0.1772931 1.756809 2 Neck
-0.2814705 0.05065487 1.73234 4 ShoulderLeft
-0.3416755 -0.1630241 1.748917 5 ElbowLeft
-0.3047894 -0.3133314 1.588569 6 WristLeft
-0.2520919 -0.3525446 1.541023 7 HandLeft
0.05076693 0.04997815 1.714486 8 ShoulderRight
0.1583215 -0.1075116 1.714598 9 ElbowRight
0.07711072 -0.2747495 1.553858 10 WristRight
0.01825071 -0.317726 1.528796 11 HandRight
-0.1967859 -0.4097875 1.622532 12 HipLeft
-0.214177 -0.711346 1.625509 13 KneeLeft
-0.2238774 -1.064172 1.724733 14 AnkleLeft
-0.03798542 -0.40448 1.600336 16 HipRight
-0.009766721 -0.6994198 1.606288 17 KneeRight
0.01455305 -1.058552 1.702179 18 AnkleRight
-0.1216136 0.1067682 1.746598 20 SpineShoulder
-0.2449363 -0.4192413 1.510457 21 HandTipLeft
-0.1925532 -0.2933006 1.5116 22 ThumbLeft
0.006938503 -0.3985796 1.504755 23 HandTipRight
0.06242027 -0.4054681 1.551 24 ThumbRight
-0.1187656 -0.4150717 1.642566 0 SpineBase
-0.1178975 -0.1144807 1.70668 1 SpineMid
-0.1163325 0.1750288 1.75353 2 Neck
-0.277257 0.04999057 1.743435 4 ShoulderLeft
-0.3866835 -0.1327903 1.860059 5 ElbowLeft
-0.3393126 -0.2625896 1.719662 6 WristLeft
-0.3099177 -0.2727666 1.683886 7 HandLeft
0.05353329 0.04764197 1.720895 8 ShoulderRight
0.1854219 -0.09726351 1.782241 9 ElbowRight
0.1195774 -0.2441627 1.647914 10 WristRight
0.0606001 -0.2902269 1.578818 11 HandRight
-0.1958147 -0.408908 1.619586 12 HipLeft
-0.2126662 -0.7123157 1.617241 13 KneeLeft
-0.2227315 -1.062575 1.720903 14 AnkleLeft
-0.03672229 -0.4037858 1.596419 16 HipRight
-0.007122773 -0.6963256 1.594588 17 KneeRight
0.01206995 -1.056708 1.69825 18 AnkleRight
-0.1171056 0.1046471 1.743731 20 SpineShoulder
-0.1166364 -0.4117491 1.640935 0 SpineBase
-0.1162996 -0.1133205 1.705257 1 SpineMid
-0.1150339 0.1748692 1.752763 2 Neck
-0.2751477 0.05413207 1.753965 4 ShoulderLeft
-0.4062282 -0.1103251 1.877389 5 ElbowLeft
-0.3430396 -0.2490567 1.734539 6 WristLeft
-0.2988584 -0.2912061 1.663806 7 HandLeft
0.06306414 0.05407201 1.733338 8 ShoulderRight
0.2070449 -0.07183945 1.790329 9 ElbowRight
0.1277599 -0.2301066 1.655855 10 WristRight
0.07429759 -0.2721485 1.599483 11 HandRight
-0.1935276 -0.4056747 1.618136 12 HipLeft
-0.2113854 -0.7115384 1.613254 13 KneeLeft
-0.2290918 -1.059996 1.714867 14 AnkleLeft
-0.03480078 -0.4004701 1.594615 16 HipRight
-0.005737252 -0.6951795 1.591413 17 KneeRight
0.01170754 -1.053903 1.694667 18 AnkleRight
-0.115744 0.1046233 1.742977 20 SpineShoulder
-0.1135644 -0.4055926 1.640494 0 SpineBase
-0.1119919 -0.1108365 1.706594 1 SpineMid
-0.1067771 0.1731763 1.758625 2 Neck
-0.2821977 0.06537993 1.803334 4 ShoulderLeft
-0.4023761 -0.06147115 1.877448 5 ElbowLeft
-0.3043387 -0.180089 1.754555 6 WristLeft
0.07374163 0.06336135 1.739842 8 ShoulderRight
0.2371769 -0.02961062 1.801142 9 ElbowRight
0.1288985 -0.1645418 1.710232 10 WristRight
0.06937895 -0.184072 1.652796 11 HandRight
-0.1887784 -0.3988682 1.617264 12 HipLeft
-0.2112254 -0.7106202 1.611822 13 KneeLeft
-0.2290007 -1.054415 1.709215 14 AnkleLeft
-0.03320053 -0.3950727 1.594516 16 HipRight
-0.004877787 -0.696027 1.591302 17 KneeRight
0.01142498 -1.049283 1.692823 18 AnkleRight
-0.1085249 0.1039855 1.747691 20 SpineShoulder
-0.1118055 -0.4074336 1.643873 0 SpineBase
-0.1073599 -0.1133405 1.712149 1 SpineMid
-0.1001369 0.1701512 1.76597 2 Neck
-0.2768339 0.05910096 1.797731 4 ShoulderLeft
-0.3957825 -0.104294 1.821943 5 ElbowLeft
-0.2814487 -0.2295219 1.723842 6 WristLeft
-0.2598372 -0.228814 1.664937 7 HandLeft
0.07357661 0.0606392 1.739415 8 ShoulderRight
0.2420174 -0.0767509 1.763839 9 ElbowRight
0.1216281 -0.2126946 1.694628 10 WristRight
0.06262682 -0.2461236 1.625008 11 HandRight
-0.1871694 -0.4003049 1.619568 12 HipLeft
-0.2104076 -0.7117695 1.613293 13 KneeLeft
-0.2298265 -1.056013 1.709894 14 AnkleLeft
-0.03142655 -0.3973892 1.599344 16 HipRight
-0.0029867 -0.7005586 1.595979 17 KneeRight
0.01253182 -1.051971 1.696189 18 AnkleRight
-0.1021342 0.1007864 1.754905 20 SpineShoulder
-0.1103344 -0.4087013 1.647482 0 SpineBase
-0.1045095 -0.1149949 1.718046 1 SpineMid
-0.09698953 0.1680102 1.773843 2 Neck
-0.2773775 0.05709074 1.796149 4 ShoulderLeft
-0.4067301 -0.08650736 1.806587 5 ElbowLeft
-0.2989307 -0.2245474 1.720021 6 WristLeft
-0.2622548 -0.2384812 1.658799 7 HandLeft
0.08038027 0.05517525 1.746727 8 ShoulderRight
0.2366582 -0.07953364 1.748283 9 ElbowRight
0.1353702 -0.2330554 1.687609 10 WristRight
0.1045127 -0.2079888 1.663093 11 HandRight
-0.1858764 -0.4012096 1.621891 12 HipLeft
-0.2089511 -0.7146063 1.616318 13 KneeLeft
-0.2314903 -1.056639 1.712734 14 AnkleLeft
-0.03000442 -0.3990633 1.604306 16 HipRight
-0.001085363 -0.7053499 1.600631 17 KneeRight
0.01279016 -1.054701 1.697513 18 AnkleRight
-0.09899536 0.09869947 1.762294 20 SpineShoulder
-0.1099483 -0.4095171 1.649621 0 SpineBase
-0.1031702 -0.1155775 1.72076 1 SpineMid
-0.0949702 0.1676745 1.777057 2 Neck
-0.2775769 0.05736252 1.795704 4 ShoulderLeft
-0.4099551 -0.08212154 1.793846 5 ElbowLeft
-0.3029639 -0.2228106 1.710956 6 WristLeft
-0.2604655 -0.2425436 1.657936 7 HandLeft
0.07901105 0.05294332 1.744235 8 ShoulderRight
0.2407295 -0.07371807 1.742671 9 ElbowRight
0.1352773 -0.2266913 1.689098 10 WristRight
0.1070717 -0.2149366 1.670024 11 HandRight
-0.1854363 -0.401792 1.623447 12 HipLeft
-0.2087481 -0.7151795 1.616685 13 KneeLeft
-0.231699 -1.05726 1.713259 14 AnkleLeft
-0.02976968 -0.4001115 1.606945 16 HipRight
-0.001100966 -0.7071277 1.602259 17 KneeRight
0.01413461 -1.055977 1.698624 18 AnkleRight
-0.09713931 0.09827307 1.765385 20 SpineShoulder
-0.1096088 -0.4106534 1.651446 0 SpineBase
-0.1026919 -0.1159506 1.72156 1 SpineMid
-0.09458502 0.1681029 1.776686 2 Neck
-0.2780373 0.05814773 1.793491 4 ShoulderLeft
-0.4132894 -0.07979648 1.786606 5 ElbowLeft
-0.304506 -0.213707 1.69416 6 WristLeft
-0.2462773 -0.2595257 1.627431 7 HandLeft
0.07587712 0.05180039 1.740672 8 ShoulderRight
0.2385609 -0.07687113 1.740511 9 ElbowRight
0.1334613 -0.2306996 1.689299 10 WristRight
0.1050739 -0.2141384 1.669245 11 HandRight
-0.1851762 -0.4026791 1.624526 12 HipLeft
-0.2083814 -0.7156574 1.617999 13 KneeLeft
-0.2320817 -1.058205 1.714093 14 AnkleLeft
-0.02936732 -0.4014779 1.609637 16 HipRight
-0.000708755 -0.7080637 1.60414 17 KneeRight
0.01449762 -1.056775 1.702501 18 AnkleRight
-0.09672599 0.09845747 1.765359 20 SpineShoulder
-0.1100535 -0.4107597 1.651496 0 SpineBase
-0.1030331 -0.1155881 1.719911 1 SpineMid
-0.09491057 0.169353 1.770661 2 Neck
-0.279023 0.05996981 1.788471 4 ShoulderLeft
-0.416595 -0.08067032 1.784373 5 ElbowLeft
-0.3116408 -0.2205973 1.697183 6 WristLeft
-0.2672352 -0.2469709 1.645129 7 HandLeft
0.07237214 0.05183448 1.737409 8 ShoulderRight
0.2352822 -0.0779594 1.743871 9 ElbowRight
0.131343 -0.2320519 1.690847 10 WristRight
0.06414687 -0.2377751 1.636167 11 HandRight
-0.1859767 -0.4025601 1.623608 12 HipLeft
-0.2086751 -0.7155849 1.618118 13 KneeLeft
-0.2326562 -1.057933 1.714332 14 AnkleLeft
-0.02976335 -0.4018061 1.610448 16 HipRight
-0.001177006 -0.7080144 1.604986 17 KneeRight
0.01615101 -1.056908 1.703646 18 AnkleRight
-0.09704939 0.09945215 1.760669 20 SpineShoulder
0.05929548 -0.336702 1.600358 23 HandTipRight
0.03013987 -0.2097828 1.585036 24 ThumbRight
-0.1115524 -0.4106779 1.650979 0 SpineBase
-0.1040247 -0.1155154 1.719153 1 SpineMid
-0.09553634 0.1692587 1.77019 2 Neck
-0.280638 0.06219229 1.771878 4 ShoulderLeft
-0.4209365 -0.07924138 1.782747 5 ElbowLeft
-0.3156782 -0.212798 1.685389 6 WristLeft
-0.2758905 -0.2237855 1.648839 7 HandLeft
0.07005661 0.05215952 1.735416 8 ShoulderRight
0.231958 -0.07713862 1.745205 9 ElbowRight
0.1273223 -0.2308751 1.692609 10 WristRight
0.05965412 -0.2410472 1.634464 11 HandRight
-0.1878312 -0.4022167 1.622165 12 HipLeft
-0.2092831 -0.7155463 1.617807 13 KneeLeft
-0.2325583 -1.057405 1.714609 14 AnkleLeft
-0.03097189 -0.4019028 1.610535 16 HipRight
-0.001990876 -0.7078335 1.60539 17 KneeRight
0.01651314 -1.056973 1.703747 18 AnkleRight
-0.0977682 0.09940507 1.760083 20 SpineShoulder
-0.1210283 -0.410639 1.645508 0 SpineBase
-0.1202706 -0.114522 1.701345 1 SpineMid
-0.1200134 0.1712081 1.73751 2 Neck
-0.2955261 0.06076942 1.745109 4 ShoulderLeft
-0.4353946 -0.08053848 1.768178 5 ElbowLeft
-0.3301162 -0.2207636 1.681808 6 WristLeft
-0.2877915 -0.2483927 1.627128 7 HandLeft
0.06326891 0.05636395 1.731714 8 ShoulderRight
0.2130318 -0.07863408 1.744904 9 ElbowRight
0.1127117 -0.2353459 1.693249 10 WristRight
0.04529666 -0.2425185 1.630871 11 HandRight
-0.1979315 -0.4021818 1.614177 12 HipLeft
-0.2134154 -0.7140713 1.614672 13 KneeLeft
-0.2303227 -1.056544 1.714451 14 AnkleLeft
-0.03907954 -0.4018498 1.60754 16 HipRight
-0.01160123 -0.7060839 1.599797 17 KneeRight
0.02088668 -1.055402 1.701276 18 AnkleRight
-0.1200174 0.1011153 1.731321 20 SpineShoulder
-0.1300958 -0.4096174 1.641644 0 SpineBase
-0.1261035 -0.113027 1.695455 1 SpineMid
-0.1228766 0.1729881 1.732561 2 Neck
-0.3050482 0.06404881 1.733013 4 ShoulderLeft
-0.4454339 -0.08182408 1.753853 5 ElbowLeft
-0.3335831 -0.2219145 1.676772 6 WristLeft
-0.2950018 -0.2408027 1.621493 7 HandLeft
0.05615822 0.06115782 1.727753 8 ShoulderRight
0.2043806 -0.07540146 1.744523 9 ElbowRight
0.09949868 -0.2289477 1.692173 10 WristRight
0.07254845 -0.2091929 1.668587 11 HandRight
-0.2073494 -0.4011435 1.608688 12 HipLeft
-0.2185152 -0.7136555 1.613291 13 KneeLeft
-0.2287102 -1.05487 1.714728 14 AnkleLeft
-0.04748411 -0.400848 1.605306 16 HipRight
-0.03072921 -0.7023247 1.561026 17 KneeRight
0.02510292 -1.054409 1.662713 18 AnkleRight
-0.1239951 0.102926 1.725538 20 SpineShoulder
-0.1384586 -0.4104182 1.638704 0 SpineBase
-0.1360288 -0.1135079 1.683081 1 SpineMid
-0.1328116 0.1727729 1.708519 2 Neck
-0.3124564 0.06535106 1.710726 4 ShoulderLeft
-0.4473939 -0.08549527 1.716854 5 ElbowLeft
-0.3317795 -0.2225316 1.639545 6 WristLeft
-0.2957734 -0.2260905 1.614545 7 HandLeft
0.05052355 0.0631001 1.717642 8 ShoulderRight
0.1979337 -0.0703181 1.744915 9 ElbowRight
0.08721166 -0.2204679 1.69515 10 WristRight
0.05079873 -0.2163251 1.656937 11 HandRight
-0.2162643 -0.4028803 1.602904 12 HipLeft
-0.2241166 -0.718024 1.614774 13 KneeLeft
-0.2320346 -1.055211 1.71684 14 AnkleLeft
-0.0550997 -0.4007985 1.604971 16 HipRight
-0.03966152 -0.6720803 1.48759 17 KneeRight
0.02921545 -1.054025 1.536669 18 AnkleRight
-0.1340909 0.10262 1.70452 20 SpineShoulder
-0.1328501 -0.4062991 1.628098 0 SpineBase
-0.1286139 -0.1058237 1.656088 1 SpineMid
-0.1236932 0.1836155 1.667936 2 Neck
-0.2960051 0.07746378 1.663751 4 ShoulderLeft
-0.4338028 -0.07647338 1.679346 5 ElbowLeft
-0.307523 -0.2087294 1.601497 6 WristLeft
-0.2427721 -0.2632692 1.55705 7 HandLeft
0.05902555 0.07208366 1.695658 8 ShoulderRight
0.1985367 -0.06101851 1.740359 9 ElbowRight
0.09942033 -0.2202487 1.695963 10 WristRight
0.08167494 -0.200967 1.657266 11 HandRight
-0.2106932 -0.398923 1.589431 12 HipLeft
-0.2191011 -0.7144263 1.60735 13 KneeLeft
-0.2273764 -1.049731 1.710479 14 AnkleLeft
-0.04951956 -0.3966028 1.597404 16 HipRight
-0.03040299 -0.6509707 1.457316 17 KneeRight
0.03048175 -1.049275 1.426232 18 AnkleRight
-0.1250946 0.1127248 1.66742 20 SpineShoulder
-0.1102925 -0.4043138 1.602845 0 SpineBase
-0.1119023 -0.1043815 1.634949 1 SpineMid
-0.110453 0.184691 1.648935 2 Neck
-0.2811544 0.08216269 1.645428 4 ShoulderLeft
-0.4118635 -0.06582876 1.64346 5 ElbowLeft
-0.2989139 -0.2148949 1.591715 6 WristLeft
-0.250169 -0.2298132 1.560725 7 HandLeft
0.07579987 0.0744718 1.674718 8 ShoulderRight
0.2204893 -0.05976246 1.71116 9 ElbowRight
0.1253372 -0.2220206 1.669434 10 WristRight
0.1144308 -0.2003404 1.631963 11 HandRight
-0.1888296 -0.3972796 1.564033 12 HipLeft
-0.2071991 -0.7105424 1.590359 13 KneeLeft
-0.2200987 -1.043856 1.697997 14 AnkleLeft
-0.02702791 -0.393948 1.572572 16 HipRight
-0.01261338 -0.6421295 1.445917 17 KneeRight
0.02573192 -1.053658 1.408076 18 AnkleRight
-0.1111678 0.1138838 1.648119 20 SpineShoulder
-0.07478692 -0.3990505 1.561818 0 SpineBase
-0.06415066 -0.09864619 1.593013 1 SpineMid
-0.05309821 0.1903227 1.608541 2 Neck
-0.2324966 0.08241948 1.607871 4 ShoulderLeft
-0.3724596 -0.05681262 1.608955 5 ElbowLeft
-0.259048 -0.2056547 1.557598 6 WristLeft
-0.2025911 -0.239878 1.514491 7 HandLeft
0.1323191 0.07875561 1.626842 8 ShoulderRight
0.270236 -0.05919787 1.655883 9 ElbowRight
0.1719386 -0.2183117 1.606831 10 WristRight
0.1503758 -0.1970029 1.571792 11 HandRight
-0.1541348 -0.3907078 1.526026 12 HipLeft
-0.176865 -0.6974456 1.535124 13 KneeLeft
-0.2181152 -1.035035 1.651704 14 AnkleLeft
0.007890659 -0.3897581 1.528481 16 HipRight
0.01774089 -0.6408926 1.426688 17 KneeRight
0.01134782 -1.05888 1.413811 18 AnkleRight
-0.05592924 0.1196177 1.607105 20 SpineShoulder
-0.03822236 -0.3804772 1.523363 0 SpineBase
-0.008425666 -0.07789132 1.553069 1 SpineMid
0.01768821 0.2111817 1.569864 2 Neck
-0.1688534 0.1008325 1.578994 4 ShoulderLeft
-0.2994113 -0.04665826 1.583886 5 ElbowLeft
-0.1696005 -0.176283 1.518168 6 WristLeft
-0.1434184 -0.2056498 1.485003 7 HandLeft
0.1947301 0.09313728 1.575004 8 ShoulderRight
0.3325284 -0.05073365 1.592544 9 ElbowRight
0.2073038 -0.1861002 1.530008 10 WristRight
0.1413437 -0.2086707 1.485062 11 HandRight
-0.1197156 -0.3688818 1.495732 12 HipLeft
-0.1683964 -0.6428997 1.42766 13 KneeLeft
-0.2316855 -1.009277 1.54594 14 AnkleLeft
0.04540001 -0.3749352 1.48091 16 HipRight
0.03919519 -0.633611 1.415233 17 KneeRight
0.01040095 -1.049745 1.421489 18 AnkleRight
0.01130417 0.1405352 1.568083 20 SpineShoulder
-0.01455169 -0.3655964 1.500797 0 SpineBase
0.03420034 -0.07091025 1.526303 1 SpineMid
0.08167351 0.210209 1.536777 2 Neck
-0.1079652 0.1114819 1.554837 4 ShoulderLeft
-0.247195 -0.02966983 1.583084 5 ElbowLeft
-0.1664725 -0.1841006 1.494483 6 WristLeft
-0.1165028 -0.2224911 1.458462 7 HandLeft
0.2426412 0.09477006 1.532162 8 ShoulderRight
0.3809917 -0.05726955 1.540012 9 ElbowRight
0.2611018 -0.203067 1.495423 10 WristRight
0.2160506 -0.2017051 1.461284 11 HandRight
-0.09383492 -0.3488114 1.474176 12 HipLeft
-0.2454105 -0.5430524 1.349694 13 KneeLeft
-0.4362315 -0.9253199 1.378697 14 AnkleLeft
0.0655954 -0.3652524 1.458043 16 HipRight
0.07291068 -0.6226271 1.391356 17 KneeRight
-0.0002359143 -1.041259 1.437912 18 AnkleRight
0.07009783 0.1416277 1.536516 20 SpineShoulder
0.002359183 -0.3534227 1.480937 0 SpineBase
0.05336775 -0.06286512 1.508051 1 SpineMid
0.1023468 0.2153901 1.519377 2 Neck
-0.09396374 0.114269 1.543737 4 ShoulderLeft
-0.226485 -0.02273608 1.572341 5 ElbowLeft
-0.159554 -0.1870477 1.491364 6 WristLeft
-0.1137241 -0.2218562 1.443853 7 HandLeft
0.2588983 0.09450037 1.510354 8 ShoulderRight
0.3990076 -0.05335594 1.520317 9 ElbowRight
0.2875784 -0.2083704 1.468633 10 WristRight
0.2208256 -0.2207723 1.431248 11 HandRight
-0.0784241 -0.3361706 1.455732 12 HipLeft
-0.2777591 -0.4903095 1.343801 13 KneeLeft
-0.573954 -0.7956781 1.258114 14 AnkleLeft
0.0830934 -0.354128 1.436709 16 HipRight
0.08365881 -0.6127991 1.384184 17 KneeRight
0.001252324 -1.027935 1.442318 18 AnkleRight
0.09043487 0.1474676 1.518956 20 SpineShoulder
0.02486335 -0.3531169 1.453199 0 SpineBase
0.06925801 -0.06252269 1.479487 1 SpineMid
0.1114828 0.2155747 1.489853 2 Neck
-0.07803609 0.1164924 1.509964 4 ShoulderLeft
-0.2148926 -0.02009246 1.542091 5 ElbowLeft
-0.1594046 -0.1834018 1.449954 6 WristLeft
-0.1130541 -0.2126833 1.417819 7 HandLeft
0.2689021 0.0944347 1.48536 8 ShoulderRight
0.4058399 -0.05503512 1.497976 9 ElbowRight
0.2911071 -0.2034606 1.447022 10 WristRight
0.2306013 -0.2151175 1.408339 11 HandRight
-0.05397923 -0.3351435 1.427193 12 HipLeft
-0.278188 -0.4373331 1.292159 13 KneeLeft
-0.5553344 -0.6103162 1.170219 14 AnkleLeft
-0.577262 -0.5966675 1.037875 15 FootLeft
0.1026344 -0.3543038 1.409794 16 HipRight
0.09083647 -0.6126018 1.378895 17 KneeRight
0.03820183 -1.016016 1.46045 18 AnkleRight
0.1012729 0.1477171 1.489702 20 SpineShoulder
0.03055049 -0.3552084 1.420579 0 SpineBase
0.07149369 -0.06445496 1.445918 1 SpineMid
0.1099556 0.2139826 1.455461 2 Neck
-0.08258839 0.1148972 1.470592 4 ShoulderLeft
-0.220335 -0.02357666 1.497808 5 ElbowLeft
-0.1962092 -0.1587135 1.35574 6 WristLeft
0.2697523 0.09508593 1.460955 8 ShoulderRight
0.4062388 -0.05286868 1.485405 9 ElbowRight
0.2893536 -0.2041593 1.429432 10 WristRight
0.2310171 -0.2165934 1.383859 11 HandRight
-0.05001224 -0.3384298 1.395268 12 HipLeft
-0.2460167 -0.4523925 1.221334 13 KneeLeft
-0.4890123 -0.7754308 1.052292 14 AnkleLeft
0.1096035 -0.3547034 1.376451 16 HipRight
0.09926787 -0.6118467 1.359579 17 KneeRight
0.02300877 -1.020014 1.45318 18 AnkleRight
0.1006929 0.1460564 1.455457 20 SpineShoulder
0.01587162 -0.3591041 1.382091 0 SpineBase
0.06171872 -0.0651628 1.41221 1 SpineMid
0.1044737 0.2153074 1.425583 2 Neck
-0.09014674 0.1127878 1.441681 4 ShoulderLeft
-0.225109 -0.02767922 1.448852 5 ElbowLeft
-0.1635422 -0.1911567 1.361 6 WristLeft
-0.1188294 -0.1984744 1.343645 7 HandLeft
0.2673194 0.09564614 1.439108 8 ShoulderRight
0.3980893 -0.05241283 1.466007 9 ElbowRight
0.2860636 -0.2006362 1.40742 10 WristRight
0.2318336 -0.2059259 1.365519 11 HandRight
-0.06669869 -0.3396217 1.354487 12 HipLeft
-0.1750156 -0.5310672 1.174059 13 KneeLeft
-0.352197 -0.851829 0.9291595 14 AnkleLeft
0.09761841 -0.3605289 1.340436 16 HipRight
0.09119794 -0.6161884 1.333393 17 KneeRight
0.08468965 -1.041574 1.374519 18 AnkleRight
0.09419966 0.146981 1.424724 20 SpineShoulder
0.0165399 -0.373662 1.303834 0 SpineBase
0.04628159 -0.06849211 1.338793 1 SpineMid
0.07407421 0.2221845 1.355638 2 Neck
-0.1140825 0.1096133 1.362334 4 ShoulderLeft
-0.2540271 -0.03217865 1.34579 5 ElbowLeft
-0.1837705 -0.1946057 1.262387 6 WristLeft
0.2456051 0.09874004 1.391881 8 ShoulderRight
0.3589314 -0.06555102 1.426814 9 ElbowRight
0.2563666 -0.21589 1.356221 10 WristRight
0.2063807 -0.2175913 1.298077 11 HandRight
-0.06539425 -0.3527161 1.265229 12 HipLeft
-0.1065736 -0.5991925 1.155599 13 KneeLeft
-0.1753085 -1.009114 1.027937 14 AnkleLeft
0.09755766 -0.3750325 1.273376 16 HipRight
0.07789182 -0.6259353 1.289245 17 KneeRight
0.0511108 -1.032956 1.365401 18 AnkleRight
0.06744994 0.1514411 1.353972 20 SpineShoulder
0.01532168 -0.3691438 1.243796 0 SpineBase
0.03183634 -0.05908599 1.279959 1 SpineMid
0.04685501 0.2356178 1.298289 2 Neck
-0.1370492 0.1132224 1.262313 4 ShoulderLeft
-0.2754193 -0.02049946 1.237499 5 ElbowLeft
-0.1626926 -0.1678518 1.175999 6 WristLeft
-0.1147819 -0.2562105 1.146137 7 HandLeft
0.2184948 0.1112764 1.352071 8 ShoulderRight
0.3212134 -0.06127772 1.410957 9 ElbowRight
0.2187235 -0.2070678 1.330163 10 WristRight
0.1957929 -0.1861032 1.254642 11 HandRight
-0.06582841 -0.3493859 1.201563 12 HipLeft
-0.1294461 -0.6379857 1.078106 13 KneeLeft
0.09555271 -0.3685974 1.217471 16 HipRight
0.07963573 -0.6212619 1.221737 17 KneeRight
0.05823348 -1.04277 1.281385 18 AnkleRight
0.04330405 0.1640163 1.296178 20 SpineShoulder
0.1810879 -0.3017137 1.2185 23 HandTipRight
0.1694124 -0.1799562 1.20522 24 ThumbRight
0.01522734 -0.3608889 1.171737 0 SpineBase
0.01761783 -0.04745283 1.206847 1 SpineMid
0.02006814 0.2494528 1.224476 2 Neck
-0.1428585 0.1293704 1.170127 4 ShoulderLeft
-0.2893989 0.003656396 1.093881 5 ElbowLeft
-0.1322059 -0.1266733 1.085074 6 WristLeft
-0.09366748 -0.210012 1.062824 7 HandLeft
0.1950885 0.1255949 1.31066 8 ShoulderRight
0.2745585 -0.04762916 1.377721 9 ElbowRight
0.2072495 -0.1919666 1.261887 10 WristRight
0.1703987 -0.204954 1.198182 11 HandRight
-0.06141363 -0.3423593 1.116782 12 HipLeft
-0.134055 -0.6379867 1.045463 13 KneeLeft
0.09138423 -0.3585839 1.158738 16 HipRight
0.1285519 -0.6600002 1.086533 17 KneeRight
0.01948858 0.1774835 1.222553 20 SpineShoulder
0.02525157 -0.3586002 1.126013 0 SpineBase
0.01892207 -0.04195907 1.157238 1 SpineMid
0.01282351 0.2572314 1.169338 2 Neck
-0.1270006 0.1352286 1.10566 4 ShoulderLeft
-0.2584005 0.002040043 0.996348 5 ElbowLeft
-0.1170534 -0.1291105 1.006832 6 WristLeft
-0.07817122 -0.2171586 1.008952 7 HandLeft
0.179104 0.1229636 1.273045 8 ShoulderRight
0.2356736 -0.07130201 1.338549 9 ElbowRight
0.1872246 -0.2318107 1.23689 10 WristRight
-0.04773818 -0.340472 1.063463 12 HipLeft
-0.1301223 -0.6345083 1.014624 13 KneeLeft
0.09665262 -0.3551991 1.120444 16 HipRight
0.2011523 -0.6344224 1.010696 17 KneeRight
0.01433244 0.1848372 1.168807 20 SpineShoulder
0.1639801 -0.2357697 1.102593 23 HandTipRight
0.1649964 -0.2166433 1.109 24 ThumbRight
0.06602988 -0.3638525 1.045116 0 SpineBase
0.06310209 -0.02588928 1.062005 1 SpineMid
0.05919693 0.2921842 1.058459 2 Neck
-0.04422337 0.1509783 0.965436 4 ShoulderLeft
-0.1840979 0.01948655 0.8654761 5 ElbowLeft
-0.07565536 -0.1343754 0.9003995 6 WristLeft
-0.01992503 -0.184005 0.9328531 7 HandLeft
0.1852648 0.1553669 1.141742 8 ShoulderRight
0.2435473 -0.05988251 1.230291 9 ElbowRight
-0.003301754 -0.3486427 0.9838321 12 HipLeft
-0.09438597 -0.6355928 0.9858171 13 KneeLeft
0.1307776 -0.3556434 1.039044 16 HipRight
0.2549729 -0.6325976 0.9850105 17 KneeRight
0.06028504 0.2155346 1.0618 20 SpineShoulder
0.04958744 -0.2593716 0.9095634 21 HandTipLeft
-0.106077 -0.2281487 0.9264737 22 ThumbLeft
0.1453674 -0.3732525 0.9704641 0 SpineBase
0.1345315 -0.03870316 0.9962543 1 SpineMid
0.1217105 0.2752052 1.000558 2 Neck
0.02675636 0.1456322 0.9146635 4 ShoulderLeft
-0.1077248 -0.0310904 0.8092748 5 ElbowLeft
0.0150217 -0.1776114 0.8269265 6 WristLeft
0.01331783 -0.2531886 0.8777196 7 HandLeft
0.2463875 0.1356156 1.076729 8 ShoulderRight
0.04920525 -0.012262 0.8997864 11 HandRight
0.07459529 -0.3587705 0.915984 12 HipLeft
-0.03946271 -0.6343227 0.9377114 13 KneeLeft
0.2059144 -0.3623751 0.958919 16 HipRight
0.3770585 -0.6101701 0.9159844 17 KneeRight
0.1251216 0.199715 1.001981 20 SpineShoulder
0.2348193 -0.355703 0.9262527 0 SpineBase
0.2066926 -0.01925456 0.9602171 1 SpineMid
0.1762404 0.2950702 0.972361 2 Neck
0.08175316 0.1592342 0.8943006 4 ShoulderLeft
-0.07072559 -0.00648835 0.7980005 5 ElbowLeft
0.05312148 -0.1488847 0.7423134 6 WristLeft
0.107209 -0.1797099 0.7688213 7 HandLeft
0.3067246 0.163918 1.007699 8 ShoulderRight
0.3624385 -0.05232076 1.09688 9 ElbowRight
0.1640067 -0.1426475 0.8143417 11 HandRight
0.1543138 -0.3454018 0.8801388 12 HipLeft
0.006971253 -0.614023 0.8794277 13 KneeLeft
0.2984904 -0.3411109 0.9074396 16 HipRight
0.4041007 -0.6204115 0.8911339 17 KneeRight
0.1840476 0.2196216 0.9717808 20 SpineShoulder
0.1644882 -0.2211663 0.7470418 21 HandTipLeft
0.09244982 -0.1675742 0.7038 22 ThumbLeft
0.09215997 -0.1772162 0.7321095 23 HandTipRight
0.2271671 -0.214581 0.7895294 24 ThumbRight
0.3214859 -0.3557857 0.8379912 0 SpineBase
0.2973486 -0.02531929 0.8847528 1 SpineMid
0.2672693 0.2833859 0.9098717 2 Neck
0.1200266 0.1428933 0.8684355 4 ShoulderLeft
0.09566199 -0.05867269 0.7999893 5 ElbowLeft
0.1276142 -0.2147342 0.6810031 6 WristLeft
0.147385 -0.2863538 0.6166992 7 HandLeft
0.3894686 0.1177299 0.8975048 8 ShoulderRight
0.3410449 -0.1165604 0.7683347 9 ElbowRight
0.1033245 -0.1372623 0.7303863 10 WristRight
0.09339926 -0.1256874 0.7401785 11 HandRight
0.2225108 -0.3461008 0.8002717 12 HipLeft
0.1164956 -0.6324951 0.7973466 13 KneeLeft
0.3960133 -0.339134 0.813572 16 HipRight
0.6142159 -0.4993837 0.9811162 17 KneeRight
0.8166531 -0.6496547 1.153428 18 AnkleRight
0.274803 0.2093526 0.9063267 20 SpineShoulder
0.1518919 -0.3325328 0.5685335 21 HandTipLeft
0.1291025 -0.2764975 0.569077 22 ThumbLeft
0.3322167 -0.3309575 0.7817464 0 SpineBase
0.3276433 -0.01101848 0.8385663 1 SpineMid
0.3149445 0.2860926 0.869066 2 Neck
0.1342537 0.1446106 0.8569151 4 ShoulderLeft
0.1189662 -0.06237787 0.7946843 5 ElbowLeft
0.1414534 -0.2279256 0.6886771 6 WristLeft
0.1634198 -0.2928199 0.670344 7 HandLeft
0.4713985 0.1314736 0.8494806 8 ShoulderRight
0.5787023 -0.04208846 0.8703665 9 ElbowRight
0.5139858 -0.1738635 0.7367563 10 WristRight
0.2284506 -0.3179424 0.7591787 12 HipLeft
0.053463 -0.5799597 0.7097669 13 KneeLeft
0.4082602 -0.3181397 0.7417733 16 HipRight
0.6008938 -0.4900799 0.9245507 17 KneeRight
0.7825021 -0.6505008 1.109725 18 AnkleRight
0.3184376 0.2149966 0.8641519 20 SpineShoulder
0.1698048 -0.3668032 0.6384192 21 HandTipLeft
0.1281685 -0.2882741 0.662875 22 ThumbLeft
0.2816618 -0.3180025 0.6847831 0 SpineBase
0.3115203 0.01385829 0.7284694 1 SpineMid
0.3304327 0.3150711 0.7488657 2 Neck
0.1961521 0.165105 0.7568866 4 ShoulderLeft
0.1065716 -0.03026278 0.8191911 5 ElbowLeft
0.0699794 -0.2350703 0.69992 6 WristLeft
0.06645691 -0.2823319 0.6611193 7 HandLeft
0.4049593 0.1492936 0.6883011 8 ShoulderRight
0.4838716 -0.02791075 0.6888361 9 ElbowRight
0.3345403 -0.176842 0.5595669 11 HandRight
0.1853411 -0.2953868 0.6757902 12 HipLeft
0.03128726 -0.5663112 0.6618702 13 KneeLeft
0.3527373 -0.3120097 0.6324607 16 HipRight
0.5200653 -0.4738008 0.7714686 17 KneeRight
0.3266619 0.2437125 0.7457337 20 SpineShoulder
0.07791401 -0.3512639 0.6271003 21 HandTipLeft
0.07267599 -0.2846939 0.5991666 22 ThumbLeft
0.2078238 -0.2402924 0.669369 0 SpineBase
0.2386408 0.05163373 0.6799411 1 SpineMid
0.2595834 0.3136083 0.6699096 2 Neck
0.100587 0.3706938 0.6786024 4 ShoulderLeft
0.02721051 -0.2277683 0.6940135 7 HandLeft
0.2970576 0.2338574 0.6345634 8 ShoulderRight
0.1856911 -0.1043759 0.5676679 10 WristRight
0.1727944 -0.1331565 0.5647472 11 HandRight
0.1190468 -0.2100992 0.6380839 12 HipLeft
-0.009280152 -0.03979708 0.7880776 13 KneeLeft
0.2756329 -0.2469915 0.635754 16 HipRight
0.4590656 -0.442795 0.7198667 17 KneeRight
0.2553424 0.2519992 0.6742579 20 SpineShoulder
0.01226758 -0.3134393 0.7032601 21 HandTipLeft
0.03813037 -0.2758783 0.6805295 22 ThumbLeft
0.1985038 -0.2514161 0.6532267 0 SpineBase
0.2294015 0.04644101 0.6669981 1 SpineMid
0.2503169 0.3124371 0.6588835 2 Neck
0.09115397 0.3695097 0.6674936 4 ShoulderLeft
0.02830146 -0.2095724 0.6321123 7 HandLeft
0.2894385 0.2335517 0.626505 8 ShoulderRight
0.1600362 -0.1487541 0.6047791 10 WristRight
0.1447404 -0.1677256 0.567155 11 HandRight
0.1034953 -0.2242973 0.5826528 12 HipLeft
0.004247676 -0.06601015 0.757757 13 KneeLeft
0.269623 -0.256371 0.6319525 16 HipRight
0.4549748 -0.4512579 0.7140825 17 KneeRight
0.246068 0.2500443 0.6627893 20 SpineShoulder
