X              Y         Z      JointType 
-0.1016845 -0.3645897 1.693241 0 SpineBase
-0.08944382 -0.08447383 1.709807 1 SpineMid
-0.07695765 0.1865373 1.712969 2 Neck
-0.2187679 0.09833889 1.733074 4 ShoulderLeft
-0.3744435 -0.1195202 1.828507 5 ElbowLeft
-0.5080971 -0.2830973 1.7985 6 WristLeft
-0.5608179 -0.3456005 1.777812 7 HandLeft
0.07905534 0.04926819 1.666069 8 ShoulderRight
0.1271104 -0.1608531 1.66467 9 ElbowRight
0.1430822 -0.3347502 1.531943 10 WristRight
0.1432498 -0.3956619 1.484185 11 HandRight
-0.1680235 -0.3462866 1.672365 12 HipLeft
-0.1207914 -0.5752927 1.616227 13 KneeLeft
-0.07702258 -0.9265864 1.435686 14 AnkleLeft
-0.03144653 -0.3690965 1.649998 16 HipRight
-0.08590715 -0.6386329 1.511866 17 KneeRight
-0.05411943 -0.9712721 1.548626 18 AnkleRight
-0.08013189 0.1200176 1.714383 20 SpineShoulder
-0.5937697 -0.3978872 1.772124 21 HandTipLeft
-0.5114058 -0.327151 1.71875 22 ThumbLeft
0.1496643 -0.453412 1.444722 23 HandTipRight
0.1152086 -0.3994488 1.457333 24 ThumbRight
-0.1008518 -0.3727981 1.704845 0 SpineBase
-0.08868668 -0.08992908 1.723254 1 SpineMid
-0.07645788 0.1839073 1.729363 2 Neck
-0.2306115 0.08678347 1.757152 4 ShoulderLeft
-0.3763295 -0.1182625 1.828632 5 ElbowLeft
-0.5211165 -0.2640182 1.788126 6 WristLeft
-0.5952865 -0.3149276 1.761154 7 HandLeft
0.08570101 0.04386448 1.714123 8 ShoulderRight
0.1318435 -0.1612331 1.723191 9 ElbowRight
0.1849872 -0.327589 1.59857 10 WristRight
0.1973324 -0.3933804 1.544543 11 HandRight
-0.167966 -0.3551412 1.68041 12 HipLeft
-0.141317 -0.6232954 1.672793 13 KneeLeft
-0.04995361 -0.9090948 1.515984 14 AnkleLeft
-0.02971575 -0.3763798 1.665742 16 HipRight
-0.05932892 -0.6794038 1.590115 17 KneeRight
-0.03224323 -0.9697853 1.638261 18 AnkleRight
-0.07954752 0.1166488 1.729938 20 SpineShoulder
-0.6356253 -0.3672585 1.755326 21 HandTipLeft
-0.6262625 -0.325266 1.733 22 ThumbLeft
0.218456 -0.4498637 1.50896 23 HandTipRight
0.1819332 -0.4358392 1.505333 24 ThumbRight
-0.1000408 -0.3800496 1.713063 0 SpineBase
-0.08848824 -0.09333119 1.730873 1 SpineMid
-0.07665863 0.1833943 1.736125 2 Neck
-0.2318687 0.08498158 1.762373 4 ShoulderLeft
-0.376457 -0.1178101 1.828106 5 ElbowLeft
-0.5218909 -0.2587122 1.783208 6 WristLeft
-0.5939479 -0.3091845 1.75251 7 HandLeft
0.0864402 0.04349267 1.718702 8 ShoulderRight
0.1346892 -0.1617585 1.725434 9 ElbowRight
0.1910122 -0.3290538 1.607924 10 WristRight
0.2102728 -0.3963908 1.561864 11 HandRight
-0.1680103 -0.363041 1.687266 12 HipLeft
-0.1526357 -0.6386706 1.681648 13 KneeLeft
-0.1353682 -0.9588686 1.744029 14 AnkleLeft
-0.05775651 -0.9853201 1.697717 15 FootLeft
-0.02815027 -0.3826518 1.674679 16 HipRight
-0.06143035 -0.680945 1.612567 17 KneeRight
-0.02838439 -0.9708216 1.645552 18 AnkleRight
-0.07966439 0.1154908 1.736929 20 SpineShoulder
-0.6368955 -0.3599011 1.745504 21 HandTipLeft
-0.6117795 -0.3101866 1.721818 22 ThumbLeft
0.2333626 -0.4547471 1.527533 23 HandTipRight
0.1975252 -0.4419498 1.527818 24 ThumbRight
-0.0943245 -0.3951222 1.739036 0 SpineBase
-0.08062923 -0.1005316 1.756178 1 SpineMid
-0.06690001 0.184082 1.759814 2 Neck
-0.2298876 0.07733432 1.780563 4 ShoulderLeft
-0.3433504 -0.1309007 1.809053 5 ElbowLeft
-0.4804431 -0.2626904 1.737082 6 WristLeft
-0.5429666 -0.3237427 1.698504 7 HandLeft
0.105544 0.04607726 1.756981 8 ShoulderRight
0.1593913 -0.1591266 1.766029 9 ElbowRight
0.2254578 -0.3300216 1.673653 10 WristRight
0.2540826 -0.4001967 1.633574 11 HandRight
-0.1652636 -0.3805731 1.709779 12 HipLeft
-0.1524688 -0.6681354 1.690156 13 KneeLeft
-0.136009 -0.9487313 1.733839 14 AnkleLeft
-0.07618375 -1.00394 1.709916 15 FootLeft
-0.01964439 -0.3946514 1.703057 16 HipRight
-0.02373146 -0.7090553 1.659806 17 KneeRight
0.003205029 -0.9890736 1.69308 18 AnkleRight
-0.07036195 0.1142375 1.761124 20 SpineShoulder
-0.5973485 -0.369855 1.690948 21 HandTipLeft
-0.5216964 -0.3310008 1.657739 22 ThumbLeft
0.2851656 -0.4582308 1.60815 23 HandTipRight
0.2408348 -0.4316164 1.612652 24 ThumbRight
-0.09250472 -0.395994 1.742849 0 SpineBase
-0.07872643 -0.101084 1.759239 1 SpineMid
-0.06495093 0.1839417 1.762047 2 Neck
-0.2290343 0.07683358 1.782514 4 ShoulderLeft
-0.3349478 -0.1336236 1.807289 5 ElbowLeft
-0.4691466 -0.2677482 1.731972 6 WristLeft
-0.5306004 -0.3294156 1.692811 7 HandLeft
0.1081714 0.04616421 1.760593 8 ShoulderRight
0.1629519 -0.1578116 1.770348 9 ElbowRight
0.2322648 -0.3300531 1.686445 10 WristRight
0.2653651 -0.4080203 1.644334 11 HandRight
-0.1638914 -0.3816209 1.713315 12 HipLeft
-0.1532213 -0.6860902 1.685244 13 KneeLeft
-0.1381252 -0.9509751 1.72644 14 AnkleLeft
-0.07514761 -1.003088 1.709329 15 FootLeft
-0.01749448 -0.3953109 1.706797 16 HipRight
-0.01539082 -0.7128671 1.664508 17 KneeRight
0.003583734 -1.001023 1.70048 18 AnkleRight
-0.06841995 0.1139951 1.763575 20 SpineShoulder
-0.5868537 -0.3748116 1.680665 21 HandTipLeft
-0.5036435 -0.3208157 1.653917 22 ThumbLeft
0.2899748 -0.4639449 1.626735 23 HandTipRight
0.2822256 -0.4679964 1.651875 24 ThumbRight
-0.08088252 -0.3950484 1.752426 0 SpineBase
-0.06608582 -0.1015176 1.770494 1 SpineMid
-0.05094383 0.1825161 1.774911 2 Neck
-0.2206407 0.07371153 1.795661 4 ShoulderLeft
-0.3167807 -0.1446701 1.801504 5 ElbowLeft
-0.4331067 -0.2898176 1.725876 6 WristLeft
-0.4870122 -0.3600571 1.694988 7 HandLeft
0.1260454 0.0474297 1.784736 8 ShoulderRight
0.1712988 -0.1614604 1.784878 9 ElbowRight
0.2619266 -0.344494 1.700977 10 WristRight
0.303486 -0.4141159 1.677816 11 HandRight
-0.1540312 -0.3823805 1.721265 12 HipLeft
-0.1539183 -0.6927391 1.67775 13 KneeLeft
-0.1463568 -1.003818 1.725464 14 AnkleLeft
-0.004427418 -0.3924459 1.717869 16 HipRight
0.007482 -0.7073586 1.678058 17 KneeRight
0.01709857 -1.014351 1.719487 18 AnkleRight
-0.05476492 0.1127925 1.776059 20 SpineShoulder
-0.5391567 -0.4137352 1.685103 21 HandTipLeft
-0.4712535 -0.3711462 1.651763 22 ThumbLeft
0.3265426 -0.4701612 1.662907 23 HandTipRight
0.2822878 -0.4303066 1.690895 24 ThumbRight
-0.0759683 -0.3940075 1.754076 0 SpineBase
-0.0635785 -0.10067 1.775896 1 SpineMid
-0.05197202 0.1831143 1.787306 2 Neck
-0.2221328 0.07080033 1.80313 4 ShoulderLeft
-0.3129903 -0.1533669 1.797414 5 ElbowLeft
-0.4212592 -0.3123202 1.724178 6 WristLeft
-0.46495 -0.3922749 1.699605 7 HandLeft
0.1276969 0.05102176 1.806093 8 ShoulderRight
0.176288 -0.1510269 1.796025 9 ElbowRight
0.2619494 -0.3196075 1.712904 10 WristRight
0.3048852 -0.3914345 1.662256 11 HandRight
-0.1491665 -0.3827587 1.721048 12 HipLeft
-0.1533865 -0.706458 1.697798 13 KneeLeft
-0.1676789 -0.9731597 1.758893 14 AnkleLeft
-0.1757069 -1.026952 1.669446 15 FootLeft
0.0007496406 -0.3897928 1.721339 16 HipRight
0.01981262 -0.6985643 1.687632 17 KneeRight
0.02839734 -1.008049 1.731737 18 AnkleRight
-0.05470738 0.1134998 1.786478 20 SpineShoulder
-0.504175 -0.4590201 1.694889 21 HandTipLeft
-0.4422778 -0.3889145 1.658239 22 ThumbLeft
0.3235102 -0.4544832 1.65014 23 HandTipRight
0.3151404 -0.4360641 1.677625 24 ThumbRight
-0.0759683 -0.3940075 1.754076 0 SpineBase
-0.0635785 -0.10067 1.775896 1 SpineMid
-0.05197202 0.1831143 1.787306 2 Neck
-0.2221328 0.07080033 1.80313 4 ShoulderLeft
-0.3129903 -0.1533669 1.797414 5 ElbowLeft
-0.4212592 -0.3123202 1.724178 6 WristLeft
-0.46495 -0.3922749 1.699605 7 HandLeft
0.1276969 0.05102176 1.806093 8 ShoulderRight
0.176288 -0.1510269 1.796025 9 ElbowRight
0.2619494 -0.3196075 1.712904 10 WristRight
0.3048852 -0.3914345 1.662256 11 HandRight
-0.1491665 -0.3827587 1.721048 12 HipLeft
-0.1533865 -0.706458 1.697798 13 KneeLeft
-0.1676789 -0.9731597 1.758893 14 AnkleLeft
-0.1757069 -1.026952 1.669446 15 FootLeft
0.0007496406 -0.3897928 1.721339 16 HipRight
0.01981262 -0.6985643 1.687632 17 KneeRight
0.02839734 -1.008049 1.731737 18 AnkleRight
-0.05470738 0.1134998 1.786478 20 SpineShoulder
-0.504175 -0.4590201 1.694889 21 HandTipLeft
-0.4422778 -0.3889145 1.658239 22 ThumbLeft
0.3235102 -0.4544832 1.65014 23 HandTipRight
0.3151404 -0.4360641 1.677625 24 ThumbRight
-0.07570163 -0.3938593 1.754319 0 SpineBase
-0.06439507 -0.1004524 1.777893 1 SpineMid
-0.05542572 0.1831433 1.791926 2 Neck
-0.2240947 0.07046591 1.806415 4 ShoulderLeft
-0.3118728 -0.1546251 1.798143 5 ElbowLeft
-0.4172347 -0.316679 1.724855 6 WristLeft
-0.4587896 -0.3942964 1.698281 7 HandLeft
0.1249508 0.04991672 1.80833 8 ShoulderRight
0.1738469 -0.1515071 1.797326 9 ElbowRight
0.2601417 -0.3189386 1.712513 10 WristRight
0.2953602 -0.3948622 1.664805 11 HandRight
-0.1490914 -0.3827739 1.721132 12 HipLeft
-0.1542708 -0.7071757 1.699099 13 KneeLeft
-0.1674339 -0.9736751 1.759316 14 AnkleLeft
-0.172459 -1.041344 1.690408 15 FootLeft
0.001182949 -0.3894106 1.721694 16 HipRight
0.02017241 -0.700139 1.689241 17 KneeRight
0.02829407 -1.004828 1.732735 18 AnkleRight
-0.05745833 0.1135849 1.790484 20 SpineShoulder
-0.5036997 -0.4628781 1.696136 21 HandTipLeft
-0.4397071 -0.4006295 1.655083 22 ThumbLeft
0.316797 -0.4584658 1.659836 23 HandTipRight
0.3108227 -0.4350633 1.67792 24 ThumbRight
-0.07633762 -0.3937132 1.755811 0 SpineBase
-0.06833921 -0.1008365 1.784071 1 SpineMid
-0.06130072 0.1820609 1.800056 2 Neck
-0.2281239 0.07080469 1.814016 4 ShoulderLeft
-0.3105873 -0.1568216 1.801066 5 ElbowLeft
-0.411645 -0.3175762 1.727675 6 WristLeft
-0.4643728 -0.384356 1.70172 7 HandLeft
0.1188088 0.04832685 1.814074 8 ShoulderRight
0.166622 -0.1539192 1.797648 9 ElbowRight
0.237741 -0.3198559 1.716654 10 WristRight
0.2803437 -0.3824908 1.669767 11 HandRight
-0.150241 -0.3831167 1.722553 12 HipLeft
-0.1565008 -0.7074542 1.700618 13 KneeLeft
-0.1781639 -0.9614484 1.745229 14 AnkleLeft
-0.1815986 -1.011952 1.62917 15 FootLeft
0.0008155399 -0.3890018 1.722947 16 HipRight
0.0194908 -0.7043456 1.692004 17 KneeRight
0.02758906 -0.9966436 1.734448 18 AnkleRight
-0.06304625 0.1126342 1.798331 20 SpineShoulder
-0.5343654 -0.4354179 1.695008 21 HandTipLeft
-0.454834 -0.4115175 1.657994 22 ThumbLeft
0.3398092 -0.4430935 1.642364 23 HandTipRight
0.3136696 -0.3946725 1.63779 24 ThumbRight
-0.07633762 -0.3937132 1.755811 0 SpineBase
-0.06833921 -0.1008365 1.784071 1 SpineMid
-0.06130072 0.1820609 1.800056 2 Neck
-0.2281239 0.07080469 1.814016 4 ShoulderLeft
-0.3105873 -0.1568216 1.801066 5 ElbowLeft
-0.411645 -0.3175762 1.727675 6 WristLeft
-0.4643728 -0.384356 1.70172 7 HandLeft
0.1188088 0.04832685 1.814074 8 ShoulderRight
0.166622 -0.1539192 1.797648 9 ElbowRight
0.237741 -0.3198559 1.716654 10 WristRight
0.2803437 -0.3824908 1.669767 11 HandRight
-0.150241 -0.3831167 1.722553 12 HipLeft
-0.1565008 -0.7074542 1.700618 13 KneeLeft
-0.1781639 -0.9614484 1.745229 14 AnkleLeft
-0.1815986 -1.011952 1.62917 15 FootLeft
0.0008155399 -0.3890018 1.722947 16 HipRight
0.0194908 -0.7043456 1.692004 17 KneeRight
0.02758906 -0.9966436 1.734448 18 AnkleRight
-0.06304625 0.1126342 1.798331 20 SpineShoulder
-0.5343654 -0.4354179 1.695008 21 HandTipLeft
-0.454834 -0.4115175 1.657994 22 ThumbLeft
0.3398092 -0.4430935 1.642364 23 HandTipRight
0.3136696 -0.3946725 1.63779 24 ThumbRight
-0.07633762 -0.3937132 1.755811 0 SpineBase
-0.06833921 -0.1008365 1.784071 1 SpineMid
-0.06130072 0.1820609 1.800056 2 Neck
-0.2281239 0.07080469 1.814016 4 ShoulderLeft
-0.3105873 -0.1568216 1.801066 5 ElbowLeft
-0.411645 -0.3175762 1.727675 6 WristLeft
-0.4643728 -0.384356 1.70172 7 HandLeft
0.1188088 0.04832685 1.814074 8 ShoulderRight
0.166622 -0.1539192 1.797648 9 ElbowRight
0.237741 -0.3198559 1.716654 10 WristRight
0.2803437 -0.3824908 1.669767 11 HandRight
-0.150241 -0.3831167 1.722553 12 HipLeft
-0.1565008 -0.7074542 1.700618 13 KneeLeft
-0.1781639 -0.9614484 1.745229 14 AnkleLeft
-0.1815986 -1.011952 1.62917 15 FootLeft
0.0008155399 -0.3890018 1.722947 16 HipRight
0.0194908 -0.7043456 1.692004 17 KneeRight
0.02758906 -0.9966436 1.734448 18 AnkleRight
-0.06304625 0.1126342 1.798331 20 SpineShoulder
-0.5343654 -0.4354179 1.695008 21 HandTipLeft
-0.454834 -0.4115175 1.657994 22 ThumbLeft
0.3398092 -0.4430935 1.642364 23 HandTipRight
0.3136696 -0.3946725 1.63779 24 ThumbRight
-0.07746097 -0.3936397 1.756386 0 SpineBase
-0.06932576 -0.1007215 1.784813 1 SpineMid
-0.06182019 0.1822287 1.800555 2 Neck
-0.2296311 0.0709325 1.815189 4 ShoulderLeft
-0.3105854 -0.1563071 1.801728 5 ElbowLeft
-0.4118969 -0.315775 1.729579 6 WristLeft
-0.4686707 -0.3711088 1.706322 7 HandLeft
0.1171086 0.04824549 1.815135 8 ShoulderRight
0.1629155 -0.1540297 1.798201 9 ElbowRight
0.2468098 -0.3418127 1.705973 10 WristRight
0.2821922 -0.3812568 1.670038 11 HandRight
-0.1516859 -0.3831613 1.723094 12 HipLeft
-0.1573084 -0.7075165 1.700933 13 KneeLeft
-0.1780799 -0.9593749 1.744848 14 AnkleLeft
-0.1813042 -1.009909 1.628534 15 FootLeft
-5.37528E-05 -0.3888839 1.723447 16 HipRight
0.01857486 -0.7043774 1.692645 17 KneeRight
0.02662852 -0.9587969 1.728253 18 AnkleRight
-0.02038158 -1.014965 1.735609 19 FootRight
-0.06368102 0.1127913 1.798895 20 SpineShoulder
-0.5267267 -0.4138248 1.695606 21 HandTipLeft
-0.4682419 -0.4020015 1.66527 22 ThumbLeft
0.3502368 -0.4241161 1.644235 23 HandTipRight
0.2907722 -0.370812 1.635353 24 ThumbRight
-0.08408599 -0.3943913 1.755071 0 SpineBase
-0.07517089 -0.1016926 1.783363 1 SpineMid
-0.06654889 0.1812239 1.79857 2 Neck
-0.2334897 0.07371619 1.807515 4 ShoulderLeft
-0.315685 -0.1537465 1.800906 5 ElbowLeft
-0.4204675 -0.3135675 1.732748 6 WristLeft
-0.4867823 -0.3596065 1.710637 7 HandLeft
0.1124656 0.04811868 1.814958 8 ShoulderRight
0.1538378 -0.1521851 1.796747 9 ElbowRight
0.2271788 -0.3204385 1.720984 10 WristRight
0.2687615 -0.3745247 1.678295 11 HandRight
-0.1591027 -0.3837267 1.721126 12 HipLeft
-0.162065 -0.7084112 1.700336 13 KneeLeft
-0.1787185 -0.9587427 1.744651 14 AnkleLeft
-0.1781061 -1.009914 1.628641 15 FootLeft
-0.005915936 -0.3898711 1.722534 16 HipRight
0.01517785 -0.7062164 1.692285 17 KneeRight
0.0256647 -0.9582658 1.728343 18 AnkleRight
-0.0144997 -1.018919 1.73454 19 FootRight
-0.06870864 0.1117834 1.797044 20 SpineShoulder
-0.5418967 -0.3982044 1.704456 21 HandTipLeft
-0.4803292 -0.3759032 1.668679 22 ThumbLeft
0.3097331 -0.4279386 1.660716 23 HandTipRight
0.2838456 -0.3766949 1.634696 24 ThumbRight
-0.08408599 -0.3943913 1.755071 0 SpineBase
-0.07517089 -0.1016926 1.783363 1 SpineMid
-0.06654889 0.1812239 1.79857 2 Neck
-0.2334897 0.07371619 1.807515 4 ShoulderLeft
-0.315685 -0.1537465 1.800906 5 ElbowLeft
-0.4204675 -0.3135675 1.732748 6 WristLeft
-0.4867823 -0.3596065 1.710637 7 HandLeft
0.1124656 0.04811868 1.814958 8 ShoulderRight
0.1538378 -0.1521851 1.796747 9 ElbowRight
0.2271788 -0.3204385 1.720984 10 WristRight
0.2687615 -0.3745247 1.678295 11 HandRight
-0.1591027 -0.3837267 1.721126 12 HipLeft
-0.162065 -0.7084112 1.700336 13 KneeLeft
-0.1787185 -0.9587427 1.744651 14 AnkleLeft
-0.1781061 -1.009914 1.628641 15 FootLeft
-0.005915936 -0.3898711 1.722534 16 HipRight
0.01517785 -0.7062164 1.692285 17 KneeRight
0.0256647 -0.9582658 1.728343 18 AnkleRight
-0.0144997 -1.018919 1.73454 19 FootRight
-0.06870864 0.1117834 1.797044 20 SpineShoulder
-0.5418967 -0.3982044 1.704456 21 HandTipLeft
-0.4803292 -0.3759032 1.668679 22 ThumbLeft
0.3097331 -0.4279386 1.660716 23 HandTipRight
0.2838456 -0.3766949 1.634696 24 ThumbRight
-0.09580959 -0.393642 1.747025 0 SpineBase
-0.08703218 -0.1009372 1.774745 1 SpineMid
-0.07827337 0.1820736 1.788723 2 Neck
-0.2391952 0.07484212 1.797996 4 ShoulderLeft
-0.3598225 -0.1410407 1.784868 5 ElbowLeft
-0.465307 -0.2939883 1.724411 6 WristLeft
-0.525295 -0.3399653 1.697188 7 HandLeft
0.1120692 0.04831766 1.813379 8 ShoulderRight
0.1389686 -0.1586161 1.788578 9 ElbowRight
0.2188119 -0.3243434 1.719119 10 WristRight
0.260241 -0.3864453 1.678402 11 HandRight
-0.1718717 -0.3818156 1.710057 12 HipLeft
-0.1701049 -0.7078177 1.696945 13 KneeLeft
-0.1852013 -0.9608616 1.741805 14 AnkleLeft
-0.1814643 -1.012085 1.62574 15 FootLeft
-0.01635126 -0.3901482 1.716902 16 HipRight
-0.0005313462 -0.7120979 1.681907 17 KneeRight
0.02352038 -0.9640284 1.728644 18 AnkleRight
-0.0400691 -1.015719 1.711125 19 FootRight
-0.08051229 0.1126086 1.787522 20 SpineShoulder
-0.5883283 -0.3735377 1.699243 21 HandTipLeft
-0.513697 -0.3564045 1.650325 22 ThumbLeft
0.3112976 -0.4288021 1.664784 23 HandTipRight
0.2553497 -0.3917538 1.636467 24 ThumbRight
-0.09580959 -0.393642 1.747025 0 SpineBase
-0.08703218 -0.1009372 1.774745 1 SpineMid
-0.07827337 0.1820736 1.788723 2 Neck
-0.2391952 0.07484212 1.797996 4 ShoulderLeft
-0.3598225 -0.1410407 1.784868 5 ElbowLeft
-0.465307 -0.2939883 1.724411 6 WristLeft
-0.525295 -0.3399653 1.697188 7 HandLeft
0.1120692 0.04831766 1.813379 8 ShoulderRight
0.1389686 -0.1586161 1.788578 9 ElbowRight
0.2188119 -0.3243434 1.719119 10 WristRight
0.260241 -0.3864453 1.678402 11 HandRight
-0.1718717 -0.3818156 1.710057 12 HipLeft
-0.1701049 -0.7078177 1.696945 13 KneeLeft
-0.1852013 -0.9608616 1.741805 14 AnkleLeft
-0.1814643 -1.012085 1.62574 15 FootLeft
-0.01635126 -0.3901482 1.716902 16 HipRight
-0.0005313462 -0.7120979 1.681907 17 KneeRight
0.02352038 -0.9640284 1.728644 18 AnkleRight
-0.0400691 -1.015719 1.711125 19 FootRight
-0.08051229 0.1126086 1.787522 20 SpineShoulder
-0.5883283 -0.3735377 1.699243 21 HandTipLeft
-0.513697 -0.3564045 1.650325 22 ThumbLeft
0.3112976 -0.4288021 1.664784 23 HandTipRight
0.2553497 -0.3917538 1.636467 24 ThumbRight
-0.108194 -0.3972736 1.736177 0 SpineBase
-0.09825525 -0.1027202 1.761536 1 SpineMid
-0.0883126 0.1822331 1.772241 2 Neck
-0.2555654 0.06909554 1.766044 4 ShoulderLeft
-0.3825637 -0.1286438 1.772013 5 ElbowLeft
-0.5152929 -0.2521121 1.698661 6 WristLeft
-0.5769701 -0.2933898 1.665765 7 HandLeft
0.08681037 0.04141378 1.794956 8 ShoulderRight
0.1251511 -0.1613837 1.779874 9 ElbowRight
0.1968532 -0.3324656 1.716521 10 WristRight
0.2222741 -0.3858542 1.688329 11 HandRight
-0.1843561 -0.3855687 1.696861 12 HipLeft
-0.1785903 -0.7110764 1.69487 13 KneeLeft
-0.1876613 -0.9615861 1.742247 14 AnkleLeft
-0.1775159 -1.013818 1.62728 15 FootLeft
-0.02790109 -0.3935773 1.708529 16 HipRight
-0.03112898 -0.7021471 1.628661 17 KneeRight
-0.001332346 -0.9954678 1.678226 18 AnkleRight
-0.09085544 0.1122745 1.771941 20 SpineShoulder
-0.6516662 -0.3120299 1.666048 21 HandTipLeft
-0.5728132 -0.314097 1.622107 22 ThumbLeft
0.2663258 -0.453679 1.666763 23 HandTipRight
0.2112004 -0.4018723 1.684429 24 ThumbRight
-0.1019096 -0.3975112 1.648631 0 SpineBase
-0.09095907 -0.09991853 1.655478 1 SpineMid
-0.07962436 0.1876635 1.647801 2 Neck
-0.2363976 0.07615577 1.635398 4 ShoulderLeft
-0.3831083 -0.1051804 1.629082 5 ElbowLeft
-0.5110266 -0.2299207 1.54825 6 WristLeft
-0.5823262 -0.2767758 1.516501 7 HandLeft
0.09638797 0.03671923 1.706187 8 ShoulderRight
0.1122046 -0.183205 1.7161 9 ElbowRight
0.1836682 -0.361739 1.695678 10 WristRight
0.216004 -0.4050719 1.669846 11 HandRight
-0.1760398 -0.3863209 1.598771 12 HipLeft
-0.181097 -0.7132182 1.64203 13 KneeLeft
-0.1880375 -0.9606352 1.718358 14 AnkleLeft
-0.1635231 -1.022597 1.614733 15 FootLeft
-0.02372647 -0.3926626 1.631969 16 HipRight
-0.007258641 -0.6150491 1.446169 17 KneeRight
0.02740568 -0.9583404 1.377733 18 AnkleRight
-0.0825278 0.1171599 1.65205 20 SpineShoulder
-0.641463 -0.3081393 1.517699 21 HandTipLeft
-0.5675262 -0.2822065 1.475262 22 ThumbLeft
0.2662827 -0.463703 1.657857 23 HandTipRight
0.2222538 -0.4309856 1.63 24 ThumbRight
-0.1019096 -0.3975112 1.648631 0 SpineBase
-0.09095907 -0.09991853 1.655478 1 SpineMid
-0.07962436 0.1876635 1.647801 2 Neck
-0.2363976 0.07615577 1.635398 4 ShoulderLeft
-0.3831083 -0.1051804 1.629082 5 ElbowLeft
-0.5110266 -0.2299207 1.54825 6 WristLeft
-0.5823262 -0.2767758 1.516501 7 HandLeft
0.09638797 0.03671923 1.706187 8 ShoulderRight
0.1122046 -0.183205 1.7161 9 ElbowRight
0.1836682 -0.361739 1.695678 10 WristRight
0.216004 -0.4050719 1.669846 11 HandRight
-0.1760398 -0.3863209 1.598771 12 HipLeft
-0.181097 -0.7132182 1.64203 13 KneeLeft
-0.1880375 -0.9606352 1.718358 14 AnkleLeft
-0.1635231 -1.022597 1.614733 15 FootLeft
-0.02372647 -0.3926626 1.631969 16 HipRight
-0.007258641 -0.6150491 1.446169 17 KneeRight
0.02740568 -0.9583404 1.377733 18 AnkleRight
-0.0825278 0.1171599 1.65205 20 SpineShoulder
-0.641463 -0.3081393 1.517699 21 HandTipLeft
-0.5675262 -0.2822065 1.475262 22 ThumbLeft
0.2662827 -0.463703 1.657857 23 HandTipRight
0.2222538 -0.4309856 1.63 24 ThumbRight
-0.06755929 -0.4044707 1.543677 0 SpineBase
-0.05148734 -0.1008419 1.541305 1 SpineMid
-0.03552396 0.1921207 1.523794 2 Neck
-0.1846891 0.0751759 1.50276 4 ShoulderLeft
-0.2922924 -0.1508888 1.487671 5 ElbowLeft
-0.3611304 -0.3241994 1.391976 6 WristLeft
-0.3821472 -0.3852012 1.365414 7 HandLeft
0.1347571 0.03718741 1.576242 8 ShoulderRight
0.1707226 -0.1860503 1.615011 9 ElbowRight
0.2574482 -0.3580328 1.608181 10 WristRight
0.3165691 -0.4167967 1.604344 11 HandRight
-0.1426407 -0.3911588 1.496371 12 HipLeft
-0.1571887 -0.6728778 1.553335 13 KneeLeft
-0.1699139 -0.9355495 1.671167 14 AnkleLeft
-0.187482 -1.007974 1.618955 15 FootLeft
0.01036143 -0.4004016 1.524652 16 HipRight
0.05236059 -0.636759 1.37327 17 KneeRight
0.1324804 -0.9518005 1.196566 18 AnkleRight
-0.03950513 0.1204066 1.530535 20 SpineShoulder
-0.4039183 -0.4494583 1.35005 21 HandTipLeft
-0.3913807 -0.3706594 1.2976 22 ThumbLeft
0.3821247 -0.4578618 1.630556 23 HandTipRight
0.3162206 -0.4350923 1.570324 24 ThumbRight
0.02738698 -0.3782042 1.376093 0 SpineBase
0.03539814 -0.07022163 1.383121 1 SpineMid
0.04265745 0.2250483 1.374193 2 Neck
-0.1040264 0.0997791 1.341883 4 ShoulderLeft
-0.1726093 -0.1366856 1.332809 5 ElbowLeft
-0.1459194 -0.3358008 1.247828 6 WristLeft
-0.1294632 -0.3817993 1.234367 7 HandLeft
0.2093779 0.07160597 1.411877 8 ShoulderRight
0.2764218 -0.1501966 1.468256 9 ElbowRight
0.3668704 -0.3201516 1.472904 10 WristRight
0.4193623 -0.3987005 1.487545 11 HandRight
-0.05141405 -0.3687594 1.330891 12 HipLeft
-0.08224913 -0.6328405 1.377359 13 KneeLeft
-0.1280794 -0.9348548 1.548685 14 AnkleLeft
0.1047747 -0.3694139 1.354934 16 HipRight
0.1240859 -0.6344284 1.2616 17 KneeRight
0.1525796 -0.9959114 1.175358 18 AnkleRight
0.04095199 0.153036 1.378788 20 SpineShoulder
-0.1044456 -0.4482804 1.223241 21 HandTipLeft
-0.1718522 -0.3912148 1.224875 22 ThumbLeft
0.4489314 -0.4675717 1.515484 23 HandTipRight
0.4460824 -0.3984685 1.476437 24 ThumbRight
0.02738698 -0.3782042 1.376093 0 SpineBase
0.03539814 -0.07022163 1.383121 1 SpineMid
0.04265745 0.2250483 1.374193 2 Neck
-0.1040264 0.0997791 1.341883 4 ShoulderLeft
-0.1726093 -0.1366856 1.332809 5 ElbowLeft
-0.1459194 -0.3358008 1.247828 6 WristLeft
-0.1294632 -0.3817993 1.234367 7 HandLeft
0.2093779 0.07160597 1.411877 8 ShoulderRight
0.2764218 -0.1501966 1.468256 9 ElbowRight
0.3668704 -0.3201516 1.472904 10 WristRight
0.4193623 -0.3987005 1.487545 11 HandRight
-0.05141405 -0.3687594 1.330891 12 HipLeft
-0.08224913 -0.6328405 1.377359 13 KneeLeft
-0.1280794 -0.9348548 1.548685 14 AnkleLeft
0.1047747 -0.3694139 1.354934 16 HipRight
0.1240859 -0.6344284 1.2616 17 KneeRight
0.1525796 -0.9959114 1.175358 18 AnkleRight
0.04095199 0.153036 1.378788 20 SpineShoulder
-0.1044456 -0.4482804 1.223241 21 HandTipLeft
-0.1718522 -0.3912148 1.224875 22 ThumbLeft
0.4489314 -0.4675717 1.515484 23 HandTipRight
0.4460824 -0.3984685 1.476437 24 ThumbRight
0.07588232 -0.3532164 1.293773 0 SpineBase
0.08066898 -0.04282221 1.301448 1 SpineMid
0.08424114 0.2534881 1.292802 2 Neck
-0.06283462 0.12497 1.254023 4 ShoulderLeft
-0.1348572 -0.0966581 1.232406 5 ElbowLeft
-0.09767648 -0.2860383 1.188901 6 WristLeft
-0.02783346 -0.3264449 1.151533 7 HandLeft
0.2521254 0.1114853 1.329458 8 ShoulderRight
0.3170125 -0.114317 1.386055 9 ElbowRight
0.3970971 -0.2846736 1.328192 10 WristRight
0.430672 -0.3400626 1.300635 11 HandRight
-0.003640458 -0.3414744 1.249488 12 HipLeft
-0.02048497 -0.6146103 1.220875 13 KneeLeft
-0.04282505 -0.9857693 1.222547 14 AnkleLeft
0.1513869 -0.3468347 1.271672 16 HipRight
0.1498095 -0.6197994 1.205028 17 KneeRight
0.1522479 -0.9906368 1.154998 18 AnkleRight
0.08352176 0.1814046 1.297301 20 SpineShoulder
0.01792606 -0.3915667 1.123214 21 HandTipLeft
-0.05415109 -0.3586645 1.181846 22 ThumbLeft
0.4718635 -0.4099691 1.278281 23 HandTipRight
0.4529412 -0.3518197 1.31 24 ThumbRight
0.1219198 -0.3295681 1.219054 0 SpineBase
0.118862 -0.02191799 1.227401 1 SpineMid
0.1143949 0.2705621 1.21919 2 Neck
-0.02493401 0.14492 1.179753 4 ShoulderLeft
-0.0966854 -0.0629901 1.14564 5 ElbowLeft
0.05616625 -0.248478 1.031314 6 WristLeft
0.08508098 -0.2908255 1.04101 7 HandLeft
0.2879872 0.1352321 1.260643 8 ShoulderRight
0.3460136 -0.07379705 1.298928 9 ElbowRight
0.3654791 -0.2134108 1.154656 10 WristRight
0.3693986 -0.2606001 1.074717 11 HandRight
0.04049076 -0.316406 1.174233 12 HipLeft
0.0869116 -0.6382259 1.088359 13 KneeLeft
0.1965428 -0.3248078 1.197589 16 HipRight
0.1594454 -0.5999958 1.141203 17 KneeRight
0.1168191 -0.9724937 1.104798 18 AnkleRight
0.1157081 0.1995794 1.223555 20 SpineShoulder
0.1234298 -0.3487565 1.022481 21 HandTipLeft
0.1251379 -0.2607894 1.086366 22 ThumbLeft
0.3678555 -0.3131321 1.022002 23 HandTipRight
0.3854122 -0.27446 1.029889 24 ThumbRight
0.1515381 -0.320318 1.081318 0 SpineBase
0.1582269 -0.01074534 1.095203 1 SpineMid
0.1621112 0.2813521 1.091523 2 Neck
0.02772445 0.1474794 1.052728 4 ShoulderLeft
-0.02662222 -0.03722451 0.9847716 5 ElbowLeft
0.1289794 -0.1596292 0.8937235 6 WristLeft
0.1763972 -0.2287019 0.8641615 7 HandLeft
0.3384286 0.1424359 1.119084 8 ShoulderRight
0.3594692 -0.05010446 1.061769 9 ElbowRight
0.1911528 -0.1303542 0.8877095 10 WristRight
0.1690366 -0.1942501 0.869401 11 HandRight
0.07067616 -0.3102622 1.03605 12 HipLeft
0.1115321 -0.6099474 0.858447 13 KneeLeft
0.2229589 -0.3109359 1.060932 16 HipRight
0.230931 -0.6394757 1.038594 17 KneeRight
0.1615074 0.2107703 1.094728 20 SpineShoulder
0.2273303 -0.2937795 0.8546045 21 HandTipLeft
0.1589537 -0.241634 0.8248915 22 ThumbLeft
0.1608791 -0.2524954 0.8343751 23 HandTipRight
0.2073587 -0.2398548 0.8327334 24 ThumbRight
0.157993 -0.3121354 1.012815 0 SpineBase
0.1709258 -0.007027613 1.031654 1 SpineMid
0.1802839 0.279498 1.032547 2 Neck
0.04426118 0.1463381 0.9964868 4 ShoulderLeft
-0.001042426 -0.04059274 0.926157 5 ElbowLeft
0.1612852 -0.1606586 0.8261012 6 WristLeft
0.2077142 -0.224939 0.8150502 7 HandLeft
0.3581211 0.1388007 1.052125 8 ShoulderRight
0.3755313 -0.05256873 0.9872203 9 ElbowRight
0.1747518 -0.1333398 0.8250413 10 WristRight
0.1346367 -0.1517105 0.8281007 11 HandRight
0.07090639 -0.2932057 0.9702367 12 HipLeft
0.1915394 -0.5981532 0.8848351 13 KneeLeft
0.2345616 -0.3108952 0.9900212 16 HipRight
0.2501187 -0.6364124 0.9881982 17 KneeRight
0.1784017 0.2104286 1.034584 20 SpineShoulder
0.261283 -0.2789273 0.7935776 21 HandTipLeft
0.2152701 -0.2088587 0.7725834 22 ThumbLeft
0.06839183 -0.1227479 0.8430381 23 HandTipRight
0.1209954 -0.1807056 0.8615 24 ThumbRight
0.1983967 -0.3283689 0.8613738 0 SpineBase
0.2095124 -0.01620426 0.893503 1 SpineMid
0.2154786 0.2740509 0.9055671 2 Neck
0.06128571 0.1448603 0.8812327 4 ShoulderLeft
0.0295841 -0.04190305 0.799063 5 ElbowLeft
0.2225428 -0.174963 0.6787053 6 WristLeft
0.2378529 -0.2121015 0.6656505 7 HandLeft
0.3848974 0.1201035 0.9067808 8 ShoulderRight
0.3993343 -0.07317635 0.8455644 9 ElbowRight
0.2596888 -0.1155281 0.7051097 10 WristRight
0.2304455 -0.1959233 0.667311 11 HandRight
0.1060294 -0.3093809 0.8251672 12 HipLeft
0.1006081 -0.622683 0.6694317 13 KneeLeft
0.2757778 -0.3230175 0.83405 16 HipRight
0.2961482 -0.6484606 0.8298123 17 KneeRight
0.2145655 0.2044942 0.9048061 20 SpineShoulder
0.2960145 -0.2614412 0.6593872 21 HandTipLeft
0.2595194 -0.1998925 0.6448518 22 ThumbLeft
0.230627 -0.2359801 0.6508579 23 HandTipRight
0.2674636 -0.2322857 0.6420001 24 ThumbRight
0.1983967 -0.3283689 0.8613738 0 SpineBase
0.2095124 -0.01620426 0.893503 1 SpineMid
0.2154786 0.2740509 0.9055671 2 Neck
0.06128571 0.1448603 0.8812327 4 ShoulderLeft
0.0295841 -0.04190305 0.799063 5 ElbowLeft
0.2225428 -0.174963 0.6787053 6 WristLeft
0.2378529 -0.2121015 0.6656505 7 HandLeft
0.3848974 0.1201035 0.9067808 8 ShoulderRight
0.3993343 -0.07317635 0.8455644 9 ElbowRight
0.2596888 -0.1155281 0.7051097 10 WristRight
0.2304455 -0.1959233 0.667311 11 HandRight
0.1060294 -0.3093809 0.8251672 12 HipLeft
0.1006081 -0.622683 0.6694317 13 KneeLeft
0.2757778 -0.3230175 0.83405 16 HipRight
0.2961482 -0.6484606 0.8298123 17 KneeRight
0.2145655 0.2044942 0.9048061 20 SpineShoulder
0.2960145 -0.2614412 0.6593872 21 HandTipLeft
0.2595194 -0.1998925 0.6448518 22 ThumbLeft
0.230627 -0.2359801 0.6508579 23 HandTipRight
0.2674636 -0.2322857 0.6420001 24 ThumbRight
0.2078929 -0.3281866 0.7701607 0 SpineBase
0.2296541 -0.01025894 0.8045051 1 SpineMid
0.244223 0.282849 0.8168107 2 Neck
0.08105193 0.1474898 0.790853 4 ShoulderLeft
0.01822539 -0.03588334 0.717834 5 ElbowLeft
0.2298633 -0.1584858 0.6010933 6 WristLeft
0.2478756 -0.1847438 0.5757012 7 HandLeft
0.4053562 0.118859 0.8136905 8 ShoulderRight
0.4545532 -0.06871901 0.7564857 9 ElbowRight
0.3052729 -0.1023883 0.6238429 10 WristRight
0.2435332 -0.1295315 0.5878328 11 HandRight
0.1126437 -0.3082899 0.7372416 12 HipLeft
-0.04745502 -0.598261 0.7634629 13 KneeLeft
0.2858533 -0.3216179 0.7410286 16 HipRight
0.2911761 -0.6516024 0.7370309 17 KneeRight
0.2413356 0.2129721 0.8159534 20 SpineShoulder
0.3230425 -0.2250693 0.5542609 21 HandTipLeft
0.2511707 -0.1254837 0.5538 22 ThumbLeft
0.1972792 -0.1359152 0.5629144 23 HandTipRight
0.2507848 -0.1761677 0.5505416 24 ThumbRight
0.198422 -0.3174188 0.7036848 0 SpineBase
0.2369189 -0.002716316 0.7311296 1 SpineMid
0.1079198 0.1576305 0.7149006 4 ShoulderLeft
0.03046976 -0.02336359 0.6494533 5 ElbowLeft
0.2436724 -0.09823263 0.5387977 6 WristLeft
0.3098174 -0.05825249 0.5757956 7 HandLeft
0.4084429 0.1193222 0.7147012 8 ShoulderRight
0.4509087 -0.06580593 0.6414126 9 ElbowRight
0.2008858 -0.08894114 0.5614932 11 HandRight
0.1014376 -0.2922359 0.672125 12 HipLeft
-0.05406366 -0.5765347 0.7374635 13 KneeLeft
0.2773509 -0.3146984 0.6736785 16 HipRight
0.2758857 -0.6512653 0.6357064 17 KneeRight
0.2600769 0.2167576 0.7363848 20 SpineShoulder
0.3615566 -0.07002297 0.5748663 21 HandTipLeft
0.2931047 -0.02236482 0.5992001 22 ThumbLeft
0.1458061 -0.06786159 0.5528073 23 HandTipRight
0.213016 -0.1516223 0.56525 24 ThumbRight
0.1269134 -0.2971597 0.6973715 0 SpineBase
0.2118353 0.005140914 0.7031568 1 SpineMid
0.137281 0.1639277 0.6679356 4 ShoulderLeft
0.06099598 -0.01808351 0.6021197 5 ElbowLeft
0.2730483 -0.06922946 0.5599608 6 WristLeft
0.3294267 -0.0251385 0.5658208 7 HandLeft
0.3904361 0.1547381 0.64768 8 ShoulderRight
0.3708915 -0.04313512 0.5949869 9 ElbowRight
0.1527026 -0.05552396 0.5370852 10 WristRight
0.1172735 -0.04191197 0.5683894 11 HandRight
0.03543337 -0.2644095 0.6708421 12 HipLeft
0.02684297 -0.5949887 0.7017038 13 KneeLeft
0.2061094 -0.3026129 0.6609566 16 HipRight
0.4801518 -0.2524692 0.4042194 17 KneeRight
0.2560129 0.2198052 0.6906271 20 SpineShoulder
0.2053895 -0.243693 0.6695196 0 SpineBase
0.2771009 0.04861345 0.6570796 1 SpineMid
0.3338262 0.3122551 0.6260885 2 Neck
0.2160861 0.2040411 0.625024 4 ShoulderLeft
0.3344841 0.02593608 0.5342863 7 HandLeft
0.4614132 0.2214523 0.6053116 8 ShoulderRight
0.126655 0.02555121 0.5136509 10 WristRight
0.1122499 -0.218803 0.6445149 12 HipLeft
0.202367 -0.5048184 0.7551029 13 KneeLeft
0.278564 -0.2455747 0.6316563 16 HipRight
0.50781 -0.2819613 0.3347898 17 KneeRight
0.3212535 0.2501691 0.6353398 20 SpineShoulder
0.3749312 -0.02008925 0.5302646 21 HandTipLeft
0.3583448 0.05495337 0.5198125 22 ThumbLeft
0.04849295 -0.3467022 0.6234011 0 SpineBase
0.1168362 -0.06839463 0.6234968 1 SpineMid
0.05815627 0.08343887 0.5929289 4 ShoulderLeft
0.3085615 0.1024589 0.5744312 8 ShoulderRight
0.1798274 0.2388855 0.5577946 11 HandRight
-0.02852611 -0.309518 0.6065887 12 HipLeft
-0.08083071 -0.626363 0.6450005 13 KneeLeft
0.1230112 -0.3470883 0.5760225 16 HipRight
0.1638925 0.1315623 0.6054409 20 SpineShoulder
0.1105025 0.2133857 0.5736004 23 HandTipRight
0.1924975 0.1838575 0.5133889 24 ThumbRight
