X              Y         Z      JointType 
-0.2211794 0.1136621 2.029044 0 SpineBase
-0.2169697 0.4054564 1.961266 1 SpineMid
-0.2114179 0.685381 1.882285 2 Neck
-0.3661022 0.5582995 1.882382 4 ShoulderLeft
-0.441889 0.3251449 1.923546 5 ElbowLeft
-0.05257025 0.5921434 1.938743 8 ShoulderRight
-0.004680021 0.3658333 1.981907 9 ElbowRight
-0.2891439 0.1039146 1.98408 12 HipLeft
-0.2898525 -0.2114747 2.00855 13 KneeLeft
-0.302815 -0.5342044 2.109041 14 AnkleLeft
-0.2794961 -0.5863425 1.986615 15 FootLeft
-0.1456179 0.1195004 2.004238 16 HipRight
-0.1368271 -0.1996799 2.009177 17 KneeRight
-0.1402496 -0.5128844 2.128917 18 AnkleRight
-0.1194619 -0.5653464 2.006146 19 FootRight
-0.2130374 0.6171311 1.903995 20 SpineShoulder
-0.2154001 0.1148826 1.981182 0 SpineBase
-0.2146992 0.4073251 1.945264 1 SpineMid
-0.2111996 0.6858508 1.882509 2 Neck
-0.3663025 0.5585566 1.882696 4 ShoulderLeft
-0.4395964 0.3364204 1.925223 5 ElbowLeft
-0.05097802 0.5941824 1.942371 8 ShoulderRight
-0.005900419 0.3664655 1.982361 9 ElbowRight
-0.2834192 0.1049872 1.936001 12 HipLeft
-0.2983839 -0.195635 2.008536 13 KneeLeft
-0.3009802 -0.5482336 2.114208 14 AnkleLeft
-0.2792511 -0.5910201 1.999866 15 FootLeft
-0.1398344 0.1207518 1.956929 16 HipRight
-0.1355694 -0.2444244 2.030295 17 KneeRight
-0.140826 -0.5732214 2.146109 18 AnkleRight
-0.1417398 -0.6439263 2.088684 19 FootRight
-0.2126589 0.6176484 1.902835 20 SpineShoulder
-0.2158257 0.1168042 1.978323 0 SpineBase
-0.2144113 0.4086596 1.941548 1 SpineMid
-0.2108995 0.6865417 1.883093 2 Neck
-0.3667473 0.5583246 1.883414 4 ShoulderLeft
-0.4390729 0.3423001 1.929498 5 ElbowLeft
-0.05063409 0.596157 1.945103 8 ShoulderRight
-0.007903148 0.3676066 1.984655 9 ElbowRight
-0.2837666 0.1062536 1.933238 12 HipLeft
-0.2981724 -0.1953646 2.008554 13 KneeLeft
-0.3010361 -0.5493531 2.11463 14 AnkleLeft
-0.2803214 -0.5875925 2.007393 15 FootLeft
-0.1403458 0.1233512 1.954128 16 HipRight
-0.1349194 -0.2409643 2.030333 17 KneeRight
-0.140861 -0.5732414 2.145796 18 AnkleRight
-0.1421178 -0.6372141 2.090892 19 FootRight
-0.2123466 0.6183411 1.902233 20 SpineShoulder
-0.2159988 0.1176046 1.978515 0 SpineBase
-0.2143965 0.4090167 1.940879 1 SpineMid
-0.2109094 0.6869973 1.883809 2 Neck
-0.3693277 0.5581843 1.889212 4 ShoulderLeft
-0.4396465 0.3421197 1.935308 5 ElbowLeft
-0.05040629 0.5982088 1.949625 8 ShoulderRight
-0.009678952 0.3674237 1.985031 9 ElbowRight
-0.2840431 0.1068249 1.933591 12 HipLeft
-0.2979756 -0.1967359 2.010491 13 KneeLeft
-0.3010215 -0.5527139 2.116505 14 AnkleLeft
-0.2922438 -0.6279917 2.07277 15 FootLeft
-0.1404673 0.124515 1.954421 16 HipRight
-0.1356187 -0.2425889 2.033152 17 KneeRight
-0.1403837 -0.5752705 2.143964 18 AnkleRight
-0.1430597 -0.6356913 2.092671 19 FootRight
-0.2122841 0.6186956 1.902042 20 SpineShoulder
-0.2156225 0.1178177 1.97973 0 SpineBase
-0.214424 0.4089938 1.94085 1 SpineMid
-0.2113276 0.6870803 1.884433 2 Neck
-0.3702524 0.5577716 1.891299 4 ShoulderLeft
-0.4395671 0.3443082 1.94199 5 ElbowLeft
-0.05042982 0.5976357 1.949772 8 ShoulderRight
-0.01145643 0.366166 1.987437 9 ElbowRight
-0.2837825 0.1083152 1.935078 12 HipLeft
-0.298072 -0.1972366 2.011757 13 KneeLeft
-0.300994 -0.5525836 2.116561 14 AnkleLeft
-0.291632 -0.6282809 2.072693 15 FootLeft
-0.1397508 0.1236154 1.955935 16 HipRight
-0.1360634 -0.2426834 2.034257 17 KneeRight
-0.1409098 -0.5741139 2.143393 18 AnkleRight
-0.1431114 -0.6335757 2.093741 19 FootRight
-0.2124273 0.6187624 1.90209 20 SpineShoulder
-0.2153084 0.1181733 1.980696 0 SpineBase
-0.2143973 0.4090423 1.940913 1 SpineMid
-0.2114557 0.6871612 1.884719 2 Neck
-0.3701917 0.557721 1.891181 4 ShoulderLeft
-0.4395494 0.3448035 1.943216 5 ElbowLeft
-0.0505409 0.5975561 1.949889 8 ShoulderRight
-0.01195017 0.3661363 1.98846 9 ElbowRight
-0.2834926 0.1095558 1.936067 12 HipLeft
-0.2980371 -0.1974797 2.012581 13 KneeLeft
-0.3009832 -0.552555 2.116626 14 AnkleLeft
-0.2910953 -0.6285713 2.072865 15 FootLeft
-0.1393857 0.1231999 1.957057 16 HipRight
-0.1362814 -0.242749 2.034907 17 KneeRight
-0.1408309 -0.5735731 2.143667 18 AnkleRight
-0.1431381 -0.6326808 2.094371 19 FootRight
-0.2124721 0.6188337 1.90215 20 SpineShoulder
-0.2152134 0.1181734 1.981005 0 SpineBase
-0.214406 0.4090123 1.940851 1 SpineMid
-0.2117741 0.6871499 1.88512 2 Neck
-0.3731602 0.5566022 1.895664 4 ShoulderLeft
-0.4398105 0.3440131 1.943921 5 ElbowLeft
-0.05124938 0.5956109 1.947878 8 ShoulderRight
-0.01251729 0.3662003 1.98902 9 ElbowRight
-0.2836899 0.1104588 1.936631 12 HipLeft
-0.2983032 -0.1974907 2.01357 13 KneeLeft
-0.3012072 -0.5521038 2.116497 14 AnkleLeft
-0.290947 -0.6288331 2.072984 15 FootLeft
-0.1389115 0.1220671 1.957448 16 HipRight
-0.1366973 -0.2433249 2.036006 17 KneeRight
-0.1405937 -0.5760432 2.141588 18 AnkleRight
-0.1433942 -0.6344483 2.094119 19 FootRight
-0.2126003 0.6188577 1.902153 20 SpineShoulder
-0.2152134 0.1181734 1.981005 0 SpineBase
-0.214406 0.4090123 1.940851 1 SpineMid
-0.2117741 0.6871499 1.88512 2 Neck
-0.3731602 0.5566022 1.895664 4 ShoulderLeft
-0.4398105 0.3440131 1.943921 5 ElbowLeft
-0.05124938 0.5956109 1.947878 8 ShoulderRight
-0.01251729 0.3662003 1.98902 9 ElbowRight
-0.2836899 0.1104588 1.936631 12 HipLeft
-0.2983032 -0.1974907 2.01357 13 KneeLeft
-0.3012072 -0.5521038 2.116497 14 AnkleLeft
-0.290947 -0.6288331 2.072984 15 FootLeft
-0.1389115 0.1220671 1.957448 16 HipRight
-0.1366973 -0.2433249 2.036006 17 KneeRight
-0.1405937 -0.5760432 2.141588 18 AnkleRight
-0.1433942 -0.6344483 2.094119 19 FootRight
-0.2126003 0.6188577 1.902153 20 SpineShoulder
-0.2151484 0.1180672 1.980538 0 SpineBase
-0.2146639 0.4087149 1.940128 1 SpineMid
-0.2123742 0.6868312 1.885015 2 Neck
-0.3742502 0.5567544 1.896824 4 ShoulderLeft
-0.4397796 0.3442088 1.943526 5 ElbowLeft
-0.05212227 0.5941216 1.946222 8 ShoulderRight
-0.01279397 0.3651276 1.988227 9 ElbowRight
-0.2838805 0.1108518 1.936166 12 HipLeft
-0.2985454 -0.1973418 2.013391 13 KneeLeft
-0.301281 -0.5520222 2.116382 14 AnkleLeft
-0.2851504 -0.5857258 2.016059 15 FootLeft
-0.138498 0.121097 1.956455 16 HipRight
-0.1367566 -0.2432812 2.035955 17 KneeRight
-0.1420558 -0.5725986 2.136743 18 AnkleRight
-0.1432557 -0.6328102 2.094538 19 FootRight
-0.2131317 0.6186174 1.901719 20 SpineShoulder
-0.2148694 0.118215 1.979143 0 SpineBase
-0.2147017 0.40876 1.939116 1 SpineMid
-0.212599 0.686874 1.885038 2 Neck
-0.3744963 0.5574706 1.896927 4 ShoulderLeft
-0.4400508 0.3455045 1.940542 5 ElbowLeft
-0.05233087 0.5933837 1.945135 8 ShoulderRight
-0.01338859 0.3629563 1.986211 9 ElbowRight
-0.2839544 0.1118643 1.934484 12 HipLeft
-0.2991825 -0.195144 2.012082 13 KneeLeft
-0.3019495 -0.5490018 2.114891 14 AnkleLeft
-0.2861387 -0.5825655 2.014687 15 FootLeft
-0.1379412 0.1204694 1.954849 16 HipRight
-0.1366304 -0.2404316 2.035164 17 KneeRight
-0.1419259 -0.5723858 2.136461 18 AnkleRight
-0.1436901 -0.6336284 2.094931 19 FootRight
-0.2133518 0.6187196 1.901421 20 SpineShoulder
-0.2146158 0.1180733 1.977986 0 SpineBase
-0.214567 0.4086923 1.938285 1 SpineMid
-0.2126071 0.6868894 1.884996 2 Neck
-0.3739663 0.5563043 1.894059 4 ShoulderLeft
-0.4398717 0.3451504 1.937145 5 ElbowLeft
-0.05240961 0.5930627 1.944467 8 ShoulderRight
-0.01406745 0.3608362 1.984429 9 ElbowRight
-0.2838375 0.1120936 1.933617 12 HipLeft
-0.2994055 -0.1944143 2.011184 13 KneeLeft
-0.3020029 -0.5492097 2.114849 14 AnkleLeft
-0.285688 -0.5826892 2.014749 15 FootLeft
-0.1376001 0.119835 1.953275 16 HipRight
-0.1366499 -0.2408136 2.035124 17 KneeRight
-0.1420598 -0.5731596 2.135399 18 AnkleRight
-0.128208 -0.6063105 2.035128 19 FootRight
-0.2133482 0.6187725 1.901133 20 SpineShoulder
-0.2145922 0.1180697 1.977315 0 SpineBase
-0.2145533 0.4086634 1.937609 1 SpineMid
-0.2126444 0.6868907 1.884872 2 Neck
-0.3739505 0.5565841 1.893534 4 ShoulderLeft
-0.4399631 0.3448597 1.935525 5 ElbowLeft
-0.05240139 0.5928913 1.944007 8 ShoulderRight
-0.01430014 0.3598752 1.983838 9 ElbowRight
-0.2838852 0.1124021 1.932857 12 HipLeft
-0.2994422 -0.1945617 2.01103 13 KneeLeft
-0.3020723 -0.5491578 2.114883 14 AnkleLeft
-0.2857589 -0.5825951 2.014809 15 FootLeft
-0.1375581 0.1195569 1.952634 16 HipRight
-0.1368311 -0.2412133 2.035043 17 KneeRight
-0.1417603 -0.5729905 2.135921 18 AnkleRight
-0.1279156 -0.6061025 2.035675 19 FootRight
-0.2133891 0.6188061 1.900738 20 SpineShoulder
-0.2145735 0.1177681 1.97648 0 SpineBase
-0.2145533 0.4084627 1.936765 1 SpineMid
-0.2127171 0.6868551 1.884628 2 Neck
-0.3738324 0.5553198 1.890706 4 ShoulderLeft
-0.4399523 0.3451634 1.933772 5 ElbowLeft
-0.05249285 0.5925149 1.943266 8 ShoulderRight
-0.01455718 0.3568424 1.983416 9 ElbowRight
-0.2839401 0.1123556 1.931614 12 HipLeft
-0.2991595 -0.1945174 2.010542 13 KneeLeft
-0.3020355 -0.5493479 2.114822 14 AnkleLeft
-0.2852473 -0.5827512 2.014818 15 FootLeft
-0.1375075 0.1190616 1.952045 16 HipRight
-0.1369115 -0.2412864 2.034931 17 KneeRight
-0.1422703 -0.5719729 2.134775 18 AnkleRight
-0.1279409 -0.6050643 2.034595 19 FootRight
-0.2134614 0.6187733 1.900169 20 SpineShoulder
-0.2145422 0.1177902 1.97602 0 SpineBase
-0.2145972 0.4084105 1.936244 1 SpineMid
-0.2128655 0.6867907 1.884347 2 Neck
-0.3740704 0.5555146 1.890689 4 ShoulderLeft
-0.4402263 0.3444314 1.930859 5 ElbowLeft
-0.05268793 0.5922078 1.942731 8 ShoulderRight
-0.01438623 0.3571879 1.982255 9 ElbowRight
-0.2839843 0.1125472 1.93119 12 HipLeft
-0.2992488 -0.1945839 2.010377 13 KneeLeft
-0.3020824 -0.5494162 2.114764 14 AnkleLeft
-0.2854155 -0.5828214 2.014723 15 FootLeft
-0.137425 0.1188967 1.951557 16 HipRight
-0.1370189 -0.2415123 2.034967 17 KneeRight
-0.1423304 -0.571579 2.133657 18 AnkleRight
-0.1281208 -0.6046749 2.03344 19 FootRight
-0.2135986 0.6187271 1.899715 20 SpineShoulder
-0.2143115 0.1175552 1.974908 0 SpineBase
-0.214632 0.4081298 1.935308 1 SpineMid
-0.2131584 0.6865526 1.883869 2 Neck
-0.3735163 0.5536973 1.887673 4 ShoulderLeft
-0.4405284 0.3440629 1.928962 5 ElbowLeft
-0.05267441 0.5919958 1.942508 8 ShoulderRight
-0.01439729 0.3567303 1.982151 9 ElbowRight
-0.283807 0.1125083 1.929837 12 HipLeft
-0.2991019 -0.1946958 2.009736 13 KneeLeft
-0.3020423 -0.550085 2.114893 14 AnkleLeft
-0.2847312 -0.583423 2.014983 15 FootLeft
-0.137195 0.1185101 1.95073 16 HipRight
-0.1370866 -0.2417234 2.034807 17 KneeRight
-0.1420011 -0.5733566 2.133727 18 AnkleRight
-0.1271514 -0.6063693 2.033646 19 FootRight
-0.2138388 0.6184982 1.899014 20 SpineShoulder
-0.2141376 0.1174361 1.974056 0 SpineBase
-0.2145641 0.4079738 1.934609 1 SpineMid
-0.2132474 0.6864045 1.883494 2 Neck
-0.3735326 0.5540215 1.887603 4 ShoulderLeft
-0.4405757 0.3439459 1.929188 5 ElbowLeft
-0.05267844 0.5919631 1.942479 8 ShoulderRight
-0.01429124 0.3569075 1.981836 9 ElbowRight
-0.2836604 0.1124934 1.929034 12 HipLeft
-0.2992277 -0.1944895 2.008982 13 KneeLeft
-0.3019886 -0.5503755 2.115001 14 AnkleLeft
-0.2881796 -0.6290095 2.072373 15 FootLeft
-0.1370338 0.1182887 1.949929 16 HipRight
-0.1366263 -0.2387488 2.032799 17 KneeRight
-0.1421759 -0.5723057 2.133368 18 AnkleRight
-0.1273261 -0.6053025 2.033289 19 FootRight
-0.2138841 0.6183611 1.898491 20 SpineShoulder
-0.2139121 0.1169345 1.971609 0 SpineBase
-0.2145424 0.4075688 1.932902 1 SpineMid
-0.2134266 0.6861235 1.882664 2 Neck
-0.3724529 0.554001 1.886036 4 ShoulderLeft
-0.4408552 0.3451126 1.930914 5 ElbowLeft
-0.05316019 0.5916201 1.941245 8 ShoulderRight
-0.01456131 0.3573881 1.983117 9 ElbowRight
-0.2835237 0.1121254 1.926287 12 HipLeft
-0.2993978 -0.1943068 2.007541 13 KneeLeft
-0.3019425 -0.5507855 2.116014 14 AnkleLeft
-0.2883339 -0.6287243 2.072126 15 FootLeft
-0.1367692 0.1176904 1.947873 16 HipRight
-0.1369305 -0.2410378 2.032333 17 KneeRight
-0.1408009 -0.5745102 2.135421 18 AnkleRight
-0.1258723 -0.6073675 2.035405 19 FootRight
-0.2140154 0.6180757 1.897362 20 SpineShoulder
-0.2137184 0.1167346 1.96988 0 SpineBase
-0.2144455 0.4074077 1.931548 1 SpineMid
-0.21347 0.6860015 1.88184 2 Neck
-0.3723738 0.5542228 1.886002 4 ShoulderLeft
-0.4424421 0.3476944 1.939104 5 ElbowLeft
-0.0532125 0.5914848 1.941065 8 ShoulderRight
-0.01447898 0.3576445 1.984505 9 ElbowRight
-0.2833533 0.112054 1.924512 12 HipLeft
-0.2994383 -0.1945292 2.006527 13 KneeLeft
-0.3020801 -0.5501233 2.11548 14 AnkleLeft
-0.2882249 -0.6287591 2.072261 15 FootLeft
-0.136567 0.1173571 1.94624 16 HipRight
-0.1365463 -0.2382466 2.030091 17 KneeRight
-0.1407039 -0.5763538 2.134884 18 AnkleRight
-0.1258299 -0.6091022 2.034918 19 FootRight
-0.2140165 0.617964 1.896347 20 SpineShoulder
-0.2129246 0.1168884 1.965075 0 SpineBase
-0.2142381 0.4069812 1.928086 1 SpineMid
-0.2137946 0.6852193 1.879623 2 Neck
-0.3700266 0.5548092 1.878038 4 ShoulderLeft
-0.4522524 0.3560034 1.933184 5 ElbowLeft
-0.4672514 0.1594343 1.876096 6 WristLeft
-0.4751298 0.08808734 1.856616 7 HandLeft
-0.05386297 0.5915114 1.94009 8 ShoulderRight
-0.01206525 0.3628736 1.99027 9 ElbowRight
-0.2824881 0.1121374 1.919925 12 HipLeft
-0.2994732 -0.1942994 2.003357 13 KneeLeft
-0.3023407 -0.5489146 2.114703 14 AnkleLeft
-0.2881064 -0.6285877 2.071904 15 FootLeft
-0.1358822 0.1175565 1.94128 16 HipRight
-0.1379856 -0.2338061 2.022893 17 KneeRight
-0.1403026 -0.5770022 2.135324 18 AnkleRight
-0.1442497 -0.6355928 2.095548 19 FootRight
-0.2142034 0.6172848 1.893783 20 SpineShoulder
-0.476673 0.02763129 1.855529 21 HandTipLeft
-0.467547 0.09112526 1.815823 22 ThumbLeft
-0.2134464 0.117829 1.961342 0 SpineBase
-0.215042 0.4071031 1.922919 1 SpineMid
-0.2150662 0.6842088 1.873088 2 Neck
-0.3686487 0.5566828 1.872268 4 ShoulderLeft
-0.4880808 0.3812636 1.92749 5 ElbowLeft
-0.5183988 0.1915795 1.868058 6 WristLeft
-0.5213192 0.1065084 1.844526 7 HandLeft
-0.05965577 0.5922791 1.930678 8 ShoulderRight
0.007674332 0.3798305 2.003923 9 ElbowRight
0.08205366 0.1862106 1.949037 10 WristRight
0.085046 0.1126705 1.901877 11 HandRight
-0.2830958 0.1130176 1.91668 12 HipLeft
-0.2995081 -0.1952045 2.002074 13 KneeLeft
-0.3023682 -0.5496244 2.114872 14 AnkleLeft
-0.291816 -0.629841 2.072386 15 FootLeft
-0.1362797 0.1185074 1.937051 16 HipRight
-0.1397752 -0.2304686 2.019038 17 KneeRight
-0.1413563 -0.5793408 2.137839 18 AnkleRight
-0.1447024 -0.6373017 2.094016 19 FootRight
-0.2153293 0.6166153 1.887534 20 SpineShoulder
-0.522846 0.04204027 1.844362 21 HandTipLeft
-0.5138423 0.09716664 1.800048 22 ThumbLeft
0.1040683 0.0451582 1.92572 23 HandTipRight
0.08147924 0.1257956 1.86215 24 ThumbRight
-0.2141445 0.1181901 1.959351 0 SpineBase
-0.2154731 0.4066849 1.920606 1 SpineMid
-0.2152466 0.6828824 1.870383 2 Neck
-0.3696325 0.5589409 1.870791 4 ShoulderLeft
-0.491874 0.38438 1.927531 5 ElbowLeft
-0.5275533 0.1955853 1.86854 6 WristLeft
-0.544889 0.1132513 1.840288 7 HandLeft
-0.06283308 0.5911176 1.921399 8 ShoulderRight
0.0143 0.386849 1.996169 9 ElbowRight
0.09476481 0.1795765 1.928255 10 WristRight
0.1091829 0.1110238 1.908012 11 HandRight
-0.2839439 0.113511 1.914667 12 HipLeft
-0.2997231 -0.1952157 2.000264 13 KneeLeft
-0.3023546 -0.5501725 2.114826 14 AnkleLeft
-0.2919159 -0.6299328 2.07226 15 FootLeft
-0.1368099 0.1187248 1.935089 16 HipRight
-0.1404435 -0.2285808 2.017305 17 KneeRight
-0.1417795 -0.5799882 2.137861 18 AnkleRight
-0.1447095 -0.637867 2.093757 19 FootRight
-0.2155707 0.6155426 1.884925 20 SpineShoulder
-0.5505218 0.04448917 1.845756 21 HandTipLeft
-0.5344673 0.1036413 1.796382 22 ThumbLeft
0.1296755 0.04358425 1.94983 23 HandTipRight
0.1216071 0.08298637 1.868611 24 ThumbRight
-0.2141103 0.1180705 1.952787 0 SpineBase
-0.2162091 0.4056568 1.914361 1 SpineMid
-0.2168274 0.6811106 1.864696 2 Neck
-0.3697161 0.5600837 1.865093 4 ShoulderLeft
-0.5109886 0.3944301 1.921938 5 ElbowLeft
-0.5827861 0.1899609 1.860259 6 WristLeft
-0.6038501 0.1135518 1.845171 7 HandLeft
-0.05837402 0.5870372 1.920918 8 ShoulderRight
0.02523763 0.3801937 2.058028 9 ElbowRight
0.1403574 0.1800105 1.954197 10 WristRight
0.165266 0.1302963 1.917922 11 HandRight
-0.2841079 0.1138796 1.906871 12 HipLeft
-0.3008682 -0.1944708 1.997298 13 KneeLeft
-0.3027089 -0.5507396 2.11486 14 AnkleLeft
-0.2899874 -0.6306469 2.072307 15 FootLeft
-0.1365585 0.11817 1.929696 16 HipRight
-0.1407271 -0.2350736 2.018659 17 KneeRight
-0.1417898 -0.5803959 2.137597 18 AnkleRight
-0.1458233 -0.6380343 2.093862 19 FootRight
-0.216928 0.6139559 1.879074 20 SpineShoulder
-0.627527 0.03875121 1.864491 21 HandTipLeft
-0.5947221 0.1035633 1.802414 22 ThumbLeft
0.1930992 0.0776213 1.91751 23 HandTipRight
0.1511623 0.1315222 1.876607 24 ThumbRight
-0.2142266 0.1179815 1.950964 0 SpineBase
-0.2168169 0.4055022 1.912646 1 SpineMid
-0.2179506 0.6808894 1.863103 2 Neck
-0.37021 0.5602994 1.863592 4 ShoulderLeft
-0.511481 0.3940583 1.921738 5 ElbowLeft
-0.5817191 0.1818052 1.862125 6 WristLeft
-0.5910359 0.1050531 1.849596 7 HandLeft
-0.05756376 0.5861577 1.920676 8 ShoulderRight
0.02624922 0.3815669 2.060898 9 ElbowRight
0.1392052 0.1780786 1.942966 10 WristRight
0.1573386 0.1272247 1.92006 11 HandRight
-0.2841611 0.1137756 1.905199 12 HipLeft
-0.3013551 -0.1946528 1.996519 13 KneeLeft
-0.3028701 -0.5507329 2.114825 14 AnkleLeft
-0.2899148 -0.6305773 2.072394 15 FootLeft
-0.1367326 0.1180796 1.927762 16 HipRight
-0.1406437 -0.2360639 2.01867 17 KneeRight
-0.1415091 -0.5781513 2.136364 18 AnkleRight
-0.146229 -0.6359213 2.094153 19 FootRight
-0.2179151 0.6137549 1.877447 20 SpineShoulder
-0.6128471 0.02823243 1.868618 21 HandTipLeft
-0.5824308 0.09481514 1.8078 22 ThumbLeft
0.1873394 0.05706559 1.953188 23 HandTipRight
0.1605753 0.1045401 1.87372 24 ThumbRight
-0.2141273 0.1177673 1.948811 0 SpineBase
-0.2169516 0.4055072 1.91097 1 SpineMid
-0.2182739 0.6811002 1.861911 2 Neck
-0.3699886 0.5597941 1.861392 4 ShoulderLeft
-0.5070452 0.390316 1.922805 5 ElbowLeft
-0.5644342 0.1783857 1.865828 6 WristLeft
-0.5633718 0.0944565 1.853777 7 HandLeft
-0.05789182 0.5860416 1.920411 8 ShoulderRight
0.02328557 0.3817908 2.055079 9 ElbowRight
0.1286128 0.1798945 1.962522 10 WristRight
0.1360249 0.1122169 1.915996 11 HandRight
-0.283944 0.1135044 1.902906 12 HipLeft
-0.3018026 -0.1952465 1.995523 13 KneeLeft
-0.3029054 -0.5512635 2.115223 14 AnkleLeft
-0.2895705 -0.6302983 2.072312 15 FootLeft
-0.1367415 0.1179081 1.925771 16 HipRight
-0.1405847 -0.2368367 2.018506 17 KneeRight
-0.1410797 -0.5785073 2.135908 18 AnkleRight
-0.1462249 -0.6362686 2.094419 19 FootRight
-0.2181952 0.6139166 1.876136 20 SpineShoulder
-0.5799613 0.01565079 1.871611 21 HandTipLeft
-0.57559 0.07680964 1.824543 22 ThumbLeft
0.1625936 0.04820153 1.945332 23 HandTipRight
0.1285557 0.1283794 1.876967 24 ThumbRight
-0.2142655 0.1180679 1.946396 0 SpineBase
-0.2167624 0.4054242 1.910471 1 SpineMid
-0.2174202 0.6809393 1.863999 2 Neck
-0.3688392 0.5575494 1.859904 4 ShoulderLeft
-0.4857555 0.3757818 1.921532 5 ElbowLeft
-0.5309328 0.1709418 1.875597 6 WristLeft
-0.5301254 0.07879771 1.859659 7 HandLeft
-0.05667665 0.5880294 1.926515 8 ShoulderRight
0.01522551 0.3673398 2.048934 9 ElbowRight
0.09985576 0.1734054 1.935758 10 WristRight
0.1015758 0.1052106 1.910246 11 HandRight
-0.2837738 0.1136879 1.900326 12 HipLeft
-0.3020913 -0.195696 1.99406 13 KneeLeft
-0.3028405 -0.5525888 2.115169 14 AnkleLeft
-0.2887043 -0.63019 2.072529 15 FootLeft
-0.1371958 0.1182919 1.923476 16 HipRight
-0.1398559 -0.2347065 2.016363 17 KneeRight
-0.1413354 -0.5830298 2.137136 18 AnkleRight
-0.1475607 -0.6401094 2.09389 19 FootRight
-0.2175645 0.6137933 1.877303 20 SpineShoulder
-0.5440924 -0.001394424 1.880402 21 HandTipLeft
-0.5187044 0.07398546 1.818135 22 ThumbLeft
0.1247427 0.03763462 1.930317 23 HandTipRight
0.09661958 0.1120645 1.868714 24 ThumbRight
-0.2142303 0.1180365 1.946241 0 SpineBase
-0.2167139 0.4054627 1.910737 1 SpineMid
-0.2172375 0.6811098 1.865252 2 Neck
-0.3683394 0.5571675 1.86277 4 ShoulderLeft
-0.4786588 0.3695161 1.920733 5 ElbowLeft
-0.5215473 0.1582254 1.87705 6 WristLeft
-0.5211528 0.07558911 1.860506 7 HandLeft
-0.05660797 0.5884005 1.927409 8 ShoulderRight
0.01524067 0.364355 2.046582 9 ElbowRight
0.09118829 0.1808399 1.934545 10 WristRight
0.09384104 0.1077742 1.914308 11 HandRight
-0.283734 0.1136606 1.900223 12 HipLeft
-0.3021291 -0.1958444 1.993755 13 KneeLeft
-0.3028609 -0.5527034 2.114988 14 AnkleLeft
-0.2887126 -0.6299914 2.072602 15 FootLeft
-0.137173 0.1182542 1.923272 16 HipRight
-0.1399927 -0.2350729 2.015937 17 KneeRight
-0.1415046 -0.584025 2.136508 18 AnkleRight
-0.1475627 -0.6410598 2.092969 19 FootRight
-0.2173999 0.6139226 1.878322 20 SpineShoulder
-0.5350404 -0.003397258 1.876088 21 HandTipLeft
-0.5108045 0.06948956 1.818784 22 ThumbLeft
0.116937 0.03017057 1.940988 23 HandTipRight
0.09970534 0.08139227 1.870067 24 ThumbRight
-0.2142554 0.1180229 1.94622 0 SpineBase
-0.2167037 0.4054659 1.910792 1 SpineMid
-0.2171697 0.681136 1.865463 2 Neck
-0.3684136 0.5570892 1.864128 4 ShoulderLeft
-0.4770627 0.3679477 1.920784 5 ElbowLeft
-0.5189552 0.1558345 1.877041 6 WristLeft
-0.5177236 0.07612883 1.861834 7 HandLeft
-0.05655599 0.5884083 1.927647 8 ShoulderRight
0.01475787 0.3615732 2.042587 9 ElbowRight
0.06146013 0.1425431 2.051633 10 WristRight
0.09501558 0.08875181 1.931132 11 HandRight
-0.2837513 0.1136483 1.900206 12 HipLeft
-0.3020876 -0.1959376 1.993634 13 KneeLeft
-0.3029056 -0.5526775 2.114969 14 AnkleLeft
-0.290419 -0.6300642 2.073287 15 FootLeft
-0.1372046 0.1182396 1.923253 16 HipRight
-0.1399023 -0.2347419 2.015592 17 KneeRight
-0.1414561 -0.5843702 2.136636 18 AnkleRight
-0.1487779 -0.6409855 2.09172 19 FootRight
-0.2173438 0.6139416 1.878511 20 SpineShoulder
-0.5301436 -0.004010052 1.879274 21 HandTipLeft
-0.507167 0.07188186 1.81718 22 ThumbLeft
0.1167242 0.02941215 1.943455 23 HandTipRight
0.08553981 0.1273809 1.88345 24 ThumbRight
-0.2145068 0.1182906 1.946023 0 SpineBase
-0.2172393 0.405321 1.910335 1 SpineMid
-0.218912 0.6802341 1.864305 2 Neck
-0.3690889 0.5575775 1.865364 4 ShoulderLeft
-0.4724027 0.3651198 1.92067 5 ElbowLeft
-0.5094833 0.152161 1.875714 6 WristLeft
-0.5090001 0.08218435 1.8611 7 HandLeft
-0.05652827 0.5887793 1.928453 8 ShoulderRight
0.01063483 0.3649248 2.028858 9 ElbowRight
0.06961753 0.1780804 1.986203 10 WristRight
0.08563208 0.09847429 1.900701 11 HandRight
-0.2839602 0.113952 1.900158 12 HipLeft
-0.3021129 -0.1962697 1.993276 13 KneeLeft
-0.3029498 -0.5526865 2.115102 14 AnkleLeft
-0.2917567 -0.62919 2.073899 15 FootLeft
-0.1375117 0.1184576 1.922879 16 HipRight
-0.1398647 -0.2362705 2.015886 17 KneeRight
-0.1413401 -0.587316 2.140375 18 AnkleRight
-0.1495681 -0.642413 2.089716 19 FootRight
-0.2187406 0.613259 1.877624 20 SpineShoulder
-0.515736 0.01044617 1.874225 21 HandTipLeft
-0.4989402 0.0728015 1.820723 22 ThumbLeft
0.1026306 0.03868211 1.907496 23 HandTipRight
0.07641508 0.1242004 1.859786 24 ThumbRight
-0.2145545 0.118214 1.946036 0 SpineBase
-0.2173502 0.4052524 1.910142 1 SpineMid
-0.219053 0.6802403 1.863401 2 Neck
-0.3695032 0.5571911 1.864303 4 ShoulderLeft
-0.4701948 0.3638029 1.920761 5 ElbowLeft
-0.5060503 0.1540728 1.876201 6 WristLeft
-0.5079063 0.08274339 1.863031 7 HandLeft
-0.05714186 0.5882608 1.927505 8 ShoulderRight
0.007963448 0.3673365 2.021843 9 ElbowRight
0.06663927 0.1804489 1.978721 10 WristRight
0.0852714 0.05970653 1.953868 11 HandRight
-0.2840335 0.1138472 1.900229 12 HipLeft
-0.3019621 -0.1959912 1.992757 13 KneeLeft
-0.3029741 -0.552692 2.115009 14 AnkleLeft
-0.2904486 -0.628626 2.073527 15 FootLeft
-0.1375392 0.1183942 1.922864 16 HipRight
-0.1397305 -0.236414 2.015971 17 KneeRight
-0.1413408 -0.5883429 2.142086 18 AnkleRight
-0.1503746 -0.6425527 2.088986 19 FootRight
-0.2188772 0.6132289 1.876979 20 SpineShoulder
-0.5149561 0.0120495 1.875893 21 HandTipLeft
-0.5002514 0.06817381 1.821749 22 ThumbLeft
0.09202608 0.01220832 1.955665 23 HandTipRight
0.08713061 0.157598 1.908 24 ThumbRight
-0.2144912 0.1182292 1.946007 0 SpineBase
-0.2172671 0.4052709 1.909986 1 SpineMid
-0.2189948 0.6802043 1.862865 2 Neck
-0.3692034 0.5575296 1.864864 4 ShoulderLeft
-0.4682226 0.3633471 1.921187 5 ElbowLeft
-0.5048235 0.1542597 1.87649 6 WristLeft
-0.5073212 0.08185054 1.864116 7 HandLeft
-0.05739732 0.5885668 1.927547 8 ShoulderRight
0.005425462 0.369466 2.018156 9 ElbowRight
0.05572359 0.1591955 2.032194 10 WristRight
0.07687554 0.0967771 1.903599 11 HandRight
-0.2839838 0.1138546 1.900224 12 HipLeft
-0.301956 -0.1959923 1.992658 13 KneeLeft
-0.3026367 -0.5542789 2.116031 14 AnkleLeft
-0.2913953 -0.6284997 2.073686 15 FootLeft
-0.1374498 0.1184216 1.922799 16 HipRight
-0.1396891 -0.2371449 2.016575 17 KneeRight
-0.1415924 -0.5878942 2.140878 18 AnkleRight
-0.1511645 -0.6422687 2.088598 19 FootRight
-0.2188015 0.6132095 1.876582 20 SpineShoulder
-0.5143088 0.01122049 1.878146 21 HandTipLeft
-0.4997589 0.06877793 1.822316 22 ThumbLeft
0.0924327 0.03053059 1.918668 23 HandTipRight
0.0708966 0.1267294 1.861883 24 ThumbRight
-0.2143859 0.1182346 1.946073 0 SpineBase
-0.2169195 0.4054874 1.910962 1 SpineMid
-0.2181015 0.680801 1.86575 2 Neck
-0.3692535 0.5572403 1.866068 4 ShoulderLeft
-0.4657222 0.3614408 1.921176 5 ElbowLeft
-0.5018638 0.1538833 1.879022 6 WristLeft
-0.502525 0.08076279 1.865266 7 HandLeft
-0.05929161 0.5890464 1.924668 8 ShoulderRight
0.004367109 0.3701147 2.01329 9 ElbowRight
0.06403735 0.1695724 1.919762 10 WristRight
0.06753018 0.1060938 1.908546 11 HandRight
-0.2839571 0.1138156 1.900454 12 HipLeft
-0.3019495 -0.1959638 1.992512 13 KneeLeft
-0.3026816 -0.5539014 2.11594 14 AnkleLeft
-0.2929768 -0.6283928 2.073822 15 FootLeft
-0.1372179 0.1184737 1.922744 16 HipRight
-0.1396677 -0.237359 2.016752 17 KneeRight
-0.1422502 -0.5867857 2.137398 18 AnkleRight
-0.1510181 -0.6422691 2.088541 19 FootRight
-0.2180634 0.6136853 1.878911 20 SpineShoulder
-0.5081797 0.01157913 1.873237 21 HandTipLeft
-0.5005737 0.04568638 1.822647 22 ThumbLeft
0.08317418 0.02028546 1.936 23 HandTipRight
0.06488082 0.1114794 1.915667 24 ThumbRight
-0.2145059 0.1184081 1.946486 0 SpineBase
-0.2169144 0.405663 1.911592 1 SpineMid
-0.2178674 0.6807936 1.866244 2 Neck
-0.3693237 0.5568503 1.867968 4 ShoulderLeft
-0.4620153 0.359079 1.921862 5 ElbowLeft
-0.4971771 0.1527216 1.880604 6 WristLeft
-0.4950767 0.08001243 1.866645 7 HandLeft
-0.05997081 0.5899931 1.924465 8 ShoulderRight
0.001078876 0.3698843 2.007577 9 ElbowRight
0.06023199 0.1809428 2.030114 10 WristRight
0.06254715 0.1059482 1.908434 11 HandRight
-0.284189 0.1138819 1.901119 12 HipLeft
-0.3019868 -0.1956908 1.992347 13 KneeLeft
-0.3029054 -0.5532325 2.115118 14 AnkleLeft
-0.2926737 -0.6278859 2.073739 15 FootLeft
-0.1372573 0.1187481 1.922998 16 HipRight
-0.139716 -0.2373839 2.016799 17 KneeRight
-0.1420722 -0.5863991 2.138208 18 AnkleRight
-0.1503703 -0.6418108 2.088733 19 FootRight
-0.2178943 0.6137354 1.879488 20 SpineShoulder
-0.501158 0.006153461 1.885837 21 HandTipLeft
-0.4919077 0.04983307 1.825433 22 ThumbLeft
0.07546057 0.02937452 1.918918 23 HandTipRight
0.0528201 0.1599152 1.880361 24 ThumbRight
-0.214793 0.118645 1.946928 0 SpineBase
-0.2169938 0.4058318 1.912252 1 SpineMid
-0.217652 0.6809291 1.867166 2 Neck
-0.369633 0.5568941 1.868029 4 ShoulderLeft
-0.4605846 0.3577613 1.922284 5 ElbowLeft
-0.4925492 0.1515116 1.880374 6 WristLeft
-0.4883921 0.08140788 1.865974 7 HandLeft
-0.05963448 0.5903487 1.925598 8 ShoulderRight
-0.00150266 0.3721205 2.009789 9 ElbowRight
0.05153064 0.1843864 1.924634 10 WristRight
0.05594221 0.09832262 1.90182 11 HandRight
-0.2844428 0.1140684 1.901651 12 HipLeft
-0.3019983 -0.1955357 1.992327 13 KneeLeft
-0.302882 -0.5532646 2.115683 14 AnkleLeft
-0.2915429 -0.6278937 2.073833 15 FootLeft
-0.1375785 0.1190315 1.923363 16 HipRight
-0.1396692 -0.2375597 2.017178 17 KneeRight
-0.1419404 -0.5881969 2.142721 18 AnkleRight
-0.1499824 -0.642202 2.088498 19 FootRight
-0.2177605 0.6138737 1.880337 20 SpineShoulder
-0.4921587 0.01027843 1.877065 21 HandTipLeft
-0.4776215 0.06302424 1.82296 22 ThumbLeft
0.06621999 0.02130557 1.927286 23 HandTipRight
0.06038075 0.08458968 1.8525 24 ThumbRight
-0.2151991 0.1187929 1.947507 0 SpineBase
-0.2169742 0.4061855 1.913309 1 SpineMid
-0.2170819 0.6816058 1.868766 2 Neck
-0.3702871 0.5564869 1.867765 4 ShoulderLeft
-0.4594253 0.3571048 1.922409 5 ElbowLeft
-0.4872102 0.1506232 1.878443 6 WristLeft
-0.4849123 0.08135018 1.861595 7 HandLeft
-0.05844926 0.5910527 1.928995 8 ShoulderRight
-0.00370224 0.3735389 2.00925 9 ElbowRight
0.04448804 0.1777048 1.981796 10 WristRight
0.05627128 0.07191809 1.92277 11 HandRight
-0.2846969 0.1141998 1.902396 12 HipLeft
-0.3019967 -0.1955065 1.992613 13 KneeLeft
-0.3033145 -0.5512931 2.115081 14 AnkleLeft
-0.2937221 -0.6278911 2.073934 15 FootLeft
-0.1381205 0.1191969 1.923816 16 HipRight
-0.1394442 -0.23545 2.017354 17 KneeRight
-0.1413745 -0.5869387 2.143204 18 AnkleRight
-0.1494494 -0.6410831 2.089338 19 FootRight
-0.2173355 0.6144559 1.881796 20 SpineShoulder
-0.4886834 0.01025742 1.872802 21 HandTipLeft
-0.4767059 0.06781362 1.820022 22 ThumbLeft
0.06446117 0.01993084 1.929047 23 HandTipRight
0.06586581 0.0974441 1.894111 24 ThumbRight
-0.215662 0.1191067 1.948263 0 SpineBase
-0.2171547 0.406455 1.914033 1 SpineMid
-0.2170623 0.6818268 1.869419 2 Neck
-0.3706052 0.5572202 1.870439 4 ShoulderLeft
-0.4591224 0.3566571 1.922367 5 ElbowLeft
-0.4832009 0.1578082 1.877737 6 WristLeft
-0.4856143 0.0811394 1.861825 7 HandLeft
-0.05826563 0.591337 1.929731 8 ShoulderRight
-0.003797825 0.3742473 2.008827 9 ElbowRight
0.04461883 0.177336 1.981426 10 WristRight
0.05879171 0.07342143 1.924274 11 HandRight
-0.2851726 0.1144614 1.903189 12 HipLeft
-0.3021183 -0.1954264 1.992847 13 KneeLeft
-0.3032262 -0.5522721 2.115448 14 AnkleLeft
-0.2944554 -0.6275665 2.073982 15 FootLeft
-0.1385523 0.119547 1.924515 16 HipRight
-0.1395703 -0.2359754 2.017998 17 KneeRight
-0.1411747 -0.5866291 2.143448 18 AnkleRight
-0.1492415 -0.6408299 2.089726 19 FootRight
-0.2173565 0.6146879 1.882465 20 SpineShoulder
-0.4907757 0.01060549 1.874332 21 HandTipLeft
-0.4787146 0.06536319 1.820992 22 ThumbLeft
0.06428576 0.02026204 1.93256 23 HandTipRight
0.04553473 0.1029812 1.8935 24 ThumbRight
-0.2161169 0.1194229 1.949483 0 SpineBase
-0.2174165 0.4066218 1.914929 1 SpineMid
-0.2171834 0.6818748 1.869924 2 Neck
-0.3706127 0.5572134 1.870208 4 ShoulderLeft
-0.4590786 0.3561456 1.922396 5 ElbowLeft
-0.4824875 0.1602512 1.87721 6 WristLeft
-0.487759 0.08242508 1.862662 7 HandLeft
-0.0578634 0.5918972 1.931614 8 ShoulderRight
-0.003725597 0.3752591 2.010241 9 ElbowRight
0.04496909 0.168148 1.987158 10 WristRight
0.05858366 0.07408661 1.926111 11 HandRight
-0.2854133 0.1146273 1.904136 12 HipLeft
-0.3022052 -0.1954069 1.993021 13 KneeLeft
-0.3032507 -0.5519807 2.115343 14 AnkleLeft
-0.2950101 -0.6275792 2.074339 15 FootLeft
-0.1392356 0.1200427 1.926061 16 HipRight
-0.1398804 -0.2367878 2.018672 17 KneeRight
-0.1408441 -0.5861768 2.144054 18 AnkleRight
-0.1490884 -0.6402391 2.089978 19 FootRight
-0.2175047 0.6147599 1.883063 20 SpineShoulder
-0.4911672 0.01061757 1.875866 21 HandTipLeft
-0.4803896 0.06558865 1.82103 22 ThumbLeft
0.0664022 0.02022484 1.936063 23 HandTipRight
0.06810707 0.09958002 1.896052 24 ThumbRight
-0.216361 0.120461 1.953814 0 SpineBase
-0.2171274 0.4077089 1.918465 1 SpineMid
-0.2165446 0.6829553 1.872574 2 Neck
-0.371088 0.5575566 1.872272 4 ShoulderLeft
-0.4593841 0.3558522 1.923066 5 ElbowLeft
-0.4838237 0.1589714 1.877709 6 WristLeft
-0.4888538 0.0814069 1.863512 7 HandLeft
-0.05830501 0.5931709 1.934783 8 ShoulderRight
-0.004940277 0.3773679 2.009744 9 ElbowRight
0.05398312 0.1743365 2.015805 10 WristRight
0.0763993 0.06115749 1.949747 11 HandRight
-0.2856008 0.1153955 1.908209 12 HipLeft
-0.3028329 -0.1954352 1.997266 13 KneeLeft
-0.3035645 -0.5496909 2.115189 14 AnkleLeft
-0.284532 -0.5819391 2.016539 15 FootLeft
-0.1395242 0.121307 1.93058 16 HipRight
-0.1402141 -0.238162 2.021554 17 KneeRight
-0.1408204 -0.5840296 2.140252 18 AnkleRight
-0.1484006 -0.6395406 2.091169 19 FootRight
-0.2169388 0.6158449 1.885936 20 SpineShoulder
-0.4930345 0.01296939 1.873995 21 HandTipLeft
-0.4796584 0.0705112 1.821173 22 ThumbLeft
0.06955989 0.02118311 1.95563 23 HandTipRight
0.07813895 0.06735221 1.924 24 ThumbRight
-0.216554 0.1212347 1.955744 0 SpineBase
-0.217017 0.408309 1.920022 1 SpineMid
-0.2162055 0.6833978 1.873709 2 Neck
-0.371206 0.5579718 1.873412 4 ShoulderLeft
-0.4595392 0.355799 1.923442 5 ElbowLeft
-0.4833379 0.1617956 1.878567 6 WristLeft
-0.4872472 0.08290803 1.862397 7 HandLeft
-0.05806713 0.5937532 1.936341 8 ShoulderRight
-0.004874938 0.3771563 2.008806 9 ElbowRight
0.04411937 0.1754133 1.983182 10 WristRight
0.05822517 0.08057328 1.943409 11 HandRight
-0.2857562 0.1160303 1.909655 12 HipLeft
-0.3029447 -0.1950288 1.998083 13 KneeLeft
-0.3038682 -0.5485055 2.113887 14 AnkleLeft
-0.2847696 -0.5807241 2.015394 15 FootLeft
-0.1397508 0.1221912 1.933041 16 HipRight
-0.1403938 -0.238242 2.022358 17 KneeRight
-0.1408013 -0.5839927 2.140793 18 AnkleRight
-0.1483175 -0.6393014 2.091376 19 FootRight
-0.2166467 0.6163246 1.887181 20 SpineShoulder
-0.4912223 0.01350629 1.872639 21 HandTipLeft
-0.4788309 0.07426082 1.821267 22 ThumbLeft
0.0665876 0.01897957 1.961621 23 HandTipRight
0.08263629 0.06973651 1.9236 24 ThumbRight
-0.216936 0.1215305 1.956995 0 SpineBase
-0.2171847 0.4086687 1.921054 1 SpineMid
-0.2161856 0.683798 1.874499 2 Neck
-0.3718706 0.5583696 1.873593 4 ShoulderLeft
-0.4595805 0.3558365 1.923687 5 ElbowLeft
-0.4829623 0.1587203 1.877959 6 WristLeft
-0.4850242 0.08215062 1.863569 7 HandLeft
-0.05803489 0.5938513 1.936891 8 ShoulderRight
-0.004581255 0.3771491 2.007556 9 ElbowRight
0.04518814 0.1735605 1.985366 10 WristRight
0.05181318 0.08439643 1.9418 11 HandRight
-0.2860309 0.1163057 1.910816 12 HipLeft
-0.3032177 -0.1950627 1.999444 13 KneeLeft
-0.3038423 -0.5484687 2.113658 14 AnkleLeft
-0.2847051 -0.5806709 2.015246 15 FootLeft
-0.1402334 0.1224939 1.934361 16 HipRight
-0.1405313 -0.2382702 2.02282 17 KneeRight
-0.1407257 -0.5842603 2.141064 18 AnkleRight
-0.1483312 -0.639542 2.091838 19 FootRight
-0.2166692 0.6167167 1.888033 20 SpineShoulder
-0.4888844 0.01464662 1.871001 21 HandTipLeft
-0.4790605 0.07198839 1.822222 22 ThumbLeft
0.06640157 0.02024994 1.960947 23 HandTipRight
0.05438974 0.1243526 1.9081 24 ThumbRight
-0.2174004 0.122634 1.963601 0 SpineBase
-0.2177505 0.4099945 1.925644 1 SpineMid
-0.2167333 0.6852321 1.877208 2 Neck
-0.3719742 0.559315 1.876602 4 ShoulderLeft
-0.4589461 0.3572791 1.928307 5 ElbowLeft
-0.4824173 0.1565289 1.881502 6 WristLeft
-0.4843764 0.08331001 1.874019 7 HandLeft
-0.05798906 0.5946438 1.939606 8 ShoulderRight
-0.004761802 0.3795823 2.004905 9 ElbowRight
0.04844491 0.1725598 1.944662 10 WristRight
0.05090977 0.1006075 1.92602 11 HandRight
-0.2864397 0.1173409 1.916999 12 HipLeft
-0.2998701 -0.1954462 2.00823 13 KneeLeft
-0.3035086 -0.549947 2.114159 14 AnkleLeft
-0.2844462 -0.5822067 2.015945 15 FootLeft
-0.1407528 0.1236325 1.941351 16 HipRight
-0.1406257 -0.2379649 2.026711 17 KneeRight
-0.1412477 -0.5846986 2.137547 18 AnkleRight
-0.1484956 -0.6408297 2.092474 19 FootRight
-0.2172269 0.6181355 1.891192 20 SpineShoulder
-0.4884517 0.01555158 1.883485 21 HandTipLeft
-0.4767343 0.07113002 1.831748 22 ThumbLeft
0.06263867 0.02404448 1.954005 23 HandTipRight
0.0445506 0.1283314 1.886706 24 ThumbRight
-0.2174528 0.1231562 1.966841 0 SpineBase
-0.217949 0.4107396 1.92811 1 SpineMid
-0.2170704 0.686288 1.878929 2 Neck
-0.3733071 0.5594537 1.878664 4 ShoulderLeft
-0.4586818 0.3578313 1.931345 5 ElbowLeft
-0.4825213 0.1556645 1.884794 6 WristLeft
-0.4846467 0.08394742 1.877457 7 HandLeft
-0.05826331 0.5952438 1.940449 8 ShoulderRight
-0.005398675 0.3783852 2.003093 9 ElbowRight
0.04910495 0.1751211 1.949288 10 WristRight
0.05080625 0.09758125 1.929953 11 HandRight
-0.2865155 0.117871 1.920435 12 HipLeft
-0.298819 -0.1952338 2.010092 13 KneeLeft
-0.3033484 -0.5502006 2.114312 14 AnkleLeft
-0.2845873 -0.5825182 2.016072 15 FootLeft
-0.1407925 0.1241367 1.94439 16 HipRight
-0.1405084 -0.2381854 2.028098 17 KneeRight
-0.1410279 -0.5847739 2.139571 18 AnkleRight
-0.1482478 -0.6406479 2.093173 19 FootRight
-0.2175274 0.6191017 1.8931 20 SpineShoulder
-0.4894563 0.01491318 1.888401 21 HandTipLeft
-0.4756323 0.07228601 1.835708 22 ThumbLeft
0.06018643 0.02070672 1.964844 23 HandTipRight
0.05992833 0.05907274 1.897229 24 ThumbRight
-0.2178579 0.1235207 1.968448 0 SpineBase
-0.2181471 0.4108787 1.929306 1 SpineMid
-0.2171486 0.6863101 1.879683 2 Neck
-0.3743913 0.5609487 1.881639 4 ShoulderLeft
-0.4583753 0.359288 1.940184 5 ElbowLeft
-0.4830447 0.1548984 1.890116 6 WristLeft
-0.486045 0.0859535 1.883197 7 HandLeft
-0.05970294 0.5967816 1.943868 8 ShoulderRight
-0.005129694 0.3785516 2.004844 9 ElbowRight
0.04976218 0.1647126 1.966086 10 WristRight
0.05572293 0.08460902 1.938331 11 HandRight
-0.2869539 0.1183586 1.922222 12 HipLeft
-0.2970105 -0.195263 2.012509 13 KneeLeft
-0.303139 -0.5506138 2.114165 14 AnkleLeft
-0.2842618 -0.5829587 2.015973 15 FootLeft
-0.1411559 0.1243796 1.945823 16 HipRight
-0.1404961 -0.2385974 2.028722 17 KneeRight
-0.1408949 -0.5843881 2.139014 18 AnkleRight
-0.1481531 -0.6403621 2.093101 19 FootRight
-0.2176302 0.6191462 1.893965 20 SpineShoulder
-0.4924065 0.01471174 1.895101 21 HandTipLeft
-0.4764585 0.0699592 1.840593 22 ThumbLeft
0.05982003 0.0188661 1.972304 23 HandTipRight
0.04319915 0.1264199 1.901667 24 ThumbRight
-0.2177969 0.1238976 1.971358 0 SpineBase
-0.2190944 0.4116809 1.9324 1 SpineMid
-0.2196779 0.6876688 1.883099 2 Neck
-0.3776077 0.5618805 1.890189 4 ShoulderLeft
-0.4577312 0.3614732 1.950033 5 ElbowLeft
-0.4839696 0.1571112 1.898456 6 WristLeft
-0.4869049 0.08547537 1.88963 7 HandLeft
-0.0606873 0.5986503 1.949223 8 ShoulderRight
-0.004888266 0.3773679 2.00969 9 ElbowRight
0.04897537 0.1642535 1.992257 10 WristRight
0.0577195 0.07905635 1.951501 11 HandRight
-0.2868019 0.1187113 1.925629 12 HipLeft
-0.2954159 -0.1957128 2.015776 13 KneeLeft
-0.3029397 -0.5529954 2.11408 14 AnkleLeft
-0.2848594 -0.5852803 2.015714 15 FootLeft
-0.1411918 0.1247601 1.948276 16 HipRight
-0.140253 -0.2385707 2.030754 17 KneeRight
-0.1410703 -0.5843799 2.138632 18 AnkleRight
-0.1477433 -0.6403679 2.092401 19 FootRight
-0.2197094 0.620357 1.89731 20 SpineShoulder
-0.4936083 0.01514356 1.903199 21 HandTipLeft
-0.4793147 0.06543704 1.844388 22 ThumbLeft
0.06874728 0.02312844 1.976671 23 HandTipRight
0.06790361 0.09832868 1.9224 24 ThumbRight
-0.2178565 0.124101 1.972237 0 SpineBase
-0.2196783 0.4128686 1.934222 1 SpineMid
-0.22089 0.6906909 1.886215 2 Neck
-0.3792753 0.5635266 1.894061 4 ShoulderLeft
-0.4578003 0.36218 1.95358 5 ElbowLeft
-0.4841976 0.155186 1.901898 6 WristLeft
-0.486243 0.08548529 1.890504 7 HandLeft
-0.06205208 0.5996034 1.950124 8 ShoulderRight
-0.004711602 0.3779615 2.011062 9 ElbowRight
0.04967341 0.1633935 1.992872 10 WristRight
0.06618394 0.07861733 1.948839 11 HandRight
-0.2869001 0.1189563 1.92661 12 HipLeft
-0.2968902 -0.196296 2.015742 13 KneeLeft
-0.3028098 -0.552995 2.114504 14 AnkleLeft
-0.285423 -0.5851966 2.015948 15 FootLeft
-0.1412012 0.1249303 1.949072 16 HipRight
-0.1402556 -0.2389157 2.032691 17 KneeRight
-0.1410266 -0.5843022 2.13845 18 AnkleRight
-0.147779 -0.6403145 2.092383 19 FootRight
-0.2207697 0.6228619 1.900077 20 SpineShoulder
-0.4903927 0.01724312 1.898776 21 HandTipLeft
-0.4780857 0.07943349 1.850622 22 ThumbLeft
0.05275419 0.01238477 1.983675 23 HandTipRight
0.07129465 0.08295932 1.922385 24 ThumbRight
-0.2178565 0.124101 1.972237 0 SpineBase
-0.2196783 0.4128686 1.934222 1 SpineMid
-0.22089 0.6906909 1.886215 2 Neck
-0.3792753 0.5635266 1.894061 4 ShoulderLeft
-0.4578003 0.36218 1.95358 5 ElbowLeft
-0.4841976 0.155186 1.901898 6 WristLeft
-0.486243 0.08548529 1.890504 7 HandLeft
-0.06205208 0.5996034 1.950124 8 ShoulderRight
-0.004711602 0.3779615 2.011062 9 ElbowRight
0.04967341 0.1633935 1.992872 10 WristRight
0.06618394 0.07861733 1.948839 11 HandRight
-0.2869001 0.1189563 1.92661 12 HipLeft
-0.2968902 -0.196296 2.015742 13 KneeLeft
-0.3028098 -0.552995 2.114504 14 AnkleLeft
-0.285423 -0.5851966 2.015948 15 FootLeft
-0.1412012 0.1249303 1.949072 16 HipRight
-0.1402556 -0.2389157 2.032691 17 KneeRight
-0.1410266 -0.5843022 2.13845 18 AnkleRight
-0.147779 -0.6403145 2.092383 19 FootRight
-0.2207697 0.6228619 1.900077 20 SpineShoulder
-0.4903927 0.01724312 1.898776 21 HandTipLeft
-0.4780857 0.07943349 1.850622 22 ThumbLeft
0.05275419 0.01238477 1.983675 23 HandTipRight
0.07129465 0.08295932 1.922385 24 ThumbRight
-0.2180328 0.124269 1.973686 0 SpineBase
-0.2195991 0.4125532 1.934616 1 SpineMid
-0.2202587 0.6890519 1.885713 2 Neck
-0.3768732 0.5628208 1.892037 4 ShoulderLeft
-0.4577917 0.36219 1.954691 5 ElbowLeft
-0.4843917 0.1548885 1.902863 6 WristLeft
-0.4868849 0.08617972 1.889381 7 HandLeft
-0.06112565 0.5990442 1.949656 8 ShoulderRight
-0.005108294 0.3785991 2.010015 9 ElbowRight
0.04768059 0.1752212 1.963846 10 WristRight
0.04928325 0.09926671 1.933596 11 HandRight
-0.2871083 0.1190754 1.927938 12 HipLeft
-0.2972398 -0.1959935 2.016257 13 KneeLeft
-0.3027368 -0.5537643 2.114804 14 AnkleLeft
-0.2849304 -0.5860309 2.016379 15 FootLeft
-0.1413317 0.1251611 1.950646 16 HipRight
-0.1401042 -0.2389189 2.034204 17 KneeRight
-0.1410183 -0.5841622 2.138405 18 AnkleRight
-0.1476861 -0.6403556 2.093171 19 FootRight
-0.2203638 0.6217354 1.899917 20 SpineShoulder
-0.4911779 0.0154664 1.89949 21 HandTipLeft
-0.4781041 0.07480527 1.844624 22 ThumbLeft
0.05741617 0.02112498 1.958173 23 HandTipRight
0.07234733 0.07599975 1.928547 24 ThumbRight
-0.2185523 0.1248576 1.974588 0 SpineBase
-0.2200592 0.4127346 1.935213 1 SpineMid
-0.220569 0.6889647 1.885954 2 Neck
-0.3772267 0.5623325 1.891753 4 ShoulderLeft
-0.4577928 0.3621669 1.954127 5 ElbowLeft
-0.4842958 0.156091 1.902654 6 WristLeft
-0.488478 0.08475104 1.886571 7 HandLeft
-0.06397334 0.6014497 1.950487 8 ShoulderRight
-0.00803513 0.3773623 2.012098 9 ElbowRight
0.04724247 0.1765237 1.965408 10 WristRight
0.04616948 0.09261163 1.934176 11 HandRight
-0.2874716 0.1196104 1.928616 12 HipLeft
-0.2986451 -0.196433 2.014255 13 KneeLeft
-0.3059075 -0.5522894 2.109956 14 AnkleLeft
-0.2876598 -0.5845814 2.011628 15 FootLeft
-0.1420204 0.1257721 1.95179 16 HipRight
-0.1398694 -0.2385343 2.035706 17 KneeRight
-0.1402048 -0.5834422 2.142087 18 AnkleRight
-0.147333 -0.6387293 2.093003 19 FootRight
-0.220695 0.6216894 1.900217 20 SpineShoulder
-0.4918491 0.01720369 1.897214 21 HandTipLeft
-0.4802584 0.08325697 1.84514 22 ThumbLeft
0.05216562 0.01936709 1.961508 23 HandTipRight
0.04484264 0.05576847 1.947333 24 ThumbRight
-0.2285843 0.125873 1.984066 0 SpineBase
-0.2283214 0.412363 1.93859 1 SpineMid
-0.2279428 0.687376 1.884327 2 Neck
-0.3845893 0.5644098 1.892863 4 ShoulderLeft
-0.4622645 0.361886 1.953797 5 ElbowLeft
-0.4889117 0.164899 1.906784 6 WristLeft
-0.4974163 0.08839665 1.891402 7 HandLeft
-0.06952624 0.6032117 1.951876 8 ShoulderRight
-0.01555839 0.3768589 2.019 9 ElbowRight
0.04080396 0.1723828 1.96769 10 WristRight
0.03666437 0.08581576 1.93545 11 HandRight
-0.2973773 0.1200286 1.939233 12 HipLeft
-0.3232988 -0.2356923 2.093807 13 KneeLeft
-0.3788175 -0.5493372 2.094492 14 AnkleLeft
-0.3633201 -0.6124948 2.11686 15 FootLeft
-0.1518679 0.1273428 1.960157 16 HipRight
-0.140426 -0.2388397 2.03648 17 KneeRight
-0.1369061 -0.5749334 2.1496 18 AnkleRight
-0.1444686 -0.6314697 2.091608 19 FootRight
-0.2280834 0.6203857 1.899786 20 SpineShoulder
-0.5020537 0.02006135 1.901726 21 HandTipLeft
-0.4886892 0.08072633 1.849561 22 ThumbLeft
0.04197527 0.02025269 1.960876 23 HandTipRight
0.03791132 0.01582233 1.962333 24 ThumbRight
-0.237224 0.1270822 1.985696 0 SpineBase
-0.2352684 0.4129869 1.940306 1 SpineMid
-0.2341545 0.6872275 1.884372 2 Neck
-0.3893166 0.5673884 1.893633 4 ShoulderLeft
-0.4717545 0.3620359 1.95497 5 ElbowLeft
-0.498413 0.1686697 1.910341 6 WristLeft
-0.5084196 0.0882374 1.896153 7 HandLeft
-0.07081548 0.6058137 1.960008 8 ShoulderRight
-0.02306243 0.3741245 2.029033 9 ElbowRight
0.02152933 0.1746466 1.94454 10 WristRight
0.02450493 0.09547871 1.923151 11 HandRight
-0.3055154 0.1214338 1.938646 12 HipLeft
-0.3232756 -0.2330913 2.092078 13 KneeLeft
-0.3785799 -0.5498288 2.094433 14 AnkleLeft
-0.3576663 -0.5827273 1.996859 15 FootLeft
-0.1610648 0.128463 1.964061 16 HipRight
-0.1529504 -0.2490311 2.036269 17 KneeRight
-0.1372729 -0.5736265 2.151783 18 AnkleRight
-0.1612283 -0.6317757 2.104746 19 FootRight
-0.2348449 0.6204097 1.900284 20 SpineShoulder
-0.5120215 0.01734276 1.908379 21 HandTipLeft
-0.4970678 0.07898991 1.856088 22 ThumbLeft
0.03224435 0.0169728 1.954477 23 HandTipRight
0.03412237 0.05412123 1.951667 24 ThumbRight
-0.2419496 0.1269501 1.981524 0 SpineBase
-0.2360072 0.4129059 1.939346 1 SpineMid
-0.2334396 0.687124 1.884272 2 Neck
-0.3889476 0.5671602 1.892996 4 ShoulderLeft
-0.4751695 0.3614901 1.955275 5 ElbowLeft
-0.501011 0.1681309 1.909982 6 WristLeft
-0.5123793 0.08934076 1.895787 7 HandLeft
-0.07010294 0.6058396 1.96013 8 ShoulderRight
-0.02354473 0.374692 2.030507 9 ElbowRight
0.0131413 0.1835023 1.938797 10 WristRight
0.01839652 0.1022798 1.912945 11 HandRight
-0.3103862 0.1214833 1.932838 12 HipLeft
-0.3232914 -0.2263597 2.083447 13 KneeLeft
-0.3784621 -0.5499162 2.094448 14 AnkleLeft
-0.3574328 -0.5826629 1.996868 15 FootLeft
-0.1653838 0.1281361 1.961234 16 HipRight
-0.1543339 -0.2373256 2.050907 17 KneeRight
-0.1382669 -0.5739586 2.152767 18 AnkleRight
-0.1595232 -0.6270809 2.09648 19 FootRight
-0.2345565 0.6203407 1.900104 20 SpineShoulder
-0.5172587 0.016106 1.911875 21 HandTipLeft
-0.5025849 0.06942978 1.8545 22 ThumbLeft
0.03048928 0.02936704 1.923614 23 HandTipRight
0.03372582 0.03481077 1.927667 24 ThumbRight
-0.2447796 0.1271881 1.981893 0 SpineBase
-0.2405134 0.413593 1.939607 1 SpineMid
-0.2379007 0.6879019 1.8855 2 Neck
-0.3973497 0.5648761 1.887199 4 ShoulderLeft
-0.4862082 0.3634172 1.958121 5 ElbowLeft
-0.5188788 0.1643222 1.91051 6 WristLeft
-0.5306026 0.08894611 1.892848 7 HandLeft
-0.0813217 0.6246886 1.987915 8 ShoulderRight
-0.02543166 0.3750313 2.040064 9 ElbowRight
-0.003768532 0.1903989 1.937088 10 WristRight
-0.001777979 0.09719893 1.908405 11 HandRight
-0.3114491 0.1215381 1.932074 12 HipLeft
-0.3207872 -0.2275077 2.0827 13 KneeLeft
-0.3790185 -0.5519456 2.094347 14 AnkleLeft
-0.3507002 -0.5844265 1.998785 15 FootLeft
-0.1709552 0.1287264 1.963711 16 HipRight
-0.1694041 -0.2573423 2.065657 17 KneeRight
-0.1774681 -0.5963522 2.165309 18 AnkleRight
-0.167515 -0.6397867 2.091812 19 FootRight
-0.2388474 0.6210514 1.901024 20 SpineShoulder
-0.5352119 0.01301742 1.909132 21 HandTipLeft
-0.5253419 0.06862203 1.853676 22 ThumbLeft
0.007059865 0.02660856 1.919478 23 HandTipRight
0.01520201 0.07555333 1.921015 24 ThumbRight
-0.2504723 0.130566 1.984489 0 SpineBase
-0.2499662 0.4157856 1.940355 1 SpineMid
-0.2490911 0.6889107 1.884722 2 Neck
-0.4075224 0.568518 1.884709 4 ShoulderLeft
-0.4937503 0.3632061 1.955531 5 ElbowLeft
-0.5278393 0.1579037 1.904554 6 WristLeft
-0.5388598 0.08656927 1.886391 7 HandLeft
-0.08458401 0.6261142 1.98939 8 ShoulderRight
-0.02664336 0.3761289 2.050442 9 ElbowRight
-0.01407013 0.1708936 1.922288 10 WristRight
-0.01216758 0.0947831 1.899129 11 HandRight
-0.3155259 0.1241958 1.932173 12 HipLeft
-0.3232148 -0.2288491 2.08302 13 KneeLeft
-0.384779 -0.5557249 2.097222 14 AnkleLeft
-0.3560795 -0.5882223 2.00183 15 FootLeft
-0.1772879 0.1324436 1.969002 16 HipRight
-0.1696714 -0.2562564 2.064055 17 KneeRight
-0.167812 -0.5914216 2.1673 18 AnkleRight
-0.175751 -0.638881 2.1002 19 FootRight
-0.2495549 0.6223295 1.900595 20 SpineShoulder
-0.5444788 0.01241786 1.901001 21 HandTipLeft
-0.5321628 0.07203873 1.843111 22 ThumbLeft
-0.003393063 0.02975472 1.902678 23 HandTipRight
-0.03552602 0.04358298 1.927 24 ThumbRight
-0.2521905 0.1310964 1.984156 0 SpineBase
-0.250006 0.4157027 1.940058 1 SpineMid
-0.2470217 0.6878892 1.883566 2 Neck
-0.4102973 0.568634 1.885096 4 ShoulderLeft
-0.4967784 0.3630741 1.955418 5 ElbowLeft
-0.5291037 0.1642017 1.904814 6 WristLeft
-0.5391382 0.08687864 1.886486 7 HandLeft
-0.08072584 0.6233006 1.988695 8 ShoulderRight
-0.02736826 0.3767153 2.054499 9 ElbowRight
-0.01542682 0.1690904 1.919152 10 WristRight
-0.01406878 0.09596389 1.89831 11 HandRight
-0.3177926 0.1251643 1.930953 12 HipLeft
-0.3791616 -0.2375064 2.005887 13 KneeLeft
-0.3937785 -0.5585701 2.097779 14 AnkleLeft
-0.365588 -0.5911434 2.002263 15 FootLeft
-0.1784905 0.1326544 1.969129 16 HipRight
-0.1705516 -0.2564394 2.0631 17 KneeRight
-0.165413 -0.5898345 2.169377 18 AnkleRight
-0.1757226 -0.6357442 2.100556 19 FootRight
-0.2483439 0.6216696 1.899732 20 SpineShoulder
-0.5431134 0.01210551 1.899524 21 HandTipLeft
-0.5270427 0.07273972 1.84569 22 ThumbLeft
-0.005054416 0.02964506 1.897344 23 HandTipRight
-0.03535614 0.05122633 1.9185 24 ThumbRight
-0.2547607 0.1353411 1.98791 0 SpineBase
-0.2558963 0.4167545 1.940243 1 SpineMid
-0.2613574 0.6853047 1.879514 2 Neck
-0.4157139 0.5671133 1.88302 4 ShoulderLeft
-0.5041216 0.3621502 1.949187 5 ElbowLeft
-0.5317205 0.1693449 1.90253 6 WristLeft
-0.5395433 0.08555262 1.881244 7 HandLeft
-0.08151957 0.6530799 2.039713 8 ShoulderRight
-0.02903605 0.3886235 2.062635 9 ElbowRight
-0.01864008 0.1621845 1.914834 10 WristRight
-0.01931928 0.09642808 1.891142 11 HandRight
-0.3181546 0.1280334 1.931667 12 HipLeft
-0.3885957 -0.2356706 2.004837 13 KneeLeft
-0.4173015 -0.6190575 2.069293 15 FootLeft
-0.1841058 0.1383322 1.977354 16 HipRight
-0.1732536 -0.2548903 2.059413 17 KneeRight
-0.1607178 -0.5855892 2.172666 18 AnkleRight
-0.1758725 -0.6281313 2.09871 19 FootRight
-0.2598625 0.6201969 1.896999 20 SpineShoulder
-0.5428388 0.01171456 1.893063 21 HandTipLeft
-0.5305269 0.06617027 1.841967 22 ThumbLeft
-0.009609192 0.03405487 1.887122 23 HandTipRight
-0.002409279 0.0461739 1.903 24 ThumbRight
-0.2660369 0.152937 1.992136 0 SpineBase
-0.2685163 0.4255983 1.945472 1 SpineMid
-0.2726719 0.6894268 1.885928 2 Neck
-0.4298805 0.5709306 1.882286 4 ShoulderLeft
-0.5185575 0.3621477 1.950236 5 ElbowLeft
-0.5431497 0.1693254 1.901504 6 WristLeft
-0.5570414 0.08387966 1.881541 7 HandLeft
-0.09007121 0.6617637 2.046559 8 ShoulderRight
-0.02935585 0.4030851 2.090451 9 ElbowRight
-0.03248987 0.18236 1.93005 10 WristRight
-0.04391396 0.09578022 1.895811 11 HandRight
-0.3260693 0.1434729 1.925273 12 HipLeft
-0.407602 -0.2205244 2.005811 13 KneeLeft
-0.4242788 -0.5641238 2.123271 14 AnkleLeft
-0.4228985 -0.621285 2.065814 15 FootLeft
-0.1979538 0.1576248 1.99088 16 HipRight
-0.1823535 -0.2362852 2.071604 17 KneeRight
-0.1648518 -0.5902434 2.18186 18 AnkleRight
-0.1961712 -0.6215194 2.075487 19 FootRight
-0.271555 0.6250733 1.9028 20 SpineShoulder
-0.5592018 0.007548534 1.894473 21 HandTipLeft
-0.5510906 0.06342473 1.840795 22 ThumbLeft
-0.03610022 0.03348684 1.893142 23 HandTipRight
-0.01470342 0.04612821 1.910043 24 ThumbRight
-0.2846259 0.15258 1.966823 0 SpineBase
-0.2805004 0.4315057 1.925661 1 SpineMid
-0.2768917 0.6983013 1.873203 2 Neck
-0.4295849 0.5715819 1.882119 4 ShoulderLeft
-0.5311419 0.3593839 1.947962 5 ElbowLeft
-0.5529106 0.1657989 1.901289 6 WristLeft
-0.5656337 0.08263855 1.884475 7 HandLeft
-0.09689251 0.6758345 2.057637 8 ShoulderRight
-0.03102389 0.4164454 2.092726 9 ElbowRight
-0.04650779 0.1956111 1.933199 10 WristRight
-0.05346698 0.09730025 1.896676 11 HandRight
-0.3404573 0.1474182 1.902104 12 HipLeft
-0.4073889 -0.2202501 2.005859 13 KneeLeft
-0.4256079 -0.5635521 2.123872 14 AnkleLeft
-0.4274921 -0.6189153 2.073651 15 FootLeft
-0.2201038 0.1521753 1.962321 16 HipRight
-0.1937805 -0.230093 2.073757 17 KneeRight
-0.220314 -0.5866774 2.102715 18 AnkleRight
-0.1824969 -0.618066 2.012184 19 FootRight
-0.2777677 0.6332807 1.888345 20 SpineShoulder
-0.5676336 0.008966497 1.89707 21 HandTipLeft
-0.5574802 0.06243656 1.84375 22 ThumbLeft
-0.04589352 0.03608105 1.89003 23 HandTipRight
-0.05246392 0.03950797 1.92075 24 ThumbRight
-0.2885704 0.15687 1.96813 0 SpineBase
-0.2900403 0.4328606 1.925296 1 SpineMid
-0.3019837 0.6926548 1.868026 2 Neck
-0.4357492 0.5723613 1.878222 4 ShoulderLeft
-0.5387078 0.3589248 1.946938 5 ElbowLeft
-0.5651028 0.165046 1.905607 6 WristLeft
-0.5778233 0.08425847 1.89125 7 HandLeft
-0.1060262 0.696063 2.072776 8 ShoulderRight
-0.02465075 0.4411409 2.108199 9 ElbowRight
0.02815647 0.1865173 2.137548 10 WristRight
0.02849657 0.09412035 2.151423 11 HandRight
-0.3428684 0.1508592 1.900848 12 HipLeft
-0.412113 -0.2150983 2.001513 13 KneeLeft
-0.4283921 -0.562211 2.123607 14 AnkleLeft
-0.4316252 -0.6183882 2.069599 15 FootLeft
-0.2251686 0.157989 1.968228 16 HipRight
-0.1919053 -0.222267 2.083633 17 KneeRight
-0.2154859 -0.5990955 2.09485 18 AnkleRight
-0.1747646 -0.6299064 2.005976 19 FootRight
-0.2983229 0.6300548 1.88477 20 SpineShoulder
-0.5819674 0.007815693 1.905357 21 HandTipLeft
-0.569558 0.06198225 1.851086 22 ThumbLeft
0.03758987 0.01906345 2.153198 23 HandTipRight
0.05545129 0.1056991 2.126375 24 ThumbRight
-0.290156 0.1580607 1.969226 0 SpineBase
-0.290379 0.4325433 1.925623 1 SpineMid
-0.2979046 0.6905639 1.869485 2 Neck
-0.4353096 0.5795366 1.880514 4 ShoulderLeft
-0.5412917 0.3587024 1.946526 5 ElbowLeft
-0.5695542 0.1648501 1.906895 6 WristLeft
-0.5808098 0.08312231 1.892068 7 HandLeft
-0.1039734 0.6854641 2.06847 8 ShoulderRight
-0.02133349 0.4324251 2.110348 9 ElbowRight
0.02533301 0.1835291 2.131625 10 WristRight
0.02734036 0.09624393 2.149827 11 HandRight
-0.3457696 0.1525473 1.90107 12 HipLeft
-0.4116611 -0.2121852 1.999554 13 KneeLeft
-0.4328863 -0.5570145 2.112933 14 AnkleLeft
-0.434782 -0.61831 2.064397 15 FootLeft
-0.225682 0.1587578 1.969833 16 HipRight
-0.1920618 -0.2224596 2.082928 17 KneeRight
-0.1688581 -0.5916846 2.222038 18 AnkleRight
-0.1943148 -0.6104294 2.107813 19 FootRight
-0.296542 0.6286216 1.885605 20 SpineShoulder
-0.5841452 0.008088375 1.904479 21 HandTipLeft
-0.5726438 0.06452333 1.850467 22 ThumbLeft
0.03754477 0.01904163 2.150807 23 HandTipRight
0.05505274 0.1235388 2.121882 24 ThumbRight
-0.301921 0.1660729 1.971465 0 SpineBase
-0.2997048 0.4352297 1.928975 1 SpineMid
-0.3012283 0.6912032 1.873638 2 Neck
-0.4392342 0.5896254 1.874563 4 ShoulderLeft
-0.5498992 0.3601935 1.948173 5 ElbowLeft
-0.5777 0.1658982 1.911099 6 WristLeft
-0.5899504 0.08306343 1.896738 7 HandLeft
-0.121831 0.7047166 2.070515 8 ShoulderRight
-0.02902871 0.4538773 2.106942 9 ElbowRight
0.02368591 0.1933438 2.131553 10 WristRight
0.03013306 0.09464224 2.150383 11 HandRight
-0.3544848 0.1596068 1.900648 12 HipLeft
-0.4306636 -0.2085958 1.991597 13 KneeLeft
-0.4677984 -0.5487477 2.102101 14 AnkleLeft
-0.4220311 -0.5806291 2.014567 15 FootLeft
-0.2395943 0.1669015 1.974817 16 HipRight
-0.1965853 -0.2185587 2.075761 17 KneeRight
-0.1699753 -0.5897 2.20471 18 AnkleRight
-0.1974808 -0.6127217 2.092833 19 FootRight
-0.3008197 0.6293057 1.889401 20 SpineShoulder
-0.5939585 0.005934619 1.914753 21 HandTipLeft
-0.5800904 0.06375166 1.856156 22 ThumbLeft
0.03755124 0.01904695 2.151373 23 HandTipRight
0.05655826 0.08567967 2.127077 24 ThumbRight
-0.3256081 0.1733354 1.974575 0 SpineBase
-0.3198747 0.4485601 1.926814 1 SpineMid
-0.3096448 0.7167104 1.867439 2 Neck
-0.4499763 0.6104675 1.87556 4 ShoulderLeft
-0.5652376 0.3823234 1.946714 5 ElbowLeft
-0.6010338 0.1817905 1.918317 6 WristLeft
-0.6111831 0.08666126 1.902487 7 HandLeft
-0.1314684 0.7097332 2.071171 8 ShoulderRight
-0.03335897 0.46067 2.106562 9 ElbowRight
0.0202538 0.2006974 2.134045 10 WristRight
0.009962531 0.1006781 2.150147 11 HandRight
-0.3764656 0.1700462 1.901647 12 HipLeft
-0.4494108 -0.18836 1.993343 13 KneeLeft
-0.4797664 -0.5531262 2.103366 14 AnkleLeft
-0.4758912 -0.6197535 2.059451 15 FootLeft
-0.2659171 0.1716902 1.978672 16 HipRight
-0.2075784 -0.2105919 2.083549 17 KneeRight
-0.1735725 -0.5845596 2.194807 18 AnkleRight
-0.1954533 -0.6281854 2.115348 19 FootRight
-0.3129699 0.6508041 1.884304 20 SpineShoulder
-0.6177168 0.007778857 1.918784 21 HandTipLeft
-0.6160695 0.09992065 1.913889 22 ThumbLeft
0.037545 0.01904317 2.151112 23 HandTipRight
0.05393209 0.1154862 2.123844 24 ThumbRight
-0.3312692 0.1859571 1.994255 0 SpineBase
-0.3330176 0.4425457 1.933869 1 SpineMid
-0.3377456 0.6874129 1.867979 2 Neck
-0.4530952 0.6108541 1.873178 4 ShoulderLeft
-0.5777333 0.3869796 1.941762 5 ElbowLeft
-0.6192533 0.1859684 1.918634 6 WristLeft
-0.6222363 0.08659542 1.907445 7 HandLeft
-0.1329149 0.711051 2.072398 8 ShoulderRight
-0.05200655 0.4552103 2.104739 9 ElbowRight
0.01212538 0.1981654 2.135501 10 WristRight
0.005198075 0.09567922 2.150469 11 HandRight
-0.385449 0.1836691 1.905773 12 HipLeft
-0.4566391 -0.1870753 1.992425 13 KneeLeft
-0.4848411 -0.5516582 2.101802 14 AnkleLeft
-0.4784328 -0.6195027 2.057894 15 FootLeft
-0.2662118 0.1837084 2.017673 16 HipRight
-0.2115169 -0.2094028 2.093005 17 KneeRight
-0.2060406 -0.5752277 2.118425 18 AnkleRight
-0.1639291 -0.6076522 2.031312 19 FootRight
-0.3356254 0.6285494 1.887452 20 SpineShoulder
-0.638472 0.003321182 1.92918 21 HandTipLeft
-0.5400771 0.09175493 1.906321 22 ThumbLeft
0.03874069 0.01845376 2.150344 23 HandTipRight
0.05307733 0.1508964 2.117482 24 ThumbRight
-0.3377416 0.1868861 1.991524 0 SpineBase
-0.3385071 0.4397957 1.935377 1 SpineMid
-0.340478 0.6813844 1.870373 2 Neck
-0.4566058 0.6143904 1.870328 4 ShoulderLeft
-0.5869545 0.392601 1.935424 5 ElbowLeft
-0.633496 0.1843684 1.914837 6 WristLeft
-0.6440886 0.08480691 1.898429 7 HandLeft
-0.1341495 0.7137643 2.07271 8 ShoulderRight
-0.0535043 0.45772 2.104517 9 ElbowRight
0.00947454 0.2002816 2.13472 10 WristRight
0.005627954 0.09731463 2.149429 11 HandRight
-0.3914249 0.1860088 1.896615 12 HipLeft
-0.4584474 -0.1835433 1.98699 13 KneeLeft
-0.486431 -0.552556 2.101503 14 AnkleLeft
-0.4399064 -0.5853086 2.015023 15 FootLeft
-0.2749959 0.1817652 2.016996 16 HipRight
-0.2147383 -0.2075209 2.101937 17 KneeRight
-0.1503012 -0.5880144 2.260872 18 AnkleRight
-0.1089919 -0.6206642 2.173647 19 FootRight
-0.3397447 0.6228403 1.889191 20 SpineShoulder
-0.6554779 0.005612818 1.912728 21 HandTipLeft
-0.5613649 0.1069041 1.920842 22 ThumbLeft
0.03874716 0.01845784 2.150915 23 HandTipRight
-0.05989823 0.07319552 2.134109 24 ThumbRight
-0.3437427 0.1871787 1.988732 0 SpineBase
-0.3545433 0.4346506 1.92859 1 SpineMid
-0.3651946 0.6690457 1.857785 2 Neck
-0.4670927 0.6167423 1.862773 4 ShoulderLeft
-0.5945707 0.394272 1.930645 5 ElbowLeft
-0.6476007 0.1747858 1.9071 6 WristLeft
-0.6576176 0.07608326 1.88986 7 HandLeft
-0.1361895 0.7160068 2.073805 8 ShoulderRight
-0.0553458 0.45982 2.104582 9 ElbowRight
0.006115234 0.2018878 2.134085 10 WristRight
0.005038486 0.09550755 2.149761 11 HandRight
-0.3956734 0.1865791 1.894359 12 HipLeft
-0.4618365 -0.1824954 1.976284 13 KneeLeft
-0.4879043 -0.5529884 2.101758 14 AnkleLeft
-0.4409916 -0.5856426 2.015478 15 FootLeft
-0.2809464 0.1814646 2.01459 16 HipRight
-0.2157265 -0.2081297 2.09647 17 KneeRight
-0.1528776 -0.5813539 2.257048 18 AnkleRight
-0.1773898 -0.6239645 2.154484 19 FootRight
-0.3629774 0.6121591 1.877501 20 SpineShoulder
-0.6640638 9.065988E-05 1.915647 21 HandTipLeft
-0.5820912 0.1044745 1.9455 22 ThumbLeft
0.03873784 0.01845204 2.150153 23 HandTipRight
-0.0602406 0.06862476 2.135547 24 ThumbRight
-0.3499581 0.1840467 1.984523 0 SpineBase
-0.3615935 0.4279927 1.924516 1 SpineMid
-0.371035 0.6608732 1.854185 2 Neck
-0.4621557 0.6117774 1.862131 4 ShoulderLeft
-0.5980305 0.3916181 1.92216 5 ElbowLeft
-0.6533785 0.1766978 1.899922 6 WristLeft
-0.6668382 0.07008448 1.875303 7 HandLeft
-0.1353559 0.7144452 2.074341 8 ShoulderRight
0.03221277 0.5178847 2.093365 9 ElbowRight
0.01624046 0.2532632 2.125372 10 WristRight
-0.003560553 0.09845262 2.151265 11 HandRight
-0.4017047 0.1843311 1.894344 12 HipLeft
-0.4642478 -0.1873549 1.950701 13 KneeLeft
-0.4912569 -0.5594847 2.094679 14 AnkleLeft
-0.4437507 -0.5919726 2.008794 15 FootLeft
-0.2867544 0.1771356 2.005198 16 HipRight
-0.2311072 -0.2248678 2.043526 17 KneeRight
-0.1519162 -0.5797015 2.255334 18 AnkleRight
-0.1668103 -0.617492 2.14665 19 FootRight
-0.3691437 0.6042218 1.873708 20 SpineShoulder
-0.6737941 -0.008811062 1.888942 21 HandTipLeft
-0.6759767 0.07372355 1.887846 22 ThumbLeft
0.01503982 0.01931054 2.152345 23 HandTipRight
-0.07175998 0.09340101 2.132872 24 ThumbRight
-0.3460146 0.1855916 1.984045 0 SpineBase
-0.3612676 0.427207 1.923728 1 SpineMid
-0.3718965 0.6589432 1.853259 2 Neck
-0.4599589 0.6106197 1.861665 4 ShoulderLeft
-0.5953547 0.3889849 1.918409 5 ElbowLeft
-0.653725 0.1546759 1.890748 6 WristLeft
-0.6607001 0.05833152 1.872121 7 HandLeft
-0.1349597 0.7139918 2.074471 8 ShoulderRight
0.0323015 0.5183829 2.093162 9 ElbowRight
0.01451702 0.2539206 2.125449 10 WristRight
-0.003639451 0.09834488 2.150957 11 HandRight
-0.3973415 0.1853832 1.891875 12 HipLeft
-0.4634735 -0.1922395 1.939396 13 KneeLeft
-0.4902251 -0.5634611 2.091369 14 AnkleLeft
-0.4425121 -0.5957509 2.005562 15 FootLeft
-0.2813479 0.1803788 2.007865 16 HipRight
-0.2315582 -0.224407 2.037155 17 KneeRight
-0.1497862 -0.5793812 2.2438 18 AnkleRight
-0.1636066 -0.615926 2.134166 19 FootRight
-0.3697187 0.6026875 1.872853 20 SpineShoulder
-0.6664014 -0.01907646 1.892647 21 HandTipLeft
-0.665925 0.08916549 1.886 22 ThumbLeft
0.01499625 0.01930538 2.15177 23 HandTipRight
-0.07160132 0.09307725 2.132352 24 ThumbRight
-0.3399863 0.1853615 1.986397 0 SpineBase
-0.3594911 0.4265318 1.924326 1 SpineMid
-0.3719797 0.6580896 1.853145 2 Neck
-0.459145 0.6099018 1.86145 4 ShoulderLeft
-0.59383 0.3873143 1.916734 5 ElbowLeft
-0.6505376 0.1604341 1.89022 6 WristLeft
-0.6548027 0.05723775 1.87007 7 HandLeft
-0.1348408 0.7139102 2.074512 8 ShoulderRight
0.03229031 0.5184281 2.093168 9 ElbowRight
0.01411999 0.2540044 2.125531 10 WristRight
-0.003641169 0.0983806 2.151785 11 HandRight
-0.3905326 0.1837605 1.889703 12 HipLeft
-0.4614964 -0.1963893 1.934233 13 KneeLeft
-0.4886768 -0.5697835 2.091015 14 AnkleLeft
-0.4409053 -0.6019043 2.005234 15 FootLeft
-0.2746689 0.1813656 2.016994 16 HipRight
-0.2311127 -0.2262631 2.032013 17 KneeRight
-0.1462282 -0.5782806 2.246179 18 AnkleRight
-0.1595911 -0.6143457 2.136141 19 FootRight
-0.3695041 0.6019675 1.872858 20 SpineShoulder
-0.6604835 -0.02242619 1.886767 21 HandTipLeft
-0.6696091 0.1188048 1.882 22 ThumbLeft
0.015042 0.01932217 2.153678 23 HandTipRight
-0.07111528 0.0920137 2.133972 24 ThumbRight
-0.3279265 0.16413 1.972558 0 SpineBase
-0.3473715 0.4090545 1.917539 1 SpineMid
-0.3607267 0.6416333 1.850387 2 Neck
-0.4542843 0.5618938 1.84404 4 ShoulderLeft
-0.5845347 0.3428554 1.915316 5 ElbowLeft
-0.6184877 0.1439732 1.881955 6 WristLeft
-0.616801 0.04128509 1.86271 7 HandLeft
-0.129341 0.7103419 2.075274 8 ShoulderRight
-0.03837531 0.457764 2.106745 9 ElbowRight
0.005250495 0.196134 2.135755 10 WristRight
0.001338284 0.09661862 2.152126 11 HandRight
-0.3762917 0.1639014 1.880255 12 HipLeft
-0.4472823 -0.2103231 1.906695 13 KneeLeft
-0.4768823 -0.587956 2.091619 14 AnkleLeft
-0.483318 -0.6445473 2.059963 15 FootLeft
-0.2674823 0.1580625 1.994322 16 HipRight
-0.2365707 -0.2531355 1.928788 17 KneeRight
-0.139964 -0.536602 2.219608 18 AnkleRight
-0.142757 -0.5952305 2.125576 19 FootRight
-0.358174 0.5847969 1.868923 20 SpineShoulder
-0.6180338 -0.03908979 1.880265 21 HandTipLeft
-0.6156112 0.0103803 1.8844 22 ThumbLeft
0.03828228 0.01877558 2.152176 23 HandTipRight
-0.06520923 0.07252678 2.134765 24 ThumbRight
-0.3238878 0.1616755 1.966849 0 SpineBase
-0.3417847 0.4060463 1.914758 1 SpineMid
-0.354894 0.6387916 1.850853 2 Neck
-0.4533459 0.5627896 1.843478 4 ShoulderLeft
-0.5720751 0.3358586 1.912167 5 ElbowLeft
-0.607449 0.1345459 1.879147 6 WristLeft
-0.5980349 0.03509361 1.859177 7 HandLeft
-0.1285937 0.7096919 2.074997 8 ShoulderRight
-0.03703142 0.4574261 2.106935 9 ElbowRight
0.01397474 0.1971528 2.135997 10 WristRight
0.006418607 0.1027626 2.150887 11 HandRight
-0.3716595 0.1613752 1.875823 12 HipLeft
-0.4417521 -0.2150154 1.89926 13 KneeLeft
-0.4658856 -0.5894669 2.083078 14 AnkleLeft
-0.4161487 -0.6203356 1.998394 15 FootLeft
-0.2648242 0.156208 1.988731 16 HipRight
-0.2248735 -0.2542336 1.921958 17 KneeRight
-0.1452573 -0.5835081 2.159525 18 AnkleRight
-0.1401844 -0.6411507 2.08719 19 FootRight
-0.352356 0.5820235 1.868666 20 SpineShoulder
-0.5998002 -0.04194489 1.873073 21 HandTipLeft
-0.5333351 0.06350612 1.9024 22 ThumbLeft
0.03666915 0.01930649 2.151927 23 HandTipRight
-0.06091347 0.08160099 2.131929 24 ThumbRight
-0.3043932 0.1516085 1.951283 0 SpineBase
-0.3133093 0.3972074 1.904452 1 SpineMid
-0.3161371 0.6321188 1.848522 2 Neck
-0.4474189 0.5600965 1.84156 4 ShoulderLeft
-0.5540525 0.3244894 1.903746 5 ElbowLeft
-0.580584 0.1172842 1.869498 6 WristLeft
-0.5715403 0.03256581 1.843273 7 HandLeft
-0.1232279 0.7065286 2.075856 8 ShoulderRight
-0.03237015 0.4542404 2.10881 9 ElbowRight
0.01859556 0.1938399 2.136937 10 WristRight
0.01581152 0.1024968 2.148486 11 HandRight
-0.3525217 0.1496793 1.868045 12 HipLeft
-0.4215495 -0.2454133 1.883576 13 KneeLeft
-0.4168772 -0.5974028 2.052682 14 AnkleLeft
-0.4302952 -0.6520289 2.022393 15 FootLeft
-0.2452924 0.1482636 1.96478 16 HipRight
-0.2003081 -0.2624072 1.911191 17 KneeRight
-0.1473878 -0.5955012 2.132102 18 AnkleRight
-0.1399 -0.6527751 2.09243 19 FootRight
-0.3155276 0.5742693 1.86444 20 SpineShoulder
-0.572112 -0.0461541 1.857677 21 HandTipLeft
-0.5854371 0.05341318 1.859 22 ThumbLeft
0.03665866 0.01930304 2.151594 23 HandTipRight
-0.0466061 0.0971674 2.116591 24 ThumbRight
-0.2768764 0.1411042 1.958108 0 SpineBase
-0.3026068 0.3921615 1.904123 1 SpineMid
-0.3188247 0.6319941 1.844437 2 Neck
-0.446567 0.5481725 1.844019 4 ShoulderLeft
-0.5414729 0.3082634 1.900763 5 ElbowLeft
-0.5628445 0.1136139 1.860842 6 WristLeft
-0.5562945 0.02583313 1.838991 7 HandLeft
-0.1141922 0.687899 2.075876 8 ShoulderRight
-0.02671268 0.4354461 2.113194 9 ElbowRight
0.02615202 0.1826462 2.139778 10 WristRight
0.02886304 0.09640942 2.151901 11 HandRight
-0.3272739 0.1353424 1.882307 12 HipLeft
-0.4087733 -0.2532071 1.883319 13 KneeLeft
-0.4136725 -0.5982308 2.050669 14 AnkleLeft
-0.4290651 -0.6521476 2.02184 15 FootLeft
-0.2159595 0.1415293 1.965519 16 HipRight
-0.1808126 -0.269791 1.910705 17 KneeRight
-0.1284803 -0.5969574 2.104657 18 AnkleRight
-0.118528 -0.6541842 2.074144 19 FootRight
-0.3143249 0.573045 1.861355 20 SpineShoulder
-0.5576352 -0.04993576 1.855806 21 HandTipLeft
-0.5596228 0.005123161 1.86625 22 ThumbLeft
0.03668862 0.01931566 2.152885 23 HandTipRight
-0.01146501 0.0697504 2.127445 24 ThumbRight
-0.2580002 0.1290583 1.951042 0 SpineBase
-0.2645005 0.3918993 1.909427 1 SpineMid
-0.2636816 0.6468894 1.861452 2 Neck
-0.4396714 0.533403 1.852828 4 ShoulderLeft
-0.5141966 0.3110105 1.897593 5 ElbowLeft
-0.5317169 0.1170246 1.850959 6 WristLeft
-0.5235295 0.02981576 1.827681 7 HandLeft
-0.09612785 0.6741312 2.065222 8 ShoulderRight
-0.02397019 0.4158296 2.097107 9 ElbowRight
0.02993404 0.1665545 2.139752 10 WristRight
0.02560526 0.102717 2.150959 11 HandRight
-0.310218 0.1218928 1.880713 12 HipLeft
-0.3802298 -0.2532851 1.882013 13 KneeLeft
-0.4072511 -0.5919869 2.052527 14 AnkleLeft
-0.4203847 -0.6468301 2.021145 15 FootLeft
-0.196047 0.1301244 1.952026 16 HipRight
-0.1554722 -0.2614562 1.918443 17 KneeRight
-0.07029683 -0.6020429 2.10117 18 AnkleRight
-0.03057843 -0.6325725 2.0128 19 FootRight
-0.2648332 0.5845366 1.87536 20 SpineShoulder
-0.5198768 -0.04847046 1.836811 21 HandTipLeft
-0.5175728 -0.003587337 1.855 22 ThumbLeft
0.04309548 0.007574996 2.148077 23 HandTipRight
-0.05177131 0.1020114 2.141036 24 ThumbRight
-0.2507451 0.1252089 1.951244 0 SpineBase
-0.2594593 0.389575 1.908295 1 SpineMid
-0.2615854 0.6445257 1.857744 2 Neck
-0.4362839 0.5277933 1.855178 4 ShoulderLeft
-0.5069215 0.3104266 1.897577 5 ElbowLeft
-0.5235893 0.1166778 1.849253 6 WristLeft
-0.5147956 0.03250034 1.826116 7 HandLeft
-0.09013322 0.6678895 2.056283 8 ShoulderRight
-0.03154897 0.4019749 2.047438 9 ElbowRight
0.03424179 0.1567022 2.121493 10 WristRight
0.02447423 0.09282748 2.151178 11 HandRight
-0.3052019 0.1184268 1.88262 12 HipLeft
-0.3620165 -0.2531722 1.882473 13 KneeLeft
-0.4046597 -0.5898534 2.053279 14 AnkleLeft
-0.4177903 -0.6447394 2.022059 15 FootLeft
-0.1867186 0.1267018 1.950329 16 HipRight
-0.1525936 -0.2576939 1.917583 17 KneeRight
-0.06875483 -0.6038963 2.101521 18 AnkleRight
-0.05282073 -0.6591561 2.05967 19 FootRight
-0.2619397 0.5823278 1.872387 20 SpineShoulder
-0.5130144 -0.04621344 1.832421 21 HandTipLeft
-0.5119319 0.02927339 1.843857 22 ThumbLeft
-0.2377069 0.1068383 1.938185 0 SpineBase
-0.2494278 0.380589 1.900614 1 SpineMid
-0.2561032 0.6403444 1.852405 2 Neck
-0.4249727 0.5231583 1.857686 4 ShoulderLeft
-0.4801236 0.2996196 1.901949 5 ElbowLeft
-0.5000045 0.1069747 1.850147 6 WristLeft
-0.4860706 0.02493723 1.830667 7 HandLeft
-0.08733825 0.6049171 1.977223 8 ShoulderRight
-0.02173889 0.3440877 2.004271 9 ElbowRight
0.0256429 0.1284462 1.914316 10 WristRight
0.03619667 0.04810474 1.892934 11 HandRight
-0.2982971 0.1017435 1.879916 12 HipLeft
-0.3405629 -0.2574601 1.882046 13 KneeLeft
-0.3961532 -0.5856216 2.052109 14 AnkleLeft
-0.410053 -0.6532308 2.023048 15 FootLeft
-0.1669526 0.107124 1.925229 16 HipRight
-0.1318595 -0.2755924 1.909579 17 KneeRight
-0.1207731 -0.5889314 2.167347 18 AnkleRight
-0.0828778 -0.6335787 2.105383 19 FootRight
-0.2550443 0.5769565 1.866186 20 SpineShoulder
-0.4832924 -0.05211794 1.83579 21 HandTipLeft
-0.5075855 0.02632376 1.835667 22 ThumbLeft
0.05102117 -0.02869375 1.905207 23 HandTipRight
0.05066551 0.02208251 1.905 24 ThumbRight
-0.230695 0.09488191 1.933671 0 SpineBase
-0.2357096 0.3702355 1.896949 1 SpineMid
-0.237619 0.6337103 1.849476 2 Neck
-0.4012127 0.5130785 1.856027 4 ShoulderLeft
-0.4674713 0.2953059 1.901631 5 ElbowLeft
-0.4869156 0.102072 1.852381 6 WristLeft
-0.4778432 0.01988559 1.832915 7 HandLeft
-0.07853695 0.5864155 1.956436 8 ShoulderRight
-0.01659089 0.3293459 1.982318 9 ElbowRight
0.03025477 0.123799 1.911012 10 WristRight
0.04493356 0.04197333 1.889736 11 HandRight
-0.2946458 0.09104004 1.880413 12 HipLeft
-0.335992 -0.2604967 1.878993 13 KneeLeft
-0.394933 -0.5858755 2.051982 14 AnkleLeft
-0.3668333 -0.6171743 1.956025 15 FootLeft
-0.1573921 0.0949367 1.916192 16 HipRight
-0.1169052 -0.267526 1.893012 17 KneeRight
-0.1124005 -0.595094 2.153246 18 AnkleRight
-0.06732178 -0.6420898 2.105469 19 FootRight
-0.2375618 0.569424 1.863225 20 SpineShoulder
-0.4756377 -0.05620923 1.838116 21 HandTipLeft
-0.486366 0.04309465 1.84275 22 ThumbLeft
0.05905802 -0.03460861 1.902355 23 HandTipRight
0.06108838 0.001245473 1.905667 24 ThumbRight
-0.2170094 0.07937372 1.926541 0 SpineBase
-0.2188205 0.3580415 1.889284 1 SpineMid
-0.218541 0.6250524 1.840743 2 Neck
-0.3752697 0.506939 1.853768 4 ShoulderLeft
-0.4470277 0.2896863 1.902226 5 ElbowLeft
-0.4708748 0.09637313 1.856196 6 WristLeft
-0.4677186 0.01470901 1.842097 7 HandLeft
-0.05759727 0.5576432 1.927562 8 ShoulderRight
-0.005730501 0.3244294 1.970879 9 ElbowRight
0.03944669 0.1194124 1.906241 10 WristRight
0.05187515 0.03398109 1.876934 11 HandRight
-0.2844558 0.07526536 1.878404 12 HipLeft
-0.3269771 -0.2638011 1.865443 13 KneeLeft
-0.3698655 -0.5876021 2.039623 14 AnkleLeft
-0.3806559 -0.643389 2.008615 15 FootLeft
-0.1413696 0.08062933 1.905063 16 HipRight
-0.09835461 -0.2652478 1.880836 17 KneeRight
-0.1094142 -0.5894012 2.144813 18 AnkleRight
-0.07611609 -0.6395439 2.109122 19 FootRight
-0.2189204 0.5599364 1.854849 20 SpineShoulder
-0.4693763 -0.05893253 1.851054 21 HandTipLeft
-0.4770058 0.007691016 1.858 22 ThumbLeft
0.06226633 -0.04294243 1.889058 23 HandTipRight
0.06479236 -0.004890861 1.893 24 ThumbRight
-0.2008838 0.07120424 1.925295 0 SpineBase
-0.2028954 0.3522688 1.886487 1 SpineMid
-0.2030216 0.6215983 1.836492 2 Neck
-0.3629104 0.5030167 1.854066 4 ShoulderLeft
-0.433093 0.2871843 1.902449 5 ElbowLeft
-0.4610636 0.09396772 1.859219 6 WristLeft
-0.4585803 0.0123514 1.845364 7 HandLeft
-0.04412762 0.5413973 1.907581 8 ShoulderRight
0.01576045 0.3093482 1.955379 9 ElbowRight
0.04832426 0.115791 1.891779 10 WristRight
0.05788494 0.02926424 1.864924 11 HandRight
-0.2713228 0.06734944 1.878944 12 HipLeft
-0.3075043 -0.2609068 1.850518 13 KneeLeft
-0.3313052 -0.5980688 2.017562 14 AnkleLeft
-0.3138102 -0.6295412 1.919182 15 FootLeft
-0.1230424 0.07257335 1.902269 16 HipRight
-0.08881428 -0.2732031 1.877582 17 KneeRight
-0.1488281 -0.5486345 2.183818 18 AnkleRight
-0.0973485 -0.6123457 2.125778 19 FootRight
-0.2032775 0.5559272 1.850957 20 SpineShoulder
-0.4597084 -0.06426333 1.860002 21 HandTipLeft
-0.4838925 0.01301765 1.8487 22 ThumbLeft
0.06310026 -0.04816039 1.88039 23 HandTipRight
0.06442556 -0.02442705 1.8826 24 ThumbRight
-0.1786617 0.06536624 1.922084 0 SpineBase
-0.1893535 0.3473473 1.883364 1 SpineMid
-0.1954698 0.6180645 1.833329 2 Neck
-0.3557363 0.5025437 1.857452 4 ShoulderLeft
-0.4006032 0.2874745 1.90923 5 ElbowLeft
-0.4375022 0.09277362 1.862248 6 WristLeft
-0.4323592 0.00717415 1.844002 7 HandLeft
-0.03056295 0.5308027 1.89468 8 ShoulderRight
0.04360909 0.3166984 1.932404 9 ElbowRight
0.06860415 0.1118839 1.880279 10 WristRight
0.07772435 0.0276029 1.857244 11 HandRight
-0.2504185 0.06043552 1.882711 12 HipLeft
-0.2968248 -0.2611324 1.851624 13 KneeLeft
-0.327311 -0.591138 2.013987 14 AnkleLeft
-0.3137661 -0.6226814 1.914964 15 FootLeft
-0.09940623 0.06796958 1.891457 16 HipRight
-0.07850582 -0.2812165 1.878513 17 KneeRight
-0.1095605 -0.5807036 2.166979 18 AnkleRight
-0.06027229 -0.6280267 2.081179 19 FootRight
-0.1941316 0.5519507 1.847747 20 SpineShoulder
-0.4343505 -0.0657765 1.854338 21 HandTipLeft
-0.4326621 -0.02253393 1.856 22 ThumbLeft
0.08617803 -0.04867471 1.863961 23 HandTipRight
0.004813741 0.03401134 1.8632 24 ThumbRight
-0.1668008 0.06486676 1.92073 0 SpineBase
-0.1714203 0.3437504 1.87896 1 SpineMid
-0.1741751 0.6106892 1.825429 2 Neck
-0.3348422 0.5064481 1.864968 4 ShoulderLeft
-0.384676 0.2882439 1.907487 5 ElbowLeft
-0.4181996 0.09404798 1.864514 6 WristLeft
-0.4150516 0.008205706 1.845938 7 HandLeft
-0.008554906 0.512731 1.86696 8 ShoulderRight
0.05742053 0.3193674 1.928789 9 ElbowRight
0.08498698 0.1146069 1.873882 10 WristRight
0.09946374 0.02522275 1.852971 11 HandRight
-0.2392931 0.05958406 1.886275 12 HipLeft
-0.2896048 -0.2615612 1.852941 13 KneeLeft
-0.3248529 -0.5904629 2.01632 14 AnkleLeft
-0.3194189 -0.6224731 1.916988 15 FootLeft
-0.0868755 0.06785706 1.885068 16 HipRight
-0.06829295 -0.2817347 1.875359 17 KneeRight
-0.1079971 -0.5785391 2.165423 18 AnkleRight
-0.06241228 -0.6407562 2.108409 19 FootRight
-0.1737237 0.5456372 1.840831 20 SpineShoulder
-0.4166138 -0.07101145 1.859031 21 HandTipLeft
-0.4302595 0.03954948 1.854343 22 ThumbLeft
0.107384 -0.05163592 1.862431 23 HandTipRight
0.1191735 -0.02235064 1.866167 24 ThumbRight
-0.1372406 0.06069832 1.910591 0 SpineBase
-0.1374481 0.3348225 1.866282 1 SpineMid
-0.1362478 0.5974401 1.81057 2 Neck
-0.3084481 0.5152273 1.871324 4 ShoulderLeft
-0.3709044 0.07389055 1.866131 6 WristLeft
-0.3645194 -0.007087045 1.850103 7 HandLeft
0.01180621 0.4946895 1.837458 8 ShoulderRight
0.09952363 0.3229493 1.906015 9 ElbowRight
0.1309091 0.1110646 1.857188 10 WristRight
0.1487602 0.01792899 1.834017 11 HandRight
-0.2105431 0.05506594 1.885984 12 HipLeft
-0.2596748 -0.2795409 1.855389 13 KneeLeft
-0.3206642 -0.5852228 2.01061 14 AnkleLeft
-0.3237665 -0.6174276 1.91197 15 FootLeft
-0.05857923 0.06403931 1.865365 16 HipRight
-0.04868157 -0.2743377 1.867245 17 KneeRight
-0.1027539 -0.5746529 2.151756 18 AnkleRight
-0.05533554 -0.6337621 2.080062 19 FootRight
-0.1367219 0.5334384 1.8265 20 SpineShoulder
-0.3640101 -0.0860576 1.864432 21 HandTipLeft
-0.3669526 0.01645974 1.86025 22 ThumbLeft
0.1568462 -0.05988356 1.845921 23 HandTipRight
0.1541127 0.002294786 1.85 24 ThumbRight
-0.1325517 0.06124189 1.907924 0 SpineBase
-0.1329675 0.3344416 1.863734 1 SpineMid
-0.1321174 0.5962026 1.808147 2 Neck
-0.3100231 0.5159922 1.869985 4 ShoulderLeft
-0.3255002 0.2631069 1.896401 5 ElbowLeft
-0.363568 0.06991669 1.865976 6 WristLeft
-0.3551123 -0.009588377 1.849178 7 HandLeft
0.01337541 0.4940663 1.834385 8 ShoulderRight
0.1049322 0.3268328 1.902343 9 ElbowRight
0.1374358 0.111092 1.855425 10 WristRight
0.1560156 0.01801488 1.829928 11 HandRight
-0.2060076 0.05561514 1.88481 12 HipLeft
-0.2514118 -0.2778063 1.852677 13 KneeLeft
-0.3215704 -0.5902132 2.011521 14 AnkleLeft
-0.3249917 -0.6223416 1.91294 15 FootLeft
-0.05393034 0.06459306 1.861118 16 HipRight
-0.04176546 -0.2722736 1.865988 17 KneeRight
-0.09980211 -0.5747612 2.147621 18 AnkleRight
-0.05343435 -0.6358253 2.078305 19 FootRight
-0.1325039 0.5324076 1.824047 20 SpineShoulder
-0.3557754 -0.08618397 1.86287 21 HandTipLeft
-0.3689397 -0.01941817 1.8562 22 ThumbLeft
0.1645855 -0.06127293 1.843269 23 HandTipRight
0.1603286 0.0155181 1.842333 24 ThumbRight
-0.1062505 0.0654266 1.886646 0 SpineBase
-0.1043403 0.3324513 1.838856 1 SpineMid
-0.1016548 0.5877135 1.779629 2 Neck
-0.293382 0.5125239 1.842301 4 ShoulderLeft
-0.3411684 0.1854794 1.892471 6 WristLeft
-0.322098 -0.004680129 1.82892 7 HandLeft
0.03776733 0.4906595 1.810482 8 ShoulderRight
0.131032 0.3183932 1.882107 9 ElbowRight
0.1597159 0.1048762 1.839019 10 WristRight
0.1717911 0.016666 1.809326 11 HandRight
-0.1802832 0.06163105 1.863014 12 HipLeft
-0.2118445 -0.2445905 1.800104 13 KneeLeft
-0.3033676 -0.5733891 1.969722 14 AnkleLeft
-0.3430176 -0.6381836 1.938477 15 FootLeft
-0.02822159 0.06694195 1.840661 16 HipRight
-0.03015851 -0.25897 1.863181 17 KneeRight
-0.09179294 -0.5696773 2.135712 18 AnkleRight
-0.05168518 -0.6366739 2.071448 19 FootRight
-0.1024414 0.5255658 1.79643 20 SpineShoulder
-0.3218442 -0.08065571 1.830543 21 HandTipLeft
-0.3446882 -0.01030765 1.833454 22 ThumbLeft
0.1792617 -0.06070005 1.82577 23 HandTipRight
0.1797661 0.002742246 1.827333 24 ThumbRight
-0.08219241 0.07422793 1.84642 0 SpineBase
-0.08205205 0.3430936 1.793488 1 SpineMid
-0.08105286 0.5998996 1.729725 2 Neck
-0.2110178 0.5317499 1.748398 4 ShoulderLeft
-0.333185 0.444765 1.951516 5 ElbowLeft
-0.307227 0.2014213 1.832183 6 WristLeft
-0.2970889 0.008243794 1.777937 7 HandLeft
0.06304839 0.5029221 1.765985 8 ShoulderRight
0.1516914 0.314524 1.842126 9 ElbowRight
0.169231 0.1017684 1.799598 10 WristRight
0.1674495 0.02427357 1.775895 11 HandRight
-0.1584152 0.0728104 1.821907 12 HipLeft
-0.1794149 -0.2510806 1.725991 13 KneeLeft
-0.2331784 -0.5918284 1.838594 14 AnkleLeft
-0.2708551 -0.6566768 1.777612 15 FootLeft
-0.002873206 0.07288221 1.801589 16 HipRight
-0.02261334 -0.2497662 1.855957 17 KneeRight
-0.07486276 -0.5735744 2.115875 18 AnkleRight
-0.07006221 -0.6071402 2.016847 19 FootRight
-0.08144708 0.5374163 1.747603 20 SpineShoulder
-0.3020834 -0.07012335 1.777875 21 HandTipLeft
-0.3298126 -0.0009593072 1.7785 22 ThumbLeft
0.167971 -0.05337852 1.80004 23 HandTipRight
0.1727456 -0.05768263 1.806 24 ThumbRight
-0.07795112 0.07667979 1.81944 0 SpineBase
-0.07733794 0.3479563 1.764083 1 SpineMid
-0.07623387 0.6074509 1.69687 2 Neck
-0.2154375 0.5329535 1.737413 4 ShoulderLeft
-0.3336368 0.4445659 1.942199 5 ElbowLeft
-0.3071333 0.2066155 1.811972 6 WristLeft
-0.3001828 0.01383742 1.743637 7 HandLeft
0.07445419 0.5068924 1.730703 8 ShoulderRight
0.1548533 0.3156199 1.815936 9 ElbowRight
0.1676001 0.1074532 1.769311 10 WristRight
0.1638248 0.02778284 1.744498 11 HandRight
-0.1544405 0.07629874 1.793818 12 HipLeft
-0.1696804 -0.2473206 1.697867 13 KneeLeft
-0.2090514 -0.5952439 1.743727 14 AnkleLeft
-0.2385387 -0.6621877 1.679255 15 FootLeft
0.001558253 0.074182 1.775656 16 HipRight
-0.01857983 -0.241465 1.852253 17 KneeRight
-0.0746114 -0.5642943 2.112681 18 AnkleRight
-0.07604554 -0.5982468 2.013741 19 FootRight
-0.07660287 0.544288 1.715681 20 SpineShoulder
-0.3035356 -0.06271838 1.742817 21 HandTipLeft
-0.3293736 0.01448834 1.737176 22 ThumbLeft
0.1652233 -0.04788166 1.763143 23 HandTipRight
0.1611574 0.02113048 1.7618 24 ThumbRight
-0.06605369 0.07015604 1.773167 0 SpineBase
-0.0704741 0.3467456 1.712162 1 SpineMid
-0.07440961 0.6109315 1.639652 2 Neck
-0.2275373 0.5116027 1.675501 4 ShoulderLeft
-0.2821658 0.2767655 1.739226 5 ElbowLeft
-0.3211428 0.08404363 1.702794 6 WristLeft
-0.3262659 0.02541812 1.68356 7 HandLeft
0.08230571 0.5105281 1.681312 8 ShoulderRight
0.1529544 0.3094385 1.751611 9 ElbowRight
0.1638262 0.1011435 1.702591 10 WristRight
0.161136 0.02342897 1.682834 11 HandRight
-0.1427687 0.06996007 1.743745 12 HipLeft
-0.1630041 -0.2493881 1.644962 13 KneeLeft
-0.1884744 -0.622858 1.645537 14 AnkleLeft
-0.2065497 -0.6843494 1.565592 15 FootLeft
0.01321852 0.06766967 1.733272 16 HipRight
-0.01771304 -0.2421561 1.849651 17 KneeRight
-0.07283805 -0.5619717 2.113701 18 AnkleRight
-0.07058293 -0.5964018 2.01511 19 FootRight
-0.0735209 0.5466883 1.659728 20 SpineShoulder
-0.3258154 -0.05862142 1.682484 21 HandTipLeft
-0.3190586 0.0002733794 1.642143 22 ThumbLeft
0.1603043 -0.05331774 1.698242 23 HandTipRight
0.1604216 -0.0070054 1.699625 24 ThumbRight
-0.07686361 0.05795592 1.677462 0 SpineBase
-0.08079059 0.3410793 1.611237 1 SpineMid
-0.08421683 0.6111129 1.533639 2 Neck
-0.2383038 0.4947448 1.550738 4 ShoulderLeft
-0.3080941 0.2750054 1.614383 5 ElbowLeft
-0.3495477 0.0809991 1.596337 6 WristLeft
-0.3619652 0.008737537 1.590253 7 HandLeft
0.07928251 0.507242 1.594358 8 ShoulderRight
0.1320499 0.2971251 1.658809 9 ElbowRight
0.1592796 0.09176196 1.608262 10 WristRight
0.1623239 0.021119 1.581603 11 HandRight
-0.1529541 0.0592772 1.639315 12 HipLeft
-0.157243 -0.2465331 1.582677 13 KneeLeft
-0.1769374 -0.6293896 1.619207 14 AnkleLeft
-0.1635968 -0.660617 1.522863 15 FootLeft
0.00242154 0.05428611 1.646356 16 HipRight
-0.02354154 -0.2402526 1.775357 17 KneeRight
-0.06860907 -0.5320491 2.069868 18 AnkleRight
-0.05760965 -0.56705 1.972146 19 FootRight
-0.08348379 0.5455299 1.554854 20 SpineShoulder
-0.361921 -0.06965157 1.613328 21 HandTipLeft
-0.3595818 -0.01604149 1.55525 22 ThumbLeft
0.1673267 -0.05787216 1.591084 23 HandTipRight
0.1407307 0.05816112 1.603857 24 ThumbRight
-0.09958526 0.04171316 1.588701 0 SpineBase
-0.09654997 0.3324563 1.531087 1 SpineMid
-0.09276482 0.6084765 1.461963 2 Neck
-0.2466573 0.4862491 1.463542 4 ShoulderLeft
-0.3281007 0.2796965 1.512008 5 ElbowLeft
-0.3743559 0.07983866 1.487514 6 WristLeft
-0.3863586 0.00963048 1.488844 7 HandLeft
0.0644448 0.5011446 1.515864 8 ShoulderRight
0.1079168 0.2897732 1.581034 9 ElbowRight
0.1504995 0.09903239 1.532989 10 WristRight
0.1573712 0.02854793 1.513764 11 HandRight
-0.1737847 0.0412756 1.545227 12 HipLeft
-0.172259 -0.2621456 1.543039 13 KneeLeft
-0.1799638 -0.6291935 1.61292 14 AnkleLeft
-0.1643368 -0.6595374 1.516354 15 FootLeft
-0.02106051 0.04032986 1.562818 16 HipRight
-0.03638161 -0.2397542 1.640862 17 KneeRight
-0.04388388 -0.5410947 1.929427 18 AnkleRight
-0.03101238 -0.5745328 1.831643 19 FootRight
-0.09383234 0.5415576 1.481114 20 SpineShoulder
-0.3931443 -0.0646708 1.510885 21 HandTipLeft
-0.3567882 -0.01789758 1.473625 22 ThumbLeft
0.1642832 -0.05326225 1.517713 23 HandTipRight
0.1372202 0.0787267 1.536833 24 ThumbRight
-0.1009234 0.0402501 1.576585 0 SpineBase
-0.09675132 0.3323152 1.530115 1 SpineMid
-0.09281462 0.6086091 1.464288 2 Neck
-0.2469148 0.4860881 1.460292 4 ShoulderLeft
-0.3317184 0.280687 1.493294 5 ElbowLeft
-0.3805674 0.075644 1.454618 6 WristLeft
-0.3914075 0.01039812 1.44622 7 HandLeft
0.06425899 0.5014492 1.517817 8 ShoulderRight
0.1058927 0.2885502 1.570687 9 ElbowRight
0.1483676 0.09754977 1.52398 10 WristRight
0.1526603 0.02601724 1.492648 11 HandRight
-0.1743814 0.0396471 1.533776 12 HipLeft
-0.1726559 -0.2632435 1.535561 13 KneeLeft
-0.181505 -0.6290142 1.610034 14 AnkleLeft
-0.1646678 -0.6586881 1.513229 15 FootLeft
-0.02309094 0.0390924 1.549983 16 HipRight
-0.04548813 -0.2543714 1.590356 17 KneeRight
-0.0528872 -0.5439769 1.889827 18 AnkleRight
-0.03867196 -0.5765382 1.791862 19 FootRight
-0.09389842 0.5415847 1.481925 20 SpineShoulder
-0.3992449 -0.06216022 1.463333 21 HandTipLeft
-0.3602481 -0.02136912 1.428263 22 ThumbLeft
0.1590277 -0.05629731 1.497531 23 HandTipRight
0.138663 0.03168939 1.503154 24 ThumbRight
-0.1176075 0.02541598 1.457402 0 SpineBase
-0.1187505 0.3193562 1.39265 1 SpineMid
-0.1183432 0.5978109 1.320568 2 Neck
-0.2577366 0.4787205 1.322025 4 ShoulderLeft
-0.3479438 0.2776572 1.334747 5 ElbowLeft
-0.3798239 0.06528112 1.255323 6 WristLeft
-0.3846687 0.003285912 1.237102 7 HandLeft
0.05484528 0.4793749 1.393975 8 ShoulderRight
0.08954012 0.271551 1.467478 9 ElbowRight
0.1267727 0.07775593 1.429221 10 WristRight
0.1299632 0.009841195 1.401651 11 HandRight
-0.1912077 0.02286032 1.413229 12 HipLeft
-0.1822739 -0.2990782 1.475582 13 KneeLeft
-0.1693094 -0.633278 1.592324 14 AnkleLeft
-0.1064902 -0.6895323 1.560554 15 FootLeft
-0.03838423 0.02676828 1.432362 16 HipRight
-0.06646684 -0.2781722 1.383196 17 KneeRight
-0.08395599 -0.6357735 1.562528 18 AnkleRight
-0.05065918 -0.6967773 1.548828 19 FootRight
-0.1186992 0.5304187 1.339855 20 SpineShoulder
-0.3822717 -0.06407777 1.230461 21 HandTipLeft
-0.3558963 -0.01886271 1.224417 22 ThumbLeft
0.1306343 -0.07352379 1.404067 23 HandTipRight
0.1143153 -0.02712581 1.408833 24 ThumbRight
-0.1177609 0.02104678 1.435688 0 SpineBase
-0.118659 0.3163119 1.377896 1 SpineMid
-0.1181884 0.5948546 1.307286 2 Neck
-0.2581849 0.476209 1.304908 4 ShoulderLeft
-0.3466919 0.2751325 1.3099 5 ElbowLeft
-0.3739224 0.06955992 1.232795 6 WristLeft
-0.3768571 0.002897328 1.203513 7 HandLeft
0.05515787 0.4763296 1.380366 8 ShoulderRight
0.08837102 0.2661611 1.447586 9 ElbowRight
0.1236525 0.07186601 1.409968 10 WristRight
0.1284889 0.007890177 1.385615 11 HandRight
-0.1913526 0.01881298 1.389765 12 HipLeft
-0.1831727 -0.3015859 1.470092 13 KneeLeft
-0.1736362 -0.6351296 1.595023 14 AnkleLeft
-0.1535089 -0.6652164 1.499261 15 FootLeft
-0.03849592 0.02227624 1.412181 16 HipRight
-0.06710634 -0.2825165 1.359387 17 KneeRight
-0.0653327 -0.6603092 1.47223 18 AnkleRight
-0.04723965 -0.6890154 1.376896 19 FootRight
-0.1185306 0.5275577 1.326768 20 SpineShoulder
-0.3726155 -0.06924961 1.195138 21 HandTipLeft
-0.3510707 -0.004146734 1.192037 22 ThumbLeft
0.12706 -0.07976989 1.39005 23 HandTipRight
0.1247557 -0.04427864 1.398 24 ThumbRight
-0.1218426 -0.003586613 1.351023 0 SpineBase
-0.118448 0.2945797 1.292325 1 SpineMid
-0.1138539 0.5751278 1.221573 2 Neck
-0.2543775 0.4572194 1.215528 4 ShoulderLeft
-0.3359956 0.2558832 1.212593 5 ElbowLeft
-0.3458916 0.04858657 1.132733 6 WristLeft
-0.3461822 -0.01646059 1.115882 7 HandLeft
0.05938571 0.454044 1.292923 8 ShoulderRight
0.092388 0.2458259 1.37012 9 ElbowRight
0.126051 0.04979526 1.344271 10 WristRight
0.1284555 -0.01067062 1.334558 11 HandRight
-0.1947237 -0.005274632 1.304494 12 HipLeft
-0.1794973 -0.3288708 1.430171 13 KneeLeft
-0.176199 -0.6383873 1.593934 14 AnkleLeft
-0.1557485 -0.6684515 1.498452 15 FootLeft
-0.04274958 -0.001715503 1.328237 16 HipRight
-0.05163178 -0.307504 1.27047 17 KneeRight
-0.02098676 -0.7369854 1.25228 18 AnkleRight
-0.1151788 0.5074502 1.241042 20 SpineShoulder
-0.3350756 -0.08902896 1.100343 21 HandTipLeft
-0.3205635 -0.01420766 1.096629 22 ThumbLeft
0.131471 -0.1012318 1.340083 23 HandTipRight
0.1123632 -0.06307767 1.325 24 ThumbRight
-0.1003371 -0.02986533 1.195891 0 SpineBase
-0.0882445 0.269013 1.155004 1 SpineMid
-0.07612576 0.5481136 1.100827 2 Neck
-0.2295614 0.4294184 1.095764 4 ShoulderLeft
-0.3037325 0.2215746 1.090657 5 ElbowLeft
-0.297616 0.02824244 1.004694 6 WristLeft
-0.2861024 -0.04251555 0.9716434 7 HandLeft
0.06577601 0.4498712 1.148649 8 ShoulderRight
0.1272053 0.2217344 1.23151 9 ElbowRight
0.1684489 0.02640078 1.21609 10 WristRight
0.1786038 -0.04751848 1.207767 11 HandRight
-0.1776747 -0.03105757 1.154996 12 HipLeft
-0.1398539 -0.3052106 1.242807 13 KneeLeft
-0.1725773 -0.6169754 1.517979 14 AnkleLeft
-0.1559868 -0.6455356 1.42087 15 FootLeft
-0.0170562 -0.02688082 1.167109 16 HipRight
-0.02205441 -0.3324282 1.15088 17 KneeRight
-0.00062603 -0.7611508 1.162236 18 AnkleRight
-0.07918812 0.4810103 1.116184 20 SpineShoulder
-0.2648242 -0.1173164 0.9513195 21 HandTipLeft
-0.2656336 -0.02883467 0.9459399 22 ThumbLeft
0.1795885 -0.134124 1.220248 23 HandTipRight
0.1925697 -0.0832473 1.2012 24 ThumbRight
-0.09016762 -0.02892274 1.161111 0 SpineBase
-0.07622451 0.267782 1.125023 1 SpineMid
-0.2150447 0.4326949 1.065683 4 ShoulderLeft
-0.2954555 0.2204143 1.063194 5 ElbowLeft
-0.2861634 0.02661856 0.9767499 6 WristLeft
-0.2732778 -0.03809898 0.9433759 7 HandLeft
0.08378711 0.4396262 1.121352 8 ShoulderRight
0.1351092 0.2209255 1.201268 9 ElbowRight
0.1808807 0.02666196 1.18213 10 WristRight
0.1922404 -0.05108193 1.171974 11 HandRight
-0.1679266 -0.02963845 1.118605 12 HipLeft
-0.1364619 -0.3073382 1.200916 13 KneeLeft
-0.1695431 -0.6058478 1.48958 14 AnkleLeft
-0.1526022 -0.6340196 1.392349 15 FootLeft
-0.007076526 -0.02644933 1.134229 16 HipRight
-0.02091718 -0.3283808 1.143801 17 KneeRight
0.00640475 -0.7571422 1.153054 18 AnkleRight
-0.06588888 0.4778563 1.089866 20 SpineShoulder
-0.2508022 -0.1134984 0.9200558 21 HandTipLeft
-0.2533346 -0.01745125 0.921698 22 ThumbLeft
0.1942336 -0.1311399 1.186054 23 HandTipRight
0.2084887 -0.06916186 1.141455 24 ThumbRight
-0.06047412 -0.04754045 1.048209 0 SpineBase
-0.04361567 0.2435702 1.018045 1 SpineMid
-0.1943744 0.4237517 0.9611595 4 ShoulderLeft
-0.2835108 0.238735 0.9439485 5 ElbowLeft
-0.2452371 0.04454012 0.8119403 6 WristLeft
-0.2226223 -0.02212789 0.772743 7 HandLeft
0.1012738 0.4360423 1.012818 8 ShoulderRight
0.1812277 0.2188758 1.062826 9 ElbowRight
0.2307725 0.02181044 0.9939818 10 WristRight
0.2408289 -0.05035356 0.9696802 11 HandRight
-0.1377624 -0.04771929 1.007942 12 HipLeft
-0.1075272 -0.3522394 0.9976755 13 KneeLeft
-0.1547629 -0.6593791 1.274356 14 AnkleLeft
-0.1384234 -0.6843607 1.178031 15 FootLeft
0.02088221 -0.04420697 1.0189 16 HipRight
0.008544453 -0.3389379 1.058791 17 KneeRight
-0.0008243822 -0.7500768 1.164833 18 AnkleRight
-0.03126422 0.4479184 0.9872751 20 SpineShoulder
-0.1972241 -0.07783812 0.7465565 21 HandTipLeft
-0.1950301 -0.02389963 0.7502438 22 ThumbLeft
0.2466691 -0.1283153 0.9551734 23 HandTipRight
0.2530224 -0.05055965 0.9323268 24 ThumbRight
-0.02691231 -0.06865238 0.9531508 0 SpineBase
-0.01536835 0.2030426 0.9061444 1 SpineMid
-0.1759759 0.3929783 0.8380786 4 ShoulderLeft
-0.3047229 0.2351855 0.7996598 5 ElbowLeft
-0.2068249 0.0975971 0.6093498 6 WristLeft
-0.1756411 0.0507163 0.5533148 7 HandLeft
0.1263259 0.4033676 0.888078 8 ShoulderRight
0.2108542 0.2169113 0.9018821 9 ElbowRight
0.2399469 0.01870266 0.7537597 10 WristRight
0.2381958 -0.03388899 0.7205496 11 HandRight
-0.1113593 -0.06745445 0.9123521 12 HipLeft
-0.1011664 -0.3699497 0.8113609 13 KneeLeft
-0.0915968 -0.7920917 0.7087211 14 AnkleLeft
0.05940793 -0.06484374 0.9240566 16 HipRight
0.02085638 -0.3636988 0.9939627 17 KneeRight
-0.01739805 -0.7321463 1.150897 18 AnkleRight
-0.008881688 0.3942226 0.8693202 20 SpineShoulder
-0.1419737 0.01490063 0.5205958 21 HandTipLeft
-0.1494831 0.06512627 0.549875 22 ThumbLeft
0.2106831 -0.09521007 0.6597153 23 HandTipRight
0.2560044 -0.07479752 0.6920625 24 ThumbRight
-0.01641199 -0.08631031 0.9080554 0 SpineBase
-0.01414486 0.1780455 0.860124 1 SpineMid
-0.1624378 0.3622379 0.7777777 4 ShoulderLeft
-0.3190001 0.2470341 0.7021877 5 ElbowLeft
-0.2376104 0.1555647 0.536657 6 WristLeft
-0.205217 0.1066707 0.4821854 7 HandLeft
0.128327 0.3841062 0.8352021 8 ShoulderRight
0.2260827 0.202024 0.8150138 9 ElbowRight
0.2174105 0.03795204 0.6153224 10 WristRight
0.2160072 -0.001263502 0.5788541 11 HandRight
-0.103873 -0.08818917 0.8641264 12 HipLeft
-0.09738828 -0.4389291 0.7285685 13 KneeLeft
0.07222353 -0.07823076 0.8819086 16 HipRight
0.02568558 -0.3557414 0.9647641 17 KneeRight
-0.01681509 -0.7321464 1.133725 18 AnkleRight
-0.01324166 0.3626846 0.8159879 20 SpineShoulder
0.213083 -0.04303381 0.5472569 23 HandTipRight
0.1859176 -0.01905358 0.6196667 24 ThumbRight
-0.02778932 -0.1755931 0.8631284 0 SpineBase
0.0225026 0.1214203 0.8215148 1 SpineMid
-0.08749103 0.2666517 0.7255226 4 ShoulderLeft
-0.2209096 0.4038979 0.6615358 5 ElbowLeft
0.1317417 0.3584934 0.7706261 8 ShoulderRight
0.2446406 0.1882254 0.7255743 9 ElbowRight
0.1947013 0.1118815 0.5409895 10 WristRight
0.1896704 0.09828288 0.5443176 11 HandRight
-0.1102605 -0.1637662 0.8101726 12 HipLeft
-0.1039133 -0.5060731 0.6575313 13 KneeLeft
0.05653862 -0.1734398 0.8473862 16 HipRight
0.01839636 -0.4308369 0.9521679 17 KneeRight
-0.03113311 -0.797883 1.1475 18 AnkleRight
0.0576146 0.3289755 0.7784707 20 SpineShoulder
-0.06184771 -0.4141257 0.7577745 0 SpineBase
0.0009708486 -0.1594816 0.6994894 1 SpineMid
0.0604994 0.08774927 0.6188704 2 Neck
-0.1288996 0.004361704 0.5812492 4 ShoulderLeft
-0.179872 0.205328 0.5468523 5 ElbowLeft
-0.2385351 0.4307828 0.515002 6 WristLeft
0.1382422 0.03770391 0.6265873 8 ShoulderRight
-0.005516985 0.4545061 0.5422335 10 WristRight
-0.1569358 -0.4151529 0.6705074 12 HipLeft
0.03741014 -0.3795666 0.7828976 16 HipRight
-0.001380979 -0.6559863 0.938566 17 KneeRight
0.04639192 0.02817398 0.642197 20 SpineShoulder
-0.06184771 -0.4141257 0.7577745 0 SpineBase
0.0009708486 -0.1594816 0.6994894 1 SpineMid
0.0604994 0.08774927 0.6188704 2 Neck
-0.1288996 0.004361704 0.5812492 4 ShoulderLeft
-0.179872 0.205328 0.5468523 5 ElbowLeft
-0.2385351 0.4307828 0.515002 6 WristLeft
0.1382422 0.03770391 0.6265873 8 ShoulderRight
-0.005516985 0.4545061 0.5422335 10 WristRight
-0.1569358 -0.4151529 0.6705074 12 HipLeft
0.03741014 -0.3795666 0.7828976 16 HipRight
-0.001380979 -0.6559863 0.938566 17 KneeRight
0.04639192 0.02817398 0.642197 20 SpineShoulder
-0.03863692 -0.4684591 0.7902668 1 SpineMid
-0.1925089 -0.3020285 0.6384692 4 ShoulderLeft
0.07093854 -0.2687663 0.6866578 8 ShoulderRight
0.0850969 0.1542698 0.5408794 11 HandRight
-0.01459962 -0.2843101 0.7098323 20 SpineShoulder
-0.2240898 -0.02295066 0.5414395 21 HandTipLeft
-0.2268918 -0.1529284 0.5441111 22 ThumbLeft
0.1242039 0.2385759 0.5315629 23 HandTipRight
0.1527171 0.2312319 0.5306667 24 ThumbRight
