X              Y         Z      JointType 
-0.04801413 -0.3700224 1.732602 0 SpineBase
-0.05278733 -0.07110818 1.760971 1 SpineMid
-0.05693109 0.2172911 1.774957 2 Neck
-0.2065765 0.09020926 1.757559 4 ShoulderLeft
-0.261031 -0.1310325 1.746171 5 ElbowLeft
-0.3048068 -0.3237622 1.642683 6 WristLeft
-0.3113174 -0.3824397 1.616604 7 HandLeft
0.116243 0.08567157 1.742649 8 ShoulderRight
0.1702326 -0.1286597 1.769673 9 ElbowRight
0.2218575 -0.2976805 1.688418 10 WristRight
0.2334146 -0.3658566 1.641058 11 HandRight
-0.1211466 -0.3615557 1.705122 12 HipLeft
-0.1312247 -0.7191558 1.662528 13 KneeLeft
-0.1163484 -1.071737 1.709174 14 AnkleLeft
0.0270775 -0.3638192 1.69135 16 HipRight
0.03265635 -0.6835741 1.668586 17 KneeRight
0.02818247 -1.073941 1.713378 18 AnkleRight
-0.05598962 0.1465932 1.773802 20 SpineShoulder
-0.3094468 -0.4516791 1.590352 21 HandTipLeft
-0.2801367 -0.3888747 1.59076 22 ThumbLeft
0.2429615 -0.4490223 1.630723 23 HandTipRight
0.2305641 -0.3684863 1.597673 24 ThumbRight
-0.04801413 -0.3700224 1.732602 0 SpineBase
-0.05278733 -0.07110818 1.760971 1 SpineMid
-0.05693109 0.2172911 1.774957 2 Neck
-0.2065765 0.09020926 1.757559 4 ShoulderLeft
-0.261031 -0.1310325 1.746171 5 ElbowLeft
-0.3048068 -0.3237622 1.642683 6 WristLeft
-0.3113174 -0.3824397 1.616604 7 HandLeft
0.116243 0.08567157 1.742649 8 ShoulderRight
0.1702326 -0.1286597 1.769673 9 ElbowRight
0.2218575 -0.2976805 1.688418 10 WristRight
0.2334146 -0.3658566 1.641058 11 HandRight
-0.1211466 -0.3615557 1.705122 12 HipLeft
-0.1312247 -0.7191558 1.662528 13 KneeLeft
-0.1163484 -1.071737 1.709174 14 AnkleLeft
0.0270775 -0.3638192 1.69135 16 HipRight
0.03265635 -0.6835741 1.668586 17 KneeRight
0.02818247 -1.073941 1.713378 18 AnkleRight
-0.05598962 0.1465932 1.773802 20 SpineShoulder
-0.3094468 -0.4516791 1.590352 21 HandTipLeft
-0.2801367 -0.3888747 1.59076 22 ThumbLeft
0.2429615 -0.4490223 1.630723 23 HandTipRight
0.2305641 -0.3684863 1.597673 24 ThumbRight
-0.04432026 -0.3715557 1.735211 0 SpineBase
-0.04880502 -0.07244998 1.763752 1 SpineMid
-0.05271108 0.2161765 1.777879 2 Neck
-0.201153 0.0888125 1.763143 4 ShoulderLeft
-0.2536418 -0.1364451 1.752346 5 ElbowLeft
-0.2913752 -0.3243781 1.651099 6 WristLeft
-0.2962585 -0.3884325 1.626445 7 HandLeft
0.1173228 0.08564817 1.743174 8 ShoulderRight
0.1768264 -0.1267963 1.770269 9 ElbowRight
0.2312959 -0.2930814 1.683751 10 WristRight
0.2480671 -0.3673778 1.626754 11 HandRight
-0.117282 -0.3633886 1.708138 12 HipLeft
-0.1220647 -0.717119 1.650272 13 KneeLeft
-0.1130885 -1.07563 1.686047 14 AnkleLeft
0.03045373 -0.365032 1.693557 16 HipRight
0.03717828 -0.6878872 1.671677 17 KneeRight
0.02512062 -1.07597 1.711601 18 AnkleRight
-0.05182149 0.1454176 1.776692 20 SpineShoulder
-0.2903814 -0.4569963 1.597571 21 HandTipLeft
-0.2626622 -0.3790967 1.600263 22 ThumbLeft
0.2580237 -0.4458557 1.616487 23 HandTipRight
0.248313 -0.3650948 1.580757 24 ThumbRight
-0.04432026 -0.3715557 1.735211 0 SpineBase
-0.04880502 -0.07244998 1.763752 1 SpineMid
-0.05271108 0.2161765 1.777879 2 Neck
-0.201153 0.0888125 1.763143 4 ShoulderLeft
-0.2536418 -0.1364451 1.752346 5 ElbowLeft
-0.2913752 -0.3243781 1.651099 6 WristLeft
-0.2962585 -0.3884325 1.626445 7 HandLeft
0.1173228 0.08564817 1.743174 8 ShoulderRight
0.1768264 -0.1267963 1.770269 9 ElbowRight
0.2312959 -0.2930814 1.683751 10 WristRight
0.2480671 -0.3673778 1.626754 11 HandRight
-0.117282 -0.3633886 1.708138 12 HipLeft
-0.1220647 -0.717119 1.650272 13 KneeLeft
-0.1130885 -1.07563 1.686047 14 AnkleLeft
0.03045373 -0.365032 1.693557 16 HipRight
0.03717828 -0.6878872 1.671677 17 KneeRight
0.02512062 -1.07597 1.711601 18 AnkleRight
-0.05182149 0.1454176 1.776692 20 SpineShoulder
-0.2903814 -0.4569963 1.597571 21 HandTipLeft
-0.2626622 -0.3790967 1.600263 22 ThumbLeft
0.2580237 -0.4458557 1.616487 23 HandTipRight
0.248313 -0.3650948 1.580757 24 ThumbRight
-0.04432026 -0.3715557 1.735211 0 SpineBase
-0.04880502 -0.07244998 1.763752 1 SpineMid
-0.05271108 0.2161765 1.777879 2 Neck
-0.201153 0.0888125 1.763143 4 ShoulderLeft
-0.2536418 -0.1364451 1.752346 5 ElbowLeft
-0.2913752 -0.3243781 1.651099 6 WristLeft
-0.2962585 -0.3884325 1.626445 7 HandLeft
0.1173228 0.08564817 1.743174 8 ShoulderRight
0.1768264 -0.1267963 1.770269 9 ElbowRight
0.2312959 -0.2930814 1.683751 10 WristRight
0.2480671 -0.3673778 1.626754 11 HandRight
-0.117282 -0.3633886 1.708138 12 HipLeft
-0.1220647 -0.717119 1.650272 13 KneeLeft
-0.1130885 -1.07563 1.686047 14 AnkleLeft
0.03045373 -0.365032 1.693557 16 HipRight
0.03717828 -0.6878872 1.671677 17 KneeRight
0.02512062 -1.07597 1.711601 18 AnkleRight
-0.05182149 0.1454176 1.776692 20 SpineShoulder
-0.2903814 -0.4569963 1.597571 21 HandTipLeft
-0.2626622 -0.3790967 1.600263 22 ThumbLeft
0.2580237 -0.4458557 1.616487 23 HandTipRight
0.248313 -0.3650948 1.580757 24 ThumbRight
-0.04107746 -0.3751523 1.734604 0 SpineBase
-0.04305113 -0.07520887 1.766086 1 SpineMid
-0.04295765 0.2142126 1.78475 2 Neck
-0.194671 0.08719066 1.768418 4 ShoulderLeft
-0.2405529 -0.1418281 1.761029 5 ElbowLeft
-0.2502363 -0.3422401 1.666383 6 WristLeft
-0.2535409 -0.3893625 1.644854 7 HandLeft
0.1240286 0.08322369 1.748683 8 ShoulderRight
0.1811499 -0.1330536 1.765949 9 ElbowRight
0.2281218 -0.3059435 1.666815 10 WristRight
0.2232909 -0.369361 1.626146 11 HandRight
-0.1140363 -0.3667855 1.708052 12 HipLeft
-0.1144756 -0.719676 1.669145 13 KneeLeft
-0.1057455 -1.075111 1.70788 14 AnkleLeft
0.03359837 -0.3686886 1.692272 16 HipRight
0.04389983 -0.6768484 1.668172 17 KneeRight
0.02073709 -1.074742 1.712503 18 AnkleRight
-0.04314954 0.1432019 1.782268 20 SpineShoulder
-0.256538 -0.4625648 1.612405 21 HandTipLeft
-0.2098666 -0.3928842 1.583667 22 ThumbLeft
0.2297658 -0.4446723 1.605639 23 HandTipRight
0.2204517 -0.3696258 1.581658 24 ThumbRight
-0.04107746 -0.3751523 1.734604 0 SpineBase
-0.04305113 -0.07520887 1.766086 1 SpineMid
-0.04295765 0.2142126 1.78475 2 Neck
-0.194671 0.08719066 1.768418 4 ShoulderLeft
-0.2405529 -0.1418281 1.761029 5 ElbowLeft
-0.2502363 -0.3422401 1.666383 6 WristLeft
-0.2535409 -0.3893625 1.644854 7 HandLeft
0.1240286 0.08322369 1.748683 8 ShoulderRight
0.1811499 -0.1330536 1.765949 9 ElbowRight
0.2281218 -0.3059435 1.666815 10 WristRight
0.2232909 -0.369361 1.626146 11 HandRight
-0.1140363 -0.3667855 1.708052 12 HipLeft
-0.1144756 -0.719676 1.669145 13 KneeLeft
-0.1057455 -1.075111 1.70788 14 AnkleLeft
0.03359837 -0.3686886 1.692272 16 HipRight
0.04389983 -0.6768484 1.668172 17 KneeRight
0.02073709 -1.074742 1.712503 18 AnkleRight
-0.04314954 0.1432019 1.782268 20 SpineShoulder
-0.256538 -0.4625648 1.612405 21 HandTipLeft
-0.2098666 -0.3928842 1.583667 22 ThumbLeft
0.2297658 -0.4446723 1.605639 23 HandTipRight
0.2204517 -0.3696258 1.581658 24 ThumbRight
-0.04029898 -0.3756655 1.733371 0 SpineBase
-0.04210849 -0.07561301 1.766053 1 SpineMid
-0.04168133 0.2136806 1.785545 2 Neck
-0.1944884 0.08633437 1.770014 4 ShoulderLeft
-0.2405297 -0.1418194 1.761061 5 ElbowLeft
-0.2684628 -0.3279445 1.6569 6 WristLeft
-0.2871577 -0.3816116 1.623784 7 HandLeft
0.1239582 0.08316718 1.748564 8 ShoulderRight
0.1793502 -0.1389426 1.7607 9 ElbowRight
0.2258667 -0.3057851 1.666409 10 WristRight
0.2272401 -0.3770933 1.624469 11 HandRight
-0.1131493 -0.3674193 1.706831 12 HipLeft
-0.1143354 -0.7195592 1.669284 13 KneeLeft
-0.104928 -1.074171 1.709022 14 AnkleLeft
0.0342427 -0.3690391 1.690976 16 HipRight
0.04148457 -0.6645325 1.664928 17 KneeRight
0.0209974 -1.073455 1.713263 18 AnkleRight
-0.04195569 0.1427201 1.782846 20 SpineShoulder
-0.2930318 -0.4584487 1.600137 21 HandTipLeft
-0.2128183 -0.380551 1.624 22 ThumbLeft
0.2386776 -0.4553796 1.607108 23 HandTipRight
0.2172926 -0.3739007 1.584673 24 ThumbRight
-0.04029898 -0.3756655 1.733371 0 SpineBase
-0.04210849 -0.07561301 1.766053 1 SpineMid
-0.04168133 0.2136806 1.785545 2 Neck
-0.1944884 0.08633437 1.770014 4 ShoulderLeft
-0.2405297 -0.1418194 1.761061 5 ElbowLeft
-0.2684628 -0.3279445 1.6569 6 WristLeft
-0.2871577 -0.3816116 1.623784 7 HandLeft
0.1239582 0.08316718 1.748564 8 ShoulderRight
0.1793502 -0.1389426 1.7607 9 ElbowRight
0.2258667 -0.3057851 1.666409 10 WristRight
0.2272401 -0.3770933 1.624469 11 HandRight
-0.1131493 -0.3674193 1.706831 12 HipLeft
-0.1143354 -0.7195592 1.669284 13 KneeLeft
-0.104928 -1.074171 1.709022 14 AnkleLeft
0.0342427 -0.3690391 1.690976 16 HipRight
0.04148457 -0.6645325 1.664928 17 KneeRight
0.0209974 -1.073455 1.713263 18 AnkleRight
-0.04195569 0.1427201 1.782846 20 SpineShoulder
-0.2930318 -0.4584487 1.600137 21 HandTipLeft
-0.2128183 -0.380551 1.624 22 ThumbLeft
0.2386776 -0.4553796 1.607108 23 HandTipRight
0.2172926 -0.3739007 1.584673 24 ThumbRight
-0.04029898 -0.3756655 1.733371 0 SpineBase
-0.04210849 -0.07561301 1.766053 1 SpineMid
-0.04168133 0.2136806 1.785545 2 Neck
-0.1944884 0.08633437 1.770014 4 ShoulderLeft
-0.2405297 -0.1418194 1.761061 5 ElbowLeft
-0.2684628 -0.3279445 1.6569 6 WristLeft
-0.2871577 -0.3816116 1.623784 7 HandLeft
0.1239582 0.08316718 1.748564 8 ShoulderRight
0.1793502 -0.1389426 1.7607 9 ElbowRight
0.2258667 -0.3057851 1.666409 10 WristRight
0.2272401 -0.3770933 1.624469 11 HandRight
-0.1131493 -0.3674193 1.706831 12 HipLeft
-0.1143354 -0.7195592 1.669284 13 KneeLeft
-0.104928 -1.074171 1.709022 14 AnkleLeft
0.0342427 -0.3690391 1.690976 16 HipRight
0.04148457 -0.6645325 1.664928 17 KneeRight
0.0209974 -1.073455 1.713263 18 AnkleRight
-0.04195569 0.1427201 1.782846 20 SpineShoulder
-0.2930318 -0.4584487 1.600137 21 HandTipLeft
-0.2128183 -0.380551 1.624 22 ThumbLeft
0.2386776 -0.4553796 1.607108 23 HandTipRight
0.2172926 -0.3739007 1.584673 24 ThumbRight
-0.04029898 -0.3756655 1.733371 0 SpineBase
-0.04210849 -0.07561301 1.766053 1 SpineMid
-0.04168133 0.2136806 1.785545 2 Neck
-0.1944884 0.08633437 1.770014 4 ShoulderLeft
-0.2405297 -0.1418194 1.761061 5 ElbowLeft
-0.2684628 -0.3279445 1.6569 6 WristLeft
-0.2871577 -0.3816116 1.623784 7 HandLeft
0.1239582 0.08316718 1.748564 8 ShoulderRight
0.1793502 -0.1389426 1.7607 9 ElbowRight
0.2258667 -0.3057851 1.666409 10 WristRight
0.2272401 -0.3770933 1.624469 11 HandRight
-0.1131493 -0.3674193 1.706831 12 HipLeft
-0.1143354 -0.7195592 1.669284 13 KneeLeft
-0.104928 -1.074171 1.709022 14 AnkleLeft
0.0342427 -0.3690391 1.690976 16 HipRight
0.04148457 -0.6645325 1.664928 17 KneeRight
0.0209974 -1.073455 1.713263 18 AnkleRight
-0.04195569 0.1427201 1.782846 20 SpineShoulder
-0.2930318 -0.4584487 1.600137 21 HandTipLeft
-0.2128183 -0.380551 1.624 22 ThumbLeft
0.2386776 -0.4553796 1.607108 23 HandTipRight
0.2172926 -0.3739007 1.584673 24 ThumbRight
-0.04100391 -0.3786764 1.724116 0 SpineBase
-0.04210304 -0.07640169 1.764716 1 SpineMid
-0.04170247 0.2135277 1.785923 2 Neck
-0.1944147 0.08628704 1.770044 4 ShoulderLeft
-0.2828571 -0.1153464 1.737978 5 ElbowLeft
-0.3700111 -0.2510878 1.618644 6 WristLeft
-0.4172147 -0.3169871 1.563895 7 HandLeft
0.1240523 0.08306754 1.748762 8 ShoulderRight
0.1996321 -0.1160172 1.759926 9 ElbowRight
0.300348 -0.2482861 1.65556 10 WristRight
0.3513709 -0.3201865 1.603716 11 HandRight
-0.1137731 -0.3704267 1.696128 12 HipLeft
-0.1137922 -0.7174026 1.667653 13 KneeLeft
-0.1058108 -1.072374 1.709631 14 AnkleLeft
0.03348681 -0.3718007 1.683003 16 HipRight
0.04057261 -0.665071 1.663083 17 KneeRight
0.01997118 -1.071772 1.711064 18 AnkleRight
-0.04196071 0.1425992 1.782996 20 SpineShoulder
-0.4573516 -0.3772005 1.537982 21 HandTipLeft
-0.3922054 -0.2953478 1.526415 22 ThumbLeft
0.4020947 -0.3864378 1.584705 23 HandTipRight
0.3413906 -0.3189306 1.554269 24 ThumbRight
-0.04100391 -0.3786764 1.724116 0 SpineBase
-0.04210304 -0.07640169 1.764716 1 SpineMid
-0.04170247 0.2135277 1.785923 2 Neck
-0.1944147 0.08628704 1.770044 4 ShoulderLeft
-0.2828571 -0.1153464 1.737978 5 ElbowLeft
-0.3700111 -0.2510878 1.618644 6 WristLeft
-0.4172147 -0.3169871 1.563895 7 HandLeft
0.1240523 0.08306754 1.748762 8 ShoulderRight
0.1996321 -0.1160172 1.759926 9 ElbowRight
0.300348 -0.2482861 1.65556 10 WristRight
0.3513709 -0.3201865 1.603716 11 HandRight
-0.1137731 -0.3704267 1.696128 12 HipLeft
-0.1137922 -0.7174026 1.667653 13 KneeLeft
-0.1058108 -1.072374 1.709631 14 AnkleLeft
0.03348681 -0.3718007 1.683003 16 HipRight
0.04057261 -0.665071 1.663083 17 KneeRight
0.01997118 -1.071772 1.711064 18 AnkleRight
-0.04196071 0.1425992 1.782996 20 SpineShoulder
-0.4573516 -0.3772005 1.537982 21 HandTipLeft
-0.3922054 -0.2953478 1.526415 22 ThumbLeft
0.4020947 -0.3864378 1.584705 23 HandTipRight
0.3413906 -0.3189306 1.554269 24 ThumbRight
-0.04100391 -0.3786764 1.724116 0 SpineBase
-0.04210304 -0.07640169 1.764716 1 SpineMid
-0.04170247 0.2135277 1.785923 2 Neck
-0.1944147 0.08628704 1.770044 4 ShoulderLeft
-0.2828571 -0.1153464 1.737978 5 ElbowLeft
-0.3700111 -0.2510878 1.618644 6 WristLeft
-0.4172147 -0.3169871 1.563895 7 HandLeft
0.1240523 0.08306754 1.748762 8 ShoulderRight
0.1996321 -0.1160172 1.759926 9 ElbowRight
0.300348 -0.2482861 1.65556 10 WristRight
0.3513709 -0.3201865 1.603716 11 HandRight
-0.1137731 -0.3704267 1.696128 12 HipLeft
-0.1137922 -0.7174026 1.667653 13 KneeLeft
-0.1058108 -1.072374 1.709631 14 AnkleLeft
0.03348681 -0.3718007 1.683003 16 HipRight
0.04057261 -0.665071 1.663083 17 KneeRight
0.01997118 -1.071772 1.711064 18 AnkleRight
-0.04196071 0.1425992 1.782996 20 SpineShoulder
-0.4573516 -0.3772005 1.537982 21 HandTipLeft
-0.3922054 -0.2953478 1.526415 22 ThumbLeft
0.4020947 -0.3864378 1.584705 23 HandTipRight
0.3413906 -0.3189306 1.554269 24 ThumbRight
-0.04195759 -0.3823606 1.714843 0 SpineBase
-0.04264569 -0.07760119 1.76214 1 SpineMid
-0.04201709 0.2135119 1.786359 2 Neck
-0.1946459 0.08668755 1.76972 4 ShoulderLeft
-0.3154124 -0.08726925 1.729834 5 ElbowLeft
-0.4238122 -0.1691705 1.588699 6 WristLeft
-0.490011 -0.2003811 1.52479 7 HandLeft
0.1234496 0.08382095 1.749625 8 ShoulderRight
0.2375143 -0.08153664 1.760693 9 ElbowRight
0.3722678 -0.1753209 1.657017 10 WristRight
0.4436976 -0.2088895 1.599396 11 HandRight
-0.1147628 -0.3744612 1.684375 12 HipLeft
-0.1132513 -0.7148289 1.66445 13 KneeLeft
-0.1071181 -1.05588 1.707942 14 AnkleLeft
0.03261082 -0.374873 1.675887 16 HipRight
0.037155 -0.6600242 1.658456 17 KneeRight
0.02263566 -1.054713 1.709537 18 AnkleRight
-0.04215792 0.1425099 1.783132 20 SpineShoulder
-0.5545225 -0.2392704 1.491028 21 HandTipLeft
-0.4670163 -0.2080685 1.468722 22 ThumbLeft
0.5012245 -0.2451828 1.578414 23 HandTipRight
0.4495494 -0.2154647 1.542179 24 ThumbRight
-0.04195759 -0.3823606 1.714843 0 SpineBase
-0.04264569 -0.07760119 1.76214 1 SpineMid
-0.04201709 0.2135119 1.786359 2 Neck
-0.1946459 0.08668755 1.76972 4 ShoulderLeft
-0.3154124 -0.08726925 1.729834 5 ElbowLeft
-0.4238122 -0.1691705 1.588699 6 WristLeft
-0.490011 -0.2003811 1.52479 7 HandLeft
0.1234496 0.08382095 1.749625 8 ShoulderRight
0.2375143 -0.08153664 1.760693 9 ElbowRight
0.3722678 -0.1753209 1.657017 10 WristRight
0.4436976 -0.2088895 1.599396 11 HandRight
-0.1147628 -0.3744612 1.684375 12 HipLeft
-0.1132513 -0.7148289 1.66445 13 KneeLeft
-0.1071181 -1.05588 1.707942 14 AnkleLeft
0.03261082 -0.374873 1.675887 16 HipRight
0.037155 -0.6600242 1.658456 17 KneeRight
0.02263566 -1.054713 1.709537 18 AnkleRight
-0.04215792 0.1425099 1.783132 20 SpineShoulder
-0.5545225 -0.2392704 1.491028 21 HandTipLeft
-0.4670163 -0.2080685 1.468722 22 ThumbLeft
0.5012245 -0.2451828 1.578414 23 HandTipRight
0.4495494 -0.2154647 1.542179 24 ThumbRight
-0.04195759 -0.3823606 1.714843 0 SpineBase
-0.04264569 -0.07760119 1.76214 1 SpineMid
-0.04201709 0.2135119 1.786359 2 Neck
-0.1946459 0.08668755 1.76972 4 ShoulderLeft
-0.3154124 -0.08726925 1.729834 5 ElbowLeft
-0.4238122 -0.1691705 1.588699 6 WristLeft
-0.490011 -0.2003811 1.52479 7 HandLeft
0.1234496 0.08382095 1.749625 8 ShoulderRight
0.2375143 -0.08153664 1.760693 9 ElbowRight
0.3722678 -0.1753209 1.657017 10 WristRight
0.4436976 -0.2088895 1.599396 11 HandRight
-0.1147628 -0.3744612 1.684375 12 HipLeft
-0.1132513 -0.7148289 1.66445 13 KneeLeft
-0.1071181 -1.05588 1.707942 14 AnkleLeft
0.03261082 -0.374873 1.675887 16 HipRight
0.037155 -0.6600242 1.658456 17 KneeRight
0.02263566 -1.054713 1.709537 18 AnkleRight
-0.04215792 0.1425099 1.783132 20 SpineShoulder
-0.5545225 -0.2392704 1.491028 21 HandTipLeft
-0.4670163 -0.2080685 1.468722 22 ThumbLeft
0.5012245 -0.2451828 1.578414 23 HandTipRight
0.4495494 -0.2154647 1.542179 24 ThumbRight
-0.04199419 -0.3830478 1.708216 0 SpineBase
-0.04334458 -0.07837836 1.758884 1 SpineMid
-0.04274075 0.2133376 1.786606 2 Neck
-0.1963574 0.08891396 1.769454 4 ShoulderLeft
-0.3238566 -0.0748078 1.724605 5 ElbowLeft
-0.4612692 -0.09526212 1.571732 6 WristLeft
-0.5366509 -0.09842095 1.518989 7 HandLeft
0.1221415 0.08509132 1.750538 8 ShoulderRight
0.2596892 -0.06819074 1.76072 9 ElbowRight
0.4215451 -0.1024694 1.662756 10 WristRight
0.4808871 -0.1037571 1.621807 11 HandRight
-0.1147233 -0.3746358 1.67714 12 HipLeft
-0.1137607 -0.713607 1.661418 13 KneeLeft
-0.1071497 -1.040168 1.705525 14 AnkleLeft
0.03249868 -0.3759001 1.669902 16 HipRight
0.03540282 -0.6583248 1.655746 17 KneeRight
0.02356351 -1.040489 1.704856 18 AnkleRight
-0.04280446 0.1422473 1.782921 20 SpineShoulder
-0.6020143 -0.107035 1.484775 21 HandTipLeft
-0.5166746 -0.09280379 1.465224 22 ThumbLeft
0.5379975 -0.1120406 1.569329 23 HandTipRight
0.5046754 -0.1015651 1.554307 24 ThumbRight
-0.04199419 -0.3830478 1.708216 0 SpineBase
-0.04334458 -0.07837836 1.758884 1 SpineMid
-0.04274075 0.2133376 1.786606 2 Neck
-0.1963574 0.08891396 1.769454 4 ShoulderLeft
-0.3238566 -0.0748078 1.724605 5 ElbowLeft
-0.4612692 -0.09526212 1.571732 6 WristLeft
-0.5366509 -0.09842095 1.518989 7 HandLeft
0.1221415 0.08509132 1.750538 8 ShoulderRight
0.2596892 -0.06819074 1.76072 9 ElbowRight
0.4215451 -0.1024694 1.662756 10 WristRight
0.4808871 -0.1037571 1.621807 11 HandRight
-0.1147233 -0.3746358 1.67714 12 HipLeft
-0.1137607 -0.713607 1.661418 13 KneeLeft
-0.1071497 -1.040168 1.705525 14 AnkleLeft
0.03249868 -0.3759001 1.669902 16 HipRight
0.03540282 -0.6583248 1.655746 17 KneeRight
0.02356351 -1.040489 1.704856 18 AnkleRight
-0.04280446 0.1422473 1.782921 20 SpineShoulder
-0.6020143 -0.107035 1.484775 21 HandTipLeft
-0.5166746 -0.09280379 1.465224 22 ThumbLeft
0.5379975 -0.1120406 1.569329 23 HandTipRight
0.5046754 -0.1015651 1.554307 24 ThumbRight
-0.04395294 -0.3798651 1.702185 0 SpineBase
-0.04571593 -0.07727557 1.754395 1 SpineMid
-0.04520901 0.2133827 1.785784 2 Neck
-0.2002839 0.09152768 1.766534 4 ShoulderLeft
-0.3649398 -0.03565325 1.696908 5 ElbowLeft
-0.5001211 0.009184807 1.566912 6 WristLeft
-0.5692214 0.04366741 1.526861 7 HandLeft
0.1205799 0.08725615 1.751369 8 ShoulderRight
0.2905145 -0.02534534 1.770471 9 ElbowRight
0.4529483 0.00987963 1.676244 10 WristRight
0.5183077 0.04277636 1.645824 11 HandRight
-0.1161799 -0.3715113 1.669852 12 HipLeft
-0.1145658 -0.7070327 1.655251 13 KneeLeft
-0.1077401 -1.023694 1.704442 14 AnkleLeft
0.0301626 -0.3727228 1.664926 16 HipRight
0.03361964 -0.6557158 1.652324 17 KneeRight
0.02404402 -1.025436 1.698647 18 AnkleRight
-0.04531122 0.1423957 1.781189 20 SpineShoulder
-0.6391333 0.06423399 1.496925 21 HandTipLeft
-0.5453664 0.05056792 1.471485 22 ThumbLeft
0.5787452 0.06674554 1.613308 23 HandTipRight
0.5318198 0.06105131 1.582794 24 ThumbRight
-0.04395294 -0.3798651 1.702185 0 SpineBase
-0.04571593 -0.07727557 1.754395 1 SpineMid
-0.04520901 0.2133827 1.785784 2 Neck
-0.2002839 0.09152768 1.766534 4 ShoulderLeft
-0.3649398 -0.03565325 1.696908 5 ElbowLeft
-0.5001211 0.009184807 1.566912 6 WristLeft
-0.5692214 0.04366741 1.526861 7 HandLeft
0.1205799 0.08725615 1.751369 8 ShoulderRight
0.2905145 -0.02534534 1.770471 9 ElbowRight
0.4529483 0.00987963 1.676244 10 WristRight
0.5183077 0.04277636 1.645824 11 HandRight
-0.1161799 -0.3715113 1.669852 12 HipLeft
-0.1145658 -0.7070327 1.655251 13 KneeLeft
-0.1077401 -1.023694 1.704442 14 AnkleLeft
0.0301626 -0.3727228 1.664926 16 HipRight
0.03361964 -0.6557158 1.652324 17 KneeRight
0.02404402 -1.025436 1.698647 18 AnkleRight
-0.04531122 0.1423957 1.781189 20 SpineShoulder
-0.6391333 0.06423399 1.496925 21 HandTipLeft
-0.5453664 0.05056792 1.471485 22 ThumbLeft
0.5787452 0.06674554 1.613308 23 HandTipRight
0.5318198 0.06105131 1.582794 24 ThumbRight
-0.04395294 -0.3798651 1.702185 0 SpineBase
-0.04571593 -0.07727557 1.754395 1 SpineMid
-0.04520901 0.2133827 1.785784 2 Neck
-0.2002839 0.09152768 1.766534 4 ShoulderLeft
-0.3649398 -0.03565325 1.696908 5 ElbowLeft
-0.5001211 0.009184807 1.566912 6 WristLeft
-0.5692214 0.04366741 1.526861 7 HandLeft
0.1205799 0.08725615 1.751369 8 ShoulderRight
0.2905145 -0.02534534 1.770471 9 ElbowRight
0.4529483 0.00987963 1.676244 10 WristRight
0.5183077 0.04277636 1.645824 11 HandRight
-0.1161799 -0.3715113 1.669852 12 HipLeft
-0.1145658 -0.7070327 1.655251 13 KneeLeft
-0.1077401 -1.023694 1.704442 14 AnkleLeft
0.0301626 -0.3727228 1.664926 16 HipRight
0.03361964 -0.6557158 1.652324 17 KneeRight
0.02404402 -1.025436 1.698647 18 AnkleRight
-0.04531122 0.1423957 1.781189 20 SpineShoulder
-0.6391333 0.06423399 1.496925 21 HandTipLeft
-0.5453664 0.05056792 1.471485 22 ThumbLeft
0.5787452 0.06674554 1.613308 23 HandTipRight
0.5318198 0.06105131 1.582794 24 ThumbRight
-0.04395294 -0.3798651 1.702185 0 SpineBase
-0.04571593 -0.07727557 1.754395 1 SpineMid
-0.04520901 0.2133827 1.785784 2 Neck
-0.2002839 0.09152768 1.766534 4 ShoulderLeft
-0.3649398 -0.03565325 1.696908 5 ElbowLeft
-0.5001211 0.009184807 1.566912 6 WristLeft
-0.5692214 0.04366741 1.526861 7 HandLeft
0.1205799 0.08725615 1.751369 8 ShoulderRight
0.2905145 -0.02534534 1.770471 9 ElbowRight
0.4529483 0.00987963 1.676244 10 WristRight
0.5183077 0.04277636 1.645824 11 HandRight
-0.1161799 -0.3715113 1.669852 12 HipLeft
-0.1145658 -0.7070327 1.655251 13 KneeLeft
-0.1077401 -1.023694 1.704442 14 AnkleLeft
0.0301626 -0.3727228 1.664926 16 HipRight
0.03361964 -0.6557158 1.652324 17 KneeRight
0.02404402 -1.025436 1.698647 18 AnkleRight
-0.04531122 0.1423957 1.781189 20 SpineShoulder
-0.6391333 0.06423399 1.496925 21 HandTipLeft
-0.5453664 0.05056792 1.471485 22 ThumbLeft
0.5787452 0.06674554 1.613308 23 HandTipRight
0.5318198 0.06105131 1.582794 24 ThumbRight
-0.04395294 -0.3798651 1.702185 0 SpineBase
-0.04571593 -0.07727557 1.754395 1 SpineMid
-0.04520901 0.2133827 1.785784 2 Neck
-0.2002839 0.09152768 1.766534 4 ShoulderLeft
-0.3649398 -0.03565325 1.696908 5 ElbowLeft
-0.5001211 0.009184807 1.566912 6 WristLeft
-0.5692214 0.04366741 1.526861 7 HandLeft
0.1205799 0.08725615 1.751369 8 ShoulderRight
0.2905145 -0.02534534 1.770471 9 ElbowRight
0.4529483 0.00987963 1.676244 10 WristRight
0.5183077 0.04277636 1.645824 11 HandRight
-0.1161799 -0.3715113 1.669852 12 HipLeft
-0.1145658 -0.7070327 1.655251 13 KneeLeft
-0.1077401 -1.023694 1.704442 14 AnkleLeft
0.0301626 -0.3727228 1.664926 16 HipRight
0.03361964 -0.6557158 1.652324 17 KneeRight
0.02404402 -1.025436 1.698647 18 AnkleRight
-0.04531122 0.1423957 1.781189 20 SpineShoulder
-0.6391333 0.06423399 1.496925 21 HandTipLeft
-0.5453664 0.05056792 1.471485 22 ThumbLeft
0.5787452 0.06674554 1.613308 23 HandTipRight
0.5318198 0.06105131 1.582794 24 ThumbRight
-0.04395294 -0.3798651 1.702185 0 SpineBase
-0.04571593 -0.07727557 1.754395 1 SpineMid
-0.04520901 0.2133827 1.785784 2 Neck
-0.2002839 0.09152768 1.766534 4 ShoulderLeft
-0.3649398 -0.03565325 1.696908 5 ElbowLeft
-0.5001211 0.009184807 1.566912 6 WristLeft
-0.5692214 0.04366741 1.526861 7 HandLeft
0.1205799 0.08725615 1.751369 8 ShoulderRight
0.2905145 -0.02534534 1.770471 9 ElbowRight
0.4529483 0.00987963 1.676244 10 WristRight
0.5183077 0.04277636 1.645824 11 HandRight
-0.1161799 -0.3715113 1.669852 12 HipLeft
-0.1145658 -0.7070327 1.655251 13 KneeLeft
-0.1077401 -1.023694 1.704442 14 AnkleLeft
0.0301626 -0.3727228 1.664926 16 HipRight
0.03361964 -0.6557158 1.652324 17 KneeRight
0.02404402 -1.025436 1.698647 18 AnkleRight
-0.04531122 0.1423957 1.781189 20 SpineShoulder
-0.6391333 0.06423399 1.496925 21 HandTipLeft
-0.5453664 0.05056792 1.471485 22 ThumbLeft
0.5787452 0.06674554 1.613308 23 HandTipRight
0.5318198 0.06105131 1.582794 24 ThumbRight
-0.04395294 -0.3798651 1.702185 0 SpineBase
-0.04571593 -0.07727557 1.754395 1 SpineMid
-0.04520901 0.2133827 1.785784 2 Neck
-0.2002839 0.09152768 1.766534 4 ShoulderLeft
-0.3649398 -0.03565325 1.696908 5 ElbowLeft
-0.5001211 0.009184807 1.566912 6 WristLeft
-0.5692214 0.04366741 1.526861 7 HandLeft
0.1205799 0.08725615 1.751369 8 ShoulderRight
0.2905145 -0.02534534 1.770471 9 ElbowRight
0.4529483 0.00987963 1.676244 10 WristRight
0.5183077 0.04277636 1.645824 11 HandRight
-0.1161799 -0.3715113 1.669852 12 HipLeft
-0.1145658 -0.7070327 1.655251 13 KneeLeft
-0.1077401 -1.023694 1.704442 14 AnkleLeft
0.0301626 -0.3727228 1.664926 16 HipRight
0.03361964 -0.6557158 1.652324 17 KneeRight
0.02404402 -1.025436 1.698647 18 AnkleRight
-0.04531122 0.1423957 1.781189 20 SpineShoulder
-0.6391333 0.06423399 1.496925 21 HandTipLeft
-0.5453664 0.05056792 1.471485 22 ThumbLeft
0.5787452 0.06674554 1.613308 23 HandTipRight
0.5318198 0.06105131 1.582794 24 ThumbRight
-0.04395294 -0.3798651 1.702185 0 SpineBase
-0.04571593 -0.07727557 1.754395 1 SpineMid
-0.04520901 0.2133827 1.785784 2 Neck
-0.2002839 0.09152768 1.766534 4 ShoulderLeft
-0.3649398 -0.03565325 1.696908 5 ElbowLeft
-0.5001211 0.009184807 1.566912 6 WristLeft
-0.5692214 0.04366741 1.526861 7 HandLeft
0.1205799 0.08725615 1.751369 8 ShoulderRight
0.2905145 -0.02534534 1.770471 9 ElbowRight
0.4529483 0.00987963 1.676244 10 WristRight
0.5183077 0.04277636 1.645824 11 HandRight
-0.1161799 -0.3715113 1.669852 12 HipLeft
-0.1145658 -0.7070327 1.655251 13 KneeLeft
-0.1077401 -1.023694 1.704442 14 AnkleLeft
0.0301626 -0.3727228 1.664926 16 HipRight
0.03361964 -0.6557158 1.652324 17 KneeRight
0.02404402 -1.025436 1.698647 18 AnkleRight
-0.04531122 0.1423957 1.781189 20 SpineShoulder
-0.6391333 0.06423399 1.496925 21 HandTipLeft
-0.5453664 0.05056792 1.471485 22 ThumbLeft
0.5787452 0.06674554 1.613308 23 HandTipRight
0.5318198 0.06105131 1.582794 24 ThumbRight
-0.04395294 -0.3798651 1.702185 0 SpineBase
-0.04571593 -0.07727557 1.754395 1 SpineMid
-0.04520901 0.2133827 1.785784 2 Neck
-0.2002839 0.09152768 1.766534 4 ShoulderLeft
-0.3649398 -0.03565325 1.696908 5 ElbowLeft
-0.5001211 0.009184807 1.566912 6 WristLeft
-0.5692214 0.04366741 1.526861 7 HandLeft
0.1205799 0.08725615 1.751369 8 ShoulderRight
0.2905145 -0.02534534 1.770471 9 ElbowRight
0.4529483 0.00987963 1.676244 10 WristRight
0.5183077 0.04277636 1.645824 11 HandRight
-0.1161799 -0.3715113 1.669852 12 HipLeft
-0.1145658 -0.7070327 1.655251 13 KneeLeft
-0.1077401 -1.023694 1.704442 14 AnkleLeft
0.0301626 -0.3727228 1.664926 16 HipRight
0.03361964 -0.6557158 1.652324 17 KneeRight
0.02404402 -1.025436 1.698647 18 AnkleRight
-0.04531122 0.1423957 1.781189 20 SpineShoulder
-0.6391333 0.06423399 1.496925 21 HandTipLeft
-0.5453664 0.05056792 1.471485 22 ThumbLeft
0.5787452 0.06674554 1.613308 23 HandTipRight
0.5318198 0.06105131 1.582794 24 ThumbRight
-0.04614299 -0.3783573 1.696731 0 SpineBase
-0.04968461 -0.07656925 1.748831 1 SpineMid
-0.05162597 0.213528 1.783084 2 Neck
-0.2059255 0.09372495 1.761603 4 ShoulderLeft
-0.3661355 -0.03349528 1.697338 5 ElbowLeft
-0.4948527 0.04476135 1.580324 6 WristLeft
-0.5558487 0.07311358 1.53483 7 HandLeft
0.1189373 0.0883292 1.750222 8 ShoulderRight
0.2949591 -0.01802168 1.770528 9 ElbowRight
0.4567098 0.06100106 1.682892 10 WristRight
0.4985639 0.08370712 1.648134 11 HandRight
-0.1180341 -0.370313 1.663951 12 HipLeft
-0.1153784 -0.7075701 1.653182 13 KneeLeft
-0.1089231 -1.004161 1.698885 14 AnkleLeft
0.02771212 -0.370916 1.659879 16 HipRight
0.03187107 -0.65375 1.649115 17 KneeRight
0.02568186 -1.005286 1.693496 18 AnkleRight
-0.05119099 0.1425778 1.777367 20 SpineShoulder
-0.6203941 0.1101413 1.505439 21 HandTipLeft
-0.5507042 0.08775982 1.472556 22 ThumbLeft
0.5518335 0.1232798 1.600045 23 HandTipRight
0.5135007 0.109783 1.581862 24 ThumbRight
-0.04614299 -0.3783573 1.696731 0 SpineBase
-0.04968461 -0.07656925 1.748831 1 SpineMid
-0.05162597 0.213528 1.783084 2 Neck
-0.2059255 0.09372495 1.761603 4 ShoulderLeft
-0.3661355 -0.03349528 1.697338 5 ElbowLeft
-0.4948527 0.04476135 1.580324 6 WristLeft
-0.5558487 0.07311358 1.53483 7 HandLeft
0.1189373 0.0883292 1.750222 8 ShoulderRight
0.2949591 -0.01802168 1.770528 9 ElbowRight
0.4567098 0.06100106 1.682892 10 WristRight
0.4985639 0.08370712 1.648134 11 HandRight
-0.1180341 -0.370313 1.663951 12 HipLeft
-0.1153784 -0.7075701 1.653182 13 KneeLeft
-0.1089231 -1.004161 1.698885 14 AnkleLeft
0.02771212 -0.370916 1.659879 16 HipRight
0.03187107 -0.65375 1.649115 17 KneeRight
0.02568186 -1.005286 1.693496 18 AnkleRight
-0.05119099 0.1425778 1.777367 20 SpineShoulder
-0.6203941 0.1101413 1.505439 21 HandTipLeft
-0.5507042 0.08775982 1.472556 22 ThumbLeft
0.5518335 0.1232798 1.600045 23 HandTipRight
0.5135007 0.109783 1.581862 24 ThumbRight
-0.04614299 -0.3783573 1.696731 0 SpineBase
-0.04968461 -0.07656925 1.748831 1 SpineMid
-0.05162597 0.213528 1.783084 2 Neck
-0.2059255 0.09372495 1.761603 4 ShoulderLeft
-0.3661355 -0.03349528 1.697338 5 ElbowLeft
-0.4948527 0.04476135 1.580324 6 WristLeft
-0.5558487 0.07311358 1.53483 7 HandLeft
0.1189373 0.0883292 1.750222 8 ShoulderRight
0.2949591 -0.01802168 1.770528 9 ElbowRight
0.4567098 0.06100106 1.682892 10 WristRight
0.4985639 0.08370712 1.648134 11 HandRight
-0.1180341 -0.370313 1.663951 12 HipLeft
-0.1153784 -0.7075701 1.653182 13 KneeLeft
-0.1089231 -1.004161 1.698885 14 AnkleLeft
0.02771212 -0.370916 1.659879 16 HipRight
0.03187107 -0.65375 1.649115 17 KneeRight
0.02568186 -1.005286 1.693496 18 AnkleRight
-0.05119099 0.1425778 1.777367 20 SpineShoulder
-0.6203941 0.1101413 1.505439 21 HandTipLeft
-0.5507042 0.08775982 1.472556 22 ThumbLeft
0.5518335 0.1232798 1.600045 23 HandTipRight
0.5135007 0.109783 1.581862 24 ThumbRight
-0.04614299 -0.3783573 1.696731 0 SpineBase
-0.04968461 -0.07656925 1.748831 1 SpineMid
-0.05162597 0.213528 1.783084 2 Neck
-0.2059255 0.09372495 1.761603 4 ShoulderLeft
-0.3661355 -0.03349528 1.697338 5 ElbowLeft
-0.4948527 0.04476135 1.580324 6 WristLeft
-0.5558487 0.07311358 1.53483 7 HandLeft
0.1189373 0.0883292 1.750222 8 ShoulderRight
0.2949591 -0.01802168 1.770528 9 ElbowRight
0.4567098 0.06100106 1.682892 10 WristRight
0.4985639 0.08370712 1.648134 11 HandRight
-0.1180341 -0.370313 1.663951 12 HipLeft
-0.1153784 -0.7075701 1.653182 13 KneeLeft
-0.1089231 -1.004161 1.698885 14 AnkleLeft
0.02771212 -0.370916 1.659879 16 HipRight
0.03187107 -0.65375 1.649115 17 KneeRight
0.02568186 -1.005286 1.693496 18 AnkleRight
-0.05119099 0.1425778 1.777367 20 SpineShoulder
-0.6203941 0.1101413 1.505439 21 HandTipLeft
-0.5507042 0.08775982 1.472556 22 ThumbLeft
0.5518335 0.1232798 1.600045 23 HandTipRight
0.5135007 0.109783 1.581862 24 ThumbRight
-0.04614299 -0.3783573 1.696731 0 SpineBase
-0.04968461 -0.07656925 1.748831 1 SpineMid
-0.05162597 0.213528 1.783084 2 Neck
-0.2059255 0.09372495 1.761603 4 ShoulderLeft
-0.3661355 -0.03349528 1.697338 5 ElbowLeft
-0.4948527 0.04476135 1.580324 6 WristLeft
-0.5558487 0.07311358 1.53483 7 HandLeft
0.1189373 0.0883292 1.750222 8 ShoulderRight
0.2949591 -0.01802168 1.770528 9 ElbowRight
0.4567098 0.06100106 1.682892 10 WristRight
0.4985639 0.08370712 1.648134 11 HandRight
-0.1180341 -0.370313 1.663951 12 HipLeft
-0.1153784 -0.7075701 1.653182 13 KneeLeft
-0.1089231 -1.004161 1.698885 14 AnkleLeft
0.02771212 -0.370916 1.659879 16 HipRight
0.03187107 -0.65375 1.649115 17 KneeRight
0.02568186 -1.005286 1.693496 18 AnkleRight
-0.05119099 0.1425778 1.777367 20 SpineShoulder
-0.6203941 0.1101413 1.505439 21 HandTipLeft
-0.5507042 0.08775982 1.472556 22 ThumbLeft
0.5518335 0.1232798 1.600045 23 HandTipRight
0.5135007 0.109783 1.581862 24 ThumbRight
-0.04771391 -0.3787048 1.69424 0 SpineBase
-0.05242898 -0.07636974 1.745425 1 SpineMid
-0.05592386 0.2145364 1.779826 2 Neck
-0.2091701 0.09318148 1.75541 4 ShoulderLeft
-0.3099214 -0.0981584 1.70108 5 ElbowLeft
-0.4027123 -0.202647 1.570539 6 WristLeft
-0.458729 -0.2372356 1.508058 7 HandLeft
0.1151569 0.08705973 1.745874 8 ShoulderRight
0.2092832 -0.09586442 1.763905 9 ElbowRight
0.327659 -0.2065811 1.661063 10 WristRight
0.3717168 -0.2378578 1.61352 11 HandRight
-0.1196099 -0.3708161 1.661562 12 HipLeft
-0.116614 -0.7057227 1.65151 13 KneeLeft
-0.1088121 -0.9972533 1.697896 14 AnkleLeft
0.02620673 -0.3710502 1.657268 16 HipRight
0.03036979 -0.6529568 1.646907 17 KneeRight
0.02611167 -0.9980448 1.692459 18 AnkleRight
-0.05514001 0.1433454 1.773873 20 SpineShoulder
-0.5203071 -0.2660218 1.487494 21 HandTipLeft
-0.47526 -0.2484708 1.454773 22 ThumbLeft
0.416016 -0.2750629 1.570685 23 HandTipRight
0.3840554 -0.2504522 1.5515 24 ThumbRight
-0.04771391 -0.3787048 1.69424 0 SpineBase
-0.05242898 -0.07636974 1.745425 1 SpineMid
-0.05592386 0.2145364 1.779826 2 Neck
-0.2091701 0.09318148 1.75541 4 ShoulderLeft
-0.3099214 -0.0981584 1.70108 5 ElbowLeft
-0.4027123 -0.202647 1.570539 6 WristLeft
-0.458729 -0.2372356 1.508058 7 HandLeft
0.1151569 0.08705973 1.745874 8 ShoulderRight
0.2092832 -0.09586442 1.763905 9 ElbowRight
0.327659 -0.2065811 1.661063 10 WristRight
0.3717168 -0.2378578 1.61352 11 HandRight
-0.1196099 -0.3708161 1.661562 12 HipLeft
-0.116614 -0.7057227 1.65151 13 KneeLeft
-0.1088121 -0.9972533 1.697896 14 AnkleLeft
0.02620673 -0.3710502 1.657268 16 HipRight
0.03036979 -0.6529568 1.646907 17 KneeRight
0.02611167 -0.9980448 1.692459 18 AnkleRight
-0.05514001 0.1433454 1.773873 20 SpineShoulder
-0.5203071 -0.2660218 1.487494 21 HandTipLeft
-0.47526 -0.2484708 1.454773 22 ThumbLeft
0.416016 -0.2750629 1.570685 23 HandTipRight
0.3840554 -0.2504522 1.5515 24 ThumbRight
-0.04771391 -0.3787048 1.69424 0 SpineBase
-0.05242898 -0.07636974 1.745425 1 SpineMid
-0.05592386 0.2145364 1.779826 2 Neck
-0.2091701 0.09318148 1.75541 4 ShoulderLeft
-0.3099214 -0.0981584 1.70108 5 ElbowLeft
-0.4027123 -0.202647 1.570539 6 WristLeft
-0.458729 -0.2372356 1.508058 7 HandLeft
0.1151569 0.08705973 1.745874 8 ShoulderRight
0.2092832 -0.09586442 1.763905 9 ElbowRight
0.327659 -0.2065811 1.661063 10 WristRight
0.3717168 -0.2378578 1.61352 11 HandRight
-0.1196099 -0.3708161 1.661562 12 HipLeft
-0.116614 -0.7057227 1.65151 13 KneeLeft
-0.1088121 -0.9972533 1.697896 14 AnkleLeft
0.02620673 -0.3710502 1.657268 16 HipRight
0.03036979 -0.6529568 1.646907 17 KneeRight
0.02611167 -0.9980448 1.692459 18 AnkleRight
-0.05514001 0.1433454 1.773873 20 SpineShoulder
-0.5203071 -0.2660218 1.487494 21 HandTipLeft
-0.47526 -0.2484708 1.454773 22 ThumbLeft
0.416016 -0.2750629 1.570685 23 HandTipRight
0.3840554 -0.2504522 1.5515 24 ThumbRight
-0.04771391 -0.3787048 1.69424 0 SpineBase
-0.05242898 -0.07636974 1.745425 1 SpineMid
-0.05592386 0.2145364 1.779826 2 Neck
-0.2091701 0.09318148 1.75541 4 ShoulderLeft
-0.3099214 -0.0981584 1.70108 5 ElbowLeft
-0.4027123 -0.202647 1.570539 6 WristLeft
-0.458729 -0.2372356 1.508058 7 HandLeft
0.1151569 0.08705973 1.745874 8 ShoulderRight
0.2092832 -0.09586442 1.763905 9 ElbowRight
0.327659 -0.2065811 1.661063 10 WristRight
0.3717168 -0.2378578 1.61352 11 HandRight
-0.1196099 -0.3708161 1.661562 12 HipLeft
-0.116614 -0.7057227 1.65151 13 KneeLeft
-0.1088121 -0.9972533 1.697896 14 AnkleLeft
0.02620673 -0.3710502 1.657268 16 HipRight
0.03036979 -0.6529568 1.646907 17 KneeRight
0.02611167 -0.9980448 1.692459 18 AnkleRight
-0.05514001 0.1433454 1.773873 20 SpineShoulder
-0.5203071 -0.2660218 1.487494 21 HandTipLeft
-0.47526 -0.2484708 1.454773 22 ThumbLeft
0.416016 -0.2750629 1.570685 23 HandTipRight
0.3840554 -0.2504522 1.5515 24 ThumbRight
-0.04771391 -0.3787048 1.69424 0 SpineBase
-0.05242898 -0.07636974 1.745425 1 SpineMid
-0.05592386 0.2145364 1.779826 2 Neck
-0.2091701 0.09318148 1.75541 4 ShoulderLeft
-0.3099214 -0.0981584 1.70108 5 ElbowLeft
-0.4027123 -0.202647 1.570539 6 WristLeft
-0.458729 -0.2372356 1.508058 7 HandLeft
0.1151569 0.08705973 1.745874 8 ShoulderRight
0.2092832 -0.09586442 1.763905 9 ElbowRight
0.327659 -0.2065811 1.661063 10 WristRight
0.3717168 -0.2378578 1.61352 11 HandRight
-0.1196099 -0.3708161 1.661562 12 HipLeft
-0.116614 -0.7057227 1.65151 13 KneeLeft
-0.1088121 -0.9972533 1.697896 14 AnkleLeft
0.02620673 -0.3710502 1.657268 16 HipRight
0.03036979 -0.6529568 1.646907 17 KneeRight
0.02611167 -0.9980448 1.692459 18 AnkleRight
-0.05514001 0.1433454 1.773873 20 SpineShoulder
-0.5203071 -0.2660218 1.487494 21 HandTipLeft
-0.47526 -0.2484708 1.454773 22 ThumbLeft
0.416016 -0.2750629 1.570685 23 HandTipRight
0.3840554 -0.2504522 1.5515 24 ThumbRight
-0.04771391 -0.3787048 1.69424 0 SpineBase
-0.05242898 -0.07636974 1.745425 1 SpineMid
-0.05592386 0.2145364 1.779826 2 Neck
-0.2091701 0.09318148 1.75541 4 ShoulderLeft
-0.3099214 -0.0981584 1.70108 5 ElbowLeft
-0.4027123 -0.202647 1.570539 6 WristLeft
-0.458729 -0.2372356 1.508058 7 HandLeft
0.1151569 0.08705973 1.745874 8 ShoulderRight
0.2092832 -0.09586442 1.763905 9 ElbowRight
0.327659 -0.2065811 1.661063 10 WristRight
0.3717168 -0.2378578 1.61352 11 HandRight
-0.1196099 -0.3708161 1.661562 12 HipLeft
-0.116614 -0.7057227 1.65151 13 KneeLeft
-0.1088121 -0.9972533 1.697896 14 AnkleLeft
0.02620673 -0.3710502 1.657268 16 HipRight
0.03036979 -0.6529568 1.646907 17 KneeRight
0.02611167 -0.9980448 1.692459 18 AnkleRight
-0.05514001 0.1433454 1.773873 20 SpineShoulder
-0.5203071 -0.2660218 1.487494 21 HandTipLeft
-0.47526 -0.2484708 1.454773 22 ThumbLeft
0.416016 -0.2750629 1.570685 23 HandTipRight
0.3840554 -0.2504522 1.5515 24 ThumbRight
-0.04847588 -0.3797981 1.692596 0 SpineBase
-0.05380733 -0.07711978 1.743484 1 SpineMid
-0.05807183 0.2142239 1.778051 2 Neck
-0.2149297 0.08970662 1.748844 4 ShoulderLeft
-0.2653078 -0.1452342 1.712917 5 ElbowLeft
-0.2938576 -0.3178713 1.607181 6 WristLeft
-0.3120175 -0.3769365 1.575496 7 HandLeft
0.1127678 0.08356341 1.74489 8 ShoulderRight
0.148183 -0.140089 1.751299 9 ElbowRight
0.1918144 -0.3002205 1.656286 10 WristRight
0.208066 -0.3763094 1.611218 11 HandRight
-0.1205227 -0.37214 1.658665 12 HipLeft
-0.118104 -0.7077129 1.650221 13 KneeLeft
-0.1081455 -1.002421 1.698836 14 AnkleLeft
0.0256079 -0.3718727 1.656494 16 HipRight
0.02901147 -0.6526188 1.644901 17 KneeRight
0.02502769 -1.003089 1.692996 18 AnkleRight
-0.05710746 0.1429011 1.771982 20 SpineShoulder
-0.3549157 -0.447851 1.549554 21 HandTipLeft
-0.2856283 -0.3982945 1.55135 22 ThumbLeft
0.2420629 -0.4463285 1.592638 23 HandTipRight
0.1853431 -0.3783765 1.573676 24 ThumbRight
-0.04847588 -0.3797981 1.692596 0 SpineBase
-0.05380733 -0.07711978 1.743484 1 SpineMid
-0.05807183 0.2142239 1.778051 2 Neck
-0.2149297 0.08970662 1.748844 4 ShoulderLeft
-0.2653078 -0.1452342 1.712917 5 ElbowLeft
-0.2938576 -0.3178713 1.607181 6 WristLeft
-0.3120175 -0.3769365 1.575496 7 HandLeft
0.1127678 0.08356341 1.74489 8 ShoulderRight
0.148183 -0.140089 1.751299 9 ElbowRight
0.1918144 -0.3002205 1.656286 10 WristRight
0.208066 -0.3763094 1.611218 11 HandRight
-0.1205227 -0.37214 1.658665 12 HipLeft
-0.118104 -0.7077129 1.650221 13 KneeLeft
-0.1081455 -1.002421 1.698836 14 AnkleLeft
0.0256079 -0.3718727 1.656494 16 HipRight
0.02901147 -0.6526188 1.644901 17 KneeRight
0.02502769 -1.003089 1.692996 18 AnkleRight
-0.05710746 0.1429011 1.771982 20 SpineShoulder
-0.3549157 -0.447851 1.549554 21 HandTipLeft
-0.2856283 -0.3982945 1.55135 22 ThumbLeft
0.2420629 -0.4463285 1.592638 23 HandTipRight
0.1853431 -0.3783765 1.573676 24 ThumbRight
-0.04847588 -0.3797981 1.692596 0 SpineBase
-0.05380733 -0.07711978 1.743484 1 SpineMid
-0.05807183 0.2142239 1.778051 2 Neck
-0.2149297 0.08970662 1.748844 4 ShoulderLeft
-0.2653078 -0.1452342 1.712917 5 ElbowLeft
-0.2938576 -0.3178713 1.607181 6 WristLeft
-0.3120175 -0.3769365 1.575496 7 HandLeft
0.1127678 0.08356341 1.74489 8 ShoulderRight
0.148183 -0.140089 1.751299 9 ElbowRight
0.1918144 -0.3002205 1.656286 10 WristRight
0.208066 -0.3763094 1.611218 11 HandRight
-0.1205227 -0.37214 1.658665 12 HipLeft
-0.118104 -0.7077129 1.650221 13 KneeLeft
-0.1081455 -1.002421 1.698836 14 AnkleLeft
0.0256079 -0.3718727 1.656494 16 HipRight
0.02901147 -0.6526188 1.644901 17 KneeRight
0.02502769 -1.003089 1.692996 18 AnkleRight
-0.05710746 0.1429011 1.771982 20 SpineShoulder
-0.3549157 -0.447851 1.549554 21 HandTipLeft
-0.2856283 -0.3982945 1.55135 22 ThumbLeft
0.2420629 -0.4463285 1.592638 23 HandTipRight
0.1853431 -0.3783765 1.573676 24 ThumbRight
-0.04847588 -0.3797981 1.692596 0 SpineBase
-0.05380733 -0.07711978 1.743484 1 SpineMid
-0.05807183 0.2142239 1.778051 2 Neck
-0.2149297 0.08970662 1.748844 4 ShoulderLeft
-0.2653078 -0.1452342 1.712917 5 ElbowLeft
-0.2938576 -0.3178713 1.607181 6 WristLeft
-0.3120175 -0.3769365 1.575496 7 HandLeft
0.1127678 0.08356341 1.74489 8 ShoulderRight
0.148183 -0.140089 1.751299 9 ElbowRight
0.1918144 -0.3002205 1.656286 10 WristRight
0.208066 -0.3763094 1.611218 11 HandRight
-0.1205227 -0.37214 1.658665 12 HipLeft
-0.118104 -0.7077129 1.650221 13 KneeLeft
-0.1081455 -1.002421 1.698836 14 AnkleLeft
0.0256079 -0.3718727 1.656494 16 HipRight
0.02901147 -0.6526188 1.644901 17 KneeRight
0.02502769 -1.003089 1.692996 18 AnkleRight
-0.05710746 0.1429011 1.771982 20 SpineShoulder
-0.3549157 -0.447851 1.549554 21 HandTipLeft
-0.2856283 -0.3982945 1.55135 22 ThumbLeft
0.2420629 -0.4463285 1.592638 23 HandTipRight
0.1853431 -0.3783765 1.573676 24 ThumbRight
-0.04901352 -0.3814172 1.690605 0 SpineBase
-0.05468966 -0.07806527 1.742038 1 SpineMid
-0.05926679 0.2137889 1.77725 2 Neck
-0.216477 0.08786438 1.747276 4 ShoulderLeft
-0.2640119 -0.1450365 1.71516 5 ElbowLeft
-0.2599351 -0.3402298 1.600164 6 WristLeft
-0.2542259 -0.3842731 1.574162 7 HandLeft
0.110627 0.08074684 1.744537 8 ShoulderRight
0.1475432 -0.1401152 1.749982 9 ElbowRight
0.1787054 -0.3274964 1.626721 10 WristRight
0.1826554 -0.3925143 1.591741 11 HandRight
-0.121001 -0.3739654 1.656412 12 HipLeft
-0.1189551 -0.7097634 1.648826 13 KneeLeft
-0.1077946 -1.008238 1.700066 14 AnkleLeft
0.02505661 -0.3731613 1.654853 16 HipRight
0.02821318 -0.6750109 1.641919 17 KneeRight
0.02463023 -1.008209 1.694097 18 AnkleRight
-0.05823148 0.142345 1.771007 20 SpineShoulder
-0.2787744 -0.460756 1.527295 21 HandTipLeft
-0.2255225 -0.3886485 1.54166 22 ThumbLeft
0.2078793 -0.4635284 1.579093 23 HandTipRight
0.1483961 -0.3914069 1.5564 24 ThumbRight
-0.04901352 -0.3814172 1.690605 0 SpineBase
-0.05468966 -0.07806527 1.742038 1 SpineMid
-0.05926679 0.2137889 1.77725 2 Neck
-0.216477 0.08786438 1.747276 4 ShoulderLeft
-0.2640119 -0.1450365 1.71516 5 ElbowLeft
-0.2599351 -0.3402298 1.600164 6 WristLeft
-0.2542259 -0.3842731 1.574162 7 HandLeft
0.110627 0.08074684 1.744537 8 ShoulderRight
0.1475432 -0.1401152 1.749982 9 ElbowRight
0.1787054 -0.3274964 1.626721 10 WristRight
0.1826554 -0.3925143 1.591741 11 HandRight
-0.121001 -0.3739654 1.656412 12 HipLeft
-0.1189551 -0.7097634 1.648826 13 KneeLeft
-0.1077946 -1.008238 1.700066 14 AnkleLeft
0.02505661 -0.3731613 1.654853 16 HipRight
0.02821318 -0.6750109 1.641919 17 KneeRight
0.02463023 -1.008209 1.694097 18 AnkleRight
-0.05823148 0.142345 1.771007 20 SpineShoulder
-0.2787744 -0.460756 1.527295 21 HandTipLeft
-0.2255225 -0.3886485 1.54166 22 ThumbLeft
0.2078793 -0.4635284 1.579093 23 HandTipRight
0.1483961 -0.3914069 1.5564 24 ThumbRight
-0.0495939 -0.3822078 1.689057 0 SpineBase
-0.05620442 -0.07891385 1.74103 1 SpineMid
-0.06249075 0.2126634 1.777 2 Neck
-0.219426 0.08516996 1.747233 4 ShoulderLeft
-0.2731579 -0.1306694 1.710427 5 ElbowLeft
-0.3266743 -0.2622025 1.580084 6 WristLeft
-0.3467435 -0.3268675 1.517074 7 HandLeft
0.1105292 0.08077021 1.744548 8 ShoulderRight
0.1564035 -0.1287917 1.755023 9 ElbowRight
0.2420537 -0.2609258 1.645509 10 WristRight
0.2703502 -0.3243275 1.578745 11 HandRight
-0.1215923 -0.3747624 1.654963 12 HipLeft
-0.1190699 -0.7102441 1.648074 13 KneeLeft
-0.1081199 -1.011405 1.700239 14 AnkleLeft
0.02451931 -0.3738682 1.653254 16 HipRight
0.02802731 -0.6760896 1.641877 17 KneeRight
0.02430685 -1.011482 1.693623 18 AnkleRight
-0.06092817 0.1412968 1.770491 20 SpineShoulder
-0.3920882 -0.3915553 1.487403 21 HandTipLeft
-0.3259942 -0.328922 1.475067 22 ThumbLeft
0.315767 -0.3877157 1.549417 23 HandTipRight
0.2605102 -0.3333641 1.532683 24 ThumbRight
-0.0495939 -0.3822078 1.689057 0 SpineBase
-0.05620442 -0.07891385 1.74103 1 SpineMid
-0.06249075 0.2126634 1.777 2 Neck
-0.219426 0.08516996 1.747233 4 ShoulderLeft
-0.2731579 -0.1306694 1.710427 5 ElbowLeft
-0.3266743 -0.2622025 1.580084 6 WristLeft
-0.3467435 -0.3268675 1.517074 7 HandLeft
0.1105292 0.08077021 1.744548 8 ShoulderRight
0.1564035 -0.1287917 1.755023 9 ElbowRight
0.2420537 -0.2609258 1.645509 10 WristRight
0.2703502 -0.3243275 1.578745 11 HandRight
-0.1215923 -0.3747624 1.654963 12 HipLeft
-0.1190699 -0.7102441 1.648074 13 KneeLeft
-0.1081199 -1.011405 1.700239 14 AnkleLeft
0.02451931 -0.3738682 1.653254 16 HipRight
0.02802731 -0.6760896 1.641877 17 KneeRight
0.02430685 -1.011482 1.693623 18 AnkleRight
-0.06092817 0.1412968 1.770491 20 SpineShoulder
-0.3920882 -0.3915553 1.487403 21 HandTipLeft
-0.3259942 -0.328922 1.475067 22 ThumbLeft
0.315767 -0.3877157 1.549417 23 HandTipRight
0.2605102 -0.3333641 1.532683 24 ThumbRight
-0.0495939 -0.3822078 1.689057 0 SpineBase
-0.05620442 -0.07891385 1.74103 1 SpineMid
-0.06249075 0.2126634 1.777 2 Neck
-0.219426 0.08516996 1.747233 4 ShoulderLeft
-0.2731579 -0.1306694 1.710427 5 ElbowLeft
-0.3266743 -0.2622025 1.580084 6 WristLeft
-0.3467435 -0.3268675 1.517074 7 HandLeft
0.1105292 0.08077021 1.744548 8 ShoulderRight
0.1564035 -0.1287917 1.755023 9 ElbowRight
0.2420537 -0.2609258 1.645509 10 WristRight
0.2703502 -0.3243275 1.578745 11 HandRight
-0.1215923 -0.3747624 1.654963 12 HipLeft
-0.1190699 -0.7102441 1.648074 13 KneeLeft
-0.1081199 -1.011405 1.700239 14 AnkleLeft
0.02451931 -0.3738682 1.653254 16 HipRight
0.02802731 -0.6760896 1.641877 17 KneeRight
0.02430685 -1.011482 1.693623 18 AnkleRight
-0.06092817 0.1412968 1.770491 20 SpineShoulder
-0.3920882 -0.3915553 1.487403 21 HandTipLeft
-0.3259942 -0.328922 1.475067 22 ThumbLeft
0.315767 -0.3877157 1.549417 23 HandTipRight
0.2605102 -0.3333641 1.532683 24 ThumbRight
-0.0495939 -0.3822078 1.689057 0 SpineBase
-0.05620442 -0.07891385 1.74103 1 SpineMid
-0.06249075 0.2126634 1.777 2 Neck
-0.219426 0.08516996 1.747233 4 ShoulderLeft
-0.2731579 -0.1306694 1.710427 5 ElbowLeft
-0.3266743 -0.2622025 1.580084 6 WristLeft
-0.3467435 -0.3268675 1.517074 7 HandLeft
0.1105292 0.08077021 1.744548 8 ShoulderRight
0.1564035 -0.1287917 1.755023 9 ElbowRight
0.2420537 -0.2609258 1.645509 10 WristRight
0.2703502 -0.3243275 1.578745 11 HandRight
-0.1215923 -0.3747624 1.654963 12 HipLeft
-0.1190699 -0.7102441 1.648074 13 KneeLeft
-0.1081199 -1.011405 1.700239 14 AnkleLeft
0.02451931 -0.3738682 1.653254 16 HipRight
0.02802731 -0.6760896 1.641877 17 KneeRight
0.02430685 -1.011482 1.693623 18 AnkleRight
-0.06092817 0.1412968 1.770491 20 SpineShoulder
-0.3920882 -0.3915553 1.487403 21 HandTipLeft
-0.3259942 -0.328922 1.475067 22 ThumbLeft
0.315767 -0.3877157 1.549417 23 HandTipRight
0.2605102 -0.3333641 1.532683 24 ThumbRight
-0.0495939 -0.3822078 1.689057 0 SpineBase
-0.05620442 -0.07891385 1.74103 1 SpineMid
-0.06249075 0.2126634 1.777 2 Neck
-0.219426 0.08516996 1.747233 4 ShoulderLeft
-0.2731579 -0.1306694 1.710427 5 ElbowLeft
-0.3266743 -0.2622025 1.580084 6 WristLeft
-0.3467435 -0.3268675 1.517074 7 HandLeft
0.1105292 0.08077021 1.744548 8 ShoulderRight
0.1564035 -0.1287917 1.755023 9 ElbowRight
0.2420537 -0.2609258 1.645509 10 WristRight
0.2703502 -0.3243275 1.578745 11 HandRight
-0.1215923 -0.3747624 1.654963 12 HipLeft
-0.1190699 -0.7102441 1.648074 13 KneeLeft
-0.1081199 -1.011405 1.700239 14 AnkleLeft
0.02451931 -0.3738682 1.653254 16 HipRight
0.02802731 -0.6760896 1.641877 17 KneeRight
0.02430685 -1.011482 1.693623 18 AnkleRight
-0.06092817 0.1412968 1.770491 20 SpineShoulder
-0.3920882 -0.3915553 1.487403 21 HandTipLeft
-0.3259942 -0.328922 1.475067 22 ThumbLeft
0.315767 -0.3877157 1.549417 23 HandTipRight
0.2605102 -0.3333641 1.532683 24 ThumbRight
-0.0495939 -0.3822078 1.689057 0 SpineBase
-0.05620442 -0.07891385 1.74103 1 SpineMid
-0.06249075 0.2126634 1.777 2 Neck
-0.219426 0.08516996 1.747233 4 ShoulderLeft
-0.2731579 -0.1306694 1.710427 5 ElbowLeft
-0.3266743 -0.2622025 1.580084 6 WristLeft
-0.3467435 -0.3268675 1.517074 7 HandLeft
0.1105292 0.08077021 1.744548 8 ShoulderRight
0.1564035 -0.1287917 1.755023 9 ElbowRight
0.2420537 -0.2609258 1.645509 10 WristRight
0.2703502 -0.3243275 1.578745 11 HandRight
-0.1215923 -0.3747624 1.654963 12 HipLeft
-0.1190699 -0.7102441 1.648074 13 KneeLeft
-0.1081199 -1.011405 1.700239 14 AnkleLeft
0.02451931 -0.3738682 1.653254 16 HipRight
0.02802731 -0.6760896 1.641877 17 KneeRight
0.02430685 -1.011482 1.693623 18 AnkleRight
-0.06092817 0.1412968 1.770491 20 SpineShoulder
-0.3920882 -0.3915553 1.487403 21 HandTipLeft
-0.3259942 -0.328922 1.475067 22 ThumbLeft
0.315767 -0.3877157 1.549417 23 HandTipRight
0.2605102 -0.3333641 1.532683 24 ThumbRight
-0.05103036 -0.3817431 1.688166 0 SpineBase
-0.05979272 -0.07887454 1.740533 1 SpineMid
-0.0695089 0.2119691 1.777802 2 Neck
-0.2234822 0.08958025 1.74617 4 ShoulderLeft
-0.359627 -0.04383188 1.668789 5 ElbowLeft
-0.4996214 -0.07957529 1.52091 6 WristLeft
-0.5697035 -0.08489498 1.457891 7 HandLeft
0.09828404 0.0852371 1.750739 8 ShoulderRight
0.2325808 -0.06001281 1.762036 9 ElbowRight
0.3956574 -0.07988641 1.641539 10 WristRight
0.4415498 -0.08775707 1.599989 11 HandRight
-0.1234479 -0.3741142 1.652808 12 HipLeft
-0.1216263 -0.7070857 1.64496 13 KneeLeft
-0.1085655 -1.011745 1.700476 14 AnkleLeft
0.02337174 -0.3735166 1.653145 16 HipRight
0.02223522 -0.659476 1.639521 17 KneeRight
0.02637077 -1.012649 1.693819 18 AnkleRight
-0.06702179 0.1408038 1.770852 20 SpineShoulder
-0.621833 -0.09329219 1.426113 21 HandTipLeft
-0.5368578 -0.07601378 1.422189 22 ThumbLeft
0.5035195 -0.09808022 1.55085 23 HandTipRight
0.4596021 -0.08919486 1.534238 24 ThumbRight
-0.05103036 -0.3817431 1.688166 0 SpineBase
-0.05979272 -0.07887454 1.740533 1 SpineMid
-0.0695089 0.2119691 1.777802 2 Neck
-0.2234822 0.08958025 1.74617 4 ShoulderLeft
-0.359627 -0.04383188 1.668789 5 ElbowLeft
-0.4996214 -0.07957529 1.52091 6 WristLeft
-0.5697035 -0.08489498 1.457891 7 HandLeft
0.09828404 0.0852371 1.750739 8 ShoulderRight
0.2325808 -0.06001281 1.762036 9 ElbowRight
0.3956574 -0.07988641 1.641539 10 WristRight
0.4415498 -0.08775707 1.599989 11 HandRight
-0.1234479 -0.3741142 1.652808 12 HipLeft
-0.1216263 -0.7070857 1.64496 13 KneeLeft
-0.1085655 -1.011745 1.700476 14 AnkleLeft
0.02337174 -0.3735166 1.653145 16 HipRight
0.02223522 -0.659476 1.639521 17 KneeRight
0.02637077 -1.012649 1.693819 18 AnkleRight
-0.06702179 0.1408038 1.770852 20 SpineShoulder
-0.621833 -0.09329219 1.426113 21 HandTipLeft
-0.5368578 -0.07601378 1.422189 22 ThumbLeft
0.5035195 -0.09808022 1.55085 23 HandTipRight
0.4596021 -0.08919486 1.534238 24 ThumbRight
-0.05103036 -0.3817431 1.688166 0 SpineBase
-0.05979272 -0.07887454 1.740533 1 SpineMid
-0.0695089 0.2119691 1.777802 2 Neck
-0.2234822 0.08958025 1.74617 4 ShoulderLeft
-0.359627 -0.04383188 1.668789 5 ElbowLeft
-0.4996214 -0.07957529 1.52091 6 WristLeft
-0.5697035 -0.08489498 1.457891 7 HandLeft
0.09828404 0.0852371 1.750739 8 ShoulderRight
0.2325808 -0.06001281 1.762036 9 ElbowRight
0.3956574 -0.07988641 1.641539 10 WristRight
0.4415498 -0.08775707 1.599989 11 HandRight
-0.1234479 -0.3741142 1.652808 12 HipLeft
-0.1216263 -0.7070857 1.64496 13 KneeLeft
-0.1085655 -1.011745 1.700476 14 AnkleLeft
0.02337174 -0.3735166 1.653145 16 HipRight
0.02223522 -0.659476 1.639521 17 KneeRight
0.02637077 -1.012649 1.693819 18 AnkleRight
-0.06702179 0.1408038 1.770852 20 SpineShoulder
-0.621833 -0.09329219 1.426113 21 HandTipLeft
-0.5368578 -0.07601378 1.422189 22 ThumbLeft
0.5035195 -0.09808022 1.55085 23 HandTipRight
0.4596021 -0.08919486 1.534238 24 ThumbRight
-0.05103036 -0.3817431 1.688166 0 SpineBase
-0.05979272 -0.07887454 1.740533 1 SpineMid
-0.0695089 0.2119691 1.777802 2 Neck
-0.2234822 0.08958025 1.74617 4 ShoulderLeft
-0.359627 -0.04383188 1.668789 5 ElbowLeft
-0.4996214 -0.07957529 1.52091 6 WristLeft
-0.5697035 -0.08489498 1.457891 7 HandLeft
0.09828404 0.0852371 1.750739 8 ShoulderRight
0.2325808 -0.06001281 1.762036 9 ElbowRight
0.3956574 -0.07988641 1.641539 10 WristRight
0.4415498 -0.08775707 1.599989 11 HandRight
-0.1234479 -0.3741142 1.652808 12 HipLeft
-0.1216263 -0.7070857 1.64496 13 KneeLeft
-0.1085655 -1.011745 1.700476 14 AnkleLeft
0.02337174 -0.3735166 1.653145 16 HipRight
0.02223522 -0.659476 1.639521 17 KneeRight
0.02637077 -1.012649 1.693819 18 AnkleRight
-0.06702179 0.1408038 1.770852 20 SpineShoulder
-0.621833 -0.09329219 1.426113 21 HandTipLeft
-0.5368578 -0.07601378 1.422189 22 ThumbLeft
0.5035195 -0.09808022 1.55085 23 HandTipRight
0.4596021 -0.08919486 1.534238 24 ThumbRight
-0.05103036 -0.3817431 1.688166 0 SpineBase
-0.05979272 -0.07887454 1.740533 1 SpineMid
-0.0695089 0.2119691 1.777802 2 Neck
-0.2234822 0.08958025 1.74617 4 ShoulderLeft
-0.359627 -0.04383188 1.668789 5 ElbowLeft
-0.4996214 -0.07957529 1.52091 6 WristLeft
-0.5697035 -0.08489498 1.457891 7 HandLeft
0.09828404 0.0852371 1.750739 8 ShoulderRight
0.2325808 -0.06001281 1.762036 9 ElbowRight
0.3956574 -0.07988641 1.641539 10 WristRight
0.4415498 -0.08775707 1.599989 11 HandRight
-0.1234479 -0.3741142 1.652808 12 HipLeft
-0.1216263 -0.7070857 1.64496 13 KneeLeft
-0.1085655 -1.011745 1.700476 14 AnkleLeft
0.02337174 -0.3735166 1.653145 16 HipRight
0.02223522 -0.659476 1.639521 17 KneeRight
0.02637077 -1.012649 1.693819 18 AnkleRight
-0.06702179 0.1408038 1.770852 20 SpineShoulder
-0.621833 -0.09329219 1.426113 21 HandTipLeft
-0.5368578 -0.07601378 1.422189 22 ThumbLeft
0.5035195 -0.09808022 1.55085 23 HandTipRight
0.4596021 -0.08919486 1.534238 24 ThumbRight
-0.06208958 -0.3792021 1.687145 0 SpineBase
-0.07805198 -0.07648287 1.73295 1 SpineMid
-0.09531234 0.2143602 1.7605 2 Neck
-0.2465511 0.0946756 1.729923 4 ShoulderLeft
-0.4202403 0.00203881 1.645069 5 ElbowLeft
-0.5551797 0.06912023 1.530396 6 WristLeft
-0.6266354 0.1137692 1.490134 7 HandLeft
0.09045944 0.09074861 1.750155 8 ShoulderRight
0.2678929 0.02259412 1.774666 9 ElbowRight
0.4219702 0.08816434 1.688484 10 WristRight
0.4742477 0.1255063 1.655268 11 HandRight
-0.1353029 -0.3730229 1.650015 12 HipLeft
-0.1303427 -0.7196206 1.64871 13 KneeLeft
-0.1075049 -1.009521 1.707027 14 AnkleLeft
0.01321346 -0.3696523 1.654026 16 HipRight
0.01954597 -0.6726574 1.561168 17 KneeRight
-0.006315095 -1.008563 1.598919 18 AnkleRight
-0.09102216 0.1431618 1.756294 20 SpineShoulder
-0.6948611 0.147056 1.477964 21 HandTipLeft
-0.6164892 0.1318146 1.438096 22 ThumbLeft
0.5347726 0.1603615 1.612641 23 HandTipRight
0.4877599 0.1418203 1.590222 24 ThumbRight
-0.06208958 -0.3792021 1.687145 0 SpineBase
-0.07805198 -0.07648287 1.73295 1 SpineMid
-0.09531234 0.2143602 1.7605 2 Neck
-0.2465511 0.0946756 1.729923 4 ShoulderLeft
-0.4202403 0.00203881 1.645069 5 ElbowLeft
-0.5551797 0.06912023 1.530396 6 WristLeft
-0.6266354 0.1137692 1.490134 7 HandLeft
0.09045944 0.09074861 1.750155 8 ShoulderRight
0.2678929 0.02259412 1.774666 9 ElbowRight
0.4219702 0.08816434 1.688484 10 WristRight
0.4742477 0.1255063 1.655268 11 HandRight
-0.1353029 -0.3730229 1.650015 12 HipLeft
-0.1303427 -0.7196206 1.64871 13 KneeLeft
-0.1075049 -1.009521 1.707027 14 AnkleLeft
0.01321346 -0.3696523 1.654026 16 HipRight
0.01954597 -0.6726574 1.561168 17 KneeRight
-0.006315095 -1.008563 1.598919 18 AnkleRight
-0.09102216 0.1431618 1.756294 20 SpineShoulder
-0.6948611 0.147056 1.477964 21 HandTipLeft
-0.6164892 0.1318146 1.438096 22 ThumbLeft
0.5347726 0.1603615 1.612641 23 HandTipRight
0.4877599 0.1418203 1.590222 24 ThumbRight
-0.06208958 -0.3792021 1.687145 0 SpineBase
-0.07805198 -0.07648287 1.73295 1 SpineMid
-0.09531234 0.2143602 1.7605 2 Neck
-0.2465511 0.0946756 1.729923 4 ShoulderLeft
-0.4202403 0.00203881 1.645069 5 ElbowLeft
-0.5551797 0.06912023 1.530396 6 WristLeft
-0.6266354 0.1137692 1.490134 7 HandLeft
0.09045944 0.09074861 1.750155 8 ShoulderRight
0.2678929 0.02259412 1.774666 9 ElbowRight
0.4219702 0.08816434 1.688484 10 WristRight
0.4742477 0.1255063 1.655268 11 HandRight
-0.1353029 -0.3730229 1.650015 12 HipLeft
-0.1303427 -0.7196206 1.64871 13 KneeLeft
-0.1075049 -1.009521 1.707027 14 AnkleLeft
0.01321346 -0.3696523 1.654026 16 HipRight
0.01954597 -0.6726574 1.561168 17 KneeRight
-0.006315095 -1.008563 1.598919 18 AnkleRight
-0.09102216 0.1431618 1.756294 20 SpineShoulder
-0.6948611 0.147056 1.477964 21 HandTipLeft
-0.6164892 0.1318146 1.438096 22 ThumbLeft
0.5347726 0.1603615 1.612641 23 HandTipRight
0.4877599 0.1418203 1.590222 24 ThumbRight
-0.06208958 -0.3792021 1.687145 0 SpineBase
-0.07805198 -0.07648287 1.73295 1 SpineMid
-0.09531234 0.2143602 1.7605 2 Neck
-0.2465511 0.0946756 1.729923 4 ShoulderLeft
-0.4202403 0.00203881 1.645069 5 ElbowLeft
-0.5551797 0.06912023 1.530396 6 WristLeft
-0.6266354 0.1137692 1.490134 7 HandLeft
0.09045944 0.09074861 1.750155 8 ShoulderRight
0.2678929 0.02259412 1.774666 9 ElbowRight
0.4219702 0.08816434 1.688484 10 WristRight
0.4742477 0.1255063 1.655268 11 HandRight
-0.1353029 -0.3730229 1.650015 12 HipLeft
-0.1303427 -0.7196206 1.64871 13 KneeLeft
-0.1075049 -1.009521 1.707027 14 AnkleLeft
0.01321346 -0.3696523 1.654026 16 HipRight
0.01954597 -0.6726574 1.561168 17 KneeRight
-0.006315095 -1.008563 1.598919 18 AnkleRight
-0.09102216 0.1431618 1.756294 20 SpineShoulder
-0.6948611 0.147056 1.477964 21 HandTipLeft
-0.6164892 0.1318146 1.438096 22 ThumbLeft
0.5347726 0.1603615 1.612641 23 HandTipRight
0.4877599 0.1418203 1.590222 24 ThumbRight
-0.06208958 -0.3792021 1.687145 0 SpineBase
-0.07805198 -0.07648287 1.73295 1 SpineMid
-0.09531234 0.2143602 1.7605 2 Neck
-0.2465511 0.0946756 1.729923 4 ShoulderLeft
-0.4202403 0.00203881 1.645069 5 ElbowLeft
-0.5551797 0.06912023 1.530396 6 WristLeft
-0.6266354 0.1137692 1.490134 7 HandLeft
0.09045944 0.09074861 1.750155 8 ShoulderRight
0.2678929 0.02259412 1.774666 9 ElbowRight
0.4219702 0.08816434 1.688484 10 WristRight
0.4742477 0.1255063 1.655268 11 HandRight
-0.1353029 -0.3730229 1.650015 12 HipLeft
-0.1303427 -0.7196206 1.64871 13 KneeLeft
-0.1075049 -1.009521 1.707027 14 AnkleLeft
0.01321346 -0.3696523 1.654026 16 HipRight
0.01954597 -0.6726574 1.561168 17 KneeRight
-0.006315095 -1.008563 1.598919 18 AnkleRight
-0.09102216 0.1431618 1.756294 20 SpineShoulder
-0.6948611 0.147056 1.477964 21 HandTipLeft
-0.6164892 0.1318146 1.438096 22 ThumbLeft
0.5347726 0.1603615 1.612641 23 HandTipRight
0.4877599 0.1418203 1.590222 24 ThumbRight
-0.06845479 -0.3631567 1.653066 0 SpineBase
-0.08061881 -0.06350797 1.675971 1 SpineMid
-0.09072126 0.2225071 1.689083 2 Neck
-0.2443684 0.1104067 1.666744 4 ShoulderLeft
-0.4293968 0.02858964 1.619618 5 ElbowLeft
-0.5554419 0.1207932 1.514156 6 WristLeft
-0.6338406 0.1895655 1.473744 7 HandLeft
0.09295762 0.110088 1.683818 8 ShoulderRight
0.2896803 0.06307956 1.728617 9 ElbowRight
0.4303642 0.1560349 1.646224 10 WristRight
0.4926632 0.2135856 1.611086 11 HandRight
-0.142797 -0.3592511 1.615913 12 HipLeft
-0.1388869 -0.6792472 1.627584 13 KneeLeft
-0.1105208 -0.9894013 1.703488 14 AnkleLeft
0.008780086 -0.3518423 1.620673 16 HipRight
0.04944894 -0.6020637 1.466681 17 KneeRight
0.0991222 -0.9639239 1.380343 18 AnkleRight
-0.08836281 0.1525017 1.688189 20 SpineShoulder
-0.700797 0.2352906 1.469585 21 HandTipLeft
-0.6155575 0.2037155 1.419132 22 ThumbLeft
0.559508 0.264725 1.596811 23 HandTipRight
0.5027211 0.2322743 1.545563 24 ThumbRight
-0.06845479 -0.3631567 1.653066 0 SpineBase
-0.08061881 -0.06350797 1.675971 1 SpineMid
-0.09072126 0.2225071 1.689083 2 Neck
-0.2443684 0.1104067 1.666744 4 ShoulderLeft
-0.4293968 0.02858964 1.619618 5 ElbowLeft
-0.5554419 0.1207932 1.514156 6 WristLeft
-0.6338406 0.1895655 1.473744 7 HandLeft
0.09295762 0.110088 1.683818 8 ShoulderRight
0.2896803 0.06307956 1.728617 9 ElbowRight
0.4303642 0.1560349 1.646224 10 WristRight
0.4926632 0.2135856 1.611086 11 HandRight
-0.142797 -0.3592511 1.615913 12 HipLeft
-0.1388869 -0.6792472 1.627584 13 KneeLeft
-0.1105208 -0.9894013 1.703488 14 AnkleLeft
0.008780086 -0.3518423 1.620673 16 HipRight
0.04944894 -0.6020637 1.466681 17 KneeRight
0.0991222 -0.9639239 1.380343 18 AnkleRight
-0.08836281 0.1525017 1.688189 20 SpineShoulder
-0.700797 0.2352906 1.469585 21 HandTipLeft
-0.6155575 0.2037155 1.419132 22 ThumbLeft
0.559508 0.264725 1.596811 23 HandTipRight
0.5027211 0.2322743 1.545563 24 ThumbRight
-0.06845479 -0.3631567 1.653066 0 SpineBase
-0.08061881 -0.06350797 1.675971 1 SpineMid
-0.09072126 0.2225071 1.689083 2 Neck
-0.2443684 0.1104067 1.666744 4 ShoulderLeft
-0.4293968 0.02858964 1.619618 5 ElbowLeft
-0.5554419 0.1207932 1.514156 6 WristLeft
-0.6338406 0.1895655 1.473744 7 HandLeft
0.09295762 0.110088 1.683818 8 ShoulderRight
0.2896803 0.06307956 1.728617 9 ElbowRight
0.4303642 0.1560349 1.646224 10 WristRight
0.4926632 0.2135856 1.611086 11 HandRight
-0.142797 -0.3592511 1.615913 12 HipLeft
-0.1388869 -0.6792472 1.627584 13 KneeLeft
-0.1105208 -0.9894013 1.703488 14 AnkleLeft
0.008780086 -0.3518423 1.620673 16 HipRight
0.04944894 -0.6020637 1.466681 17 KneeRight
0.0991222 -0.9639239 1.380343 18 AnkleRight
-0.08836281 0.1525017 1.688189 20 SpineShoulder
-0.700797 0.2352906 1.469585 21 HandTipLeft
-0.6155575 0.2037155 1.419132 22 ThumbLeft
0.559508 0.264725 1.596811 23 HandTipRight
0.5027211 0.2322743 1.545563 24 ThumbRight
-0.06845479 -0.3631567 1.653066 0 SpineBase
-0.08061881 -0.06350797 1.675971 1 SpineMid
-0.09072126 0.2225071 1.689083 2 Neck
-0.2443684 0.1104067 1.666744 4 ShoulderLeft
-0.4293968 0.02858964 1.619618 5 ElbowLeft
-0.5554419 0.1207932 1.514156 6 WristLeft
-0.6338406 0.1895655 1.473744 7 HandLeft
0.09295762 0.110088 1.683818 8 ShoulderRight
0.2896803 0.06307956 1.728617 9 ElbowRight
0.4303642 0.1560349 1.646224 10 WristRight
0.4926632 0.2135856 1.611086 11 HandRight
-0.142797 -0.3592511 1.615913 12 HipLeft
-0.1388869 -0.6792472 1.627584 13 KneeLeft
-0.1105208 -0.9894013 1.703488 14 AnkleLeft
0.008780086 -0.3518423 1.620673 16 HipRight
0.04944894 -0.6020637 1.466681 17 KneeRight
0.0991222 -0.9639239 1.380343 18 AnkleRight
-0.08836281 0.1525017 1.688189 20 SpineShoulder
-0.700797 0.2352906 1.469585 21 HandTipLeft
-0.6155575 0.2037155 1.419132 22 ThumbLeft
0.559508 0.264725 1.596811 23 HandTipRight
0.5027211 0.2322743 1.545563 24 ThumbRight
-0.06845479 -0.3631567 1.653066 0 SpineBase
-0.08061881 -0.06350797 1.675971 1 SpineMid
-0.09072126 0.2225071 1.689083 2 Neck
-0.2443684 0.1104067 1.666744 4 ShoulderLeft
-0.4293968 0.02858964 1.619618 5 ElbowLeft
-0.5554419 0.1207932 1.514156 6 WristLeft
-0.6338406 0.1895655 1.473744 7 HandLeft
0.09295762 0.110088 1.683818 8 ShoulderRight
0.2896803 0.06307956 1.728617 9 ElbowRight
0.4303642 0.1560349 1.646224 10 WristRight
0.4926632 0.2135856 1.611086 11 HandRight
-0.142797 -0.3592511 1.615913 12 HipLeft
-0.1388869 -0.6792472 1.627584 13 KneeLeft
-0.1105208 -0.9894013 1.703488 14 AnkleLeft
0.008780086 -0.3518423 1.620673 16 HipRight
0.04944894 -0.6020637 1.466681 17 KneeRight
0.0991222 -0.9639239 1.380343 18 AnkleRight
-0.08836281 0.1525017 1.688189 20 SpineShoulder
-0.700797 0.2352906 1.469585 21 HandTipLeft
-0.6155575 0.2037155 1.419132 22 ThumbLeft
0.559508 0.264725 1.596811 23 HandTipRight
0.5027211 0.2322743 1.545563 24 ThumbRight
-0.06845479 -0.3631567 1.653066 0 SpineBase
-0.08061881 -0.06350797 1.675971 1 SpineMid
-0.09072126 0.2225071 1.689083 2 Neck
-0.2443684 0.1104067 1.666744 4 ShoulderLeft
-0.4293968 0.02858964 1.619618 5 ElbowLeft
-0.5554419 0.1207932 1.514156 6 WristLeft
-0.6338406 0.1895655 1.473744 7 HandLeft
0.09295762 0.110088 1.683818 8 ShoulderRight
0.2896803 0.06307956 1.728617 9 ElbowRight
0.4303642 0.1560349 1.646224 10 WristRight
0.4926632 0.2135856 1.611086 11 HandRight
-0.142797 -0.3592511 1.615913 12 HipLeft
-0.1388869 -0.6792472 1.627584 13 KneeLeft
-0.1105208 -0.9894013 1.703488 14 AnkleLeft
0.008780086 -0.3518423 1.620673 16 HipRight
0.04944894 -0.6020637 1.466681 17 KneeRight
0.0991222 -0.9639239 1.380343 18 AnkleRight
-0.08836281 0.1525017 1.688189 20 SpineShoulder
-0.700797 0.2352906 1.469585 21 HandTipLeft
-0.6155575 0.2037155 1.419132 22 ThumbLeft
0.559508 0.264725 1.596811 23 HandTipRight
0.5027211 0.2322743 1.545563 24 ThumbRight
-0.02545112 -0.3694935 1.552154 0 SpineBase
-0.02974889 -0.06628393 1.574599 1 SpineMid
-0.03359396 0.2249307 1.581607 2 Neck
-0.1872024 0.1093171 1.56629 4 ShoulderLeft
-0.3679021 0.002008455 1.547485 5 ElbowLeft
-0.5198799 0.02997918 1.439587 6 WristLeft
-0.5945801 0.06418182 1.393674 7 HandLeft
0.1454252 0.1024414 1.56938 8 ShoulderRight
0.3282144 0.006842996 1.614137 9 ElbowRight
0.490811 0.04905402 1.53165 10 WristRight
0.5422391 0.06700737 1.504228 11 HandRight
-0.1011252 -0.3639165 1.518518 12 HipLeft
-0.1109165 -0.6815596 1.562869 13 KneeLeft
-0.09905816 -0.9795588 1.660809 14 AnkleLeft
0.05137927 -0.3585246 1.516288 16 HipRight
0.08976249 -0.6175717 1.40808 17 KneeRight
0.1244867 -0.9895331 1.315298 18 AnkleRight
-0.03270016 0.153753 1.582262 20 SpineShoulder
-0.6635956 0.08684845 1.376398 21 HandTipLeft
-0.5830818 0.07923871 1.34503 22 ThumbLeft
0.6014353 0.0894924 1.452723 23 HandTipRight
0.568287 0.08780316 1.439 24 ThumbRight
0.01218142 -0.3661186 1.491207 0 SpineBase
0.01034933 -0.05912358 1.51641 1 SpineMid
0.008496656 0.2351164 1.525847 2 Neck
-0.1486448 0.112874 1.510716 4 ShoulderLeft
-0.3292219 -0.03253502 1.500732 5 ElbowLeft
-0.4877701 -0.03501943 1.398333 6 WristLeft
-0.5664829 -0.02801309 1.363178 7 HandLeft
0.1813891 0.1091495 1.505719 8 ShoulderRight
0.3471732 -0.02664324 1.554418 9 ElbowRight
0.5186009 -0.03115909 1.480259 10 WristRight
0.5323784 -0.03048694 1.47273 11 HandRight
-0.06348418 -0.3597143 1.458506 12 HipLeft
-0.07986594 -0.6735863 1.513937 13 KneeLeft
-0.08713792 -0.966764 1.628175 14 AnkleLeft
0.08729139 -0.3554856 1.454518 16 HipRight
0.1236712 -0.6256605 1.366177 17 KneeRight
0.07738609 -0.9943414 1.369116 18 AnkleRight
0.008964421 0.1632834 1.525897 20 SpineShoulder
-0.6453885 -0.01995004 1.360826 21 HandTipLeft
-0.5402266 -0.01198672 1.308167 22 ThumbLeft
0.5945436 -0.02592222 1.42256 23 HandTipRight
0.5569082 -0.01569097 1.4082 24 ThumbRight
0.01218142 -0.3661186 1.491207 0 SpineBase
0.01034933 -0.05912358 1.51641 1 SpineMid
0.008496656 0.2351164 1.525847 2 Neck
-0.1486448 0.112874 1.510716 4 ShoulderLeft
-0.3292219 -0.03253502 1.500732 5 ElbowLeft
-0.4877701 -0.03501943 1.398333 6 WristLeft
-0.5664829 -0.02801309 1.363178 7 HandLeft
0.1813891 0.1091495 1.505719 8 ShoulderRight
0.3471732 -0.02664324 1.554418 9 ElbowRight
0.5186009 -0.03115909 1.480259 10 WristRight
0.5323784 -0.03048694 1.47273 11 HandRight
-0.06348418 -0.3597143 1.458506 12 HipLeft
-0.07986594 -0.6735863 1.513937 13 KneeLeft
-0.08713792 -0.966764 1.628175 14 AnkleLeft
0.08729139 -0.3554856 1.454518 16 HipRight
0.1236712 -0.6256605 1.366177 17 KneeRight
0.07738609 -0.9943414 1.369116 18 AnkleRight
0.008964421 0.1632834 1.525897 20 SpineShoulder
-0.6453885 -0.01995004 1.360826 21 HandTipLeft
-0.5402266 -0.01198672 1.308167 22 ThumbLeft
0.5945436 -0.02592222 1.42256 23 HandTipRight
0.5569082 -0.01569097 1.4082 24 ThumbRight
0.01218142 -0.3661186 1.491207 0 SpineBase
0.01034933 -0.05912358 1.51641 1 SpineMid
0.008496656 0.2351164 1.525847 2 Neck
-0.1486448 0.112874 1.510716 4 ShoulderLeft
-0.3292219 -0.03253502 1.500732 5 ElbowLeft
-0.4877701 -0.03501943 1.398333 6 WristLeft
-0.5664829 -0.02801309 1.363178 7 HandLeft
0.1813891 0.1091495 1.505719 8 ShoulderRight
0.3471732 -0.02664324 1.554418 9 ElbowRight
0.5186009 -0.03115909 1.480259 10 WristRight
0.5323784 -0.03048694 1.47273 11 HandRight
-0.06348418 -0.3597143 1.458506 12 HipLeft
-0.07986594 -0.6735863 1.513937 13 KneeLeft
-0.08713792 -0.966764 1.628175 14 AnkleLeft
0.08729139 -0.3554856 1.454518 16 HipRight
0.1236712 -0.6256605 1.366177 17 KneeRight
0.07738609 -0.9943414 1.369116 18 AnkleRight
0.008964421 0.1632834 1.525897 20 SpineShoulder
-0.6453885 -0.01995004 1.360826 21 HandTipLeft
-0.5402266 -0.01198672 1.308167 22 ThumbLeft
0.5945436 -0.02592222 1.42256 23 HandTipRight
0.5569082 -0.01569097 1.4082 24 ThumbRight
0.1013278 -0.3453255 1.362401 0 SpineBase
0.1028207 -0.03562127 1.393462 1 SpineMid
0.1031503 0.2595927 1.408236 2 Neck
-0.05249717 0.1444306 1.387751 4 ShoulderLeft
-0.1798359 -0.06751667 1.400642 5 ElbowLeft
-0.3050467 -0.1903475 1.329774 6 WristLeft
-0.3653542 -0.2356178 1.302567 7 HandLeft
0.2578078 0.125797 1.364492 8 ShoulderRight
0.3581664 -0.08116855 1.451661 9 ElbowRight
0.4885799 -0.199602 1.387284 10 WristRight
0.5440376 -0.2485706 1.354328 11 HandRight
0.02225735 -0.335618 1.332321 12 HipLeft
-0.006958963 -0.6214046 1.310397 13 KneeLeft
-0.04223285 -0.9820586 1.321051 14 AnkleLeft
0.1752456 -0.3375081 1.323341 16 HipRight
0.1903608 -0.6050169 1.283706 17 KneeRight
0.2169944 -0.9869686 1.27154 18 AnkleRight
0.103239 0.1877317 1.406932 20 SpineShoulder
-0.4499596 -0.2795471 1.310639 21 HandTipLeft
-0.3839212 -0.2737534 1.242889 22 ThumbLeft
0.6050661 -0.2979625 1.357055 23 HandTipRight
0.5428801 -0.2452814 1.302333 24 ThumbRight
0.1013278 -0.3453255 1.362401 0 SpineBase
0.1028207 -0.03562127 1.393462 1 SpineMid
0.1031503 0.2595927 1.408236 2 Neck
-0.05249717 0.1444306 1.387751 4 ShoulderLeft
-0.1798359 -0.06751667 1.400642 5 ElbowLeft
-0.3050467 -0.1903475 1.329774 6 WristLeft
-0.3653542 -0.2356178 1.302567 7 HandLeft
0.2578078 0.125797 1.364492 8 ShoulderRight
0.3581664 -0.08116855 1.451661 9 ElbowRight
0.4885799 -0.199602 1.387284 10 WristRight
0.5440376 -0.2485706 1.354328 11 HandRight
0.02225735 -0.335618 1.332321 12 HipLeft
-0.006958963 -0.6214046 1.310397 13 KneeLeft
-0.04223285 -0.9820586 1.321051 14 AnkleLeft
0.1752456 -0.3375081 1.323341 16 HipRight
0.1903608 -0.6050169 1.283706 17 KneeRight
0.2169944 -0.9869686 1.27154 18 AnkleRight
0.103239 0.1877317 1.406932 20 SpineShoulder
-0.4499596 -0.2795471 1.310639 21 HandTipLeft
-0.3839212 -0.2737534 1.242889 22 ThumbLeft
0.6050661 -0.2979625 1.357055 23 HandTipRight
0.5428801 -0.2452814 1.302333 24 ThumbRight
0.1013278 -0.3453255 1.362401 0 SpineBase
0.1028207 -0.03562127 1.393462 1 SpineMid
0.1031503 0.2595927 1.408236 2 Neck
-0.05249717 0.1444306 1.387751 4 ShoulderLeft
-0.1798359 -0.06751667 1.400642 5 ElbowLeft
-0.3050467 -0.1903475 1.329774 6 WristLeft
-0.3653542 -0.2356178 1.302567 7 HandLeft
0.2578078 0.125797 1.364492 8 ShoulderRight
0.3581664 -0.08116855 1.451661 9 ElbowRight
0.4885799 -0.199602 1.387284 10 WristRight
0.5440376 -0.2485706 1.354328 11 HandRight
0.02225735 -0.335618 1.332321 12 HipLeft
-0.006958963 -0.6214046 1.310397 13 KneeLeft
-0.04223285 -0.9820586 1.321051 14 AnkleLeft
0.1752456 -0.3375081 1.323341 16 HipRight
0.1903608 -0.6050169 1.283706 17 KneeRight
0.2169944 -0.9869686 1.27154 18 AnkleRight
0.103239 0.1877317 1.406932 20 SpineShoulder
-0.4499596 -0.2795471 1.310639 21 HandTipLeft
-0.3839212 -0.2737534 1.242889 22 ThumbLeft
0.6050661 -0.2979625 1.357055 23 HandTipRight
0.5428801 -0.2452814 1.302333 24 ThumbRight
0.1515783 -0.3339656 1.277302 0 SpineBase
0.1538397 -0.02221083 1.304003 1 SpineMid
0.1541766 0.2739216 1.314008 2 Neck
0.0008551716 0.1549758 1.299813 4 ShoulderLeft
-0.08983492 -0.08099561 1.310975 5 ElbowLeft
-0.1339975 -0.2679951 1.246998 6 WristLeft
-0.1521554 -0.3219511 1.223291 7 HandLeft
0.306298 0.1305262 1.27603 8 ShoulderRight
0.3643025 -0.1006403 1.35253 9 ElbowRight
0.4091044 -0.2766361 1.299969 10 WristRight
0.4235847 -0.3291891 1.279347 11 HandRight
0.06974398 -0.319474 1.247159 12 HipLeft
0.06587993 -0.5775292 1.119563 13 KneeLeft
0.06274303 -0.9471745 0.9820033 14 AnkleLeft
0.2251985 -0.3304712 1.238671 16 HipRight
0.1889045 -0.5992184 1.210493 17 KneeRight
0.1461973 -0.9845608 1.214132 18 AnkleRight
0.154366 0.2019988 1.313878 20 SpineShoulder
-0.2030934 -0.3955743 1.20406 21 HandTipLeft
-0.1121606 -0.3381339 1.20575 22 ThumbLeft
0.4552332 -0.4069744 1.263679 23 HandTipRight
0.4063493 -0.3762822 1.228 24 ThumbRight
0.1515783 -0.3339656 1.277302 0 SpineBase
0.1538397 -0.02221083 1.304003 1 SpineMid
0.1541766 0.2739216 1.314008 2 Neck
0.0008551716 0.1549758 1.299813 4 ShoulderLeft
-0.08983492 -0.08099561 1.310975 5 ElbowLeft
-0.1339975 -0.2679951 1.246998 6 WristLeft
-0.1521554 -0.3219511 1.223291 7 HandLeft
0.306298 0.1305262 1.27603 8 ShoulderRight
0.3643025 -0.1006403 1.35253 9 ElbowRight
0.4091044 -0.2766361 1.299969 10 WristRight
0.4235847 -0.3291891 1.279347 11 HandRight
0.06974398 -0.319474 1.247159 12 HipLeft
0.06587993 -0.5775292 1.119563 13 KneeLeft
0.06274303 -0.9471745 0.9820033 14 AnkleLeft
0.2251985 -0.3304712 1.238671 16 HipRight
0.1889045 -0.5992184 1.210493 17 KneeRight
0.1461973 -0.9845608 1.214132 18 AnkleRight
0.154366 0.2019988 1.313878 20 SpineShoulder
-0.2030934 -0.3955743 1.20406 21 HandTipLeft
-0.1121606 -0.3381339 1.20575 22 ThumbLeft
0.4552332 -0.4069744 1.263679 23 HandTipRight
0.4063493 -0.3762822 1.228 24 ThumbRight
0.1515783 -0.3339656 1.277302 0 SpineBase
0.1538397 -0.02221083 1.304003 1 SpineMid
0.1541766 0.2739216 1.314008 2 Neck
0.0008551716 0.1549758 1.299813 4 ShoulderLeft
-0.08983492 -0.08099561 1.310975 5 ElbowLeft
-0.1339975 -0.2679951 1.246998 6 WristLeft
-0.1521554 -0.3219511 1.223291 7 HandLeft
0.306298 0.1305262 1.27603 8 ShoulderRight
0.3643025 -0.1006403 1.35253 9 ElbowRight
0.4091044 -0.2766361 1.299969 10 WristRight
0.4235847 -0.3291891 1.279347 11 HandRight
0.06974398 -0.319474 1.247159 12 HipLeft
0.06587993 -0.5775292 1.119563 13 KneeLeft
0.06274303 -0.9471745 0.9820033 14 AnkleLeft
0.2251985 -0.3304712 1.238671 16 HipRight
0.1889045 -0.5992184 1.210493 17 KneeRight
0.1461973 -0.9845608 1.214132 18 AnkleRight
0.154366 0.2019988 1.313878 20 SpineShoulder
-0.2030934 -0.3955743 1.20406 21 HandTipLeft
-0.1121606 -0.3381339 1.20575 22 ThumbLeft
0.4552332 -0.4069744 1.263679 23 HandTipRight
0.4063493 -0.3762822 1.228 24 ThumbRight
0.1515783 -0.3339656 1.277302 0 SpineBase
0.1538397 -0.02221083 1.304003 1 SpineMid
0.1541766 0.2739216 1.314008 2 Neck
0.0008551716 0.1549758 1.299813 4 ShoulderLeft
-0.08983492 -0.08099561 1.310975 5 ElbowLeft
-0.1339975 -0.2679951 1.246998 6 WristLeft
-0.1521554 -0.3219511 1.223291 7 HandLeft
0.306298 0.1305262 1.27603 8 ShoulderRight
0.3643025 -0.1006403 1.35253 9 ElbowRight
0.4091044 -0.2766361 1.299969 10 WristRight
0.4235847 -0.3291891 1.279347 11 HandRight
0.06974398 -0.319474 1.247159 12 HipLeft
0.06587993 -0.5775292 1.119563 13 KneeLeft
0.06274303 -0.9471745 0.9820033 14 AnkleLeft
0.2251985 -0.3304712 1.238671 16 HipRight
0.1889045 -0.5992184 1.210493 17 KneeRight
0.1461973 -0.9845608 1.214132 18 AnkleRight
0.154366 0.2019988 1.313878 20 SpineShoulder
-0.2030934 -0.3955743 1.20406 21 HandTipLeft
-0.1121606 -0.3381339 1.20575 22 ThumbLeft
0.4552332 -0.4069744 1.263679 23 HandTipRight
0.4063493 -0.3762822 1.228 24 ThumbRight
0.1515783 -0.3339656 1.277302 0 SpineBase
0.1538397 -0.02221083 1.304003 1 SpineMid
0.1541766 0.2739216 1.314008 2 Neck
0.0008551716 0.1549758 1.299813 4 ShoulderLeft
-0.08983492 -0.08099561 1.310975 5 ElbowLeft
-0.1339975 -0.2679951 1.246998 6 WristLeft
-0.1521554 -0.3219511 1.223291 7 HandLeft
0.306298 0.1305262 1.27603 8 ShoulderRight
0.3643025 -0.1006403 1.35253 9 ElbowRight
0.4091044 -0.2766361 1.299969 10 WristRight
0.4235847 -0.3291891 1.279347 11 HandRight
0.06974398 -0.319474 1.247159 12 HipLeft
0.06587993 -0.5775292 1.119563 13 KneeLeft
0.06274303 -0.9471745 0.9820033 14 AnkleLeft
0.2251985 -0.3304712 1.238671 16 HipRight
0.1889045 -0.5992184 1.210493 17 KneeRight
0.1461973 -0.9845608 1.214132 18 AnkleRight
0.154366 0.2019988 1.313878 20 SpineShoulder
-0.2030934 -0.3955743 1.20406 21 HandTipLeft
-0.1121606 -0.3381339 1.20575 22 ThumbLeft
0.4552332 -0.4069744 1.263679 23 HandTipRight
0.4063493 -0.3762822 1.228 24 ThumbRight
0.1800699 -0.3256335 1.143223 0 SpineBase
0.1895069 -0.01419746 1.166687 1 SpineMid
0.1957812 0.2798339 1.172637 2 Neck
0.04581092 0.1607535 1.153132 4 ShoulderLeft
-0.04960646 -0.08252104 1.145859 5 ElbowLeft
-0.0936735 -0.2634333 1.041759 6 WristLeft
-0.08876228 -0.3110319 1.000656 7 HandLeft
0.3461257 0.1278189 1.138437 8 ShoulderRight
0.3995461 -0.09304754 1.208677 9 ElbowRight
0.4143336 -0.2635311 1.112853 10 WristRight
0.4099017 -0.3154455 1.083896 11 HandRight
0.0944123 -0.3097201 1.111541 12 HipLeft
0.1036881 -0.6027128 0.9295729 13 KneeLeft
0.2548795 -0.3221451 1.106827 16 HipRight
0.2585816 -0.5876409 1.121923 17 KneeRight
0.2738318 -0.967146 1.186794 18 AnkleRight
0.1946377 0.2086946 1.1735 20 SpineShoulder
-0.09331179 -0.382054 0.966266 21 HandTipLeft
-0.06082152 -0.3050536 0.9742885 22 ThumbLeft
0.4045245 -0.3883156 1.056234 23 HandTipRight
0.3752328 -0.3102661 1.061583 24 ThumbRight
0.1800699 -0.3256335 1.143223 0 SpineBase
0.1895069 -0.01419746 1.166687 1 SpineMid
0.1957812 0.2798339 1.172637 2 Neck
0.04581092 0.1607535 1.153132 4 ShoulderLeft
-0.04960646 -0.08252104 1.145859 5 ElbowLeft
-0.0936735 -0.2634333 1.041759 6 WristLeft
-0.08876228 -0.3110319 1.000656 7 HandLeft
0.3461257 0.1278189 1.138437 8 ShoulderRight
0.3995461 -0.09304754 1.208677 9 ElbowRight
0.4143336 -0.2635311 1.112853 10 WristRight
0.4099017 -0.3154455 1.083896 11 HandRight
0.0944123 -0.3097201 1.111541 12 HipLeft
0.1036881 -0.6027128 0.9295729 13 KneeLeft
0.2548795 -0.3221451 1.106827 16 HipRight
0.2585816 -0.5876409 1.121923 17 KneeRight
0.2738318 -0.967146 1.186794 18 AnkleRight
0.1946377 0.2086946 1.1735 20 SpineShoulder
-0.09331179 -0.382054 0.966266 21 HandTipLeft
-0.06082152 -0.3050536 0.9742885 22 ThumbLeft
0.4045245 -0.3883156 1.056234 23 HandTipRight
0.3752328 -0.3102661 1.061583 24 ThumbRight
0.1800699 -0.3256335 1.143223 0 SpineBase
0.1895069 -0.01419746 1.166687 1 SpineMid
0.1957812 0.2798339 1.172637 2 Neck
0.04581092 0.1607535 1.153132 4 ShoulderLeft
-0.04960646 -0.08252104 1.145859 5 ElbowLeft
-0.0936735 -0.2634333 1.041759 6 WristLeft
-0.08876228 -0.3110319 1.000656 7 HandLeft
0.3461257 0.1278189 1.138437 8 ShoulderRight
0.3995461 -0.09304754 1.208677 9 ElbowRight
0.4143336 -0.2635311 1.112853 10 WristRight
0.4099017 -0.3154455 1.083896 11 HandRight
0.0944123 -0.3097201 1.111541 12 HipLeft
0.1036881 -0.6027128 0.9295729 13 KneeLeft
0.2548795 -0.3221451 1.106827 16 HipRight
0.2585816 -0.5876409 1.121923 17 KneeRight
0.2738318 -0.967146 1.186794 18 AnkleRight
0.1946377 0.2086946 1.1735 20 SpineShoulder
-0.09331179 -0.382054 0.966266 21 HandTipLeft
-0.06082152 -0.3050536 0.9742885 22 ThumbLeft
0.4045245 -0.3883156 1.056234 23 HandTipRight
0.3752328 -0.3102661 1.061583 24 ThumbRight
0.2083579 -0.3280162 0.9830137 0 SpineBase
0.2095861 -0.008725391 1.025894 1 SpineMid
0.2073436 0.2895083 1.049339 2 Neck
0.05720231 0.1602565 1.009899 4 ShoulderLeft
-0.05933358 -0.07461791 0.9711087 5 ElbowLeft
-0.1078944 -0.2755284 0.8601496 6 WristLeft
-0.1205509 -0.312008 0.8269206 7 HandLeft
0.3551755 0.1319077 1.001882 8 ShoulderRight
0.4375891 -0.1012059 1.065181 9 ElbowRight
0.4894861 -0.2698902 0.9880907 10 WristRight
0.5090096 -0.3379311 0.9562456 11 HandRight
0.1214518 -0.3158866 0.9533883 12 HipLeft
0.1348676 -0.6114691 0.7717077 13 KneeLeft
0.2809474 -0.3178866 0.9459468 16 HipRight
0.2784884 -0.6355349 0.9629952 17 KneeRight
0.2083175 0.2177326 1.045824 20 SpineShoulder
-0.1232705 -0.3839344 0.8043868 21 HandTipLeft
-0.07842188 -0.2948737 0.8598 22 ThumbLeft
0.5165684 -0.4090044 0.9487035 23 HandTipRight
0.4885141 -0.3240529 0.9810001 24 ThumbRight
0.2083579 -0.3280162 0.9830137 0 SpineBase
0.2095861 -0.008725391 1.025894 1 SpineMid
0.2073436 0.2895083 1.049339 2 Neck
0.05720231 0.1602565 1.009899 4 ShoulderLeft
-0.05933358 -0.07461791 0.9711087 5 ElbowLeft
-0.1078944 -0.2755284 0.8601496 6 WristLeft
-0.1205509 -0.312008 0.8269206 7 HandLeft
0.3551755 0.1319077 1.001882 8 ShoulderRight
0.4375891 -0.1012059 1.065181 9 ElbowRight
0.4894861 -0.2698902 0.9880907 10 WristRight
0.5090096 -0.3379311 0.9562456 11 HandRight
0.1214518 -0.3158866 0.9533883 12 HipLeft
0.1348676 -0.6114691 0.7717077 13 KneeLeft
0.2809474 -0.3178866 0.9459468 16 HipRight
0.2784884 -0.6355349 0.9629952 17 KneeRight
0.2083175 0.2177326 1.045824 20 SpineShoulder
-0.1232705 -0.3839344 0.8043868 21 HandTipLeft
-0.07842188 -0.2948737 0.8598 22 ThumbLeft
0.5165684 -0.4090044 0.9487035 23 HandTipRight
0.4885141 -0.3240529 0.9810001 24 ThumbRight
0.191254 -0.313024 0.8489205 0 SpineBase
0.2026006 0.01890165 0.8952217 1 SpineMid
0.2090185 0.3244776 0.9200442 2 Neck
0.05988798 0.1822875 0.8825461 4 ShoulderLeft
-0.03848165 -0.06125588 0.8117848 5 ElbowLeft
-0.06869419 -0.241501 0.6866898 6 WristLeft
-0.07197616 -0.2776053 0.6586259 7 HandLeft
0.344646 0.1499585 0.857866 8 ShoulderRight
0.4469897 -0.05966176 0.9444867 9 ElbowRight
0.5168653 -0.2280241 0.8809473 10 WristRight
0.552917 -0.292259 0.8525084 11 HandRight
0.1053884 -0.3010273 0.822844 12 HipLeft
0.1137215 -0.6078798 0.6628746 13 KneeLeft
0.2620532 -0.3006604 0.8089471 16 HipRight
0.258761 -0.6226069 0.8073065 17 KneeRight
0.2079256 0.251478 0.9160602 20 SpineShoulder
-0.06759373 -0.3523809 0.6328512 21 HandTipLeft
-0.07293668 -0.3040176 0.6752 22 ThumbLeft
0.5821639 -0.3502926 0.8458876 23 HandTipRight
0.530955 -0.2951661 0.86505 24 ThumbRight
0.1895766 -0.3137724 0.8416474 0 SpineBase
0.2020841 0.01999248 0.885883 1 SpineMid
0.2097513 0.3274304 0.9077518 2 Neck
0.05977643 0.18247 0.8733541 4 ShoulderLeft
-0.03532711 -0.06242472 0.79527 5 ElbowLeft
-0.05647919 -0.2332729 0.6669156 6 WristLeft
-0.05299172 -0.2662129 0.6285431 7 HandLeft
0.3439339 0.1507809 0.8472458 8 ShoulderRight
0.4489769 -0.05645305 0.9333654 9 ElbowRight
0.5186133 -0.2238947 0.8626178 10 WristRight
0.5540916 -0.279732 0.8279493 11 HandRight
0.1035897 -0.3016361 0.817372 12 HipLeft
0.1131838 -0.6094626 0.6568641 13 KneeLeft
0.2605913 -0.3012534 0.7995585 16 HipRight
0.2565925 -0.624023 0.7994187 17 KneeRight
0.2083335 0.2539912 0.9045594 20 SpineShoulder
-0.04627189 -0.3381387 0.5955179 21 HandTipLeft
-0.04066186 -0.2876844 0.6302308 22 ThumbLeft
0.5863575 -0.3366933 0.815056 23 HandTipRight
0.5349122 -0.2804174 0.8504706 24 ThumbRight
0.1895766 -0.3137724 0.8416474 0 SpineBase
0.2020841 0.01999248 0.885883 1 SpineMid
0.2097513 0.3274304 0.9077518 2 Neck
0.05977643 0.18247 0.8733541 4 ShoulderLeft
-0.03532711 -0.06242472 0.79527 5 ElbowLeft
-0.05647919 -0.2332729 0.6669156 6 WristLeft
-0.05299172 -0.2662129 0.6285431 7 HandLeft
0.3439339 0.1507809 0.8472458 8 ShoulderRight
0.4489769 -0.05645305 0.9333654 9 ElbowRight
0.5186133 -0.2238947 0.8626178 10 WristRight
0.5540916 -0.279732 0.8279493 11 HandRight
0.1035897 -0.3016361 0.817372 12 HipLeft
0.1131838 -0.6094626 0.6568641 13 KneeLeft
0.2605913 -0.3012534 0.7995585 16 HipRight
0.2565925 -0.624023 0.7994187 17 KneeRight
0.2083335 0.2539912 0.9045594 20 SpineShoulder
-0.04627189 -0.3381387 0.5955179 21 HandTipLeft
-0.04066186 -0.2876844 0.6302308 22 ThumbLeft
0.5863575 -0.3366933 0.815056 23 HandTipRight
0.5349122 -0.2804174 0.8504706 24 ThumbRight
0.1895766 -0.3137724 0.8416474 0 SpineBase
0.2020841 0.01999248 0.885883 1 SpineMid
0.2097513 0.3274304 0.9077518 2 Neck
0.05977643 0.18247 0.8733541 4 ShoulderLeft
-0.03532711 -0.06242472 0.79527 5 ElbowLeft
-0.05647919 -0.2332729 0.6669156 6 WristLeft
-0.05299172 -0.2662129 0.6285431 7 HandLeft
0.3439339 0.1507809 0.8472458 8 ShoulderRight
0.4489769 -0.05645305 0.9333654 9 ElbowRight
0.5186133 -0.2238947 0.8626178 10 WristRight
0.5540916 -0.279732 0.8279493 11 HandRight
0.1035897 -0.3016361 0.817372 12 HipLeft
0.1131838 -0.6094626 0.6568641 13 KneeLeft
0.2605913 -0.3012534 0.7995585 16 HipRight
0.2565925 -0.624023 0.7994187 17 KneeRight
0.2083335 0.2539912 0.9045594 20 SpineShoulder
-0.04627189 -0.3381387 0.5955179 21 HandTipLeft
-0.04066186 -0.2876844 0.6302308 22 ThumbLeft
0.5863575 -0.3366933 0.815056 23 HandTipRight
0.5349122 -0.2804174 0.8504706 24 ThumbRight
0.1895766 -0.3137724 0.8416474 0 SpineBase
0.2020841 0.01999248 0.885883 1 SpineMid
0.2097513 0.3274304 0.9077518 2 Neck
0.05977643 0.18247 0.8733541 4 ShoulderLeft
-0.03532711 -0.06242472 0.79527 5 ElbowLeft
-0.05647919 -0.2332729 0.6669156 6 WristLeft
-0.05299172 -0.2662129 0.6285431 7 HandLeft
0.3439339 0.1507809 0.8472458 8 ShoulderRight
0.4489769 -0.05645305 0.9333654 9 ElbowRight
0.5186133 -0.2238947 0.8626178 10 WristRight
0.5540916 -0.279732 0.8279493 11 HandRight
0.1035897 -0.3016361 0.817372 12 HipLeft
0.1131838 -0.6094626 0.6568641 13 KneeLeft
0.2605913 -0.3012534 0.7995585 16 HipRight
0.2565925 -0.624023 0.7994187 17 KneeRight
0.2083335 0.2539912 0.9045594 20 SpineShoulder
-0.04627189 -0.3381387 0.5955179 21 HandTipLeft
-0.04066186 -0.2876844 0.6302308 22 ThumbLeft
0.5863575 -0.3366933 0.815056 23 HandTipRight
0.5349122 -0.2804174 0.8504706 24 ThumbRight
0.1895766 -0.3137724 0.8416474 0 SpineBase
0.2020841 0.01999248 0.885883 1 SpineMid
0.2097513 0.3274304 0.9077518 2 Neck
0.05977643 0.18247 0.8733541 4 ShoulderLeft
-0.03532711 -0.06242472 0.79527 5 ElbowLeft
-0.05647919 -0.2332729 0.6669156 6 WristLeft
-0.05299172 -0.2662129 0.6285431 7 HandLeft
0.3439339 0.1507809 0.8472458 8 ShoulderRight
0.4489769 -0.05645305 0.9333654 9 ElbowRight
0.5186133 -0.2238947 0.8626178 10 WristRight
0.5540916 -0.279732 0.8279493 11 HandRight
0.1035897 -0.3016361 0.817372 12 HipLeft
0.1131838 -0.6094626 0.6568641 13 KneeLeft
0.2605913 -0.3012534 0.7995585 16 HipRight
0.2565925 -0.624023 0.7994187 17 KneeRight
0.2083335 0.2539912 0.9045594 20 SpineShoulder
-0.04627189 -0.3381387 0.5955179 21 HandTipLeft
-0.04066186 -0.2876844 0.6302308 22 ThumbLeft
0.5863575 -0.3366933 0.815056 23 HandTipRight
0.5349122 -0.2804174 0.8504706 24 ThumbRight
0.1638124 -0.2986145 0.7429298 0 SpineBase
0.1982632 0.03937668 0.7675321 1 SpineMid
0.07454316 0.2025274 0.7583672 4 ShoulderLeft
0.014947 0.01278322 0.7065429 5 ElbowLeft
0.05830093 -0.1320575 0.573143 6 WristLeft
0.07032497 -0.15389 0.5580406 7 HandLeft
0.3202165 0.1591941 0.7093867 8 ShoulderRight
0.4689605 -0.03501978 0.7805858 9 ElbowRight
0.5322735 -0.2029227 0.7035918 10 WristRight
0.07979584 -0.2808335 0.720183 12 HipLeft
0.03882384 -0.6002751 0.6086357 13 KneeLeft
0.2332698 -0.2901975 0.7005524 16 HipRight
0.2850525 -0.6090913 0.6433393 17 KneeRight
0.2185872 0.2738282 0.7705318 20 SpineShoulder
0.1638124 -0.2986145 0.7429298 0 SpineBase
0.1982632 0.03937668 0.7675321 1 SpineMid
0.07454316 0.2025274 0.7583672 4 ShoulderLeft
0.014947 0.01278322 0.7065429 5 ElbowLeft
0.05830093 -0.1320575 0.573143 6 WristLeft
0.07032497 -0.15389 0.5580406 7 HandLeft
0.3202165 0.1591941 0.7093867 8 ShoulderRight
0.4689605 -0.03501978 0.7805858 9 ElbowRight
0.5322735 -0.2029227 0.7035918 10 WristRight
0.07979584 -0.2808335 0.720183 12 HipLeft
0.03882384 -0.6002751 0.6086357 13 KneeLeft
0.2332698 -0.2901975 0.7005524 16 HipRight
0.2850525 -0.6090913 0.6433393 17 KneeRight
0.2185872 0.2738282 0.7705318 20 SpineShoulder
0.1638124 -0.2986145 0.7429298 0 SpineBase
0.1982632 0.03937668 0.7675321 1 SpineMid
0.07454316 0.2025274 0.7583672 4 ShoulderLeft
0.014947 0.01278322 0.7065429 5 ElbowLeft
0.05830093 -0.1320575 0.573143 6 WristLeft
0.07032497 -0.15389 0.5580406 7 HandLeft
0.3202165 0.1591941 0.7093867 8 ShoulderRight
0.4689605 -0.03501978 0.7805858 9 ElbowRight
0.5322735 -0.2029227 0.7035918 10 WristRight
0.07979584 -0.2808335 0.720183 12 HipLeft
0.03882384 -0.6002751 0.6086357 13 KneeLeft
0.2332698 -0.2901975 0.7005524 16 HipRight
0.2850525 -0.6090913 0.6433393 17 KneeRight
0.2185872 0.2738282 0.7705318 20 SpineShoulder
0.1638124 -0.2986145 0.7429298 0 SpineBase
0.1982632 0.03937668 0.7675321 1 SpineMid
0.07454316 0.2025274 0.7583672 4 ShoulderLeft
0.014947 0.01278322 0.7065429 5 ElbowLeft
0.05830093 -0.1320575 0.573143 6 WristLeft
0.07032497 -0.15389 0.5580406 7 HandLeft
0.3202165 0.1591941 0.7093867 8 ShoulderRight
0.4689605 -0.03501978 0.7805858 9 ElbowRight
0.5322735 -0.2029227 0.7035918 10 WristRight
0.07979584 -0.2808335 0.720183 12 HipLeft
0.03882384 -0.6002751 0.6086357 13 KneeLeft
0.2332698 -0.2901975 0.7005524 16 HipRight
0.2850525 -0.6090913 0.6433393 17 KneeRight
0.2185872 0.2738282 0.7705318 20 SpineShoulder
0.178014 -0.306546 0.6423286 0 SpineBase
0.204183 0.001393582 0.6666032 1 SpineMid
0.0904981 0.1469853 0.677055 4 ShoulderLeft
0.04494857 -0.0436983 0.6146965 5 ElbowLeft
0.1156131 -0.2686804 0.5713229 7 HandLeft
0.3601023 0.1783439 0.613566 8 ShoulderRight
0.4711336 -0.0004210459 0.6881098 9 ElbowRight
0.5336028 -0.1681802 0.6117144 10 WristRight
0.1026662 -0.2911036 0.6278211 12 HipLeft
0.03625882 -0.6033649 0.5155919 13 KneeLeft
0.2359729 -0.29212 0.5942624 16 HipRight
0.2638116 -0.6109739 0.5406585 17 KneeRight
0.217602 0.2143225 0.6681163 20 SpineShoulder
0.1166405 -0.3197248 0.5441815 21 HandTipLeft
0.1509658 -0.2576472 0.5419375 22 ThumbLeft
0.1005573 -0.310475 0.6135334 0 SpineBase
0.1195669 0.008469515 0.6422898 1 SpineMid
0.007204177 0.1566413 0.6530024 4 ShoulderLeft
0.2786243 0.1885666 0.5910533 8 ShoulderRight
0.1507944 0.2056732 0.5540008 11 HandRight
0.02686549 -0.2901855 0.6114631 12 HipLeft
-0.04881529 -0.5959209 0.4884304 13 KneeLeft
0.1609163 -0.2963952 0.5538568 16 HipRight
0.1821379 -0.6133476 0.5196733 17 KneeRight
0.1340021 0.2242278 0.6444056 20 SpineShoulder
0.1226422 -0.2748833 0.5224458 21 HandTipLeft
0.1258088 -0.16997 0.5039 22 ThumbLeft
0.1005573 -0.310475 0.6135334 0 SpineBase
0.1195669 0.008469515 0.6422898 1 SpineMid
0.007204177 0.1566413 0.6530024 4 ShoulderLeft
0.2786243 0.1885666 0.5910533 8 ShoulderRight
0.1507944 0.2056732 0.5540008 11 HandRight
0.02686549 -0.2901855 0.6114631 12 HipLeft
-0.04881529 -0.5959209 0.4884304 13 KneeLeft
0.1609163 -0.2963952 0.5538568 16 HipRight
0.1821379 -0.6133476 0.5196733 17 KneeRight
0.1340021 0.2242278 0.6444056 20 SpineShoulder
0.1226422 -0.2748833 0.5224458 21 HandTipLeft
0.1258088 -0.16997 0.5039 22 ThumbLeft
0.1005573 -0.310475 0.6135334 0 SpineBase
0.1195669 0.008469515 0.6422898 1 SpineMid
0.007204177 0.1566413 0.6530024 4 ShoulderLeft
0.2786243 0.1885666 0.5910533 8 ShoulderRight
0.1507944 0.2056732 0.5540008 11 HandRight
0.02686549 -0.2901855 0.6114631 12 HipLeft
-0.04881529 -0.5959209 0.4884304 13 KneeLeft
0.1609163 -0.2963952 0.5538568 16 HipRight
0.1821379 -0.6133476 0.5196733 17 KneeRight
0.1340021 0.2242278 0.6444056 20 SpineShoulder
0.1226422 -0.2748833 0.5224458 21 HandTipLeft
0.1258088 -0.16997 0.5039 22 ThumbLeft
0.1005573 -0.310475 0.6135334 0 SpineBase
0.1195669 0.008469515 0.6422898 1 SpineMid
0.007204177 0.1566413 0.6530024 4 ShoulderLeft
0.2786243 0.1885666 0.5910533 8 ShoulderRight
0.1507944 0.2056732 0.5540008 11 HandRight
0.02686549 -0.2901855 0.6114631 12 HipLeft
-0.04881529 -0.5959209 0.4884304 13 KneeLeft
0.1609163 -0.2963952 0.5538568 16 HipRight
0.1821379 -0.6133476 0.5196733 17 KneeRight
0.1340021 0.2242278 0.6444056 20 SpineShoulder
0.1226422 -0.2748833 0.5224458 21 HandTipLeft
0.1258088 -0.16997 0.5039 22 ThumbLeft
