X              Y         Z      JointType 
-0.1134968 -0.4590201 1.812249 0 SpineBase
-0.1111412 -0.1566683 1.857654 1 SpineMid
-0.1095374 0.1352428 1.888098 2 Neck
-0.268538 0.01477445 1.869962 4 ShoulderLeft
-0.3296058 -0.2012861 1.851096 5 ElbowLeft
-0.3542743 -0.3751914 1.754313 6 WristLeft
-0.359974 -0.4239339 1.711028 7 HandLeft
0.06509468 0.0124858 1.888859 8 ShoulderRight
0.0944851 -0.2199746 1.857026 9 ElbowRight
0.1162848 -0.3919066 1.755276 10 WristRight
0.1140595 -0.4349567 1.719287 11 HandRight
-0.1867253 -0.4471388 1.772107 12 HipLeft
-0.2014273 -0.7832591 1.757087 13 KneeLeft
-0.1924902 -1.130179 1.84837 14 AnkleLeft
-0.03594394 -0.453311 1.782942 16 HipRight
-0.03563228 -0.7915719 1.76814 17 KneeRight
-0.03587067 -1.140622 1.845533 18 AnkleRight
-0.1099963 0.06358305 1.882802 20 SpineShoulder
-0.3685975 -0.473504 1.683151 21 HandTipLeft
-0.34528 -0.4143586 1.674609 22 ThumbLeft
0.1173095 -0.5053535 1.706422 23 HandTipRight
0.112172 -0.4288513 1.675091 24 ThumbRight
-0.1133846 -0.4592464 1.812889 0 SpineBase
-0.1112082 -0.1568291 1.858412 1 SpineMid
-0.1096061 0.1352584 1.888993 2 Neck
-0.2690874 0.01511473 1.871118 4 ShoulderLeft
-0.3294038 -0.2009589 1.850967 5 ElbowLeft
-0.3540115 -0.3732742 1.751218 6 WristLeft
-0.3555462 -0.4192213 1.700452 7 HandLeft
0.06518138 0.01237512 1.88926 8 ShoulderRight
0.09464294 -0.2199718 1.856896 9 ElbowRight
0.1163014 -0.3904995 1.752696 10 WristRight
0.1135085 -0.4336144 1.718873 11 HandRight
-0.1866415 -0.4473235 1.772569 12 HipLeft
-0.2013622 -0.783614 1.757372 13 KneeLeft
-0.1939169 -1.130363 1.851137 14 AnkleLeft
-0.03580382 -0.453578 1.783785 16 HipRight
-0.03565531 -0.7914844 1.768139 17 KneeRight
-0.03554494 -1.141396 1.846637 18 AnkleRight
-0.1100753 0.06354403 1.883693 20 SpineShoulder
-0.3628025 -0.4688248 1.670491 21 HandTipLeft
-0.3471713 -0.4519101 1.64675 22 ThumbLeft
0.1165748 -0.5037171 1.709045 23 HandTipRight
0.1110087 -0.4315923 1.673854 24 ThumbRight
-0.1133846 -0.4592464 1.812889 0 SpineBase
-0.1112082 -0.1568291 1.858412 1 SpineMid
-0.1096061 0.1352584 1.888993 2 Neck
-0.2690874 0.01511473 1.871118 4 ShoulderLeft
-0.3294038 -0.2009589 1.850967 5 ElbowLeft
-0.3540115 -0.3732742 1.751218 6 WristLeft
-0.3555462 -0.4192213 1.700452 7 HandLeft
0.06518138 0.01237512 1.88926 8 ShoulderRight
0.09464294 -0.2199718 1.856896 9 ElbowRight
0.1163014 -0.3904995 1.752696 10 WristRight
0.1135085 -0.4336144 1.718873 11 HandRight
-0.1866415 -0.4473235 1.772569 12 HipLeft
-0.2013622 -0.783614 1.757372 13 KneeLeft
-0.1939169 -1.130363 1.851137 14 AnkleLeft
-0.03580382 -0.453578 1.783785 16 HipRight
-0.03565531 -0.7914844 1.768139 17 KneeRight
-0.03554494 -1.141396 1.846637 18 AnkleRight
-0.1100753 0.06354403 1.883693 20 SpineShoulder
-0.3628025 -0.4688248 1.670491 21 HandTipLeft
-0.3471713 -0.4519101 1.64675 22 ThumbLeft
0.1165748 -0.5037171 1.709045 23 HandTipRight
0.1110087 -0.4315923 1.673854 24 ThumbRight
-0.1133025 -0.4594706 1.813377 0 SpineBase
-0.1112355 -0.157035 1.859227 1 SpineMid
-0.1095008 0.1352103 1.890243 2 Neck
-0.2696377 0.01557392 1.872212 4 ShoulderLeft
-0.328991 -0.2011509 1.850153 5 ElbowLeft
-0.3511713 -0.3715365 1.746447 6 WristLeft
-0.3502616 -0.4231968 1.707386 7 HandLeft
0.0656023 0.01240387 1.890718 8 ShoulderRight
0.09553955 -0.2199673 1.85672 9 ElbowRight
0.1172746 -0.3904363 1.752772 10 WristRight
0.1185925 -0.4335309 1.727836 11 HandRight
-0.1865743 -0.447624 1.773323 12 HipLeft
-0.2013468 -0.783569 1.757416 13 KneeLeft
-0.1949747 -1.131573 1.85266 14 AnkleLeft
-0.03571946 -0.4537323 1.784054 16 HipRight
-0.03563003 -0.791237 1.768285 17 KneeRight
-0.03417312 -1.143191 1.845496 18 AnkleRight
-0.1100208 0.06344036 1.884857 20 SpineShoulder
-0.3585156 -0.4733564 1.682604 21 HandTipLeft
-0.3583087 -0.4401702 1.660333 22 ThumbLeft
0.122609 -0.5046424 1.713419 23 HandTipRight
0.1151626 -0.4310163 1.682506 24 ThumbRight
-0.113204 -0.4595164 1.813377 0 SpineBase
-0.1111939 -0.1570583 1.859345 1 SpineMid
-0.1094472 0.1352589 1.890662 2 Neck
-0.2696456 0.0155964 1.872239 4 ShoulderLeft
-0.3287641 -0.2011801 1.849858 5 ElbowLeft
-0.3506019 -0.3714074 1.745914 6 WristLeft
-0.3506195 -0.4231628 1.708204 7 HandLeft
0.06583275 0.0125332 1.891175 8 ShoulderRight
0.09591632 -0.2199174 1.85692 9 ElbowRight
0.1182228 -0.3904422 1.753352 10 WristRight
0.1192103 -0.4326433 1.7286 11 HandRight
-0.1864506 -0.4476857 1.773347 12 HipLeft
-0.2013514 -0.7835547 1.757384 13 KneeLeft
-0.194775 -1.132213 1.852622 14 AnkleLeft
-0.03563936 -0.4537642 1.784029 16 HipRight
-0.03562754 -0.7912355 1.768285 17 KneeRight
-0.03397653 -1.14362 1.846161 18 AnkleRight
-0.1099712 0.06346122 1.885193 20 SpineShoulder
-0.3589844 -0.4759896 1.684732 21 HandTipLeft
-0.3624739 -0.4239685 1.678269 22 ThumbLeft
0.1243184 -0.5031782 1.712777 23 HandTipRight
0.1334627 -0.4359093 1.696312 24 ThumbRight
-0.113204 -0.4595164 1.813377 0 SpineBase
-0.1111939 -0.1570583 1.859345 1 SpineMid
-0.1094472 0.1352589 1.890662 2 Neck
-0.2696456 0.0155964 1.872239 4 ShoulderLeft
-0.3287641 -0.2011801 1.849858 5 ElbowLeft
-0.3506019 -0.3714074 1.745914 6 WristLeft
-0.3506195 -0.4231628 1.708204 7 HandLeft
0.06583275 0.0125332 1.891175 8 ShoulderRight
0.09591632 -0.2199174 1.85692 9 ElbowRight
0.1182228 -0.3904422 1.753352 10 WristRight
0.1192103 -0.4326433 1.7286 11 HandRight
-0.1864506 -0.4476857 1.773347 12 HipLeft
-0.2013514 -0.7835547 1.757384 13 KneeLeft
-0.194775 -1.132213 1.852622 14 AnkleLeft
-0.03563936 -0.4537642 1.784029 16 HipRight
-0.03562754 -0.7912355 1.768285 17 KneeRight
-0.03397653 -1.14362 1.846161 18 AnkleRight
-0.1099712 0.06346122 1.885193 20 SpineShoulder
-0.3589844 -0.4759896 1.684732 21 HandTipLeft
-0.3624739 -0.4239685 1.678269 22 ThumbLeft
0.1243184 -0.5031782 1.712777 23 HandTipRight
0.1334627 -0.4359093 1.696312 24 ThumbRight
-0.1134368 -0.4597086 1.813091 0 SpineBase
-0.1114794 -0.1570593 1.859396 1 SpineMid
-0.1098049 0.1355398 1.891049 2 Neck
-0.2695956 0.01524132 1.872258 4 ShoulderLeft
-0.3271973 -0.202934 1.848117 5 ElbowLeft
-0.3511471 -0.3732311 1.744871 6 WristLeft
-0.3578075 -0.428161 1.710613 7 HandLeft
0.06509516 0.01433052 1.889933 8 ShoulderRight
0.09913088 -0.2129733 1.861862 9 ElbowRight
0.1232303 -0.3833483 1.75841 10 WristRight
0.1272704 -0.431861 1.731728 11 HandRight
-0.1866751 -0.4479477 1.773636 12 HipLeft
-0.2010405 -0.7840793 1.756842 13 KneeLeft
-0.195277 -1.133209 1.85424 14 AnkleLeft
-0.03601612 -0.4539272 1.782335 16 HipRight
-0.03567252 -0.791025 1.768273 17 KneeRight
-0.03567809 -1.14377 1.850485 18 AnkleRight
-0.1103093 0.06365262 1.88549 20 SpineShoulder
-0.3684191 -0.4808694 1.691513 21 HandTipLeft
-0.3796192 -0.4369223 1.702158 22 ThumbLeft
0.1310166 -0.5027639 1.722297 23 HandTipRight
0.1253435 -0.4309199 1.688607 24 ThumbRight
-0.1136139 -0.4597387 1.812791 0 SpineBase
-0.1117173 -0.1570392 1.859349 1 SpineMid
-0.1101253 0.1356427 1.891204 2 Neck
-0.2698548 0.01520885 1.872502 4 ShoulderLeft
-0.3270406 -0.2032055 1.847916 5 ElbowLeft
-0.3512654 -0.3736395 1.745001 6 WristLeft
-0.3565426 -0.4294953 1.712056 7 HandLeft
0.0644986 0.01487389 1.889106 8 ShoulderRight
0.1004574 -0.2119211 1.862815 9 ElbowRight
0.1257692 -0.3813975 1.758043 10 WristRight
0.1313086 -0.4277666 1.730499 11 HandRight
-0.1868051 -0.4479989 1.773596 12 HipLeft
-0.201083 -0.7838584 1.756528 13 KneeLeft
-0.1948262 -1.133245 1.855158 14 AnkleLeft
-0.03619723 -0.4538823 1.781652 16 HipRight
-0.03579401 -0.79089 1.768132 17 KneeRight
-0.03583642 -1.144545 1.848467 18 AnkleRight
-0.1106051 0.06373081 1.885592 20 SpineShoulder
-0.3677945 -0.4821188 1.691986 21 HandTipLeft
-0.3676141 -0.4356023 1.679389 22 ThumbLeft
0.1381232 -0.4982631 1.718367 23 HandTipRight
0.1315175 -0.4265337 1.684455 24 ThumbRight
-0.1137834 -0.4598392 1.812229 0 SpineBase
-0.1118889 -0.1570319 1.859255 1 SpineMid
-0.1103279 0.1357382 1.891322 2 Neck
-0.2689003 0.01528193 1.870973 4 ShoulderLeft
-0.3270266 -0.2032708 1.847573 5 ElbowLeft
-0.3512034 -0.3738483 1.744909 6 WristLeft
-0.3558496 -0.4293123 1.711118 7 HandLeft
0.06396829 0.01558943 1.888585 8 ShoulderRight
0.1018291 -0.2091789 1.863062 9 ElbowRight
0.128439 -0.3780649 1.757566 10 WristRight
0.1335281 -0.4268979 1.724037 11 HandRight
-0.186906 -0.4480913 1.773507 12 HipLeft
-0.2010533 -0.7838052 1.756308 13 KneeLeft
-0.1903383 -1.13472 1.851375 14 AnkleLeft
-0.03637403 -0.4538975 1.780398 16 HipRight
-0.0358919 -0.7907953 1.767927 17 KneeRight
-0.03685364 -1.144549 1.849033 18 AnkleRight
-0.110787 0.06379758 1.885654 20 SpineShoulder
-0.3665895 -0.4831024 1.691721 21 HandTipLeft
-0.3408682 -0.4207338 1.673667 22 ThumbLeft
0.1394154 -0.4988773 1.713935 23 HandTipRight
0.1344081 -0.4253879 1.678161 24 ThumbRight
-0.114164 -0.4601978 1.810995 0 SpineBase
-0.1124754 -0.1570632 1.858908 1 SpineMid
-0.1111409 0.1359864 1.891525 2 Neck
-0.2699779 0.01478845 1.871006 4 ShoulderLeft
-0.3270736 -0.20406 1.846703 5 ElbowLeft
-0.3514808 -0.3748136 1.744438 6 WristLeft
-0.3567257 -0.4274414 1.705661 7 HandLeft
0.06173543 0.01626906 1.886243 8 ShoulderRight
0.1014163 -0.2059269 1.861913 9 ElbowRight
0.1285655 -0.3751777 1.757188 10 WristRight
0.1290664 -0.425107 1.719027 11 HandRight
-0.1872319 -0.4484976 1.773196 12 HipLeft
-0.2012497 -0.7846544 1.755551 13 KneeLeft
-0.1923621 -1.135079 1.852539 14 AnkleLeft
-0.03670022 -0.454055 1.778136 16 HipRight
-0.03604874 -0.7910556 1.767532 17 KneeRight
-0.03735623 -1.144921 1.848927 18 AnkleRight
-0.111516 0.06397232 1.885725 20 SpineShoulder
-0.366369 -0.479319 1.683345 21 HandTipLeft
-0.3437563 -0.4172135 1.669532 22 ThumbLeft
0.134114 -0.4964463 1.705556 23 HandTipRight
0.1286483 -0.4251175 1.675143 24 ThumbRight
-0.114164 -0.4601978 1.810995 0 SpineBase
-0.1124754 -0.1570632 1.858908 1 SpineMid
-0.1111409 0.1359864 1.891525 2 Neck
-0.2699779 0.01478845 1.871006 4 ShoulderLeft
-0.3270736 -0.20406 1.846703 5 ElbowLeft
-0.3514808 -0.3748136 1.744438 6 WristLeft
-0.3567257 -0.4274414 1.705661 7 HandLeft
0.06173543 0.01626906 1.886243 8 ShoulderRight
0.1014163 -0.2059269 1.861913 9 ElbowRight
0.1285655 -0.3751777 1.757188 10 WristRight
0.1290664 -0.425107 1.719027 11 HandRight
-0.1872319 -0.4484976 1.773196 12 HipLeft
-0.2012497 -0.7846544 1.755551 13 KneeLeft
-0.1923621 -1.135079 1.852539 14 AnkleLeft
-0.03670022 -0.454055 1.778136 16 HipRight
-0.03604874 -0.7910556 1.767532 17 KneeRight
-0.03735623 -1.144921 1.848927 18 AnkleRight
-0.111516 0.06397232 1.885725 20 SpineShoulder
-0.366369 -0.479319 1.683345 21 HandTipLeft
-0.3437563 -0.4172135 1.669532 22 ThumbLeft
0.134114 -0.4964463 1.705556 23 HandTipRight
0.1286483 -0.4251175 1.675143 24 ThumbRight
-0.1142574 -0.4603083 1.8105 0 SpineBase
-0.1128895 -0.157155 1.858625 1 SpineMid
-0.1118828 0.1359277 1.891455 2 Neck
-0.2706314 0.01447998 1.870922 4 ShoulderLeft
-0.3271227 -0.2041014 1.846528 5 ElbowLeft
-0.3517705 -0.3746673 1.743981 6 WristLeft
-0.358835 -0.4306369 1.705781 7 HandLeft
0.06159756 0.01655099 1.886185 8 ShoulderRight
0.1007764 -0.205779 1.861911 9 ElbowRight
0.1274932 -0.3740213 1.755264 10 WristRight
0.122488 -0.4267286 1.720085 11 HandRight
-0.1873094 -0.4486504 1.772951 12 HipLeft
-0.2011388 -0.785475 1.755378 13 KneeLeft
-0.1929966 -1.135326 1.85284 14 AnkleLeft
-0.03678682 -0.4540851 1.777539 16 HipRight
-0.03604918 -0.791138 1.767406 17 KneeRight
-0.03722711 -1.145128 1.848843 18 AnkleRight
-0.1121714 0.06390738 1.885605 20 SpineShoulder
-0.3702871 -0.4828069 1.682744 21 HandTipLeft
-0.3642816 -0.4326541 1.667341 22 ThumbLeft
0.1271795 -0.4982283 1.709615 23 HandTipRight
0.1218963 -0.4237672 1.6737 24 ThumbRight
-0.1144639 -0.4605071 1.809472 0 SpineBase
-0.1135117 -0.1570613 1.857911 1 SpineMid
-0.1127547 0.1363602 1.891029 2 Neck
-0.2713034 0.01421809 1.870247 4 ShoulderLeft
-0.3279887 -0.2038268 1.845001 5 ElbowLeft
-0.3524831 -0.3750273 1.743593 6 WristLeft
-0.359768 -0.4300355 1.706463 7 HandLeft
0.06125424 0.01694123 1.885532 8 ShoulderRight
0.09956933 -0.2065472 1.861215 9 ElbowRight
0.1248055 -0.373828 1.752503 10 WristRight
0.120123 -0.4238797 1.71961 11 HandRight
-0.1875471 -0.4489847 1.772344 12 HipLeft
-0.2007838 -0.7846427 1.75435 13 KneeLeft
-0.196271 -1.135246 1.854697 14 AnkleLeft
-0.03692163 -0.4540991 1.77632 16 HipRight
-0.03611942 -0.7910776 1.766704 17 KneeRight
-0.03807627 -1.145229 1.84911 18 AnkleRight
-0.1129878 0.0642529 1.885128 20 SpineShoulder
-0.3674317 -0.4821915 1.687146 21 HandTipLeft
-0.357204 -0.4193481 1.668449 22 ThumbLeft
0.1232566 -0.4973384 1.706189 23 HandTipRight
0.1190529 -0.4212819 1.675054 24 ThumbRight
-0.1149323 -0.4605516 1.808439 0 SpineBase
-0.1141959 -0.1568463 1.857076 1 SpineMid
-0.113437 0.1368439 1.89046 2 Neck
-0.2721508 0.01411862 1.869697 4 ShoulderLeft
-0.3282647 -0.2035163 1.843998 5 ElbowLeft
-0.3528064 -0.3751135 1.743351 6 WristLeft
-0.3589492 -0.4278634 1.706432 7 HandLeft
0.06013126 0.01719331 1.883629 8 ShoulderRight
0.09900878 -0.2064862 1.859946 9 ElbowRight
0.1244437 -0.3736999 1.751165 10 WristRight
0.1223914 -0.4255723 1.720037 11 HandRight
-0.1880618 -0.4491521 1.771618 12 HipLeft
-0.2005901 -0.7845196 1.754021 13 KneeLeft
-0.1943558 -1.135848 1.854062 14 AnkleLeft
-0.03728094 -0.4540309 1.77516 16 HipRight
-0.03615054 -0.7909519 1.766327 17 KneeRight
-0.03893169 -1.144929 1.850484 18 AnkleRight
-0.1136856 0.06467734 1.884512 20 SpineShoulder
-0.3636922 -0.479937 1.685916 21 HandTipLeft
-0.3560727 -0.4219563 1.667409 22 ThumbLeft
0.1276706 -0.4985494 1.710095 23 HandTipRight
0.1222087 -0.4244449 1.676297 24 ThumbRight
-0.1150583 -0.4606422 1.808132 0 SpineBase
-0.1143925 -0.1567877 1.85682 1 SpineMid
-0.1136585 0.1370778 1.890245 2 Neck
-0.2713172 0.0143093 1.868449 4 ShoulderLeft
-0.3282546 -0.2033794 1.843773 5 ElbowLeft
-0.3529647 -0.3750935 1.743397 6 WristLeft
-0.3586908 -0.4284814 1.707174 7 HandLeft
0.05973043 0.01730621 1.882829 8 ShoulderRight
0.09876346 -0.2062356 1.859863 9 ElbowRight
0.1244153 -0.3734242 1.751093 10 WristRight
0.1239416 -0.4245607 1.721478 11 HandRight
-0.1882392 -0.4492602 1.771312 12 HipLeft
-0.2004924 -0.7838664 1.7537 13 KneeLeft
-0.1926857 -1.135769 1.854792 14 AnkleLeft
-0.03735322 -0.4541079 1.774926 16 HipRight
-0.03625339 -0.7912188 1.766314 17 KneeRight
-0.0388106 -1.145119 1.850537 18 AnkleRight
-0.1139041 0.06486444 1.884294 20 SpineShoulder
-0.3643216 -0.4799044 1.685798 21 HandTipLeft
-0.3577024 -0.4223387 1.66861 22 ThumbLeft
0.1288438 -0.497313 1.706851 23 HandTipRight
0.1228875 -0.4242895 1.677516 24 ThumbRight
-0.1162428 -0.4611053 1.807877 0 SpineBase
-0.115438 -0.1567083 1.855873 1 SpineMid
-0.1145902 0.1377877 1.888503 2 Neck
-0.2741328 0.01437392 1.866411 4 ShoulderLeft
-0.32878 -0.2033414 1.840626 5 ElbowLeft
-0.3535336 -0.375116 1.740377 6 WristLeft
-0.358147 -0.4269488 1.703995 7 HandLeft
0.05900931 0.01823406 1.881457 8 ShoulderRight
0.09747863 -0.2037804 1.859177 9 ElbowRight
0.1245535 -0.3713754 1.751466 10 WristRight
0.1179368 -0.4297256 1.727689 11 HandRight
-0.1895632 -0.4498515 1.770961 12 HipLeft
-0.2006879 -0.782022 1.752924 13 KneeLeft
-0.1944073 -1.136384 1.856449 14 AnkleLeft
-0.03844353 -0.4545121 1.774957 16 HipRight
-0.03617685 -0.7911478 1.766881 17 KneeRight
-0.03607492 -1.146847 1.848694 18 AnkleRight
-0.1148889 0.06539935 1.882822 20 SpineShoulder
-0.3632819 -0.4816193 1.686355 21 HandTipLeft
-0.3483603 -0.4133826 1.666258 22 ThumbLeft
0.1321725 -0.4980614 1.708446 23 HandTipRight
0.1309077 -0.4242511 1.677327 24 ThumbRight
-0.1172772 -0.4613555 1.807968 0 SpineBase
-0.1159327 -0.1567179 1.855818 1 SpineMid
-0.1147193 0.1378851 1.888413 2 Neck
-0.2750854 0.01449138 1.865646 4 ShoulderLeft
-0.3292861 -0.2030653 1.83963 5 ElbowLeft
-0.3538033 -0.374996 1.739609 6 WristLeft
-0.3581468 -0.4258538 1.70233 7 HandLeft
0.0579202 0.01817343 1.880252 8 ShoulderRight
0.09710326 -0.2029242 1.858728 9 ElbowRight
0.12463 -0.3707478 1.751533 10 WristRight
0.1193509 -0.4299369 1.726111 11 HandRight
-0.1906593 -0.4500725 1.770814 12 HipLeft
-0.201234 -0.7822413 1.75296 13 KneeLeft
-0.1951204 -1.13702 1.855767 14 AnkleLeft
-0.03945504 -0.4548199 1.775345 16 HipRight
-0.03638234 -0.7911352 1.767142 17 KneeRight
-0.03593389 -1.147394 1.848706 18 AnkleRight
-0.1150832 0.06548174 1.882736 20 SpineShoulder
-0.3629614 -0.4808066 1.6847 21 HandTipLeft
-0.3509511 -0.4127854 1.666708 22 ThumbLeft
0.1321289 -0.497872 1.707799 23 HandTipRight
0.1300834 -0.4247982 1.676681 24 ThumbRight
-0.1218078 -0.4621473 1.808805 0 SpineBase
-0.1194621 -0.1565093 1.854795 1 SpineMid
-0.1176613 0.1391879 1.885411 2 Neck
-0.2789123 0.01553269 1.860406 4 ShoulderLeft
-0.3326558 -0.2036067 1.835316 5 ElbowLeft
-0.3557692 -0.3762081 1.736205 6 WristLeft
-0.3591027 -0.4251542 1.703332 7 HandLeft
0.05455093 0.01836969 1.878231 8 ShoulderRight
0.09298994 -0.2011931 1.858821 9 ElbowRight
0.1229657 -0.369559 1.753298 10 WristRight
0.1190776 -0.429761 1.720641 11 HandRight
-0.1951729 -0.4509489 1.771234 12 HipLeft
-0.2039714 -0.7832186 1.753485 13 KneeLeft
-0.1983881 -1.13956 1.852161 14 AnkleLeft
-0.0438448 -0.4555433 1.776724 16 HipRight
-0.03720007 -0.791252 1.767853 17 KneeRight
-0.03727537 -1.147117 1.854008 18 AnkleRight
-0.1181608 0.06649292 1.880296 20 SpineShoulder
-0.3667361 -0.4818711 1.682472 21 HandTipLeft
-0.3531137 -0.4151686 1.662374 22 ThumbLeft
0.1256414 -0.4982193 1.707253 23 HandTipRight
0.1223271 -0.4335457 1.67315 24 ThumbRight
-0.1312822 -0.4627864 1.807708 0 SpineBase
-0.1296407 -0.1564553 1.847402 1 SpineMid
-0.1282098 0.1399603 1.868634 2 Neck
-0.2885692 0.01861636 1.847609 4 ShoulderLeft
-0.3449117 -0.2004446 1.826652 5 ElbowLeft
-0.3629397 -0.375421 1.730985 6 WristLeft
-0.3719545 -0.4271351 1.697157 7 HandLeft
0.04711046 0.01614123 1.874332 8 ShoulderRight
0.08188011 -0.2077246 1.85328 9 ElbowRight
0.1159074 -0.3764924 1.749914 10 WristRight
0.1039814 -0.4406418 1.718538 11 HandRight
-0.2054666 -0.4518124 1.76763 12 HipLeft
-0.210657 -0.7802794 1.753344 13 KneeLeft
-0.2003789 -1.139413 1.855394 14 AnkleLeft
-0.05246149 -0.4560331 1.777959 16 HipRight
-0.05970912 -0.7670806 1.714415 17 KneeRight
-0.04729995 -1.139468 1.826927 18 AnkleRight
-0.1287123 0.0671308 1.866124 20 SpineShoulder
-0.3779345 -0.4854884 1.676576 21 HandTipLeft
-0.3753008 -0.4304714 1.653667 22 ThumbLeft
0.1132865 -0.4980933 1.702124 23 HandTipRight
0.1131219 -0.4335121 1.681179 24 ThumbRight
-0.1377673 -0.4621564 1.803743 0 SpineBase
-0.1363634 -0.1568562 1.839044 1 SpineMid
-0.1338563 0.1383914 1.857157 2 Neck
-0.2929511 0.01798588 1.837672 4 ShoulderLeft
-0.3536596 -0.1990578 1.81885 5 ElbowLeft
-0.3699321 -0.3758244 1.726569 6 WristLeft
-0.3821642 -0.4305319 1.691806 7 HandLeft
0.04228649 0.01506679 1.869414 8 ShoulderRight
0.07725631 -0.2113011 1.850796 9 ElbowRight
0.1131652 -0.3801329 1.748291 10 WristRight
0.09787519 -0.4386183 1.711638 11 HandRight
-0.2132874 -0.4516704 1.760975 12 HipLeft
-0.2159671 -0.7772782 1.753337 13 KneeLeft
-0.1988071 -1.138589 1.855659 14 AnkleLeft
-0.05741283 -0.4550482 1.776198 16 HipRight
-0.0671436 -0.7425882 1.667567 17 KneeRight
-0.04774873 -1.118464 1.801213 18 AnkleRight
-0.1347153 0.06586731 1.855212 20 SpineShoulder
-0.3874722 -0.487409 1.668241 21 HandTipLeft
-0.389297 -0.4432288 1.650154 22 ThumbLeft
0.1047731 -0.49749 1.697285 23 HandTipRight
0.1000173 -0.4208308 1.675521 24 ThumbRight
-0.1431237 -0.4592987 1.796927 0 SpineBase
-0.1405772 -0.1546402 1.823242 1 SpineMid
-0.135715 0.1396968 1.831558 2 Neck
-0.2944171 0.02173581 1.8168 4 ShoulderLeft
-0.3579791 -0.1955993 1.802269 5 ElbowLeft
-0.3815593 -0.375662 1.719731 6 WristLeft
-0.3946859 -0.4294605 1.688066 7 HandLeft
0.03965338 0.01564895 1.859841 8 ShoulderRight
0.07194701 -0.1985846 1.865162 9 ElbowRight
0.09457879 -0.3091767 1.695069 10 WristRight
0.08208773 -0.3381024 1.658782 11 HandRight
-0.2183625 -0.4496311 1.753124 12 HipLeft
-0.217926 -0.7759762 1.752171 13 KneeLeft
-0.2014559 -1.13538 1.857059 14 AnkleLeft
-0.06249287 -0.4514437 1.770928 16 HipRight
-0.05197112 -0.7166874 1.61192 17 KneeRight
-0.01848856 -1.106802 1.708016 18 AnkleRight
-0.1372169 0.06744251 1.832102 20 SpineShoulder
-0.4023632 -0.4906084 1.672835 21 HandTipLeft
-0.3973519 -0.4395049 1.644857 22 ThumbLeft
0.09538614 -0.3686158 1.598121 23 HandTipRight
0.09583418 -0.2973327 1.660286 24 ThumbRight
-0.125337 -0.4563981 1.746863 0 SpineBase
-0.1100939 -0.1568336 1.758178 1 SpineMid
-0.0939363 0.1328768 1.753967 2 Neck
-0.2628831 0.03436498 1.741022 4 ShoulderLeft
-0.3445516 -0.1800567 1.732718 5 ElbowLeft
-0.3731241 -0.3658134 1.668815 6 WristLeft
-0.3802766 -0.4224489 1.638387 7 HandLeft
0.0744956 -0.01629591 1.751653 8 ShoulderRight
0.1342226 -0.2019785 1.702443 9 ElbowRight
0.06448614 0.03463705 1.588693 10 WristRight
0.05846919 0.06497873 1.571471 11 HandRight
-0.2017816 -0.445059 1.704197 12 HipLeft
-0.2115647 -0.7480393 1.712032 13 KneeLeft
-0.1966748 -1.115599 1.854109 14 AnkleLeft
-0.04391976 -0.4494638 1.719921 16 HipRight
0.007985012 -0.6871082 1.528663 17 KneeRight
0.1328694 -1.095255 1.456728 18 AnkleRight
-0.09809299 0.06177358 1.757519 20 SpineShoulder
-0.3917029 -0.4854862 1.626214 21 HandTipLeft
-0.3899434 -0.4330799 1.601711 22 ThumbLeft
0.04311642 0.1126784 1.550743 23 HandTipRight
0.04578842 0.06100027 1.534226 24 ThumbRight
-0.1150839 -0.4575468 1.716883 0 SpineBase
-0.08747633 -0.1608511 1.723942 1 SpineMid
-0.05870541 0.1259497 1.71582 2 Neck
-0.2259248 0.03299459 1.695569 4 ShoulderLeft
-0.324109 -0.1692357 1.702079 5 ElbowLeft
-0.3553428 -0.3524298 1.63084 6 WristLeft
-0.3617996 -0.4195641 1.601363 7 HandLeft
0.1004122 -0.005662342 1.71071 8 ShoulderRight
0.16576 -0.178773 1.624305 9 ElbowRight
0.08437712 0.05677406 1.574158 10 WristRight
0.04895197 0.1461565 1.566755 11 HandRight
-0.1919727 -0.4441179 1.673886 12 HipLeft
-0.2016849 -0.7384354 1.691943 13 KneeLeft
-0.1975091 -1.108057 1.846275 14 AnkleLeft
-0.03354369 -0.4524745 1.690446 16 HipRight
0.0265494 -0.6915141 1.504629 17 KneeRight
0.177596 -1.085799 1.402413 18 AnkleRight
-0.06595083 0.05557734 1.720285 20 SpineShoulder
-0.3713919 -0.4803383 1.592334 21 HandTipLeft
-0.3667129 -0.4201534 1.56225 22 ThumbLeft
-0.1072851 -0.4594503 1.699878 0 SpineBase
-0.07631811 -0.1632363 1.704875 1 SpineMid
-0.04512054 0.1234195 1.694668 2 Neck
-0.2179229 0.0328406 1.685111 4 ShoulderLeft
-0.3130572 -0.1651725 1.685329 5 ElbowLeft
-0.3427632 -0.3472373 1.609795 6 WristLeft
-0.3486421 -0.4144396 1.580626 7 HandLeft
0.1096101 -0.0062226 1.686982 8 ShoulderRight
0.1683141 -0.1691949 1.575371 9 ElbowRight
0.09611961 0.08764677 1.539401 10 WristRight
0.0504446 0.1749465 1.550118 11 HandRight
-0.1848338 -0.4452907 1.658126 12 HipLeft
-0.1972554 -0.7363141 1.681666 13 KneeLeft
-0.1951534 -1.105724 1.840827 14 AnkleLeft
-0.02537355 -0.4549072 1.672296 16 HipRight
0.03585353 -0.6963747 1.491259 17 KneeRight
0.2050401 -1.083727 1.390998 18 AnkleRight
-0.05291567 0.05307332 1.699712 20 SpineShoulder
-0.3585433 -0.4744039 1.566439 21 HandTipLeft
-0.3572371 -0.4206874 1.540016 22 ThumbLeft
-0.04912801 -0.4653807 1.605035 0 SpineBase
0.008245532 -0.1715838 1.584082 1 SpineMid
0.06316618 0.113031 1.546799 2 Neck
-0.1169528 0.03465572 1.558011 4 ShoulderLeft
-0.2267831 -0.1542772 1.581604 5 ElbowLeft
-0.2649837 -0.3358968 1.503654 6 WristLeft
-0.260442 -0.4001154 1.483026 7 HandLeft
0.1947884 -0.02905838 1.543244 8 ShoulderRight
0.2371617 -0.1481646 1.376338 9 ElbowRight
0.16992 0.09718579 1.390142 10 WristRight
0.1403161 0.1785941 1.406362 11 HandRight
-0.1270136 -0.4461235 1.567648 12 HipLeft
-0.1596313 -0.714197 1.611084 13 KneeLeft
-0.171014 -1.081655 1.803187 14 AnkleLeft
0.03088675 -0.4646066 1.573353 16 HipRight
0.08805726 -0.7158258 1.410394 17 KneeRight
0.1727869 -1.097076 1.213992 18 AnkleRight
0.04981912 0.04323145 1.558649 20 SpineShoulder
-0.2710878 -0.4571554 1.455838 21 HandTipLeft
-0.2081401 -0.4065399 1.53874 22 ThumbLeft
-0.0163547 -0.4605067 1.576198 0 SpineBase
0.04711697 -0.1683186 1.536313 1 SpineMid
0.1071935 0.1144522 1.478593 2 Neck
-0.06407962 0.03713858 1.489345 4 ShoulderLeft
-0.1801756 -0.1470797 1.532257 5 ElbowLeft
-0.2245304 -0.3295633 1.465844 6 WristLeft
-0.2174177 -0.3904779 1.457241 7 HandLeft
0.2323975 -0.02818786 1.479746 8 ShoulderRight
0.2676635 -0.1352524 1.302652 9 ElbowRight
0.1856974 0.1185775 1.325551 10 WristRight
0.1844085 0.1427267 1.339005 11 HandRight
-0.09544665 -0.4389286 1.538203 12 HipLeft
-0.1340089 -0.7080625 1.576116 13 KneeLeft
-0.1689585 -1.073915 1.780936 14 AnkleLeft
0.06348339 -0.4618849 1.545085 16 HipRight
0.1105592 -0.7090088 1.37017 17 KneeRight
0.1813401 -1.084093 1.155923 18 AnkleRight
0.09270106 0.04516761 1.495628 20 SpineShoulder
-0.2320006 -0.4480256 1.4261 21 HandTipLeft
-0.1711223 -0.4202797 1.497435 22 ThumbLeft
0.009210468 -0.453536 1.556214 0 SpineBase
0.08170088 -0.1643751 1.494124 1 SpineMid
0.1502623 0.1148393 1.412982 2 Neck
-0.01779543 0.0445188 1.428504 4 ShoulderLeft
-0.1458691 -0.1416382 1.486889 5 ElbowLeft
-0.1919298 -0.328475 1.439322 6 WristLeft
-0.1764952 -0.3827905 1.445229 7 HandLeft
0.2684307 -0.02886881 1.423327 8 ShoulderRight
0.299359 -0.1493488 1.254665 9 ElbowRight
0.2262662 0.1089445 1.265154 10 WristRight
0.2367503 0.1319157 1.269075 11 HandRight
-0.06970352 -0.4302487 1.517843 12 HipLeft
-0.1178987 -0.6982701 1.555084 13 KneeLeft
-0.1620523 -1.055202 1.758649 14 AnkleLeft
0.08771233 -0.4566308 1.525497 16 HipRight
0.1271757 -0.7068508 1.353983 17 KneeRight
0.1874264 -1.086117 1.144953 18 AnkleRight
0.1337739 0.04648979 1.435909 20 SpineShoulder
-0.1887825 -0.4396779 1.412946 21 HandTipLeft
-0.1479144 -0.3842631 1.481727 22 ThumbLeft
0.04849451 -0.4404032 1.516759 0 SpineBase
0.1377166 -0.1697553 1.423315 1 SpineMid
0.2231246 0.09078192 1.312612 2 Neck
0.05130916 0.04645526 1.330036 4 ShoulderLeft
-0.0994412 -0.1450548 1.412379 5 ElbowLeft
-0.150322 -0.333653 1.387185 6 WristLeft
-0.1402515 -0.3682462 1.377113 7 HandLeft
0.3195038 -0.04075398 1.329152 8 ShoulderRight
0.3678372 -0.1553451 1.160742 9 ElbowRight
0.2940767 0.1042623 1.157254 10 WristRight
0.2754123 0.185503 1.165635 11 HandRight
-0.03161421 -0.4125662 1.479298 12 HipLeft
-0.09616593 -0.681077 1.529972 13 KneeLeft
-0.1504598 -1.033852 1.724416 14 AnkleLeft
0.1264406 -0.4482204 1.48496 16 HipRight
0.1594129 -0.7559218 1.310028 17 KneeRight
0.2025209 0.02706672 1.342884 20 SpineShoulder
-0.1353414 -0.4196245 1.382851 21 HandTipLeft
-0.107534 -0.3511437 1.396917 22 ThumbLeft
0.06420157 -0.4378806 1.498557 0 SpineBase
0.1602067 -0.1754548 1.395992 1 SpineMid
0.251274 0.07798456 1.27714 2 Neck
0.07977285 0.0403569 1.291377 4 ShoulderLeft
-0.0793368 -0.1503641 1.378086 5 ElbowLeft
-0.1364826 -0.3375193 1.359812 6 WristLeft
-0.1274875 -0.3684981 1.348408 7 HandLeft
0.3445367 -0.05197219 1.289734 8 ShoulderRight
0.3854739 -0.1759349 1.126369 9 ElbowRight
0.3508855 0.007764833 1.185868 10 WristRight
0.3280455 0.05619098 1.191376 11 HandRight
-0.01466153 -0.4064259 1.460981 12 HipLeft
-0.08849826 -0.682775 1.523563 13 KneeLeft
-0.1488014 -1.025634 1.708645 14 AnkleLeft
0.1402699 -0.4490027 1.466874 16 HipRight
0.1613875 -0.7611642 1.300377 17 KneeRight
0.2294128 0.01595408 1.309394 20 SpineShoulder
-0.1210547 -0.4211501 1.363325 21 HandTipLeft
-0.09428521 -0.3499501 1.369455 22 ThumbLeft
0.31384 0.08121533 1.231814 23 HandTipRight
0.3502091 0.01924326 1.247378 24 ThumbRight
0.07650208 -0.434316 1.483835 0 SpineBase
0.1783974 -0.1800393 1.372836 1 SpineMid
0.2751833 0.06511834 1.245303 2 Neck
0.1025317 0.0334305 1.259119 4 ShoulderLeft
-0.06180461 -0.1526624 1.346937 5 ElbowLeft
-0.11124 -0.3422718 1.321308 6 WristLeft
-0.1157291 -0.3690002 1.32011 7 HandLeft
0.3649557 -0.06671076 1.252533 8 ShoulderRight
0.4059118 -0.1781162 1.079896 9 ElbowRight
0.3640685 -0.0002952153 1.150523 10 WristRight
0.3465937 0.04650541 1.170468 11 HandRight
-0.001111951 -0.4018052 1.445307 12 HipLeft
-0.07151742 -0.6605304 1.498457 13 KneeLeft
-0.1501055 -1.023226 1.695003 14 AnkleLeft
0.1505584 -0.4465265 1.453378 16 HipRight
0.1712195 -0.7576473 1.284157 17 KneeRight
0.2519865 0.005154324 1.279715 20 SpineShoulder
-0.1061014 -0.4242212 1.346388 21 HandTipLeft
-0.08231755 -0.3542512 1.344571 22 ThumbLeft
0.3135055 0.06076295 1.180321 23 HandTipRight
0.3048217 0.03362872 1.187571 24 ThumbRight
0.1074685 -0.4277662 1.452771 0 SpineBase
0.21016 -0.1853245 1.327971 1 SpineMid
0.3061441 0.050518 1.187238 2 Neck
0.134366 0.02715025 1.212385 4 ShoulderLeft
-0.01944831 -0.1269935 1.286952 5 ElbowLeft
-0.0697321 -0.3533048 1.285946 6 WristLeft
-0.0727489 -0.3649273 1.262095 7 HandLeft
0.3948194 -0.07607944 1.208932 8 ShoulderRight
0.4426937 -0.1823571 1.034979 9 ElbowRight
0.4033056 0.01079737 1.062129 10 WristRight
0.3990048 0.05428157 1.042456 11 HandRight
0.02784595 -0.3913324 1.419232 12 HipLeft
-0.05947182 -0.640218 1.485594 13 KneeLeft
-0.1227384 -1.009368 1.664302 14 AnkleLeft
0.1822655 -0.4443938 1.416587 16 HipRight
0.1798602 -0.764814 1.270979 17 KneeRight
0.2833267 -0.00729633 1.224924 20 SpineShoulder
-0.07882875 -0.4148843 1.263301 21 HandTipLeft
-0.04101859 -0.3635285 1.269529 22 ThumbLeft
0.4079836 0.09971979 1.023639 23 HandTipRight
0.342167 0.05454144 1.076954 24 ThumbRight
0.120253 -0.4241882 1.441861 0 SpineBase
0.2235053 -0.1868347 1.309751 1 SpineMid
0.319721 0.04381937 1.161558 2 Neck
0.1546037 0.02088039 1.183361 4 ShoulderLeft
-0.008640841 -0.1342031 1.274724 5 ElbowLeft
-0.05446626 -0.3515465 1.263873 6 WristLeft
-0.0558241 -0.3664863 1.245741 7 HandLeft
0.4107801 -0.08442818 1.176394 8 ShoulderRight
0.4496035 -0.2548403 1.068447 9 ElbowRight
0.4207323 -0.03747515 1.039608 10 WristRight
0.4079246 0.04828086 1.02051 11 HandRight
0.04024055 -0.3880081 1.411379 12 HipLeft
-0.05443641 -0.6341498 1.480457 13 KneeLeft
-0.1238027 -1.00064 1.659647 14 AnkleLeft
0.1944158 -0.4402865 1.403126 16 HipRight
0.1774655 -0.7656173 1.275182 17 KneeRight
0.2969191 -0.01271067 1.201095 20 SpineShoulder
0.3812887 0.1041081 0.9855914 23 HandTipRight
0.35931 0.0270477 1.090095 24 ThumbRight
0.1232743 -0.4229409 1.438811 0 SpineBase
0.2273115 -0.1872459 1.304481 1 SpineMid
0.3244037 0.04166308 1.154062 2 Neck
0.1594889 0.01984541 1.1763 4 ShoulderLeft
-0.002521541 -0.1348854 1.268303 5 ElbowLeft
-0.04867693 -0.3516881 1.261524 6 WristLeft
-0.04645673 -0.3668455 1.241709 7 HandLeft
0.413945 -0.0846469 1.172748 8 ShoulderRight
0.4499441 -0.2569319 1.067019 9 ElbowRight
0.4276749 -0.06017564 1.024417 10 WristRight
0.4224592 0.02438495 1.01108 11 HandRight
0.0436889 -0.3862243 1.408565 12 HipLeft
-0.05327111 -0.6338987 1.4798 13 KneeLeft
-0.1264589 -0.9957936 1.660377 14 AnkleLeft
0.1969126 -0.4394974 1.399965 16 HipRight
0.1800597 -0.765309 1.273856 17 KneeRight
0.3013807 -0.01442899 1.194156 20 SpineShoulder
0.4002307 0.0760285 0.985816 23 HandTipRight
0.3706497 0.02672487 1.078429 24 ThumbRight
0.1449224 -0.4185468 1.42353 0 SpineBase
0.2476474 -0.1931314 1.281016 1 SpineMid
0.343844 0.02573285 1.122378 2 Neck
0.1797911 0.01238015 1.144637 4 ShoulderLeft
0.02409916 -0.1233724 1.232202 5 ElbowLeft
-0.0152772 -0.3479063 1.232015 6 WristLeft
-0.01439292 -0.3779738 1.22827 7 HandLeft
0.4395042 -0.1048017 1.145402 8 ShoulderRight
0.4593877 -0.2830535 1.04622 9 ElbowRight
0.4550622 -0.0133597 1.014219 10 WristRight
0.4530772 0.03553673 0.9723867 11 HandRight
0.06405362 -0.3785607 1.396672 12 HipLeft
-0.04936276 -0.6203441 1.480987 13 KneeLeft
-0.1356293 -0.8834083 1.646026 14 AnkleLeft
-0.1664848 -0.9570763 1.553996 15 FootLeft
0.2190033 -0.4384523 1.381291 16 HipRight
0.1748551 -0.7658554 1.270936 17 KneeRight
0.3210697 -0.02786457 1.16454 20 SpineShoulder
-0.00478318 -0.4320183 1.253405 21 HandTipLeft
0.0229787 -0.374867 1.304854 22 ThumbLeft
0.1484505 -0.4179059 1.422218 0 SpineBase
0.249075 -0.1933641 1.280327 1 SpineMid
0.3441455 0.02527118 1.122206 2 Neck
0.1803815 0.01157087 1.143878 4 ShoulderLeft
0.027932 -0.1259492 1.226006 5 ElbowLeft
-0.01435085 -0.3492315 1.230726 6 WristLeft
-0.01203274 -0.3800397 1.225351 7 HandLeft
0.4383383 -0.1067406 1.14353 8 ShoulderRight
0.4594468 -0.2827128 1.040061 9 ElbowRight
0.4350135 -0.02010472 0.9695803 10 WristRight
0.422998 0.05930129 0.9454696 11 HandRight
0.06787821 -0.377125 1.395123 12 HipLeft
-0.05378716 -0.6125795 1.489346 13 KneeLeft
-0.1574253 -0.8981938 1.684705 14 AnkleLeft
-0.1904077 -0.9724163 1.594759 15 FootLeft
0.2221378 -0.4383703 1.380281 16 HipRight
0.1762382 -0.7649547 1.266812 17 KneeRight
0.3215269 -0.02828196 1.164288 20 SpineShoulder
0.002570267 -0.4364996 1.253573 21 HandTipLeft
0.01222343 -0.357096 1.2095 22 ThumbLeft
0.1485388 -0.4173622 1.422187 0 SpineBase
0.2493171 -0.1934815 1.280075 1 SpineMid
0.3446559 0.02417259 1.121617 2 Neck
0.1818823 0.009825849 1.141599 4 ShoulderLeft
0.02897991 -0.1274452 1.222936 5 ElbowLeft
-0.0141657 -0.3512274 1.230633 6 WristLeft
-0.01237822 -0.3810919 1.227043 7 HandLeft
0.4385963 -0.1093466 1.14169 8 ShoulderRight
0.4594815 -0.2859513 1.039489 9 ElbowRight
0.4351827 -0.02318734 0.9695291 10 WristRight
0.4225851 0.05177128 0.9404671 11 HandRight
0.06835901 -0.376089 1.394842 12 HipLeft
-0.06163478 -0.6098145 1.500014 13 KneeLeft
-0.1779747 -0.9091865 1.718691 14 AnkleLeft
-0.2121377 -0.9840921 1.630546 15 FootLeft
0.2219875 -0.4380893 1.380404 16 HipRight
0.1771925 -0.7646146 1.266013 17 KneeRight
0.3219949 -0.02909574 1.16376 20 SpineShoulder
0.0002141885 -0.4363677 1.254238 21 HandTipLeft
0.02387443 -0.3617775 1.3035 22 ThumbLeft
0.1476281 -0.4160619 1.422575 0 SpineBase
0.2510435 -0.1967172 1.277069 1 SpineMid
0.3497811 0.01332084 1.113589 2 Neck
0.1837251 0.007020573 1.138266 4 ShoulderLeft
0.03239121 -0.1141254 1.212574 5 ElbowLeft
-0.01456043 -0.3527969 1.231284 6 WristLeft
-0.02010513 -0.3829091 1.23029 7 HandLeft
0.4369297 -0.1164907 1.140323 8 ShoulderRight
0.4572851 -0.2938808 1.03975 9 ElbowRight
0.448979 -0.02925016 0.9742086 10 WristRight
0.06812553 -0.3740286 1.394319 12 HipLeft
-0.07855289 -0.6104684 1.516007 13 KneeLeft
-0.1958313 -0.919628 1.738304 14 AnkleLeft
-0.2298357 -0.994558 1.650282 15 FootLeft
0.2199712 -0.4373169 1.382065 16 HipRight
0.1804726 -0.7630073 1.261294 17 KneeRight
0.3263459 -0.03812278 1.156904 20 SpineShoulder
-0.0121616 -0.4369226 1.255325 21 HandTipLeft
-0.0500765 -0.3536026 1.236111 22 ThumbLeft
0.1427697 -0.4162189 1.425691 0 SpineBase
0.2488129 -0.1985508 1.278023 1 SpineMid
0.3483057 0.01167032 1.11434 2 Neck
0.182603 0.00542114 1.139011 4 ShoulderLeft
0.02224637 -0.1254201 1.220524 5 ElbowLeft
-0.02357777 -0.3449318 1.23638 6 WristLeft
-0.02810319 -0.3776732 1.234727 7 HandLeft
0.4339186 -0.1189033 1.142779 8 ShoulderRight
0.4512811 -0.3000227 1.049583 9 ElbowRight
0.4496606 -0.03230214 1.000309 10 WristRight
0.063665 -0.3742459 1.396486 12 HipLeft
-0.08755347 -0.6119938 1.519289 13 KneeLeft
-0.2029187 -0.92129 1.740555 14 AnkleLeft
-0.236348 -0.9964142 1.652561 15 FootLeft
0.2148859 -0.4377542 1.386242 16 HipRight
0.1792403 -0.7620915 1.2585 17 KneeRight
0.3247167 -0.03989569 1.157675 20 SpineShoulder
-0.02336581 -0.4367786 1.245213 21 HandTipLeft
-0.05556372 -0.3533357 1.242016 22 ThumbLeft
0.1315297 -0.4194134 1.433611 0 SpineBase
0.2375487 -0.2035969 1.285926 1 SpineMid
0.3363916 0.006650724 1.123558 2 Neck
0.1769246 0.001688518 1.141652 4 ShoulderLeft
0.01191385 -0.1330062 1.229427 5 ElbowLeft
-0.02754427 -0.3483508 1.240001 6 WristLeft
-0.03373188 -0.3836795 1.244003 7 HandLeft
0.4221326 -0.1280222 1.155562 8 ShoulderRight
0.4467429 -0.3049654 1.055699 9 ElbowRight
0.4444177 -0.03600521 1.019985 10 WristRight
0.05276568 -0.377943 1.404398 12 HipLeft
-0.09184869 -0.6123704 1.517723 13 KneeLeft
-0.2035887 -0.9137598 1.727919 14 AnkleLeft
-0.2348679 -0.9892777 1.639208 15 FootLeft
0.2038947 -0.4406067 1.394074 16 HipRight
0.1791145 -0.7620664 1.253381 17 KneeRight
0.3129765 -0.04501364 1.166528 20 SpineShoulder
-0.01624042 -0.4495659 1.279807 21 HandTipLeft
0.001480433 -0.3860199 1.324333 22 ThumbLeft
0.09359243 -0.4383534 1.459805 0 SpineBase
0.1972941 -0.208297 1.321515 1 SpineMid
0.2886243 0.01904705 1.1749 2 Neck
0.1260997 -0.001165957 1.190944 4 ShoulderLeft
-0.03095978 -0.1493865 1.279338 5 ElbowLeft
-0.05280977 -0.3547408 1.265622 6 WristLeft
-0.06063394 -0.3901389 1.263517 7 HandLeft
0.3780068 -0.1099915 1.204613 8 ShoulderRight
0.4208358 -0.2792898 1.096948 9 ElbowRight
0.3895915 -0.08118009 1.073453 10 WristRight
0.3802593 0.002039989 1.066681 11 HandRight
0.01497203 -0.3938544 1.429082 12 HipLeft
-0.1008627 -0.6243495 1.509537 13 KneeLeft
-0.1832351 -0.8847184 1.651291 14 AnkleLeft
-0.2067512 -0.9573667 1.55473 15 FootLeft
0.1676657 -0.4624521 1.421804 16 HipRight
0.1693238 -0.7720596 1.248043 17 KneeRight
0.2674032 -0.03727258 1.213374 20 SpineShoulder
-0.04117738 -0.4543919 1.292122 21 HandTipLeft
-0.02964017 -0.3821848 1.3392 22 ThumbLeft
0.3547511 0.0582583 1.040757 23 HandTipRight
0.3829572 0.02209524 1.092579 24 ThumbRight
0.08434408 -0.4403839 1.464368 0 SpineBase
0.1771199 -0.2054211 1.339533 1 SpineMid
0.263679 0.02778678 1.203976 2 Neck
0.1081057 0.003675955 1.21298 4 ShoulderLeft
-0.04071136 -0.1287534 1.292371 5 ElbowLeft
-0.06079552 -0.3558407 1.27014 6 WristLeft
-0.06877104 -0.3915726 1.270127 7 HandLeft
0.3651683 -0.1002569 1.219106 8 ShoulderRight
0.408968 -0.2701117 1.112665 9 ElbowRight
0.3779782 -0.07204922 1.089836 10 WristRight
0.3670172 0.00832621 1.086488 11 HandRight
0.005699567 -0.3957147 1.432486 12 HipLeft
-0.1080868 -0.6392984 1.507437 13 KneeLeft
-0.2049548 -0.9812252 1.702622 14 AnkleLeft
0.1588745 -0.4644982 1.427534 16 HipRight
0.1643507 -0.7735664 1.252802 17 KneeRight
0.2427353 -0.02964092 1.240462 20 SpineShoulder
-0.05297333 -0.451366 1.291266 21 HandTipLeft
-0.03869322 -0.3888216 1.346333 22 ThumbLeft
0.3427701 0.06576725 1.059999 23 HandTipRight
0.3753111 -0.002239708 1.165167 24 ThumbRight
0.04961139 -0.445464 1.48946 0 SpineBase
0.1345551 -0.1963929 1.386434 1 SpineMid
0.2136116 0.05069178 1.272167 2 Neck
0.05683113 0.00912911 1.277309 4 ShoulderLeft
-0.09183607 -0.1758333 1.350217 5 ElbowLeft
-0.09084903 -0.368199 1.301512 6 WristLeft
-0.1016767 -0.3961794 1.297402 7 HandLeft
0.3109128 -0.0651375 1.287927 8 ShoulderRight
0.3536991 -0.2433672 1.197323 9 ElbowRight
-0.030806 -0.4118675 1.454623 12 HipLeft
-0.1263845 -0.6653936 1.509286 13 KneeLeft
-0.1887954 -1.039977 1.66548 14 AnkleLeft
0.1272586 -0.458766 1.455664 16 HipRight
0.1426422 -0.7638206 1.272101 17 KneeRight
0.1946884 -0.01026086 1.303039 20 SpineShoulder
-0.09062319 -0.4445052 1.305609 21 HandTipLeft
-0.07341339 -0.3928085 1.314 22 ThumbLeft
0.3046002 0.08810932 1.129633 23 HandTipRight
0.3143788 -0.005595949 1.208667 24 ThumbRight
-0.0327783 -0.4691012 1.539666 0 SpineBase
0.02712808 -0.1887633 1.492035 1 SpineMid
0.08581586 0.08533694 1.429895 2 Neck
-0.07989127 0.02002223 1.426906 4 ShoulderLeft
-0.2003487 -0.1735825 1.460366 5 ElbowLeft
-0.1943918 -0.3568832 1.380149 6 WristLeft
-0.1802894 -0.4023426 1.400214 7 HandLeft
0.1980973 -0.04030512 1.42788 8 ShoulderRight
0.2701642 -0.1287868 1.251851 9 ElbowRight
0.1752069 -0.1589783 1.409473 10 WristRight
0.1214159 -0.1602219 1.394723 11 HandRight
-0.1133846 -0.4473217 1.503321 12 HipLeft
-0.1561704 -0.722167 1.51379 13 KneeLeft
-0.2218619 -1.135373 1.575962 14 AnkleLeft
0.04917526 -0.4701283 1.507285 16 HipRight
0.09243324 -0.7586091 1.297086 17 KneeRight
0.07129622 0.0180289 1.448162 20 SpineShoulder
-0.1839256 -0.4518729 1.356573 21 HandTipLeft
-0.2030999 -0.3991123 1.329889 22 ThumbLeft
0.1346867 -0.2451217 1.440881 23 HandTipRight
0.1908889 -0.1266705 1.4016 24 ThumbRight
-0.0542278 -0.4746123 1.555894 0 SpineBase
0.002512738 -0.1900355 1.516193 1 SpineMid
0.05642522 0.08753803 1.462806 2 Neck
-0.1147566 0.01900479 1.464429 4 ShoulderLeft
-0.2204783 -0.1778507 1.483027 5 ElbowLeft
-0.2292554 -0.3612716 1.403969 6 WristLeft
-0.2058919 -0.4047875 1.418864 7 HandLeft
0.168752 -0.0378117 1.459538 8 ShoulderRight
0.2415678 -0.1298966 1.28575 9 ElbowRight
0.1276966 -0.09700329 1.431698 10 WristRight
0.09256057 -0.06378619 1.419495 11 HandRight
-0.1332335 -0.4544888 1.517721 12 HipLeft
-0.1652262 -0.7321051 1.520306 13 KneeLeft
-0.2158076 -1.149445 1.570743 14 AnkleLeft
0.02705739 -0.4737093 1.525422 16 HipRight
0.07193925 -0.7619637 1.315266 17 KneeRight
0.04350559 0.01934409 1.478378 20 SpineShoulder
-0.2107564 -0.4585545 1.37001 21 HandTipLeft
-0.2212009 -0.3694718 1.360273 22 ThumbLeft
0.04524508 -0.02257601 1.405567 23 HandTipRight
0.03328455 -0.1067332 1.373865 24 ThumbRight
-0.1104678 -0.4793932 1.59665 0 SpineBase
-0.06093878 -0.1892839 1.579275 1 SpineMid
-0.01241144 0.09265254 1.547445 2 Neck
-0.1872984 0.01500532 1.537856 4 ShoulderLeft
-0.2769867 -0.1985494 1.537192 5 ElbowLeft
-0.2880137 -0.3784468 1.450276 6 WristLeft
-0.3016616 -0.4245697 1.436672 7 HandLeft
0.1170701 -0.04663095 1.533892 8 ShoulderRight
0.1606113 -0.1555405 1.359907 9 ElbowRight
0.1447025 -0.2148553 1.532189 10 WristRight
0.06625867 -0.2076236 1.542817 11 HandRight
-0.1884346 -0.4602304 1.55738 12 HipLeft
-0.2031648 -0.742038 1.539756 13 KneeLeft
-0.2301439 -1.165351 1.560105 14 AnkleLeft
-0.02776364 -0.4779055 1.567204 16 HipRight
0.0283309 -0.7246635 1.395 17 KneeRight
0.1093092 -1.096961 1.186114 18 AnkleRight
-0.02443935 0.0234442 1.557925 20 SpineShoulder
-0.2972696 -0.4795715 1.415414 21 HandTipLeft
-0.3024418 -0.4198973 1.391765 22 ThumbLeft
0.05852987 -0.2925931 1.564603 23 HandTipRight
0.05671638 -0.2185643 1.514625 24 ThumbRight
-0.1602126 -0.4481238 1.650545 0 SpineBase
-0.1227672 -0.1525287 1.649466 1 SpineMid
-0.08623962 0.133665 1.633571 2 Neck
-0.2594436 0.0370731 1.613171 4 ShoulderLeft
-0.3581373 -0.1610102 1.617311 5 ElbowLeft
-0.396806 -0.3440022 1.550034 6 WristLeft
-0.4096345 -0.403331 1.542034 7 HandLeft
0.05499261 0.02188838 1.630709 8 ShoulderRight
0.08670758 -0.1417673 1.507437 9 ElbowRight
0.106863 -0.2200717 1.671781 10 WristRight
-0.2338936 -0.4349212 1.61072 12 HipLeft
-0.2417786 -0.7318404 1.590761 13 KneeLeft
-0.2075019 -1.096938 1.746659 14 AnkleLeft
-0.0798157 -0.4425307 1.621325 16 HipRight
-0.01925774 -0.6859884 1.442576 17 KneeRight
0.06697488 -1.052477 1.224005 18 AnkleRight
-0.09530404 0.06346527 1.63999 20 SpineShoulder
-0.412606 -0.462734 1.528192 21 HandTipLeft
-0.4160498 -0.4102196 1.50086 22 ThumbLeft
-0.1773036 -0.4320018 1.669282 0 SpineBase
-0.1464372 -0.1354795 1.676048 1 SpineMid
-0.1173022 0.1509237 1.669976 2 Neck
-0.289086 0.05549351 1.6409 4 ShoulderLeft
-0.3886961 -0.1419243 1.64762 5 ElbowLeft
-0.4310605 -0.3257855 1.586194 6 WristLeft
-0.4507095 -0.3913502 1.579109 7 HandLeft
0.02944632 0.03254544 1.661179 8 ShoulderRight
0.09347899 -0.1336595 1.557596 9 ElbowRight
0.08831136 0.01330773 1.676116 10 WristRight
0.07434198 0.04048777 1.691124 11 HandRight
-0.249936 -0.4204732 1.626635 12 HipLeft
-0.2487365 -0.7334269 1.621316 13 KneeLeft
-0.2050699 -1.096982 1.741461 14 AnkleLeft
-0.09731498 -0.4255417 1.642849 16 HipRight
-0.06539983 -0.6878103 1.491961 17 KneeRight
0.01426872 -1.075069 1.582872 18 AnkleRight
-0.124468 0.08072994 1.673733 20 SpineShoulder
-0.456636 -0.4570373 1.573612 21 HandTipLeft
-0.4794558 -0.3834061 1.579278 22 ThumbLeft
0.05485176 0.09315339 1.711428 23 HandTipRight
0.08789104 0.02796023 1.696 24 ThumbRight
-0.1833701 -0.4276443 1.676939 0 SpineBase
-0.1582731 -0.130786 1.687825 1 SpineMid
-0.1336255 0.1555851 1.683945 2 Neck
-0.304212 0.05778491 1.65743 4 ShoulderLeft
-0.4011906 -0.137451 1.663609 5 ElbowLeft
-0.4452394 -0.3227451 1.597752 6 WristLeft
-0.4669754 -0.3913164 1.583097 7 HandLeft
0.01903155 0.03288593 1.678162 8 ShoulderRight
0.1069557 -0.1416888 1.62688 9 ElbowRight
0.01567448 0.06067141 1.570543 10 WristRight
-0.01360121 0.1174282 1.570361 11 HandRight
-0.2564842 -0.4163032 1.634549 12 HipLeft
-0.2532331 -0.7301235 1.637133 13 KneeLeft
-0.1978081 -1.090073 1.758345 14 AnkleLeft
-0.1026731 -0.4213087 1.650092 16 HipRight
-0.08136986 -0.691577 1.51793 17 KneeRight
-0.0464516 -1.065224 1.659938 18 AnkleRight
-0.1398399 0.08540335 1.687356 20 SpineShoulder
-0.4739015 -0.4571893 1.574105 21 HandTipLeft
-0.4938363 -0.3813984 1.585539 22 ThumbLeft
-0.0425202 0.1746145 1.562249 23 HandTipRight
-0.03408758 0.06453877 1.638236 24 ThumbRight
-0.1862693 -0.42588 1.695833 0 SpineBase
-0.1771372 -0.1274719 1.709493 1 SpineMid
-0.168657 0.1612366 1.708284 2 Neck
-0.3268878 0.05239738 1.687433 4 ShoulderLeft
-0.4116186 -0.1590175 1.682135 5 ElbowLeft
-0.4511298 -0.3348132 1.596055 6 WristLeft
-0.4517027 -0.396675 1.563892 7 HandLeft
0.003162579 0.05238756 1.745784 8 ShoulderRight
0.09126258 -0.1231856 1.755535 9 ElbowRight
-0.03495159 -0.1017672 1.51329 10 WristRight
-0.05481042 -0.09154817 1.515337 11 HandRight
-0.2580865 -0.415699 1.651851 12 HipLeft
-0.2564908 -0.7320979 1.658333 13 KneeLeft
-0.2113214 -1.092654 1.773992 14 AnkleLeft
-0.1073172 -0.4185905 1.671118 16 HipRight
-0.104868 -0.7306678 1.612723 17 KneeRight
-0.07331043 -1.098932 1.728505 18 AnkleRight
-0.1708741 0.09041383 1.711046 20 SpineShoulder
-0.4525826 -0.4580663 1.544465 21 HandTipLeft
-0.4574982 -0.3987144 1.521032 22 ThumbLeft
-0.1836488 -0.4259599 1.702114 0 SpineBase
-0.1773563 -0.1272272 1.717015 1 SpineMid
-0.1710864 0.1617117 1.717617 2 Neck
-0.328215 0.05012482 1.694948 4 ShoulderLeft
-0.4082064 -0.1625613 1.686901 5 ElbowLeft
-0.4349497 -0.3383923 1.591529 6 WristLeft
-0.4312468 -0.3981608 1.558932 7 HandLeft
0.001961607 0.05116815 1.750699 8 ShoulderRight
0.08683969 -0.1201605 1.784808 9 ElbowRight
0.01564654 -0.186802 1.60449 10 WristRight
-0.05140718 -0.2213514 1.553923 11 HandRight
-0.2545232 -0.4157702 1.658474 12 HipLeft
-0.2533081 -0.7365939 1.665643 13 KneeLeft
-0.2180823 -1.094511 1.778875 14 AnkleLeft
-0.1055222 -0.4187567 1.676668 16 HipRight
-0.1028033 -0.7411943 1.643279 17 KneeRight
-0.07193305 -1.108686 1.733766 18 AnkleRight
-0.1727684 0.09083112 1.71987 20 SpineShoulder
-0.4304654 -0.4564531 1.536272 21 HandTipLeft
-0.4298327 -0.4045849 1.512679 22 ThumbLeft
-0.04327679 -0.2315199 1.492961 23 HandTipRight
-0.06372478 -0.2760935 1.580875 24 ThumbRight
-0.1794453 -0.4278407 1.708523 0 SpineBase
-0.1760798 -0.1281443 1.725182 1 SpineMid
-0.1722012 0.1616798 1.727822 2 Neck
-0.3286645 0.04763694 1.703659 4 ShoulderLeft
-0.4004286 -0.1681556 1.691462 5 ElbowLeft
-0.4199996 -0.3399766 1.589537 6 WristLeft
-0.4099188 -0.3989702 1.55782 7 HandLeft
0.002113793 0.04920954 1.756367 8 ShoulderRight
0.06769969 -0.129489 1.793351 9 ElbowRight
0.02581557 -0.2507053 1.634715 10 WristRight
-0.02771953 -0.306151 1.592938 11 HandRight
-0.2499262 -0.4172772 1.664416 12 HipLeft
-0.2504433 -0.7405059 1.671581 13 KneeLeft
-0.2183344 -1.097365 1.781504 14 AnkleLeft
-0.1018137 -0.4210187 1.683409 16 HipRight
-0.09358183 -0.7584817 1.672031 17 KneeRight
-0.07128063 -1.114439 1.746278 18 AnkleRight
-0.1733093 0.09057129 1.72954 20 SpineShoulder
-0.4069743 -0.4591238 1.533211 21 HandTipLeft
-0.404624 -0.3942584 1.515368 22 ThumbLeft
-0.0164549 -0.340366 1.530319 23 HandTipRight
-0.05771212 -0.3511544 1.602193 24 ThumbRight
-0.1593834 -0.4327376 1.722971 0 SpineBase
-0.1623145 -0.1312922 1.744997 1 SpineMid
-0.1637876 0.1600796 1.752505 2 Neck
-0.3188761 0.04128557 1.724159 4 ShoulderLeft
-0.3742382 -0.1773361 1.702983 5 ElbowLeft
-0.3828078 -0.344449 1.591089 6 WristLeft
-0.3688846 -0.4002547 1.562211 7 HandLeft
0.01252811 0.04097821 1.77655 8 ShoulderRight
0.0502174 -0.1911149 1.77959 9 ElbowRight
0.08303624 -0.3731684 1.705392 10 WristRight
0.09517477 -0.4239364 1.691351 11 HandRight
-0.2300487 -0.4219888 1.677697 12 HipLeft
-0.2421249 -0.7501683 1.681425 13 KneeLeft
-0.2143433 -1.105546 1.782732 14 AnkleLeft
-0.08231243 -0.4260758 1.698894 16 HipRight
-0.07427869 -0.7636763 1.693656 17 KneeRight
-0.0664455 -1.119439 1.768539 18 AnkleRight
-0.1636361 0.0885938 1.753021 20 SpineShoulder
-0.3640795 -0.4560611 1.533791 21 HandTipLeft
-0.3770267 -0.4034581 1.522674 22 ThumbLeft
0.1121705 -0.4961197 1.690865 23 HandTipRight
0.08066191 -0.4300099 1.660743 24 ThumbRight
-0.1525254 -0.4324484 1.726474 0 SpineBase
-0.155633 -0.1311235 1.750122 1 SpineMid
-0.1573823 0.1601156 1.759099 2 Neck
-0.3134452 0.0405845 1.732015 4 ShoulderLeft
-0.3666721 -0.1784722 1.707284 5 ElbowLeft
-0.372566 -0.3464152 1.596538 6 WristLeft
-0.3594342 -0.4015224 1.571149 7 HandLeft
0.01893376 0.04100056 1.783241 8 ShoulderRight
0.05947357 -0.1953717 1.784445 9 ElbowRight
0.1178809 -0.3768767 1.730928 10 WristRight
0.1278494 -0.420869 1.722928 11 HandRight
-0.2235655 -0.4218911 1.680703 12 HipLeft
-0.2369755 -0.7514139 1.683664 13 KneeLeft
-0.2146655 -1.105013 1.788229 14 AnkleLeft
-0.07536323 -0.4256116 1.702833 16 HipRight
-0.06567034 -0.7613139 1.696036 17 KneeRight
-0.05822298 -1.117995 1.776534 18 AnkleRight
-0.1571567 0.08866373 1.759262 20 SpineShoulder
-0.3533104 -0.455716 1.542745 21 HandTipLeft
-0.3580573 -0.3934037 1.530717 22 ThumbLeft
0.1450918 -0.4915899 1.731707 23 HandTipRight
0.1043911 -0.4479255 1.731182 24 ThumbRight
-0.1464684 -0.4325192 1.728105 0 SpineBase
-0.1485588 -0.131292 1.753897 1 SpineMid
-0.1492094 0.1598215 1.765308 2 Neck
-0.3069848 0.03909691 1.737753 4 ShoulderLeft
-0.3597445 -0.1803492 1.712526 5 ElbowLeft
-0.3659008 -0.3484418 1.602113 6 WristLeft
-0.3552901 -0.4038422 1.579894 7 HandLeft
0.02593861 0.04040242 1.78823 8 ShoulderRight
0.07932564 -0.1863533 1.810999 9 ElbowRight
0.1371679 -0.3646708 1.744962 10 WristRight
0.1529811 -0.4157833 1.727158 11 HandRight
-0.2177863 -0.4220438 1.682575 12 HipLeft
-0.2320804 -0.7517605 1.684906 13 KneeLeft
-0.2071578 -1.105715 1.788271 14 AnkleLeft
-0.06926369 -0.4256053 1.70418 16 HipRight
-0.06274007 -0.761675 1.696892 17 KneeRight
-0.05705308 -1.118415 1.777264 18 AnkleRight
-0.1492582 0.08840144 1.764839 20 SpineShoulder
-0.3505182 -0.4572176 1.551273 21 HandTipLeft
-0.3595809 -0.4048439 1.538383 22 ThumbLeft
0.1712855 -0.4885852 1.731 23 HandTipRight
0.1475525 -0.4015939 1.7322 24 ThumbRight
-0.1302464 -0.4346651 1.732953 0 SpineBase
-0.129445 -0.13437 1.76107 1 SpineMid
-0.1274993 0.1558348 1.774287 2 Neck
-0.2878473 0.03658937 1.746856 4 ShoulderLeft
-0.3415014 -0.187529 1.721555 5 ElbowLeft
-0.3555981 -0.3604828 1.621166 6 WristLeft
-0.3548138 -0.4183488 1.605321 7 HandLeft
0.04691271 0.03936058 1.802398 8 ShoulderRight
0.1093959 -0.1833418 1.822234 9 ElbowRight
0.1755414 -0.3538579 1.742906 10 WristRight
0.197268 -0.4186662 1.701142 11 HandRight
-0.2010017 -0.4240637 1.688709 12 HipLeft
-0.2195253 -0.7533607 1.683167 13 KneeLeft
-0.2052812 -1.112513 1.777107 14 AnkleLeft
-0.05425905 -0.4278233 1.707718 16 HipRight
-0.05802487 -0.7633055 1.697538 17 KneeRight
-0.05835092 -1.121041 1.779375 18 AnkleRight
-0.1281629 0.08463311 1.773417 20 SpineShoulder
-0.3557461 -0.4746744 1.581618 21 HandTipLeft
-0.3597178 -0.4253592 1.56464 22 ThumbLeft
0.2096141 -0.4922263 1.715025 23 HandTipRight
0.1858059 -0.4335632 1.725778 24 ThumbRight
-0.1239952 -0.4340901 1.734794 0 SpineBase
-0.1223448 -0.1339881 1.763558 1 SpineMid
-0.1196287 0.1560707 1.777461 2 Neck
-0.2795236 0.03785099 1.749312 4 ShoulderLeft
-0.3340272 -0.1881386 1.72386 5 ElbowLeft
-0.3523011 -0.3624839 1.627054 6 WristLeft
-0.3504173 -0.4174924 1.611049 7 HandLeft
0.05562516 0.04017592 1.80554 8 ShoulderRight
0.1145011 -0.1826697 1.819507 9 ElbowRight
0.1816479 -0.3502514 1.734135 10 WristRight
0.1973169 -0.4085 1.684507 11 HandRight
-0.194672 -0.423371 1.691235 12 HipLeft
-0.2158978 -0.7530257 1.682099 13 KneeLeft
-0.2041134 -1.112455 1.775744 14 AnkleLeft
-0.04832083 -0.4273918 1.708863 16 HipRight
-0.05429121 -0.7630286 1.698688 17 KneeRight
-0.05867903 -1.121582 1.777599 18 AnkleRight
-0.1204715 0.08489969 1.776415 20 SpineShoulder
-0.3534098 -0.476263 1.591255 21 HandTipLeft
-0.3556586 -0.4200731 1.571882 22 ThumbLeft
0.2129893 -0.4787279 1.687174 23 HandTipRight
0.1814192 -0.3972444 1.7052 24 ThumbRight
-0.1183251 -0.4332946 1.736198 0 SpineBase
-0.1163448 -0.1329391 1.76524 1 SpineMid
-0.1134669 0.1573593 1.779318 2 Neck
-0.2717458 0.03884638 1.750639 4 ShoulderLeft
-0.328333 -0.1865078 1.726135 5 ElbowLeft
-0.3479385 -0.3613293 1.630664 6 WristLeft
-0.343832 -0.4133812 1.609668 7 HandLeft
0.06241861 0.04041668 1.806546 8 ShoulderRight
0.1185798 -0.1817722 1.816545 9 ElbowRight
0.18323 -0.3464792 1.723046 10 WristRight
0.1912523 -0.4025544 1.668548 11 HandRight
-0.1894342 -0.4225385 1.692724 12 HipLeft
-0.2124522 -0.752116 1.682047 13 KneeLeft
-0.2047635 -1.111994 1.775547 14 AnkleLeft
-0.04247189 -0.4266819 1.710116 16 HipRight
-0.05065542 -0.7612215 1.699284 17 KneeRight
-0.05963093 -1.121232 1.77742 18 AnkleRight
-0.1143315 0.08613043 1.778236 20 SpineShoulder
-0.3433913 -0.470237 1.588473 21 HandTipLeft
-0.3487526 -0.4131326 1.57139 22 ThumbLeft
0.2057199 -0.4656613 1.659878 23 HandTipRight
0.2028504 -0.4604438 1.695667 24 ThumbRight
-0.1096151 -0.4319068 1.741369 0 SpineBase
-0.1054863 -0.1315883 1.770314 1 SpineMid
-0.1004435 0.1586733 1.784241 2 Neck
-0.2593659 0.04070628 1.756502 4 ShoulderLeft
-0.3191622 -0.1820264 1.731939 5 ElbowLeft
-0.3357296 -0.3535741 1.629488 6 WristLeft
-0.3284724 -0.4052799 1.596916 7 HandLeft
0.07373437 0.04123944 1.808053 8 ShoulderRight
0.1237235 -0.179841 1.814857 9 ElbowRight
0.1784195 -0.3389629 1.70503 10 WristRight
0.1747398 -0.3926453 1.649783 11 HandRight
-0.1809831 -0.4208872 1.698577 12 HipLeft
-0.2059481 -0.7525378 1.685772 13 KneeLeft
-0.2051195 -1.112434 1.773652 14 AnkleLeft
-0.03386157 -0.4256468 1.71456 16 HipRight
-0.04393855 -0.7593986 1.701363 17 KneeRight
-0.06227424 -1.121012 1.776897 18 AnkleRight
-0.1018417 0.08745315 1.783203 20 SpineShoulder
-0.3261642 -0.4595538 1.574206 21 HandTipLeft
-0.3258972 -0.3916888 1.558786 22 ThumbLeft
0.1851847 -0.4520849 1.630098 23 HandTipRight
0.1643648 -0.4476391 1.642429 24 ThumbRight
-0.1067705 -0.4322611 1.745776 0 SpineBase
-0.1013385 -0.1319235 1.773722 1 SpineMid
-0.09483004 0.1583742 1.786853 2 Neck
-0.2539728 0.04036669 1.760572 4 ShoulderLeft
-0.314839 -0.1809572 1.73461 5 ElbowLeft
-0.3294123 -0.3500012 1.627253 6 WristLeft
-0.3206066 -0.4012641 1.593272 7 HandLeft
0.07823367 0.04157587 1.807932 8 ShoulderRight
0.1263183 -0.1783341 1.814287 9 ElbowRight
0.176395 -0.3380912 1.703029 10 WristRight
0.1703009 -0.3937221 1.650354 11 HandRight
-0.1781237 -0.4211389 1.704582 12 HipLeft
-0.2046103 -0.7541924 1.688052 13 KneeLeft
-0.2011854 -1.113945 1.772553 14 AnkleLeft
-0.03118861 -0.4261062 1.717611 16 HipRight
-0.04147025 -0.7600894 1.703137 17 KneeRight
-0.06088174 -1.121882 1.777613 18 AnkleRight
-0.09661628 0.08714402 1.786014 20 SpineShoulder
-0.3171813 -0.4537821 1.56767 21 HandTipLeft
-0.3276938 -0.3955474 1.55545 22 ThumbLeft
0.1786525 -0.4546928 1.628968 23 HandTipRight
0.156259 -0.4487335 1.641667 24 ThumbRight
-0.1033749 -0.4339513 1.756194 0 SpineBase
-0.09585067 -0.1332269 1.781171 1 SpineMid
-0.08756173 0.1574893 1.791771 2 Neck
-0.2467937 0.03940461 1.770347 4 ShoulderLeft
-0.305883 -0.1806316 1.744164 5 ElbowLeft
-0.3210761 -0.3454202 1.629826 6 WristLeft
-0.3078053 -0.3986906 1.608968 7 HandLeft
0.08318507 0.04114725 1.807492 8 ShoulderRight
0.1322418 -0.1769257 1.813264 9 ElbowRight
0.1747636 -0.3391941 1.70252 10 WristRight
0.1722558 -0.4006684 1.659845 11 HandRight
-0.1748327 -0.4227483 1.717254 12 HipLeft
-0.2018363 -0.7569959 1.691721 13 KneeLeft
-0.198793 -1.118117 1.769203 14 AnkleLeft
-0.02790118 -0.4278775 1.72575 16 HipRight
-0.03828892 -0.7611509 1.706231 17 KneeRight
-0.06045568 -1.124715 1.777752 18 AnkleRight
-0.08977717 0.08615121 1.791527 20 SpineShoulder
-0.3079453 -0.4503319 1.572602 21 HandTipLeft
-0.3154517 -0.3660192 1.577708 22 ThumbLeft
0.181956 -0.459881 1.639526 23 HandTipRight
0.1517801 -0.4355205 1.664667 24 ThumbRight
-0.09982093 -0.4355594 1.772706 0 SpineBase
-0.08875841 -0.1347344 1.795487 1 SpineMid
-0.07735244 0.1562658 1.803593 2 Neck
-0.2419546 0.03695092 1.786578 4 ShoulderLeft
-0.2944433 -0.1854784 1.768009 5 ElbowLeft
-0.3123801 -0.35169 1.656507 6 WristLeft
-0.3096575 -0.4031687 1.63467 7 HandLeft
0.08907364 0.04075324 1.809003 8 ShoulderRight
0.1421412 -0.1763342 1.817057 9 ElbowRight
0.1807901 -0.3432677 1.712617 10 WristRight
0.1883599 -0.4073477 1.678993 11 HandRight
-0.1715729 -0.4239644 1.735655 12 HipLeft
-0.1980651 -0.7590933 1.695656 13 KneeLeft
-0.2018293 -1.121715 1.766083 14 AnkleLeft
-0.02420393 -0.4299648 1.740169 16 HipRight
-0.03459809 -0.7632188 1.715803 17 KneeRight
-0.06070612 -1.128928 1.778748 18 AnkleRight
-0.08028649 0.08484075 1.80399 20 SpineShoulder
-0.308451 -0.4565375 1.606493 21 HandTipLeft
-0.3185419 -0.4062456 1.59325 22 ThumbLeft
0.2000784 -0.467801 1.662162 23 HandTipRight
0.1664999 -0.4549549 1.6874 24 ThumbRight
-0.09726515 -0.4352867 1.780774 0 SpineBase
-0.08588103 -0.1354947 1.803228 1 SpineMid
-0.07414138 0.1546614 1.810967 2 Neck
-0.2392449 0.03460275 1.797763 4 ShoulderLeft
-0.292252 -0.1889335 1.783899 5 ElbowLeft
-0.3119927 -0.3572762 1.676421 6 WristLeft
-0.3140833 -0.4076511 1.65991 7 HandLeft
0.09183852 0.04010659 1.812533 8 ShoulderRight
0.1497708 -0.1784928 1.8232 9 ElbowRight
0.1880147 -0.3456379 1.719023 10 WristRight
0.197333 -0.4056251 1.690584 11 HandRight
-0.169674 -0.4233672 1.74472 12 HipLeft
-0.1931598 -0.7491211 1.689673 13 KneeLeft
-0.2120465 -1.116434 1.776139 14 AnkleLeft
-0.02112098 -0.4301012 1.747233 16 HipRight
-0.03249413 -0.7595701 1.723392 17 KneeRight
-0.06274446 -1.13047 1.778356 18 AnkleRight
-0.07714862 0.08342599 1.811458 20 SpineShoulder
-0.3135863 -0.4648148 1.633272 21 HandTipLeft
-0.3443506 -0.4225655 1.652 22 ThumbLeft
0.2099185 -0.471974 1.677078 23 HandTipRight
0.1804382 -0.4503888 1.6935 24 ThumbRight
-0.09466824 -0.4342161 1.788881 0 SpineBase
-0.08401106 -0.1359624 1.811361 1 SpineMid
-0.07299775 0.1527065 1.81921 2 Neck
-0.2385686 0.03238691 1.807973 4 ShoulderLeft
-0.2911741 -0.190413 1.800452 5 ElbowLeft
-0.3165673 -0.3613563 1.699171 6 WristLeft
-0.3207092 -0.4132335 1.683126 7 HandLeft
0.09296942 0.03966466 1.819894 8 ShoulderRight
0.1540903 -0.171789 1.833143 9 ElbowRight
0.1938702 -0.3408641 1.733139 10 WristRight
0.2030692 -0.4060865 1.701536 11 HandRight
-0.1679705 -0.4218749 1.752179 12 HipLeft
-0.1903997 -0.7269577 1.676962 13 KneeLeft
-0.2135864 -1.086556 1.82816 14 AnkleLeft
-0.01763035 -0.4296699 1.756016 16 HipRight
-0.03133489 -0.7495786 1.731264 17 KneeRight
-0.06053932 -1.132112 1.77588 18 AnkleRight
-0.07581519 0.08183692 1.819666 20 SpineShoulder
-0.3218278 -0.4723381 1.658947 21 HandTipLeft
-0.2911056 -0.4375793 1.6895 22 ThumbLeft
0.2151322 -0.4737329 1.687506 23 HandTipRight
0.1820002 -0.4370988 1.70425 24 ThumbRight
-0.09755293 -0.4350198 1.806161 0 SpineBase
-0.09011193 -0.1375795 1.835236 1 SpineMid
-0.08276949 0.1502645 1.849942 2 Neck
-0.2458178 0.02960035 1.832942 4 ShoulderLeft
-0.3021533 -0.1949772 1.828278 5 ElbowLeft
-0.3308067 -0.3706431 1.737859 6 WristLeft
-0.3387199 -0.4237049 1.723502 7 HandLeft
0.08204413 0.03937494 1.846513 8 ShoulderRight
0.1487822 -0.1695265 1.863005 9 ElbowRight
0.1956879 -0.3355305 1.760776 10 WristRight
0.2005832 -0.3985328 1.728421 11 HandRight
-0.1711614 -0.4225648 1.768458 12 HipLeft
-0.1840798 -0.7206316 1.697578 13 KneeLeft
-0.2049114 -1.059342 1.884733 14 AnkleLeft
-0.2064801 -1.153274 1.829317 15 FootLeft
-0.02017481 -0.430539 1.774289 16 HipRight
-0.03521781 -0.7504681 1.739632 17 KneeRight
-0.05997808 -1.1352 1.773994 18 AnkleRight
-0.08464079 0.07958005 1.84867 20 SpineShoulder
-0.337662 -0.4838598 1.702713 21 HandTipLeft
-0.3162724 -0.4532194 1.733444 22 ThumbLeft
0.2127151 -0.4717854 1.71941 23 HandTipRight
0.1930472 -0.4318229 1.730556 24 ThumbRight
-0.1060102 -0.437902 1.82496 0 SpineBase
-0.1032434 -0.1402506 1.85756 1 SpineMid
-0.1003447 0.1480314 1.875498 2 Neck
-0.2578626 0.02628684 1.853197 4 ShoulderLeft
-0.3162304 -0.1970857 1.850813 5 ElbowLeft
-0.3434224 -0.3716016 1.757472 6 WristLeft
-0.354501 -0.4289065 1.741219 7 HandLeft
0.06829473 0.03654377 1.874055 8 ShoulderRight
0.1353288 -0.171479 1.892153 9 ElbowRight
0.1859926 -0.3367911 1.790716 10 WristRight
0.1843784 -0.3968996 1.758053 11 HandRight
-0.1789179 -0.4266206 1.785515 12 HipLeft
-0.183987 -0.7414951 1.745187 13 KneeLeft
-0.1973738 -1.07721 1.92114 14 AnkleLeft
-0.1940504 -1.170256 1.861552 15 FootLeft
-0.02907029 -0.4323261 1.794776 16 HipRight
-0.04171063 -0.7516769 1.747639 17 KneeRight
-0.05652234 -1.138836 1.772406 18 AnkleRight
-0.1011446 0.07720791 1.873443 20 SpineShoulder
-0.3572472 -0.4872115 1.724764 21 HandTipLeft
-0.3322403 -0.4622086 1.754143 22 ThumbLeft
0.197739 -0.4676548 1.745137 23 HandTipRight
0.1784144 -0.4590337 1.75275 24 ThumbRight
-0.1185481 -0.4400143 1.849954 0 SpineBase
-0.1181718 -0.1421895 1.882346 1 SpineMid
-0.11716 0.1462818 1.900059 2 Neck
-0.2738222 0.02615374 1.875828 4 ShoulderLeft
-0.3344703 -0.1941766 1.872072 5 ElbowLeft
-0.3585299 -0.3681782 1.776676 6 WristLeft
-0.3696068 -0.4266134 1.752765 7 HandLeft
0.04991779 0.03473114 1.90682 8 ShoulderRight
0.1144284 -0.1759217 1.946694 9 ElbowRight
0.1628197 -0.3346302 1.833093 10 WristRight
0.1623823 -0.4016733 1.799021 11 HandRight
-0.1906357 -0.429891 1.808143 12 HipLeft
-0.191173 -0.7523125 1.777806 13 KneeLeft
-0.1946074 -1.082003 1.937666 14 AnkleLeft
-0.1987827 -1.159307 1.886547 15 FootLeft
-0.0419745 -0.4334933 1.822247 16 HipRight
-0.0602198 -0.754294 1.766033 17 KneeRight
-0.04878974 -1.141494 1.767136 18 AnkleRight
-0.1175379 0.0754024 1.898061 20 SpineShoulder
-0.3688337 -0.4841705 1.735232 21 HandTipLeft
-0.3525603 -0.4608182 1.769 22 ThumbLeft
0.1751056 -0.4754364 1.789163 23 HandTipRight
0.1444709 -0.4496618 1.808138 24 ThumbRight
-0.1456424 -0.4357482 1.87828 0 SpineBase
-0.1419452 -0.1390752 1.91005 1 SpineMid
-0.1374755 0.1484645 1.927404 2 Neck
-0.2941261 0.02885654 1.902928 4 ShoulderLeft
-0.3643436 -0.1814983 1.899475 5 ElbowLeft
-0.3792715 -0.356287 1.798499 6 WristLeft
-0.392409 -0.4178723 1.768423 7 HandLeft
0.03058657 0.03661143 1.945997 8 ShoulderRight
0.0805758 -0.1836986 2.02954 9 ElbowRight
0.1344966 -0.3359962 1.887701 10 WristRight
0.1343417 -0.4046476 1.857788 11 HandRight
-0.217286 -0.4259341 1.836718 12 HipLeft
-0.2142162 -0.7593678 1.805638 13 KneeLeft
-0.1964342 -1.077969 1.938789 14 AnkleLeft
-0.1732757 -1.158795 1.85345 15 FootLeft
-0.06858041 -0.4293751 1.850082 16 HipRight
-0.08769802 -0.7539033 1.762221 17 KneeRight
-0.03711716 -1.131508 1.761387 18 AnkleRight
-0.1387357 0.07779089 1.925473 20 SpineShoulder
-0.3920514 -0.4726694 1.746258 21 HandTipLeft
-0.3753683 -0.4514302 1.785625 22 ThumbLeft
0.1471575 -0.4842491 1.856437 23 HandTipRight
0.1209253 -0.4117468 1.863889 24 ThumbRight
-0.1501605 -0.4335259 1.88519 0 SpineBase
-0.1464768 -0.1375285 1.91643 1 SpineMid
-0.1419133 0.1493769 1.933206 2 Neck
-0.2997787 0.03133431 1.911714 4 ShoulderLeft
-0.3688115 -0.1796304 1.904082 5 ElbowLeft
-0.3870516 -0.3589207 1.803195 6 WristLeft
-0.3996028 -0.4159241 1.775753 7 HandLeft
0.0262278 0.03980466 1.959821 8 ShoulderRight
0.08081554 -0.1858524 2.030028 9 ElbowRight
0.1324407 -0.3499911 1.924261 10 WristRight
0.1258996 -0.4161524 1.89021 11 HandRight
-0.2211445 -0.424158 1.842554 12 HipLeft
-0.2201784 -0.7558134 1.811852 13 KneeLeft
-0.1947612 -1.0812 1.942109 14 AnkleLeft
-0.1675585 -1.158526 1.852493 15 FootLeft
-0.07364956 -0.4268088 1.858107 16 HipRight
-0.08916059 -0.7530043 1.760604 17 KneeRight
-0.03815368 -1.127746 1.760402 18 AnkleRight
-0.1432089 0.07885551 1.931425 20 SpineShoulder
-0.4012356 -0.474133 1.756651 21 HandTipLeft
-0.3798016 -0.4574957 1.79525 22 ThumbLeft
0.1379177 -0.4982646 1.887321 23 HandTipRight
0.1053002 -0.4506024 1.886 24 ThumbRight
-0.1571856 -0.4230905 1.894773 0 SpineBase
-0.1559193 -0.1270814 1.931653 1 SpineMid
-0.1538144 0.1594274 1.954686 2 Neck
-0.3070143 0.03804289 1.921356 4 ShoulderLeft
-0.3792351 -0.1712925 1.914751 5 ElbowLeft
-0.4083281 -0.3481135 1.827177 6 WristLeft
-0.419214 -0.4088621 1.803084 7 HandLeft
0.01945236 0.04756022 1.98608 8 ShoulderRight
0.07042776 -0.1884202 2.040238 9 ElbowRight
0.1294803 -0.3628549 1.965025 10 WristRight
0.1204223 -0.4186462 1.91545 11 HandRight
-0.2270917 -0.414689 1.847333 12 HipLeft
-0.2276609 -0.7359058 1.832739 13 KneeLeft
-0.1962215 -1.068602 1.941996 14 AnkleLeft
-0.1622657 -1.136648 1.842036 15 FootLeft
-0.08164514 -0.4159017 1.873151 16 HipRight
-0.08035284 -0.7364014 1.74648 17 KneeRight
-0.0542373 -1.110226 1.783405 18 AnkleRight
-0.1545048 0.0890395 1.951296 20 SpineShoulder
-0.4220539 -0.4662478 1.789026 21 HandTipLeft
-0.4019457 -0.4404842 1.823778 22 ThumbLeft
0.125062 -0.5074287 1.955876 23 HandTipRight
0.09494153 -0.4561653 1.941 24 ThumbRight
-0.1580431 -0.4179758 1.897474 0 SpineBase
-0.1580932 -0.1230198 1.935503 1 SpineMid
-0.1574262 0.162612 1.959842 2 Neck
-0.309164 0.04082864 1.922697 4 ShoulderLeft
-0.3884916 -0.1632676 1.922995 5 ElbowLeft
-0.4164557 -0.3462389 1.83132 6 WristLeft
-0.4288623 -0.4140444 1.799528 7 HandLeft
0.01654908 0.05124146 2.002503 8 ShoulderRight
0.06223281 -0.1910432 2.050629 9 ElbowRight
0.1251435 -0.3645008 1.974544 10 WristRight
0.1234693 -0.4237905 1.919982 11 HandRight
-0.2274177 -0.409806 1.848153 12 HipLeft
-0.2273446 -0.7416717 1.866509 13 KneeLeft
-0.1945727 -1.061236 1.96472 14 AnkleLeft
-0.1552824 -1.125412 1.862368 15 FootLeft
-0.08298956 -0.410625 1.877536 16 HipRight
-0.07887471 -0.7294462 1.747559 17 KneeRight
-0.04677726 -1.083391 1.861757 18 AnkleRight
-0.1577433 0.0924338 1.956108 20 SpineShoulder
-0.4318261 -0.4723775 1.785715 21 HandTipLeft
-0.4114821 -0.4410108 1.82775 22 ThumbLeft
0.1270241 -0.5127308 1.959544 23 HandTipRight
0.1267524 -0.4131067 1.9566 24 ThumbRight
-0.157804 -0.4185521 1.897229 0 SpineBase
-0.1581058 -0.1236409 1.935175 1 SpineMid
-0.1576713 0.1618294 1.959284 2 Neck
-0.3085709 0.03982628 1.920472 4 ShoulderLeft
-0.3897258 -0.1640338 1.920688 5 ElbowLeft
-0.4198719 -0.3481009 1.828377 6 WristLeft
-0.430933 -0.4152012 1.790404 7 HandLeft
0.0162439 0.05012316 2.008454 8 ShoulderRight
0.0621456 -0.1983034 2.049813 9 ElbowRight
0.1262636 -0.3712705 1.975625 10 WristRight
0.1257732 -0.42905 1.917075 11 HandRight
-0.2267305 -0.4103573 1.84747 12 HipLeft
-0.2285914 -0.7457739 1.868869 13 KneeLeft
-0.1953989 -1.059347 1.963169 14 AnkleLeft
-0.1532807 -1.121652 1.860194 15 FootLeft
-0.08306174 -0.4113771 1.877502 16 HipRight
-0.07839521 -0.7308218 1.749995 17 KneeRight
-0.05000928 -1.08752 1.85761 18 AnkleRight
-0.1579227 0.09169731 1.955628 20 SpineShoulder
-0.4355553 -0.4797338 1.77872 21 HandTipLeft
-0.4145602 -0.4440743 1.809556 22 ThumbLeft
0.1279673 -0.5158768 1.949659 23 HandTipRight
0.1165766 -0.4466743 1.941667 24 ThumbRight
-0.1563907 -0.4216516 1.886699 0 SpineBase
-0.1547272 -0.1270404 1.922902 1 SpineMid
-0.1514513 0.1578175 1.944214 2 Neck
-0.3041871 0.0389043 1.904733 4 ShoulderLeft
-0.3793061 -0.1669856 1.891479 5 ElbowLeft
-0.4155047 -0.3531596 1.805417 6 WristLeft
-0.419637 -0.417551 1.769129 7 HandLeft
0.0199948 0.04212357 1.993157 8 ShoulderRight
0.06436286 -0.2002167 2.033354 9 ElbowRight
0.1268452 -0.3811572 1.985761 10 WristRight
0.1281398 -0.4357054 1.914178 11 HandRight
-0.2247465 -0.4123194 1.834979 12 HipLeft
-0.2288708 -0.7452019 1.859933 13 KneeLeft
-0.1944087 -1.058304 1.964185 14 AnkleLeft
-0.2033611 -1.137014 1.920964 15 FootLeft
-0.08223006 -0.4153181 1.868319 16 HipRight
-0.07877705 -0.7307268 1.747044 17 KneeRight
-0.06298897 -1.106868 1.805366 18 AnkleRight
-0.1525082 0.08786704 1.941354 20 SpineShoulder
-0.4237023 -0.4877137 1.766466 21 HandTipLeft
-0.4072437 -0.4205194 1.7862 22 ThumbLeft
0.1294048 -0.5211974 1.955107 23 HandTipRight
0.142359 -0.4926401 1.903 24 ThumbRight
-0.1377446 -0.42757 1.827365 0 SpineBase
-0.1295463 -0.1285067 1.848172 1 SpineMid
-0.1204244 0.161369 1.854138 2 Neck
-0.2795665 0.04390291 1.805688 4 ShoulderLeft
-0.3423492 -0.1603884 1.755628 5 ElbowLeft
-0.3449225 -0.3377815 1.653415 6 WristLeft
-0.3427248 -0.4031436 1.611728 7 HandLeft
0.04385192 0.03213543 1.912191 8 ShoulderRight
0.08674583 -0.2219454 1.96248 9 ElbowRight
0.1370901 -0.4016794 1.895553 10 WristRight
0.1414208 -0.4597054 1.870688 11 HandRight
-0.2057393 -0.4186421 1.77485 12 HipLeft
-0.2179093 -0.7471338 1.832828 13 KneeLeft
-0.1937171 -1.067616 1.959086 14 AnkleLeft
-0.1472936 -1.135005 1.865066 15 FootLeft
-0.06456249 -0.420107 1.810013 16 HipRight
-0.04944808 -0.7050068 1.647675 17 KneeRight
-0.01779889 -1.099277 1.573702 18 AnkleRight
-0.122841 0.09015816 1.855099 20 SpineShoulder
-0.3391579 -0.4634146 1.593466 21 HandTipLeft
-0.3758695 -0.4123772 1.6128 22 ThumbLeft
0.1437305 -0.529834 1.897104 23 HandTipRight
0.1498194 -0.5093496 1.865833 24 ThumbRight
-0.1265163 -0.4325446 1.790036 0 SpineBase
-0.1172763 -0.1328373 1.80781 1 SpineMid
-0.1074135 0.1573262 1.810664 2 Neck
-0.264884 0.04037379 1.762535 4 ShoulderLeft
-0.3241043 -0.1567667 1.702063 5 ElbowLeft
-0.3122439 -0.3250362 1.589876 6 WristLeft
-0.3049343 -0.3942077 1.539569 7 HandLeft
0.05740159 0.02890175 1.862578 8 ShoulderRight
0.09016322 -0.2139011 1.915864 9 ElbowRight
0.138691 -0.4002553 1.875447 10 WristRight
0.1447356 -0.4708344 1.853767 11 HandRight
-0.1948328 -0.4239129 1.737977 12 HipLeft
-0.2054264 -0.7547647 1.810578 13 KneeLeft
-0.1933919 -1.069142 1.946657 14 AnkleLeft
-0.152264 -1.142702 1.858142 15 FootLeft
-0.05333522 -0.424301 1.772298 16 HipRight
-0.03036647 -0.6962621 1.608352 17 KneeRight
0.0007757806 -1.09815 1.516242 18 AnkleRight
-0.109987 0.08608502 1.812396 20 SpineShoulder
-0.2954242 -0.450278 1.517409 21 HandTipLeft
-0.2748549 -0.4207709 1.549429 22 ThumbLeft
0.1427789 -0.5424695 1.888689 23 HandTipRight
0.1597601 -0.4769837 1.81885 24 ThumbRight
-0.1076672 -0.4389911 1.740154 0 SpineBase
-0.09942611 -0.1376117 1.758761 1 SpineMid
-0.09065936 0.1539046 1.762216 2 Neck
-0.2466591 0.03612098 1.713025 4 ShoulderLeft
-0.3051922 -0.1579368 1.65088 5 ElbowLeft
-0.2795452 -0.3195999 1.529954 6 WristLeft
-0.2692888 -0.383748 1.477464 7 HandLeft
0.07229987 0.02228913 1.811472 8 ShoulderRight
0.1048634 -0.2214894 1.862947 9 ElbowRight
0.148038 -0.4109321 1.840624 10 WristRight
0.1528233 -0.4876256 1.829839 11 HandRight
-0.1772564 -0.4316201 1.69219 12 HipLeft
-0.1924239 -0.7677428 1.782576 13 KneeLeft
-0.1886479 -1.073161 1.94158 14 AnkleLeft
-0.1698926 -1.148154 1.884895 15 FootLeft
-0.03381312 -0.4288208 1.718626 16 HipRight
-0.01494172 -0.6960037 1.579047 17 KneeRight
0.03305129 -1.104758 1.458843 18 AnkleRight
-0.09294351 0.08236854 1.76381 20 SpineShoulder
-0.2551618 -0.4376576 1.451747 21 HandTipLeft
-0.2365042 -0.4024861 1.490462 22 ThumbLeft
0.1456899 -0.5553375 1.877691 23 HandTipRight
0.1673502 -0.4913296 1.796 24 ThumbRight
-0.04193845 -0.4234186 1.574054 0 SpineBase
-0.0392446 -0.1208001 1.614932 1 SpineMid
-0.03603486 0.1702764 1.638731 2 Neck
-0.1933665 0.05252413 1.586925 4 ShoulderLeft
-0.2360849 -0.1665787 1.537639 5 ElbowLeft
-0.2239352 -0.3241227 1.411366 6 WristLeft
-0.2020101 -0.3719145 1.392037 7 HandLeft
0.1310793 0.03219615 1.659479 8 ShoulderRight
0.1677846 -0.2290414 1.686442 9 ElbowRight
0.2061839 -0.4195531 1.666071 10 WristRight
0.2064758 -0.4581748 1.664979 11 HandRight
-0.1144249 -0.4131688 1.526402 12 HipLeft
-0.1414968 -0.7180211 1.573525 13 KneeLeft
-0.1715295 -1.037053 1.84367 14 AnkleLeft
-0.1655011 -1.124943 1.857312 15 FootLeft
0.03230201 -0.4149486 1.552288 16 HipRight
0.03641275 -0.701046 1.482877 17 KneeRight
0.04319042 -1.120867 1.427811 18 AnkleRight
-0.03689514 0.09903182 1.63535 20 SpineShoulder
-0.1976541 -0.4228685 1.34541 21 HandTipLeft
-0.211785 -0.3466923 1.340258 22 ThumbLeft
0.2102711 -0.5347185 1.695119 23 HandTipRight
0.1834076 -0.4699538 1.64181 24 ThumbRight
-0.01873228 -0.416339 1.524293 0 SpineBase
-0.01755165 -0.1106329 1.566658 1 SpineMid
-0.01600124 0.1828713 1.592483 2 Neck
-0.1752595 0.06298143 1.542143 4 ShoulderLeft
-0.2203494 -0.1648556 1.498423 5 ElbowLeft
-0.2124611 -0.3254335 1.375933 6 WristLeft
-0.185927 -0.3757251 1.370592 7 HandLeft
0.1527999 0.03866599 1.612419 8 ShoulderRight
0.1930072 -0.2151502 1.616305 9 ElbowRight
0.2414131 -0.3985062 1.560461 10 WristRight
0.2393211 -0.4583386 1.561927 11 HandRight
-0.09237371 -0.4031863 1.474487 12 HipLeft
-0.1165798 -0.6953307 1.456021 13 KneeLeft
-0.1523732 -1.106523 1.473873 14 AnkleLeft
0.05565181 -0.4104816 1.504702 16 HipRight
0.05255065 -0.6986959 1.454819 17 KneeRight
0.04978813 -1.119044 1.428247 18 AnkleRight
-0.01642423 0.1111024 1.588537 20 SpineShoulder
-0.1885221 -0.4261242 1.322099 21 HandTipLeft
-0.2197569 -0.3309243 1.330294 22 ThumbLeft
0.2433929 -0.5114711 1.578749 23 HandTipRight
0.2169063 -0.4427848 1.530212 24 ThumbRight
0.002032252 -0.405713 1.479664 0 SpineBase
0.001413378 -0.1003306 1.521262 1 SpineMid
0.0008561998 0.1926323 1.546531 2 Neck
-0.1624552 0.06966926 1.501375 4 ShoulderLeft
-0.2100177 -0.1531131 1.461375 5 ElbowLeft
-0.2062793 -0.3186361 1.345917 6 WristLeft
-0.1996367 -0.3656586 1.313888 7 HandLeft
0.1715387 0.0495738 1.565656 8 ShoulderRight
0.2099875 -0.183488 1.550345 9 ElbowRight
0.2641949 -0.3544382 1.462357 10 WristRight
0.269322 -0.4147826 1.439415 11 HandRight
-0.07327335 -0.3927598 1.432483 12 HipLeft
-0.0927793 -0.6739249 1.351113 13 KneeLeft
-0.1237361 -1.099247 1.276731 14 AnkleLeft
0.07711991 -0.3996441 1.457531 16 HipRight
0.06767344 -0.6924212 1.424231 17 KneeRight
0.05693187 -1.107872 1.421442 18 AnkleRight
0.0009901212 0.1210465 1.542693 20 SpineShoulder
-0.1874575 -0.4256035 1.289875 21 HandTipLeft
-0.2092308 -0.3629852 1.275658 22 ThumbLeft
0.2773607 -0.4763342 1.426571 23 HandTipRight
0.2570086 -0.4069009 1.3972 24 ThumbRight
0.02254551 -0.3800156 1.37433 0 SpineBase
0.02527952 -0.07763979 1.40865 1 SpineMid
0.02762907 0.2111944 1.426353 2 Neck
-0.1380324 0.09157283 1.391407 4 ShoulderLeft
-0.1982233 -0.1367916 1.366413 5 ElbowLeft
-0.2007421 -0.3137179 1.264743 6 WristLeft
-0.1921248 -0.3571819 1.238675 7 HandLeft
0.1968229 0.07560542 1.43848 8 ShoulderRight
0.2521804 -0.1131089 1.392556 9 ElbowRight
0.2980422 -0.2572758 1.237907 10 WristRight
0.3103253 -0.318532 1.177253 11 HandRight
-0.05519611 -0.3620817 1.335667 12 HipLeft
-0.08047985 -0.6535075 1.123024 13 KneeLeft
0.09908628 -0.3787943 1.343556 16 HipRight
0.08746053 -0.664205 1.353222 17 KneeRight
0.07455868 -1.075478 1.411898 18 AnkleRight
0.02709829 0.1408048 1.424394 20 SpineShoulder
-0.1992821 -0.4134264 1.201901 21 HandTipLeft
-0.2107943 -0.3574011 1.19113 22 ThumbLeft
0.3189015 -0.3721263 1.13762 23 HandTipRight
0.3196564 -0.3040121 1.140045 24 ThumbRight
0.02611724 -0.3786382 1.294018 0 SpineBase
0.02939208 -0.07452809 1.325071 1 SpineMid
0.03219864 0.2152659 1.338871 2 Neck
-0.1352744 0.09130389 1.311402 4 ShoulderLeft
-0.1938662 -0.1330723 1.306552 5 ElbowLeft
-0.2142971 -0.3064476 1.206334 6 WristLeft
-0.2078746 -0.3562976 1.173629 7 HandLeft
0.2012563 0.08513848 1.334941 8 ShoulderRight
0.265057 -0.1018829 1.293181 9 ElbowRight
0.3078229 -0.2482685 1.122054 10 WristRight
0.3163244 -0.2983867 1.062364 11 HandRight
-0.05298663 -0.3599006 1.257584 12 HipLeft
-0.0794328 -0.6561728 1.053273 13 KneeLeft
0.1037803 -0.3771625 1.261318 16 HipRight
0.08507856 -0.650989 1.290663 17 KneeRight
0.06170231 -1.066245 1.382146 18 AnkleRight
0.03156597 0.144767 1.33791 20 SpineShoulder
-0.213026 -0.4217002 1.142333 21 HandTipLeft
-0.2411908 -0.3378681 1.156956 22 ThumbLeft
0.3211756 -0.3471086 1.017739 23 HandTipRight
0.3148816 -0.2767514 1.02881 24 ThumbRight
0.02593053 -0.3788965 1.193457 0 SpineBase
0.02704218 -0.07201415 1.23099 1 SpineMid
0.02786914 0.2192372 1.250008 2 Neck
-0.1390165 0.09055419 1.219909 4 ShoulderLeft
-0.1993475 -0.1290907 1.219703 5 ElbowLeft
-0.2320099 -0.3089629 1.132466 6 WristLeft
-0.2386868 -0.3714122 1.099344 7 HandLeft
0.1967466 0.08573165 1.239182 8 ShoulderRight
0.2576047 -0.1033337 1.201929 9 ElbowRight
0.3009803 -0.2563629 1.042657 10 WristRight
0.3063026 -0.3060676 0.9853975 11 HandRight
-0.05369765 -0.3606921 1.158192 12 HipLeft
-0.07617817 -0.6652566 0.9694011 13 KneeLeft
0.1040248 -0.3752683 1.160011 16 HipRight
0.07934905 -0.6968063 1.207244 17 KneeRight
0.02770864 0.148552 1.247795 20 SpineShoulder
-0.2362787 -0.4361277 1.080303 21 HandTipLeft
-0.2655439 -0.3711599 1.076875 22 ThumbLeft
0.3087283 -0.3565507 0.9406022 23 HandTipRight
0.3148638 -0.3598838 0.994625 24 ThumbRight
0.01473532 -0.3572413 1.042837 0 SpineBase
0.01218046 -0.045717 1.091718 1 SpineMid
0.00968339 0.246683 1.120963 2 Neck
-0.1529113 0.110308 1.084192 4 ShoulderLeft
-0.2146109 -0.1189179 1.084375 5 ElbowLeft
-0.2611175 -0.3074503 1.005715 6 WristLeft
-0.2727824 -0.3621915 0.9844435 7 HandLeft
0.1754795 0.1146461 1.103721 8 ShoulderRight
0.2313616 -0.1180399 1.090238 9 ElbowRight
0.2730348 -0.2764006 0.9699842 10 WristRight
0.2732479 -0.3232612 0.9283782 11 HandRight
-0.0645458 -0.3440762 1.01012 12 HipLeft
-0.1093943 -0.6650953 0.8708377 13 KneeLeft
0.09305535 -0.3469921 1.007308 16 HipRight
0.05988114 -0.6812381 0.9812462 17 KneeRight
0.01030138 0.1761211 1.116129 20 SpineShoulder
-0.2685771 -0.428025 0.9756493 21 HandTipLeft
-0.2855455 -0.3744549 0.9495199 22 ThumbLeft
0.2756124 -0.3850251 0.897269 23 HandTipRight
0.279708 -0.367568 0.9445556 24 ThumbRight
0.008639167 -0.3517951 1.012458 0 SpineBase
0.006936823 -0.03810856 1.06098 1 SpineMid
0.005262809 0.2556119 1.089459 2 Neck
-0.1558419 0.1183669 1.052202 4 ShoulderLeft
-0.2201598 -0.1109793 1.048754 5 ElbowLeft
-0.2660391 -0.2911885 0.9618088 6 WristLeft
-0.2766207 -0.3474969 0.9413157 7 HandLeft
0.1721946 0.1215017 1.074653 8 ShoulderRight
0.2259109 -0.113181 1.072304 9 ElbowRight
0.2644181 -0.2754577 0.9544223 10 WristRight
0.2628688 -0.3222501 0.9137219 11 HandRight
-0.07042881 -0.3398147 0.9788225 12 HipLeft
0.0230946 -0.6645458 0.9347991 13 KneeLeft
0.08711156 -0.3400767 0.9777929 16 HipRight
0.0659702 -0.6758946 0.9163939 17 KneeRight
0.005678146 0.1848291 1.084817 20 SpineShoulder
-0.2726349 -0.4170268 0.9281699 21 HandTipLeft
-0.2642696 -0.4094666 0.8983333 22 ThumbLeft
0.2616121 -0.3827428 0.8824774 23 HandTipRight
0.2670881 -0.3673347 0.9328334 24 ThumbRight
-0.01166185 -0.3198397 0.8908514 0 SpineBase
-0.008234424 -0.006750677 0.9342039 1 SpineMid
-0.004905737 0.2828557 0.956161 2 Neck
-0.1644573 0.1528303 0.9255081 4 ShoulderLeft
-0.2418368 -0.06388321 0.900896 5 ElbowLeft
-0.2618249 -0.238228 0.7666473 6 WristLeft
-0.2630901 -0.2820173 0.7335584 7 HandLeft
0.1662363 0.1483101 0.955891 8 ShoulderRight
0.215203 -0.08267792 0.9686032 9 ElbowRight
0.2461155 -0.2526285 0.8421785 10 WristRight
0.2469485 -0.2938879 0.8125811 11 HandRight
-0.09271878 -0.3043403 0.8531422 12 HipLeft
0.01867691 -0.6104776 0.9002767 13 KneeLeft
0.07022167 -0.3108726 0.8604178 16 HipRight
0.172035 -0.5877947 0.6455094 17 KneeRight
-0.005721157 0.213552 0.9530674 20 SpineShoulder
-0.258341 -0.344659 0.7058413 21 HandTipLeft
-0.237071 -0.2816483 0.7357222 22 ThumbLeft
0.2409001 -0.3549973 0.7798945 23 HandTipRight
0.2492669 -0.3376575 0.8212001 24 ThumbRight
-0.002479457 -0.325598 0.7478833 0 SpineBase
0.0001329949 -0.00211799 0.7921982 1 SpineMid
0.002573835 0.2927464 0.8109679 2 Neck
-0.1441192 0.1548431 0.7590452 4 ShoulderLeft
-0.2731267 0.001260272 0.7076941 5 ElbowLeft
-0.1825272 -0.0125067 0.5236351 6 WristLeft
-0.1470004 -0.1095188 0.5630381 7 HandLeft
0.1477122 0.1456244 0.7865806 8 ShoulderRight
0.2233875 -0.0538453 0.8260106 9 ElbowRight
0.2566598 -0.1871445 0.6734769 10 WristRight
0.2598658 -0.2313531 0.6219342 11 HandRight
-0.09183078 -0.3090092 0.7114578 12 HipLeft
0.04685304 -0.5910348 0.7911445 13 KneeLeft
0.08703794 -0.3130404 0.7174363 16 HipRight
0.3494078 -0.4541901 0.4980215 17 KneeRight
0.001990789 0.2228748 0.8086578 20 SpineShoulder
0.254952 -0.28126 0.5824668 23 HandTipRight
0.1808601 -0.2490981 0.602125 24 ThumbRight
-0.0005526782 -0.3347101 0.7254028 0 SpineBase
0.0184259 -0.01364825 0.7420075 1 SpineMid
0.0342422 0.2836835 0.7422656 2 Neck
-0.1272928 0.1342145 0.6834655 4 ShoulderLeft
-0.1129493 -0.1418649 0.6243076 5 ElbowLeft
0.01899974 -0.2686142 0.530598 6 WristLeft
0.06497866 -0.2984436 0.5655139 7 HandLeft
0.1427503 0.1075561 0.7046733 8 ShoulderRight
0.2488945 -0.05121177 0.7524261 9 ElbowRight
0.2732809 -0.154043 0.5754609 10 WristRight
0.2786434 -0.1768284 0.5421273 11 HandRight
-0.08386759 -0.3210069 0.6556708 12 HipLeft
-0.1240873 -0.5937886 0.7937784 13 KneeLeft
0.08609167 -0.3170864 0.7143028 16 HipRight
0.1594607 -0.3681747 0.3398472 17 KneeRight
0.03057236 0.2135033 0.7446584 20 SpineShoulder
0.2734907 -0.2313709 0.5140968 23 HandTipRight
0.2659864 -0.2215007 0.5315715 24 ThumbRight
0.0165877 -0.3364028 0.5668334 0 SpineBase
0.02297879 -0.05556379 0.5874769 1 SpineMid
-0.138119 0.04680624 0.5173036 4 ShoulderLeft
-0.116843 0.03541138 0.5729429 6 WristLeft
-0.1330942 0.08319792 0.5465822 7 HandLeft
0.1387551 0.01961036 0.5385774 8 ShoulderRight
0.1332371 -0.06578275 0.5277264 10 WristRight
0.02663964 0.1404394 0.5823727 20 SpineShoulder
-0.09127516 0.165746 0.5284844 21 HandTipLeft
-0.06625555 0.1644212 0.517 22 ThumbLeft
