X              Y         Z      JointType 
-0.1908992 -0.2106543 1.825716 0 SpineBase
-0.1843786 0.1203562 1.767869 1 SpineMid
-0.176314 0.4379371 1.695044 2 Neck
-0.3357454 0.3122861 1.695123 4 ShoulderLeft
-0.3978243 0.06597149 1.73197 5 ElbowLeft
-0.4267178 -0.1396575 1.686833 6 WristLeft
-0.4216267 -0.176193 1.687326 7 HandLeft
-0.0066077 0.3179266 1.711757 8 ShoulderRight
0.05389375 0.08795161 1.746557 9 ElbowRight
0.0842022 -0.1109257 1.671652 10 WristRight
0.07767253 -0.1657959 1.648726 11 HandRight
-0.2624429 -0.207501 1.782713 12 HipLeft
-0.2949007 -0.5420567 1.717811 13 KneeLeft
-0.3102823 -0.957776 1.773549 14 AnkleLeft
-0.2703875 -0.9960413 1.686579 15 FootLeft
-0.1113526 -0.2049924 1.792321 16 HipRight
-0.1323034 -0.5373791 1.797236 17 KneeRight
-0.1348547 -0.952946 1.856135 18 AnkleRight
-0.06379309 -0.978279 1.740658 19 FootRight
-0.1785779 0.3605134 1.715651 20 SpineShoulder
-0.4283151 -0.235236 1.691988 21 HandTipLeft
-0.4491187 -0.1671689 1.672947 22 ThumbLeft
0.08713199 -0.2337244 1.669709 23 HandTipRight
0.08222244 -0.1618187 1.605045 24 ThumbRight
-0.1794391 -0.1814099 1.791162 0 SpineBase
-0.1774887 0.130501 1.757814 1 SpineMid
-0.172235 0.4369317 1.699991 2 Neck
-0.328599 0.3110492 1.70354 4 ShoulderLeft
-0.3844208 0.07180915 1.743366 5 ElbowLeft
-0.4021572 -0.1291794 1.688747 6 WristLeft
-0.375799 -0.1588848 1.688719 7 HandLeft
0.001510371 0.3193617 1.719686 8 ShoulderRight
0.06477115 0.1103446 1.758904 9 ElbowRight
0.1002906 -0.08334798 1.684442 10 WristRight
0.109179 -0.1461746 1.654316 11 HandRight
-0.2512904 -0.1797479 1.7515 12 HipLeft
-0.2705878 -0.5094668 1.720934 13 KneeLeft
-0.2993565 -0.9164057 1.79079 14 AnkleLeft
-0.2726964 -0.9721124 1.719987 15 FootLeft
-0.100088 -0.1754574 1.756298 16 HipRight
-0.1039248 -0.5285942 1.818219 17 KneeRight
-0.1274494 -0.9310161 1.847558 18 AnkleRight
-0.09641565 -0.9850773 1.760187 19 FootRight
-0.1748439 0.3614059 1.716688 20 SpineShoulder
-0.3869627 -0.2328656 1.675395 21 HandTipLeft
-0.4166498 -0.1595392 1.668823 22 ThumbLeft
0.1252751 -0.2177188 1.657589 23 HandTipRight
0.114062 -0.1503063 1.608567 24 ThumbRight
-0.1741269 -0.1710707 1.797333 0 SpineBase
-0.169174 0.1385347 1.768678 1 SpineMid
-0.1613895 0.4369188 1.726193 2 Neck
-0.3189764 0.310574 1.720277 4 ShoulderLeft
-0.3735401 0.07822948 1.754743 5 ElbowLeft
-0.3756663 -0.1160686 1.68758 6 WristLeft
-0.3547789 -0.1618825 1.678646 7 HandLeft
0.00804452 0.3213876 1.733277 8 ShoulderRight
0.07380182 0.1173083 1.771314 9 ElbowRight
0.116686 -0.07022654 1.697123 10 WristRight
0.1308954 -0.139038 1.674123 11 HandRight
-0.2460028 -0.1698959 1.759527 12 HipLeft
-0.2709055 -0.5057921 1.717892 13 KneeLeft
-0.2998495 -0.9187616 1.793621 14 AnkleLeft
-0.258002 -0.9789327 1.726376 15 FootLeft
-0.09509081 -0.165229 1.761716 16 HipRight
-0.1018861 -0.5199283 1.818895 17 KneeRight
-0.1253911 -0.9311 1.845442 18 AnkleRight
-0.09926273 -0.9855734 1.762282 19 FootRight
-0.1637098 0.3642338 1.738923 20 SpineShoulder
-0.356438 -0.2251946 1.659816 21 HandTipLeft
-0.3903182 -0.1669019 1.646994 22 ThumbLeft
0.1517766 -0.2132885 1.676125 23 HandTipRight
0.1350879 -0.1457252 1.628657 24 ThumbRight
-0.1718861 -0.1692013 1.806352 0 SpineBase
-0.1685213 0.140632 1.786642 1 SpineMid
-0.1641313 0.4384594 1.754407 2 Neck
-0.3189017 0.3096539 1.742607 4 ShoulderLeft
-0.3695835 0.08038431 1.763473 5 ElbowLeft
-0.3652474 -0.1076761 1.689296 6 WristLeft
-0.352169 -0.1484116 1.677883 7 HandLeft
0.007496961 0.3250653 1.763264 8 ShoulderRight
0.07514422 0.1216388 1.795869 9 ElbowRight
0.1217062 -0.0629677 1.728362 10 WristRight
0.1281067 -0.1394524 1.708656 11 HandRight
-0.2433414 -0.1663372 1.767785 12 HipLeft
-0.2644663 -0.5258795 1.780939 13 KneeLeft
-0.299896 -0.9335786 1.846103 14 AnkleLeft
-0.2285533 -0.9824252 1.751753 15 FootLeft
-0.09340505 -0.1657615 1.772724 16 HipRight
-0.1013929 -0.5131949 1.819991 17 KneeRight
-0.1367253 -0.9369502 1.84674 18 AnkleRight
-0.1017773 -0.9828593 1.757829 19 FootRight
-0.1654158 0.365765 1.764646 20 SpineShoulder
-0.3518981 -0.214397 1.64932 21 HandTipLeft
-0.3740588 -0.1472782 1.629884 22 ThumbLeft
0.1448969 -0.2156852 1.725939 23 HandTipRight
0.134295 -0.1463232 1.663553 24 ThumbRight
-0.1774517 -0.1711096 1.812407 0 SpineBase
-0.1747209 0.1397703 1.795364 1 SpineMid
-0.1706387 0.4386131 1.765359 2 Neck
-0.3227824 0.3093067 1.74769 4 ShoulderLeft
-0.3729843 0.08202826 1.766597 5 ElbowLeft
-0.3688038 -0.104473 1.690871 6 WristLeft
-0.3626025 -0.1486723 1.683074 7 HandLeft
0.001150891 0.3230246 1.774519 8 ShoulderRight
0.06662987 0.1173998 1.810902 9 ElbowRight
0.1141654 -0.06471825 1.739823 10 WristRight
0.1160969 -0.141705 1.719838 11 HandRight
-0.2481381 -0.1676154 1.772437 12 HipLeft
-0.2705885 -0.5299435 1.80112 13 KneeLeft
-0.2993163 -0.9345973 1.847904 14 AnkleLeft
-0.2252737 -0.9846487 1.754819 15 FootLeft
-0.09951323 -0.168025 1.780034 16 HipRight
-0.1025134 -0.513707 1.820902 17 KneeRight
-0.1380855 -0.9377319 1.845793 18 AnkleRight
-0.1008192 -0.9828672 1.757393 19 FootRight
-0.1718735 0.3656387 1.775064 20 SpineShoulder
-0.3630972 -0.2175747 1.657629 21 HandTipLeft
-0.3795324 -0.1521107 1.635573 22 ThumbLeft
0.1304868 -0.219017 1.737782 23 HandTipRight
0.121532 -0.1445422 1.676467 24 ThumbRight
-0.184636 -0.1730544 1.818925 0 SpineBase
-0.1834528 0.1386919 1.802291 1 SpineMid
-0.1809254 0.4381908 1.772278 2 Neck
-0.331387 0.3095478 1.754276 4 ShoulderLeft
-0.382973 0.0844029 1.769925 5 ElbowLeft
-0.3833255 -0.1016544 1.695229 6 WristLeft
-0.3831348 -0.1514181 1.687939 7 HandLeft
-0.009107977 0.321802 1.785954 8 ShoulderRight
0.05374264 0.1143946 1.82278 9 ElbowRight
0.1002163 -0.06746501 1.7526 10 WristRight
0.09892235 -0.1379382 1.730221 11 HandRight
-0.2548224 -0.1698752 1.777877 12 HipLeft
-0.2803565 -0.5323132 1.819354 13 KneeLeft
-0.2987861 -0.9356926 1.849017 14 AnkleLeft
-0.2245925 -0.9869225 1.755037 15 FootLeft
-0.1070106 -0.1694261 1.787615 16 HipRight
-0.1053236 -0.5139974 1.822332 17 KneeRight
-0.1386686 -0.9387493 1.846047 18 AnkleRight
-0.100165 -0.9828743 1.756923 19 FootRight
-0.1817804 0.3650524 1.782015 20 SpineShoulder
-0.3831707 -0.220152 1.669923 21 HandTipLeft
-0.3953418 -0.1532012 1.643732 22 ThumbLeft
0.1169958 -0.208037 1.735101 23 HandTipRight
0.09657272 -0.1366922 1.68958 24 ThumbRight
-0.2111659 -0.1750322 1.838706 0 SpineBase
-0.2134911 0.1388648 1.820162 1 SpineMid
-0.214596 0.44036 1.788049 2 Neck
-0.3655051 0.3127226 1.76982 4 ShoulderLeft
-0.4320736 0.0969796 1.787119 5 ElbowLeft
-0.4465032 -0.08889657 1.719053 6 WristLeft
-0.4469675 -0.1533067 1.720551 7 HandLeft
-0.04193247 0.3204775 1.812565 8 ShoulderRight
0.0003282209 0.09762987 1.851676 9 ElbowRight
0.05284984 -0.08092503 1.781763 10 WristRight
0.04372492 -0.1414289 1.770854 11 HandRight
-0.2801676 -0.1732892 1.792402 12 HipLeft
-0.3028423 -0.5503867 1.854637 13 KneeLeft
-0.2982683 -0.9387394 1.852344 14 AnkleLeft
-0.2243374 -0.9922531 1.756852 15 FootLeft
-0.1338992 -0.169799 1.812873 16 HipRight
-0.1242678 -0.5239439 1.820314 17 KneeRight
-0.1360123 -0.9353795 1.837243 18 AnkleRight
-0.1100871 -0.9847538 1.750262 19 FootRight
-0.2145554 0.3667215 1.798332 20 SpineShoulder
-0.4568385 -0.2208168 1.704892 21 HandTipLeft
-0.3821547 -0.1700217 1.767437 22 ThumbLeft
0.05475377 -0.2242857 1.787013 23 HandTipRight
0.05165937 -0.1545311 1.726114 24 ThumbRight
-0.2189199 -0.1735231 1.844863 0 SpineBase
-0.2219185 0.1401042 1.825319 1 SpineMid
-0.2232575 0.441329 1.792203 2 Neck
-0.3739109 0.315042 1.773871 4 ShoulderLeft
-0.4455154 0.09987368 1.793498 5 ElbowLeft
-0.4655779 -0.08577547 1.726569 6 WristLeft
-0.4818999 -0.149276 1.714273 7 HandLeft
-0.04206734 0.3206169 1.812603 8 ShoulderRight
-0.00762577 0.09146786 1.852909 9 ElbowRight
0.04377069 -0.08909746 1.78827 10 WristRight
0.03283839 -0.1413216 1.779465 11 HandRight
-0.2879539 -0.1722938 1.79773 12 HipLeft
-0.3054157 -0.5512255 1.859753 13 KneeLeft
-0.2979755 -0.9408426 1.850855 14 AnkleLeft
-0.2237774 -0.9943134 1.755272 15 FootLeft
-0.1412852 -0.1678896 1.819698 16 HipRight
-0.1316466 -0.5280754 1.811804 17 KneeRight
-0.1468327 -0.9372499 1.833031 18 AnkleRight
-0.1348902 -0.9851307 1.743632 19 FootRight
-0.2232042 0.3677557 1.802732 20 SpineShoulder
-0.4828175 -0.2172941 1.712625 21 HandTipLeft
-0.4653869 -0.1728169 1.741667 22 ThumbLeft
0.04382244 -0.2279821 1.798265 23 HandTipRight
0.04727842 -0.1599463 1.736529 24 ThumbRight
-0.2236583 -0.1717396 1.848073 0 SpineBase
-0.2266923 0.1417682 1.829155 1 SpineMid
-0.2279424 0.4428565 1.796711 2 Neck
-0.378381 0.3174472 1.778378 4 ShoulderLeft
-0.4549707 0.1036596 1.79872 5 ElbowLeft
-0.4816296 -0.08145127 1.732354 6 WristLeft
-0.5019644 -0.1471952 1.721165 7 HandLeft
-0.05311096 0.3230473 1.821476 8 ShoulderRight
-0.01218919 0.09023382 1.854346 9 ElbowRight
0.03892506 -0.09131496 1.792038 10 WristRight
0.02873957 -0.1411682 1.784338 11 HandRight
-0.2930466 -0.1708695 1.801305 12 HipLeft
-0.3055263 -0.5506248 1.859955 13 KneeLeft
-0.2994951 -0.942297 1.847968 14 AnkleLeft
-0.2219868 -0.9955618 1.756774 15 FootLeft
-0.1455265 -0.1658774 1.822511 16 HipRight
-0.1377116 -0.5342364 1.808459 17 KneeRight
-0.1056146 -0.9332154 1.834486 18 AnkleRight
-0.1231238 -0.9915562 1.750484 19 FootRight
-0.2279249 0.3693162 1.807064 20 SpineShoulder
-0.5063424 -0.2161097 1.724352 21 HandTipLeft
-0.4806783 -0.1660279 1.742231 22 ThumbLeft
0.04015912 -0.2249166 1.797907 23 HandTipRight
-0.04121143 -0.152671 1.830425 24 ThumbRight
-0.2260348 -0.1707371 1.853914 0 SpineBase
-0.2265198 0.1425097 1.839153 1 SpineMid
-0.2246625 0.4434185 1.811658 2 Neck
-0.3755127 0.3190817 1.792969 4 ShoulderLeft
-0.4590251 0.1078052 1.810027 5 ElbowLeft
-0.5008749 -0.07458966 1.743496 6 WristLeft
-0.5137479 -0.1412038 1.728773 7 HandLeft
-0.05424134 0.3232437 1.829631 8 ShoulderRight
-0.009553795 0.09550993 1.864564 9 ElbowRight
0.03874675 -0.0845376 1.793595 10 WristRight
0.02757935 -0.1413536 1.788194 11 HandRight
-0.2957596 -0.1694274 1.807254 12 HipLeft
-0.3039257 -0.5510817 1.862911 13 KneeLeft
-0.2951359 -0.9449441 1.852027 14 AnkleLeft
-0.2466568 -0.9994878 1.760132 15 FootLeft
-0.1474817 -0.1654575 1.828339 16 HipRight
-0.1308747 -0.5579185 1.848665 17 KneeRight
-0.1007981 -0.9383544 1.8606 18 AnkleRight
-0.1105725 -0.9980703 1.767755 19 FootRight
-0.2254598 0.3699088 1.820722 20 SpineShoulder
-0.5216228 -0.2092602 1.728633 21 HandTipLeft
-0.4984493 -0.1822432 1.759889 22 ThumbLeft
0.0507917 -0.2251653 1.790687 23 HandTipRight
-0.03762644 -0.1474877 1.828517 24 ThumbRight
-0.2199871 -0.1742262 1.858978 0 SpineBase
-0.2188832 0.140517 1.846613 1 SpineMid
-0.215752 0.4432153 1.821295 2 Neck
-0.3673845 0.3158633 1.800593 4 ShoulderLeft
-0.4529133 0.1066962 1.818352 5 ElbowLeft
-0.4966966 -0.0736457 1.747177 6 WristLeft
-0.4997543 -0.1431563 1.729302 7 HandLeft
-0.04916048 0.3216608 1.831695 8 ShoulderRight
-0.002121411 0.09831104 1.865863 9 ElbowRight
0.04371137 -0.08149096 1.792487 10 WristRight
0.03409709 -0.1414318 1.784837 11 HandRight
-0.2898819 -0.1717476 1.81259 12 HipLeft
-0.3036007 -0.54864 1.865929 13 KneeLeft
-0.2980863 -0.9479197 1.849208 14 AnkleLeft
-0.2508984 -1.000093 1.760958 15 FootLeft
-0.1414602 -0.1700045 1.83306 16 HipRight
-0.1243568 -0.5583792 1.864329 17 KneeRight
-0.1006975 -0.9398901 1.866397 18 AnkleRight
-0.1057474 -1.0003 1.774179 19 FootRight
-0.2168302 0.3692294 1.829832 20 SpineShoulder
-0.5061536 -0.2120065 1.730584 21 HandTipLeft
-0.4867095 -0.1858998 1.7469 22 ThumbLeft
0.06175522 -0.2216037 1.778427 23 HandTipRight
-0.02796867 -0.1586657 1.833869 24 ThumbRight
-0.2050993 -0.1765712 1.866222 0 SpineBase
-0.2042648 0.1392422 1.854061 1 SpineMid
-0.201865 0.4427952 1.828515 2 Neck
-0.3540675 0.3148391 1.81175 4 ShoulderLeft
-0.4251829 0.1017876 1.830331 5 ElbowLeft
-0.463853 -0.08001439 1.760532 6 WristLeft
-0.4598377 -0.146485 1.743392 7 HandLeft
-0.0338895 0.320681 1.83438 8 ShoulderRight
0.01994913 0.1048563 1.863091 9 ElbowRight
0.05472143 -0.07719146 1.789754 10 WristRight
0.0471577 -0.1386523 1.778353 11 HandRight
-0.2751132 -0.1725877 1.821328 12 HipLeft
-0.2999774 -0.5402473 1.86239 13 KneeLeft
-0.2984146 -0.9478722 1.851175 14 AnkleLeft
-0.287126 -0.9758185 1.728636 15 FootLeft
-0.1270435 -0.1736908 1.838659 16 HipRight
-0.1116878 -0.5601514 1.893519 17 KneeRight
-0.09894442 -0.9419146 1.868682 18 AnkleRight
-0.1005413 -1.000844 1.778758 19 FootRight
-0.202721 0.3686145 1.837138 20 SpineShoulder
-0.4655196 -0.2180258 1.744178 21 HandTipLeft
-0.4388477 -0.1823098 1.764167 22 ThumbLeft
0.0722498 -0.2215025 1.780432 23 HandTipRight
-0.01726089 -0.1566316 1.82675 24 ThumbRight
-0.1879752 -0.1792485 1.876913 0 SpineBase
-0.1841679 0.1379175 1.864363 1 SpineMid
-0.1787836 0.4428107 1.838163 2 Neck
-0.3332107 0.310121 1.822901 4 ShoulderLeft
-0.3842387 0.08619279 1.843829 5 ElbowLeft
-0.3990629 -0.09936689 1.775248 6 WristLeft
-0.3887193 -0.1571921 1.761094 7 HandLeft
-0.01767338 0.3207758 1.833153 8 ShoulderRight
0.04313292 0.1059299 1.864019 9 ElbowRight
0.07732466 -0.07426598 1.786362 10 WristRight
0.08820609 -0.1402653 1.753221 11 HandRight
-0.2583346 -0.1741319 1.835249 12 HipLeft
-0.2875208 -0.5486929 1.863858 13 KneeLeft
-0.2968052 -0.9479599 1.859799 14 AnkleLeft
-0.2183051 -1.004548 1.774865 15 FootLeft
-0.1102156 -0.1773825 1.846135 16 HipRight
-0.1012643 -0.5578811 1.904934 17 KneeRight
-0.09706075 -0.9471992 1.868116 18 AnkleRight
-0.09542259 -1.001804 1.781929 19 FootRight
-0.1803692 0.3682946 1.846979 20 SpineShoulder
-0.3888191 -0.2251794 1.75904 21 HandTipLeft
-0.3579529 -0.1778617 1.769875 22 ThumbLeft
0.09717497 -0.2028516 1.746852 23 HandTipRight
0.05845077 -0.1784674 1.774667 24 ThumbRight
-0.1800151 -0.178454 1.883529 0 SpineBase
-0.1794747 0.1380829 1.868102 1 SpineMid
-0.1750275 0.4429772 1.840915 2 Neck
-0.3283026 0.3094025 1.826174 4 ShoulderLeft
-0.3648006 0.07538905 1.847776 5 ElbowLeft
-0.3695878 -0.1116688 1.782102 6 WristLeft
-0.3451005 -0.1595789 1.775303 7 HandLeft
-0.00473164 0.3227143 1.837192 8 ShoulderRight
0.05223247 0.1085125 1.865242 9 ElbowRight
0.08623263 -0.07171404 1.787523 10 WristRight
0.09832468 -0.1417618 1.757791 11 HandRight
-0.2498164 -0.1729932 1.845267 12 HipLeft
-0.2800498 -0.552669 1.861191 13 KneeLeft
-0.2973694 -0.9565886 1.850045 14 AnkleLeft
-0.2383339 -1.003013 1.774343 15 FootLeft
-0.1030238 -0.1769069 1.849898 16 HipRight
-0.09831154 -0.5627326 1.912921 17 KneeRight
-0.09554594 -0.9490967 1.868275 18 AnkleRight
-0.0943765 -1.002156 1.782514 19 FootRight
-0.1763532 0.3684191 1.850009 20 SpineShoulder
-0.3524518 -0.2239577 1.755328 21 HandTipLeft
-0.304545 -0.1340472 1.764914 22 ThumbLeft
0.1060896 -0.2104629 1.766297 23 HandTipRight
0.07387558 -0.185729 1.786143 24 ThumbRight
-0.171312 -0.1772787 1.888322 0 SpineBase
-0.1713931 0.1390428 1.872516 1 SpineMid
-0.16897 0.4434826 1.8441 2 Neck
-0.3202708 0.3085498 1.832602 4 ShoulderLeft
-0.3532312 0.07226101 1.850056 5 ElbowLeft
-0.3348515 -0.1464823 1.773595 6 WristLeft
-0.3254534 -0.1805695 1.770715 7 HandLeft
0.001930936 0.3237414 1.840995 8 ShoulderRight
0.05972729 0.1099068 1.866694 9 ElbowRight
0.09632051 -0.06992862 1.789223 10 WristRight
0.1081404 -0.1416273 1.764244 11 HandRight
-0.2423017 -0.1716816 1.850387 12 HipLeft
-0.2738816 -0.5523981 1.85179 13 KneeLeft
-0.2980642 -0.9555365 1.853028 14 AnkleLeft
-0.2218692 -1.00526 1.777354 15 FootLeft
-0.09366603 -0.1760277 1.853769 16 HipRight
-0.09406354 -0.5646083 1.918824 17 KneeRight
-0.09526427 -0.9493229 1.867854 18 AnkleRight
-0.0937097 -1.002304 1.783206 19 FootRight
-0.169821 0.3690062 1.853458 20 SpineShoulder
-0.3190774 -0.2406894 1.775092 21 HandTipLeft
-0.2857081 -0.152092 1.759696 22 ThumbLeft
0.1172452 -0.2114656 1.77488 23 HandTipRight
0.08031486 -0.1821185 1.795 24 ThumbRight
-0.1642204 -0.1750524 1.899935 0 SpineBase
-0.1630484 0.1404345 1.883977 1 SpineMid
-0.160494 0.4438392 1.85469 2 Neck
-0.3142402 0.3093514 1.844959 4 ShoulderLeft
-0.3502052 0.0756149 1.862277 5 ElbowLeft
-0.343033 -0.1142044 1.789796 6 WristLeft
-0.3268801 -0.1600696 1.782495 7 HandLeft
0.007925242 0.323907 1.849676 8 ShoulderRight
0.0681996 0.1140357 1.874004 9 ElbowRight
0.1093378 -0.06546842 1.798427 10 WristRight
0.1170811 -0.1302866 1.782259 11 HandRight
-0.2354352 -0.1684832 1.863602 12 HipLeft
-0.2668855 -0.5532458 1.86836 13 KneeLeft
-0.3026233 -0.9668603 1.890776 14 AnkleLeft
-0.204832 -1.002601 1.812422 15 FootLeft
-0.08672525 -0.1748492 1.863459 16 HipRight
-0.09284134 -0.5635263 1.931695 17 KneeRight
-0.09491652 -0.9494574 1.866886 18 AnkleRight
-0.06682749 -0.9952082 1.762452 19 FootRight
-0.1613449 0.3696648 1.864262 20 SpineShoulder
-0.3393987 -0.2146821 1.756007 21 HandTipLeft
-0.2808022 -0.1525147 1.766738 22 ThumbLeft
0.1279003 -0.2090214 1.79266 23 HandTipRight
0.09223086 -0.1771793 1.805 24 ThumbRight
-0.1682104 -0.175654 1.904887 0 SpineBase
-0.1658279 0.1401118 1.889677 1 SpineMid
-0.1622577 0.4437474 1.861238 2 Neck
-0.3174024 0.3093598 1.849889 4 ShoulderLeft
-0.361121 0.07938166 1.87061 5 ElbowLeft
-0.3596916 -0.1050135 1.796506 6 WristLeft
-0.3471767 -0.1509087 1.794742 7 HandLeft
0.004114345 0.3235561 1.855906 8 ShoulderRight
0.065308 0.1137561 1.881002 9 ElbowRight
0.1087922 -0.06476171 1.80452 10 WristRight
0.1103913 -0.1309265 1.789639 11 HandRight
-0.2388352 -0.1691334 1.866599 12 HipLeft
-0.2637911 -0.5694447 1.900849 13 KneeLeft
-0.3085528 -0.9914097 1.903061 14 AnkleLeft
-0.2056569 -1.011072 1.820452 15 FootLeft
-0.09123524 -0.1754104 1.870813 16 HipRight
-0.09341477 -0.5668755 1.93043 17 KneeRight
-0.09429922 -0.9513205 1.867062 18 AnkleRight
-0.09000825 -1.006624 1.784753 19 FootRight
-0.1633541 0.3695198 1.870581 20 SpineShoulder
-0.3611099 -0.2149585 1.763482 21 HandTipLeft
-0.2976274 -0.1561674 1.77869 22 ThumbLeft
0.1239814 -0.2093211 1.800155 23 HandTipRight
0.0837653 -0.1691985 1.810556 24 ThumbRight
-0.1761337 -0.1783478 1.911963 0 SpineBase
-0.1747112 0.138176 1.897237 1 SpineMid
-0.1722034 0.4425829 1.869048 2 Neck
-0.3249623 0.3079124 1.853521 4 ShoulderLeft
-0.3761356 0.09021463 1.875668 5 ElbowLeft
-0.3836248 -0.09360103 1.800759 6 WristLeft
-0.3813521 -0.1482087 1.791227 7 HandLeft
-0.004545626 0.3236426 1.867499 8 ShoulderRight
0.0591594 0.114287 1.889252 9 ElbowRight
0.1026075 -0.0638363 1.811947 10 WristRight
0.09910414 -0.1300692 1.796063 11 HandRight
-0.246481 -0.1721834 1.872183 12 HipLeft
-0.2722197 -0.5697579 1.923246 13 KneeLeft
-0.3087986 -0.9961427 1.909675 14 AnkleLeft
-0.2039718 -1.011422 1.827525 15 FootLeft
-0.09902944 -0.1776436 1.87907 16 HipRight
-0.09902957 -0.5610667 1.930715 17 KneeRight
-0.09328707 -0.9537297 1.866605 18 AnkleRight
-0.09064675 -1.007664 1.785174 19 FootRight
-0.1730233 0.3681643 1.878351 20 SpineShoulder
-0.3911161 -0.2173914 1.777791 21 HandTipLeft
-0.3275153 -0.1435301 1.803765 22 ThumbLeft
0.1104867 -0.2103436 1.806621 23 HandTipRight
0.07709789 -0.1761516 1.819 24 ThumbRight
-0.1954707 -0.178857 1.926326 0 SpineBase
-0.1981797 0.1387181 1.910717 1 SpineMid
-0.1996955 0.4442969 1.881525 2 Neck
-0.3509794 0.3124599 1.852947 4 ShoulderLeft
-0.4147149 0.09726083 1.881331 5 ElbowLeft
-0.4309111 -0.08800502 1.812803 6 WristLeft
-0.4422365 -0.1545556 1.796367 7 HandLeft
-0.03350535 0.3241661 1.892302 8 ShoulderRight
0.004784428 0.1180626 1.937289 9 ElbowRight
0.06492613 -0.04714108 1.842238 10 WristRight
0.06336361 -0.1303751 1.81564 11 HandRight
-0.2637825 -0.1750316 1.880253 12 HipLeft
-0.2887466 -0.5771738 1.954399 13 KneeLeft
-0.3110662 -0.9967734 1.909588 14 AnkleLeft
-0.2360711 -1.023598 1.843978 15 FootLeft
-0.119949 -0.1754371 1.900696 16 HipRight
-0.1112763 -0.5681094 1.93422 17 KneeRight
-0.09329283 -0.9545256 1.86704 18 AnkleRight
-0.07909385 -0.9745849 1.741638 19 FootRight
-0.199543 0.3695764 1.891092 20 SpineShoulder
-0.4438618 -0.2145614 1.797016 21 HandTipLeft
-0.4274568 -0.1988032 1.8035 22 ThumbLeft
0.07695457 -0.2043278 1.820042 23 HandTipRight
0.05368638 -0.1934796 1.833333 24 ThumbRight
-0.209284 -0.1757898 1.934872 0 SpineBase
-0.2189579 0.1401525 1.91693 1 SpineMid
-0.2284003 0.4436992 1.884812 2 Neck
-0.3763531 0.3152399 1.865939 4 ShoulderLeft
-0.4522623 0.1031154 1.891594 5 ElbowLeft
-0.4697588 -0.08289066 1.824287 6 WristLeft
-0.4773585 -0.1566346 1.805183 7 HandLeft
-0.05377896 0.3218882 1.904042 8 ShoulderRight
-0.01578128 0.1044726 1.94078 9 ElbowRight
0.02991063 -0.07021698 1.856545 10 WristRight
0.02874042 -0.1306902 1.838083 11 HandRight
-0.2775843 -0.1739838 1.884606 12 HipLeft
-0.2973487 -0.5762622 1.963584 13 KneeLeft
-0.3105122 -0.9988816 1.910475 14 AnkleLeft
-0.2121052 -1.018557 1.819734 15 FootLeft
-0.1333671 -0.1705153 1.913328 16 HipRight
-0.1215256 -0.5697815 1.928822 17 KneeRight
-0.09383909 -0.9542394 1.867504 18 AnkleRight
-0.07262652 -0.9988018 1.766322 19 FootRight
-0.2262301 0.369528 1.895183 20 SpineShoulder
-0.4772569 -0.2151057 1.802265 21 HandTipLeft
-0.4624538 -0.1862966 1.826 22 ThumbLeft
0.04298862 -0.2067212 1.839361 23 HandTipRight
-0.0429484 -0.128494 1.9072 24 ThumbRight
-0.219167 -0.1723597 1.940912 0 SpineBase
-0.2319808 0.1454063 1.92974 1 SpineMid
-0.2436526 0.4515045 1.907503 2 Neck
-0.3861231 0.3171392 1.869714 4 ShoulderLeft
-0.4688213 0.1065201 1.897133 5 ElbowLeft
-0.4905382 -0.08246814 1.833749 6 WristLeft
-0.5010776 -0.1537122 1.813445 7 HandLeft
-0.06799098 0.3275666 1.926763 8 ShoulderRight
-0.03109038 0.09889921 1.943749 9 ElbowRight
0.0220167 -0.07440555 1.861228 10 WristRight
0.005180013 -0.1287296 1.85754 11 HandRight
-0.2868086 -0.1715516 1.887296 12 HipLeft
-0.3015802 -0.5737861 1.967527 13 KneeLeft
-0.3115135 -0.9995713 1.910459 14 AnkleLeft
-0.2128248 -1.018481 1.81968 15 FootLeft
-0.1435026 -0.1662928 1.922834 16 HipRight
-0.1253677 -0.5644702 1.922512 17 KneeRight
-0.09399015 -0.954155 1.867067 18 AnkleRight
-0.07127554 -0.9986563 1.765059 19 FootRight
-0.2410142 0.376594 1.91504 20 SpineShoulder
-0.5023034 -0.21698 1.815722 21 HandTipLeft
-0.4863763 -0.198596 1.842 22 ThumbLeft
0.0264223 -0.2031438 1.84862 23 HandTipRight
-0.05675948 -0.1540294 1.895273 24 ThumbRight
-0.2313648 -0.156661 1.96407 0 SpineBase
-0.2412874 0.1594265 1.958619 1 SpineMid
-0.2494343 0.4639727 1.941506 2 Neck
-0.3996636 0.3208753 1.87643 4 ShoulderLeft
-0.4892894 0.1201673 1.908006 5 ElbowLeft
-0.5258676 -0.06655274 1.851883 6 WristLeft
-0.5395439 -0.1538218 1.837964 7 HandLeft
-0.0842853 0.3797172 2.011304 8 ShoulderRight
-0.05093334 0.1163967 1.962297 9 ElbowRight
-0.0001612932 -0.06339083 1.895407 10 WristRight
0.00279745 -0.1330005 1.865248 11 HandRight
-0.2939984 -0.158801 1.901356 12 HipLeft
-0.3032506 -0.5638599 1.974277 13 KneeLeft
-0.3130085 -1.006262 1.909304 14 AnkleLeft
-0.2430188 -1.030444 1.80089 15 FootLeft
-0.1603477 -0.1489594 1.954227 16 HipRight
-0.1436296 -0.5709927 1.930878 17 KneeRight
-0.1088595 -0.9781298 1.893603 18 AnkleRight
-0.06662302 -1.013364 1.773504 19 FootRight
-0.2476794 0.3894454 1.94787 20 SpineShoulder
-0.5414103 -0.2169474 1.844792 21 HandTipLeft
-0.5222428 -0.188934 1.863546 22 ThumbLeft
0.01723936 -0.1992791 1.865445 23 HandTipRight
-0.01921408 -0.1827939 1.877 24 ThumbRight
-0.2324337 -0.1554518 1.967297 0 SpineBase
-0.2423045 0.1614823 1.966035 1 SpineMid
-0.250111 0.4666769 1.95369 2 Neck
-0.4019797 0.3221816 1.881816 4 ShoulderLeft
-0.4904596 0.1202576 1.911251 5 ElbowLeft
-0.5258448 -0.0650656 1.853599 6 WristLeft
-0.5317103 -0.1519469 1.8362 7 HandLeft
-0.08251193 0.3832473 2.024298 8 ShoulderRight
-0.0524804 0.1208109 1.966661 9 ElbowRight
-0.001155131 -0.05778085 1.896501 10 WristRight
0.008612235 -0.1322881 1.866478 11 HandRight
-0.2946602 -0.1573365 1.903583 12 HipLeft
-0.3014738 -0.5629016 1.975216 13 KneeLeft
-0.3115212 -1.006647 1.908609 14 AnkleLeft
-0.2505497 -1.030471 1.802784 15 FootLeft
-0.1617795 -0.1480291 1.958453 16 HipRight
-0.1445463 -0.5700755 1.934785 17 KneeRight
-0.1157578 -0.9841788 1.896102 18 AnkleRight
-0.05458632 -1.013089 1.77511 19 FootRight
-0.2484752 0.3920096 1.958862 20 SpineShoulder
-0.5367298 -0.2194647 1.847062 21 HandTipLeft
-0.5116 -0.185272 1.8675 22 ThumbLeft
0.02410411 -0.1929089 1.863516 23 HandTipRight
-0.01571128 -0.1727266 1.872637 24 ThumbRight
-0.2324121 -0.1559587 1.969274 0 SpineBase
-0.2420882 0.1607127 1.966024 1 SpineMid
-0.2495968 0.4645087 1.95017 2 Neck
-0.4016401 0.3218853 1.882402 4 ShoulderLeft
-0.4866918 0.1186033 1.916554 5 ElbowLeft
-0.5169855 -0.06725082 1.856106 6 WristLeft
-0.5100282 -0.1482803 1.832713 7 HandLeft
-0.08159696 0.3804069 2.019233 8 ShoulderRight
-0.04586985 0.1177381 1.967784 9 ElbowRight
0.01950191 -0.1053907 1.888997 10 WristRight
0.01954573 -0.1402975 1.866813 11 HandRight
-0.2944528 -0.157608 1.906151 12 HipLeft
-0.2987495 -0.5638738 1.975611 13 KneeLeft
-0.3150856 -1.004963 1.90608 14 AnkleLeft
-0.2524167 -1.031214 1.805095 15 FootLeft
-0.1618943 -0.1490595 1.960427 16 HipRight
-0.1460167 -0.5701257 1.950906 17 KneeRight
-0.1203279 -0.9841082 1.892844 18 AnkleRight
-0.07966225 -1.021303 1.782431 19 FootRight
-0.2480665 0.390296 1.956676 20 SpineShoulder
-0.5137138 -0.2182922 1.837596 21 HandTipLeft
-0.4981367 -0.1591855 1.848555 22 ThumbLeft
0.03676945 -0.1913791 1.861066 23 HandTipRight
-0.004722979 -0.1820622 1.878167 24 ThumbRight
-0.229665 -0.1626084 1.966838 0 SpineBase
-0.2384607 0.1543192 1.961226 1 SpineMid
-0.2450914 0.4587939 1.941876 2 Neck
-0.3976471 0.3190335 1.883631 4 ShoulderLeft
-0.4623514 0.1032419 1.920282 5 ElbowLeft
-0.4844106 -0.08159339 1.852968 6 WristLeft
-0.4739483 -0.156144 1.830969 7 HandLeft
-0.0718156 0.3645962 1.99398 8 ShoulderRight
-0.03184975 0.1040303 1.967659 9 ElbowRight
0.02395345 -0.07136843 1.892586 10 WristRight
0.03343197 -0.1379391 1.86896 11 HandRight
-0.2930024 -0.1617215 1.907503 12 HipLeft
-0.2979974 -0.5681605 1.975903 13 KneeLeft
-0.3142031 -1.003791 1.906129 14 AnkleLeft
-0.2479002 -1.028778 1.811116 15 FootLeft
-0.1571561 -0.1588162 1.951455 16 HipRight
-0.1453676 -0.5774531 1.9624 17 KneeRight
-0.1320423 -0.9893529 1.890422 18 AnkleRight
-0.09063625 -1.026118 1.794528 19 FootRight
-0.2437433 0.3843151 1.949092 20 SpineShoulder
-0.4769726 -0.2197876 1.828004 21 HandTipLeft
-0.4692822 -0.2065535 1.853667 22 ThumbLeft
0.03851952 -0.2290374 1.907493 23 HandTipRight
0.02784576 -0.1387346 1.884333 24 ThumbRight
-0.2276744 -0.1666544 1.963639 0 SpineBase
-0.2311527 0.1483232 1.953894 1 SpineMid
-0.2295867 0.4504889 1.928765 2 Neck
-0.3893963 0.3157544 1.888099 4 ShoulderLeft
-0.4481773 0.101189 1.920485 5 ElbowLeft
-0.4659437 -0.08391914 1.852142 6 WristLeft
-0.4519949 -0.1564099 1.82798 7 HandLeft
-0.06434546 0.3469254 1.968128 8 ShoulderRight
-0.01981782 0.1084668 1.974006 9 ElbowRight
0.03098138 -0.07122002 1.892395 10 WristRight
0.04099084 -0.134149 1.864982 11 HandRight
-0.2924958 -0.1644688 1.906962 12 HipLeft
-0.2965611 -0.5709642 1.975016 13 KneeLeft
-0.3139072 -1.003112 1.901829 14 AnkleLeft
-0.250534 -1.026484 1.821874 15 FootLeft
-0.1536406 -0.1632145 1.945483 16 HipRight
-0.1449786 -0.5808211 1.963115 17 KneeRight
-0.1346556 -0.9901689 1.890921 18 AnkleRight
-0.09427433 -1.026749 1.796468 19 FootRight
-0.2305258 0.3766399 1.937495 20 SpineShoulder
-0.4530657 -0.2190796 1.825475 21 HandTipLeft
-0.4425712 -0.1819908 1.8425 22 ThumbLeft
0.04991533 -0.2164431 1.88039 23 HandTipRight
0.04325102 -0.2264716 1.886333 24 ThumbRight
-0.2195323 -0.1734074 1.957933 0 SpineBase
-0.2170213 0.1432677 1.947442 1 SpineMid
-0.2115036 0.448026 1.922677 2 Neck
-0.3710368 0.3136193 1.890188 4 ShoulderLeft
-0.4288558 0.09630243 1.917158 5 ElbowLeft
-0.433875 -0.08866158 1.845699 6 WristLeft
-0.4212923 -0.1579359 1.822237 7 HandLeft
-0.04249714 0.3307521 1.946525 8 ShoulderRight
-0.008199698 0.1157855 1.991207 9 ElbowRight
0.04064105 -0.07739915 1.884798 10 WristRight
0.0413146 -0.1373136 1.868154 11 HandRight
-0.2878205 -0.1695586 1.905357 12 HipLeft
-0.2934757 -0.5763685 1.97168 13 KneeLeft
-0.3152574 -1.002214 1.902088 14 AnkleLeft
-0.2475578 -1.020284 1.820694 15 FootLeft
-0.1425972 -0.1707512 1.936054 16 HipRight
-0.1420781 -0.5829437 1.963099 17 KneeRight
-0.1307687 -0.9895638 1.890721 18 AnkleRight
-0.08745249 -1.025889 1.794816 19 FootRight
-0.2132412 0.3734808 1.931193 20 SpineShoulder
-0.4203392 -0.2179241 1.816835 21 HandTipLeft
-0.4079638 -0.1981066 1.851167 22 ThumbLeft
0.06304743 -0.2152978 1.872162 23 HandTipRight
-0.0356276 -0.1620772 1.912263 24 ThumbRight
-0.2006829 -0.1793252 1.943924 0 SpineBase
-0.1965545 0.1385054 1.934932 1 SpineMid
-0.1905293 0.4444094 1.91231 2 Neck
-0.361506 0.3119033 1.887573 4 ShoulderLeft
-0.3986006 0.0892824 1.906311 5 ElbowLeft
-0.4025701 -0.1008491 1.837232 6 WristLeft
-0.3891534 -0.155594 1.808872 7 HandLeft
-0.02329185 0.3329628 1.937483 8 ShoulderRight
0.03734762 0.122596 1.959279 9 ElbowRight
0.07751537 -0.05494063 1.879449 10 WristRight
0.08418427 -0.1368841 1.845374 11 HandRight
-0.2703013 -0.1753149 1.897774 12 HipLeft
-0.281893 -0.5831699 1.958976 13 KneeLeft
-0.31194 -0.9933501 1.909879 14 AnkleLeft
-0.2486557 -1.021867 1.813776 15 FootLeft
-0.1235533 -0.1765173 1.916205 16 HipRight
-0.1274173 -0.5867772 1.968917 17 KneeRight
-0.1232039 -0.9884081 1.889056 18 AnkleRight
-0.07000785 -1.020819 1.778652 19 FootRight
-0.1923037 0.3695918 1.920234 20 SpineShoulder
-0.3908884 -0.2193664 1.798735 21 HandTipLeft
-0.3403567 -0.1317823 1.837174 22 ThumbLeft
0.0931519 -0.2152382 1.860117 23 HandTipRight
0.08791766 -0.2253941 1.8705 24 ThumbRight
-0.1934025 -0.1810916 1.94062 0 SpineBase
-0.1870154 0.1372234 1.931905 1 SpineMid
-0.1791093 0.4435977 1.909639 2 Neck
-0.3582725 0.3110404 1.886696 4 ShoulderLeft
-0.3909 0.08948775 1.901623 5 ElbowLeft
-0.3981866 -0.1021042 1.832603 6 WristLeft
-0.3875269 -0.1580131 1.802518 7 HandLeft
-0.01297127 0.330747 1.929934 8 ShoulderRight
0.0471266 0.1178542 1.958702 9 ElbowRight
0.08708826 -0.07756256 1.869967 10 WristRight
0.09714507 -0.1366894 1.846257 11 HandRight
-0.2626802 -0.1773213 1.894145 12 HipLeft
-0.2770846 -0.5852675 1.954334 13 KneeLeft
-0.2729095 -0.9888738 1.906455 14 AnkleLeft
-0.243481 -1.025643 1.812727 15 FootLeft
-0.1169102 -0.1779928 1.913495 16 HipRight
-0.1236802 -0.5871104 1.970376 17 KneeRight
-0.1218894 -0.9887179 1.888766 18 AnkleRight
-0.08510906 -1.024739 1.794446 19 FootRight
-0.1813067 0.3686659 1.917476 20 SpineShoulder
-0.3870358 -0.2198208 1.794423 21 HandTipLeft
-0.362764 -0.1780713 1.824556 22 ThumbLeft
0.1019049 -0.2250027 1.883719 23 HandTipRight
0.08951077 -0.2178367 1.885333 24 ThumbRight
-0.1835454 -0.1826141 1.938281 0 SpineBase
-0.1783492 0.1362091 1.929126 1 SpineMid
-0.1718167 0.4429329 1.906361 2 Neck
-0.333557 0.306244 1.886877 4 ShoulderLeft
-0.3821611 0.08844741 1.898687 5 ElbowLeft
-0.3906995 -0.09778189 1.830114 6 WristLeft
-0.3808018 -0.1595907 1.80115 7 HandLeft
-0.001600893 0.3289419 1.918652 8 ShoulderRight
0.05622062 0.1180344 1.95417 9 ElbowRight
0.09845594 -0.07539473 1.866636 10 WristRight
0.1175599 -0.1306026 1.842468 11 HandRight
-0.2538413 -0.1782171 1.893643 12 HipLeft
-0.2729835 -0.5873179 1.948261 13 KneeLeft
-0.2695066 -0.9871667 1.905022 14 AnkleLeft
-0.2442591 -1.024052 1.809864 15 FootLeft
-0.1058829 -0.1801926 1.909026 16 HipRight
-0.1204122 -0.5873727 1.972066 17 KneeRight
-0.1207957 -0.98737 1.889616 18 AnkleRight
-0.07802599 -1.022448 1.790001 19 FootRight
-0.1736619 0.3679284 1.914331 20 SpineShoulder
-0.3813108 -0.2190872 1.793035 21 HandTipLeft
-0.3587895 -0.1984169 1.826 22 ThumbLeft
0.1293328 -0.2097778 1.856932 23 HandTipRight
0.1193137 -0.2092914 1.86325 24 ThumbRight
-0.1762359 -0.183226 1.935006 0 SpineBase
-0.1705264 0.1356735 1.92507 1 SpineMid
-0.1634716 0.4422809 1.901228 2 Neck
-0.3267294 0.3066259 1.886847 4 ShoulderLeft
-0.3736078 0.08772112 1.898524 5 ElbowLeft
-0.3831844 -0.09873883 1.829123 6 WristLeft
-0.3721772 -0.1575423 1.81082 7 HandLeft
0.006557381 0.3292874 1.911536 8 ShoulderRight
0.06904352 0.1192618 1.95033 9 ElbowRight
0.1201292 -0.05408749 1.868783 10 WristRight
0.1341543 -0.13429 1.839372 11 HandRight
-0.2466817 -0.1784662 1.891989 12 HipLeft
-0.2686512 -0.5875726 1.94585 13 KneeLeft
-0.2667001 -0.9923766 1.899969 14 AnkleLeft
-0.2431883 -1.026345 1.801646 15 FootLeft
-0.09900641 -0.1810845 1.904336 16 HipRight
-0.1161809 -0.5858668 1.975318 17 KneeRight
-0.1186659 -0.9866232 1.890717 18 AnkleRight
-0.06813583 -1.021459 1.780874 19 FootRight
-0.1654372 0.3673226 1.909493 20 SpineShoulder
-0.3764094 -0.2200353 1.799871 21 HandTipLeft
-0.3225296 -0.1287328 1.829954 22 ThumbLeft
0.1464201 -0.212826 1.863838 23 HandTipRight
0.1308201 -0.1806508 1.8642 24 ThumbRight
-0.1744071 -0.1837736 1.934357 0 SpineBase
-0.168576 0.1352957 1.923771 1 SpineMid
-0.1612327 0.4421568 1.89918 2 Neck
-0.3224577 0.3064885 1.883781 4 ShoulderLeft
-0.3717393 0.08696469 1.898632 5 ElbowLeft
-0.3822043 -0.09826043 1.830505 6 WristLeft
-0.37298 -0.1561962 1.818744 7 HandLeft
0.008163928 0.3287945 1.908271 8 ShoulderRight
0.0718141 0.1192298 1.948299 9 ElbowRight
0.1231036 -0.05441238 1.868051 10 WristRight
0.133413 -0.1311588 1.83589 11 HandRight
-0.244688 -0.1790742 1.891634 12 HipLeft
-0.2683977 -0.5872515 1.948611 13 KneeLeft
-0.26251 -0.989786 1.901954 14 AnkleLeft
-0.2462197 -1.027471 1.80548 15 FootLeft
-0.09743058 -0.1815315 1.903452 16 HipRight
-0.1157783 -0.5859007 1.975588 17 KneeRight
-0.1175026 -0.985114 1.892809 18 AnkleRight
-0.06280801 -1.020289 1.776041 19 FootRight
-0.1632357 0.3670942 1.907608 20 SpineShoulder
-0.3839316 -0.2217019 1.810564 21 HandTipLeft
-0.3221389 -0.1315401 1.828261 22 ThumbLeft
0.1456338 -0.2135618 1.859804 23 HandTipRight
0.1270019 -0.1667048 1.857 24 ThumbRight
-0.1739637 -0.1841823 1.933508 0 SpineBase
-0.1685005 0.1353667 1.923129 1 SpineMid
-0.1614997 0.4427579 1.898419 2 Neck
-0.3218537 0.3065645 1.882017 4 ShoulderLeft
-0.3714213 0.08820894 1.898928 5 ElbowLeft
-0.3846751 -0.09666524 1.832106 6 WristLeft
-0.3785633 -0.1553439 1.817443 7 HandLeft
0.007475163 0.3276911 1.904959 8 ShoulderRight
0.07141648 0.1184628 1.946047 9 ElbowRight
0.1217266 -0.05521261 1.865434 10 WristRight
0.1257349 -0.1325344 1.833003 11 HandRight
-0.2441824 -0.179636 1.890672 12 HipLeft
-0.2679731 -0.5867876 1.951472 13 KneeLeft
-0.2957419 -1.000085 1.904536 14 AnkleLeft
-0.2381335 -1.019741 1.816606 15 FootLeft
-0.09708761 -0.1817722 1.902724 16 HipRight
-0.1155495 -0.5858582 1.97576 17 KneeRight
-0.1189358 -0.9852226 1.892907 18 AnkleRight
-0.06189557 -1.020167 1.774809 19 FootRight
-0.1633971 0.3675228 1.906884 20 SpineShoulder
-0.3880632 -0.2220473 1.809548 21 HandTipLeft
-0.3217801 -0.1482612 1.8194 22 ThumbLeft
0.1385146 -0.2151711 1.85824 23 HandTipRight
0.1385262 -0.2247909 1.866 24 ThumbRight
-0.1787029 -0.1842449 1.928865 0 SpineBase
-0.1707232 0.135862 1.920248 1 SpineMid
-0.1625057 0.4436206 1.8969 2 Neck
-0.3229103 0.3078765 1.880216 4 ShoulderLeft
-0.3809339 0.09391952 1.899366 5 ElbowLeft
-0.4025442 -0.08776728 1.82627 6 WristLeft
-0.3894721 -0.1540567 1.816916 7 HandLeft
-0.001028017 0.328422 1.910149 8 ShoulderRight
0.05680491 0.112956 1.929051 9 ElbowRight
0.09387066 -0.06877509 1.850238 10 WristRight
0.09605423 -0.1313761 1.825381 11 HandRight
-0.2490461 -0.1800211 1.884262 12 HipLeft
-0.2694073 -0.5854011 1.952257 13 KneeLeft
-0.2646652 -0.9990159 1.897435 14 AnkleLeft
-0.2395898 -1.032013 1.7998 15 FootLeft
-0.1016866 -0.1815068 1.899661 16 HipRight
-0.1165086 -0.5856733 1.973004 17 KneeRight
-0.1169524 -0.9855501 1.89137 18 AnkleRight
-0.05792079 -1.01874 1.774158 19 FootRight
-0.1646086 0.3683224 1.905096 20 SpineShoulder
-0.4104903 -0.2194327 1.806018 21 HandTipLeft
-0.3468768 -0.1626373 1.850187 22 ThumbLeft
0.1065058 -0.2142148 1.843781 23 HandTipRight
0.1028193 -0.2223877 1.848119 24 ThumbRight
-0.1839848 -0.1843687 1.92582 0 SpineBase
-0.1752631 0.1360997 1.917985 1 SpineMid
-0.1667366 0.4443776 1.896037 2 Neck
-0.3244892 0.3083879 1.880356 4 ShoulderLeft
-0.392204 0.0967933 1.899756 5 ElbowLeft
-0.4153247 -0.08322146 1.822988 6 WristLeft
-0.4088197 -0.1535714 1.812372 7 HandLeft
-0.006167132 0.3282788 1.913764 8 ShoulderRight
0.04190845 0.1112949 1.929981 9 ElbowRight
0.07704938 -0.065775 1.849563 10 WristRight
0.07823318 -0.132402 1.823904 11 HandRight
-0.254416 -0.1799934 1.879887 12 HipLeft
-0.2735001 -0.5841393 1.952361 13 KneeLeft
-0.306494 -0.9938263 1.908903 14 AnkleLeft
-0.2445 -1.025912 1.802961 15 FootLeft
-0.106585 -0.181727 1.897951 16 HipRight
-0.118567 -0.5864173 1.969893 17 KneeRight
-0.1185326 -0.9859466 1.891468 18 AnkleRight
-0.09948113 -1.029975 1.80232 19 FootRight
-0.1688786 0.3689609 1.903838 20 SpineShoulder
-0.4258484 -0.2147258 1.797762 21 HandTipLeft
-0.3505576 -0.1735628 1.842119 22 ThumbLeft
0.08633018 -0.216478 1.837528 23 HandTipRight
0.07163725 -0.1221902 1.836444 24 ThumbRight
-0.1905695 -0.1835141 1.924079 0 SpineBase
-0.1876299 0.1371621 1.915369 1 SpineMid
-0.1841099 0.4454555 1.892847 2 Neck
-0.3377927 0.3122172 1.877261 4 ShoulderLeft
-0.4072448 0.09957604 1.897659 5 ElbowLeft
-0.4302039 -0.08253862 1.821876 6 WristLeft
-0.430655 -0.1518177 1.80881 7 HandLeft
-0.01510837 0.3283649 1.914807 8 ShoulderRight
0.02524799 0.112807 1.933789 9 ElbowRight
0.06295338 -0.06360147 1.849294 10 WristRight
0.06345051 -0.1328179 1.821095 11 HandRight
-0.2603396 -0.1794492 1.877322 12 HipLeft
-0.2771575 -0.5832357 1.951477 13 KneeLeft
-0.3095106 -0.9948832 1.906008 14 AnkleLeft
-0.2460938 -1.024414 1.803711 15 FootLeft
-0.113622 -0.1805627 1.897202 16 HipRight
-0.1211982 -0.5863489 1.965971 17 KneeRight
-0.1289679 -0.9874141 1.893253 18 AnkleRight
-0.1048073 -1.029049 1.803443 19 FootRight
-0.1851685 0.3700789 1.900763 20 SpineShoulder
-0.4438817 -0.214422 1.798098 21 HandTipLeft
-0.3627697 -0.1605963 1.844314 22 ThumbLeft
0.07122449 -0.2162149 1.835238 23 HandTipRight
0.06386377 -0.2265548 1.8385 24 ThumbRight
-0.2024622 -0.1829046 1.92438 0 SpineBase
-0.2028582 0.1400143 1.919826 1 SpineMid
-0.2024589 0.4510438 1.902607 2 Neck
-0.3556303 0.3130763 1.873789 4 ShoulderLeft
-0.4290009 0.09925245 1.901984 5 ElbowLeft
-0.4511608 -0.08380371 1.824646 6 WristLeft
-0.464077 -0.151798 1.807689 7 HandLeft
-0.03643804 0.3231714 1.907013 8 ShoulderRight
-0.001911283 0.1127851 1.947261 9 ElbowRight
0.04847064 -0.05359309 1.852438 10 WristRight
0.04529833 -0.1315677 1.823314 11 HandRight
-0.2724458 -0.1792539 1.874812 12 HipLeft
-0.2844736 -0.5818581 1.953593 13 KneeLeft
-0.3107359 -0.9962761 1.905148 14 AnkleLeft
-0.2458061 -1.020133 1.817639 15 FootLeft
-0.1251807 -0.1795319 1.900351 16 HipRight
-0.130488 -0.5747787 1.951681 17 KneeRight
-0.1223342 -0.984116 1.889316 18 AnkleRight
-0.1008076 -1.029591 1.802652 19 FootRight
-0.2027783 0.3749485 1.909096 20 SpineShoulder
-0.4675109 -0.215607 1.806467 21 HandTipLeft
-0.3884197 -0.1351778 1.860833 22 ThumbLeft
0.05541384 -0.2099885 1.830451 23 HandTipRight
0.04868952 -0.2208977 1.833 24 ThumbRight
-0.2053199 -0.1824746 1.924447 0 SpineBase
-0.2070916 0.1398485 1.919209 1 SpineMid
-0.2081789 0.4498314 1.900648 2 Neck
-0.3588803 0.3132358 1.874274 4 ShoulderLeft
-0.4337524 0.09833725 1.903004 5 ElbowLeft
-0.4552849 -0.08427668 1.825577 6 WristLeft
-0.4685297 -0.1525218 1.810909 7 HandLeft
-0.03872309 0.3226532 1.907205 8 ShoulderRight
-0.005542144 0.1110902 1.942883 9 ElbowRight
0.04587192 -0.05694731 1.852102 10 WristRight
0.04156469 -0.1311133 1.824714 11 HandRight
-0.2752473 -0.1788096 1.874156 12 HipLeft
-0.2858208 -0.5810338 1.954375 13 KneeLeft
-0.3118013 -0.9970779 1.904572 14 AnkleLeft
-0.2479914 -1.023044 1.814145 15 FootLeft
-0.1280027 -0.1791275 1.901198 16 HipRight
-0.1308199 -0.5739335 1.951371 17 KneeRight
-0.1251922 -0.983672 1.891119 18 AnkleRight
-0.1010158 -1.028371 1.803781 19 FootRight
-0.2080953 0.3740502 1.907555 20 SpineShoulder
-0.4722349 -0.2168006 1.812813 21 HandTipLeft
-0.3930028 -0.1329111 1.864625 22 ThumbLeft
0.0519873 -0.209697 1.832702 23 HandTipRight
0.04398645 -0.2219017 1.84134 24 ThumbRight
-0.2149079 -0.179884 1.925331 0 SpineBase
-0.2181195 0.140957 1.921407 1 SpineMid
-0.22085 0.4493031 1.904158 2 Neck
-0.3721547 0.314264 1.877591 4 ShoulderLeft
-0.4466201 0.0965512 1.90519 5 ElbowLeft
-0.4705076 -0.08607978 1.833953 6 WristLeft
-0.4823003 -0.1541976 1.812368 7 HandLeft
-0.05834384 0.3306707 1.916472 8 ShoulderRight
-0.01554774 0.1077134 1.937547 9 ElbowRight
0.03361776 -0.06338479 1.85174 10 WristRight
0.02659835 -0.1305968 1.828791 11 HandRight
-0.2845771 -0.176654 1.873012 12 HipLeft
-0.2911051 -0.5781499 1.956135 13 KneeLeft
-0.3138151 -1.000462 1.903001 14 AnkleLeft
-0.2503 -1.025055 1.806505 15 FootLeft
-0.1374938 -0.1760537 1.904558 16 HipRight
-0.1361006 -0.5808232 1.953238 17 KneeRight
-0.126497 -0.9842519 1.891124 18 AnkleRight
-0.1005133 -1.027705 1.801874 19 FootRight
-0.220367 0.3739412 1.910671 20 SpineShoulder
-0.4850815 -0.2181129 1.815204 21 HandTipLeft
-0.477523 -0.2125459 1.82275 22 ThumbLeft
0.03709192 -0.2101954 1.837044 23 HandTipRight
-0.007346496 -0.1565169 1.860222 24 ThumbRight
-0.2217478 -0.1794998 1.92686 0 SpineBase
-0.2286779 0.1428004 1.927755 1 SpineMid
-0.2341354 0.4533123 1.918242 2 Neck
-0.3853827 0.3127741 1.87998 4 ShoulderLeft
-0.4569531 0.09694879 1.909732 5 ElbowLeft
-0.4798368 -0.08480425 1.839294 6 WristLeft
-0.4887984 -0.1575903 1.817336 7 HandLeft
-0.07055663 0.326786 1.913621 8 ShoulderRight
-0.02656768 0.1113849 1.937743 9 ElbowRight
0.02121358 -0.06324285 1.859573 10 WristRight
0.01259245 -0.1291682 1.842283 11 HandRight
-0.2914368 -0.1765755 1.873493 12 HipLeft
-0.2945985 -0.5778307 1.957664 13 KneeLeft
-0.3158643 -1.001352 1.902886 14 AnkleLeft
-0.2497668 -1.027958 1.811629 15 FootLeft
-0.1438573 -0.1754779 1.907207 16 HipRight
-0.1448978 -0.5756799 1.951833 17 KneeRight
-0.1341617 -0.9836832 1.894743 18 AnkleRight
-0.1037545 -1.026313 1.796912 19 FootRight
-0.2330816 0.3773364 1.92259 20 SpineShoulder
-0.489343 -0.2226952 1.817379 21 HandTipLeft
-0.4820557 -0.2124439 1.8334 22 ThumbLeft
0.02928886 -0.2072911 1.842469 23 HandTipRight
-0.05803003 -0.140196 1.890278 24 ThumbRight
-0.225373 -0.1776596 1.928774 0 SpineBase
-0.2339989 0.1444311 1.932811 1 SpineMid
-0.2415332 0.4536385 1.924386 2 Neck
-0.3923202 0.3137701 1.884136 4 ShoulderLeft
-0.4614686 0.0965656 1.911785 5 ElbowLeft
-0.4829165 -0.0853658 1.84157 6 WristLeft
-0.4901867 -0.1595847 1.821068 7 HandLeft
-0.07440447 0.3276908 1.924623 8 ShoulderRight
-0.02920198 0.1135216 1.93671 9 ElbowRight
0.01633214 -0.06366163 1.864011 10 WristRight
0.01419934 -0.1287738 1.844884 11 HandRight
-0.2945695 -0.1747794 1.873888 12 HipLeft
-0.2962734 -0.5762609 1.957632 13 KneeLeft
-0.315494 -1.0042 1.90238 14 AnkleLeft
-0.2509235 -1.030242 1.80462 15 FootLeft
-0.1479665 -0.1736954 1.91082 16 HipRight
-0.1455416 -0.5794269 1.954027 17 KneeRight
-0.1332016 -0.9833799 1.894574 18 AnkleRight
-0.09872788 -1.026889 1.798547 19 FootRight
-0.2398848 0.378118 1.928816 20 SpineShoulder
-0.4911323 -0.2233098 1.82052 21 HandTipLeft
-0.4875228 -0.1920358 1.859 22 ThumbLeft
0.02840717 -0.2081415 1.850417 23 HandTipRight
-0.05843339 -0.1386116 1.903375 24 ThumbRight
-0.2268707 -0.176942 1.929991 0 SpineBase
-0.2360715 0.1458858 1.93634 1 SpineMid
-0.2434893 0.4569005 1.931748 2 Neck
-0.3970727 0.3143516 1.887344 4 ShoulderLeft
-0.4639392 0.096903 1.913806 5 ElbowLeft
-0.4841534 -0.08486574 1.842855 6 WristLeft
-0.4890192 -0.1605164 1.821492 7 HandLeft
-0.07638466 0.3283845 1.928703 8 ShoulderRight
-0.03397369 0.1159065 1.94274 9 ElbowRight
0.01370448 -0.05997959 1.86819 10 WristRight
0.009347916 -0.1291255 1.84887 11 HandRight
-0.2956765 -0.1741173 1.874347 12 HipLeft
-0.2973674 -0.5754842 1.958489 13 KneeLeft
-0.3157009 -1.004147 1.901897 14 AnkleLeft
-0.2505286 -1.031039 1.803705 15 FootLeft
-0.1497211 -0.1730153 1.912786 16 HipRight
-0.1447357 -0.5766546 1.953625 17 KneeRight
-0.1354129 -0.9850171 1.895144 18 AnkleRight
-0.09760991 -1.027083 1.799016 19 FootRight
-0.2419623 0.3807783 1.93498 20 SpineShoulder
-0.4895253 -0.2230191 1.81718 21 HandTipLeft
-0.4871659 -0.1935756 1.857667 22 ThumbLeft
0.02641555 -0.2060875 1.848721 23 HandTipRight
-0.06296397 -0.141723 1.890043 24 ThumbRight
-0.2295799 -0.1758259 1.930419 0 SpineBase
-0.2380204 0.1484092 1.941429 1 SpineMid
-0.2436714 0.4608319 1.942541 2 Neck
-0.3993523 0.31525 1.889428 4 ShoulderLeft
-0.4664176 0.09681966 1.916685 5 ElbowLeft
-0.4861387 -0.08505228 1.846132 6 WristLeft
-0.4897673 -0.1632109 1.82682 7 HandLeft
-0.07331619 0.331371 1.937571 8 ShoulderRight
-0.03613795 0.1151571 1.94904 9 ElbowRight
0.01104573 -0.06122777 1.87577 10 WristRight
-0.0001608612 -0.1300472 1.860966 11 HandRight
-0.2987973 -0.1727329 1.87498 12 HipLeft
-0.2968467 -0.5744786 1.9583 13 KneeLeft
-0.3147525 -1.003677 1.901062 14 AnkleLeft
-0.2486055 -1.031156 1.802132 15 FootLeft
-0.1526314 -0.1720443 1.913016 16 HipRight
-0.1482795 -0.5680466 1.946154 17 KneeRight
-0.129391 -0.9823802 1.895215 18 AnkleRight
-0.09592123 -1.027156 1.799088 19 FootRight
-0.2426899 0.3843946 1.944346 20 SpineShoulder
-0.491955 -0.2239468 1.828262 21 HandTipLeft
-0.4792449 -0.1993017 1.852012 22 ThumbLeft
0.0221675 -0.2062072 1.857381 23 HandTipRight
-0.06598077 -0.142571 1.887133 24 ThumbRight
-0.231882 -0.1731079 1.930224 0 SpineBase
-0.2391274 0.1498957 1.943148 1 SpineMid
-0.244195 0.4612876 1.944901 2 Neck
-0.4013616 0.3158816 1.892108 4 ShoulderLeft
-0.468549 0.09664321 1.921515 5 ElbowLeft
-0.4886453 -0.08574615 1.852676 6 WristLeft
-0.4914186 -0.1598932 1.832687 7 HandLeft
-0.07337996 0.3413964 1.953515 8 ShoulderRight
-0.04369082 0.1017388 1.98286 9 ElbowRight
0.009832403 -0.06073172 1.883141 10 WristRight
-0.00119217 -0.1279793 1.868662 11 HandRight
-0.3006427 -0.1700459 1.873422 12 HipLeft
-0.2967374 -0.5724184 1.955124 13 KneeLeft
-0.312153 -1.004597 1.899739 14 AnkleLeft
-0.2496008 -1.030069 1.799302 15 FootLeft
-0.155038 -0.169339 1.91395 16 HipRight
-0.1523995 -0.5837303 1.949264 17 KneeRight
-0.1344305 -0.9834661 1.894503 18 AnkleRight
-0.09992088 -1.025923 1.796731 19 FootRight
-0.243312 0.3850916 1.946589 20 SpineShoulder
-0.4929605 -0.224053 1.834416 21 HandTipLeft
-0.4747725 -0.1997391 1.8434 22 ThumbLeft
0.0208031 -0.2002974 1.857931 23 HandTipRight
-0.06488707 -0.1653723 1.893421 24 ThumbRight
-0.2328711 -0.1695528 1.932075 0 SpineBase
-0.2396419 0.1511822 1.944875 1 SpineMid
-0.2444683 0.4610173 1.94597 2 Neck
-0.4027466 0.3164719 1.894551 4 ShoulderLeft
-0.4695114 0.09723074 1.924025 5 ElbowLeft
-0.4901624 -0.08530523 1.855873 6 WristLeft
-0.4943542 -0.1607379 1.837824 7 HandLeft
-0.08104356 0.3635966 1.990641 8 ShoulderRight
-0.04452686 0.1020321 1.990162 9 ElbowRight
0.00794481 -0.05957995 1.888322 10 WristRight
-0.009459337 -0.1283155 1.876429 11 HandRight
-0.3004719 -0.1672101 1.874219 12 HipLeft
-0.2983307 -0.5714728 1.950101 13 KneeLeft
-0.3123658 -1.004433 1.900484 14 AnkleLeft
-0.2523178 -1.020282 1.81321 15 FootLeft
-0.1572405 -0.1651639 1.916997 16 HipRight
-0.1583274 -0.5802835 1.948975 17 KneeRight
-0.1334975 -0.9830629 1.894086 18 AnkleRight
-0.07104764 -1.01942 1.780909 19 FootRight
-0.243603 0.3851195 1.947769 20 SpineShoulder
-0.4945882 -0.2243388 1.839679 21 HandTipLeft
-0.5188635 -0.1587558 1.8389 22 ThumbLeft
0.02129882 -0.1977472 1.859933 23 HandTipRight
-0.06189797 -0.1637509 1.909947 24 ThumbRight
-0.2333581 -0.1680994 1.935787 0 SpineBase
-0.239797 0.1515397 1.949216 1 SpineMid
-0.2446737 0.4594265 1.949807 2 Neck
-0.4021904 0.3159118 1.899968 4 ShoulderLeft
-0.4710315 0.09841736 1.929197 5 ElbowLeft
-0.492488 -0.08441346 1.862332 6 WristLeft
-0.4957241 -0.1576286 1.842908 7 HandLeft
-0.07927588 0.3629363 1.995486 8 ShoulderRight
-0.04198756 0.1012801 1.991126 9 ElbowRight
0.009088569 -0.06549116 1.898138 10 WristRight
-0.004242062 -0.1384035 1.891861 11 HandRight
-0.3002785 -0.165701 1.876257 12 HipLeft
-0.2973675 -0.5696425 1.953324 13 KneeLeft
-0.3090585 -1.005628 1.901457 14 AnkleLeft
-0.2441306 -1.023005 1.821225 15 FootLeft
-0.1582595 -0.164115 1.922489 16 HipRight
-0.1514474 -0.5794328 1.95362 17 KneeRight
-0.1339116 -0.9838713 1.8935 18 AnkleRight
-0.07079889 -1.020296 1.781 19 FootRight
-0.2437615 0.3841848 1.951903 20 SpineShoulder
-0.4981645 -0.2217895 1.843549 21 HandTipLeft
-0.4929092 -0.1712004 1.87125 22 ThumbLeft
0.02084372 -0.2152386 1.892368 23 HandTipRight
-0.05744308 -0.165442 1.94075 24 ThumbRight
-0.2321857 -0.1665622 1.947503 0 SpineBase
-0.2385287 0.1515417 1.95612 1 SpineMid
-0.2433517 0.4583377 1.953167 2 Neck
-0.4005876 0.3146371 1.906271 4 ShoulderLeft
-0.4712634 0.09974609 1.932673 5 ElbowLeft
-0.4922785 -0.08313999 1.865788 6 WristLeft
-0.4925914 -0.1596185 1.845964 7 HandLeft
-0.08040987 0.3680963 2.00955 8 ShoulderRight
-0.03927324 0.1072373 1.992062 9 ElbowRight
0.00820341 -0.06367148 1.905555 10 WristRight
-0.002446877 -0.1326564 1.89516 11 HandRight
-0.2976896 -0.1638179 1.884856 12 HipLeft
-0.2975427 -0.5695733 1.955891 13 KneeLeft
-0.3094766 -1.006065 1.901294 14 AnkleLeft
-0.2455442 -1.025705 1.821668 15 FootLeft
-0.1582492 -0.1631545 1.937231 16 HipRight
-0.1474154 -0.5799198 1.959994 17 KneeRight
-0.1276369 -0.9840559 1.892726 18 AnkleRight
-0.07363292 -1.022418 1.785603 19 FootRight
-0.2424402 0.3832837 1.955952 20 SpineShoulder
-0.4957244 -0.2220636 1.847501 21 HandTipLeft
-0.4843495 -0.2022473 1.860742 22 ThumbLeft
0.0243349 -0.2037992 1.881939 23 HandTipRight
-0.05748685 -0.1650865 1.94301 24 ThumbRight
-0.232173 -0.1664263 1.949779 0 SpineBase
-0.237643 0.1514139 1.960046 1 SpineMid
-0.2412577 0.4575214 1.958154 2 Neck
-0.4001525 0.3144166 1.90936 4 ShoulderLeft
-0.4710647 0.09988012 1.935375 5 ElbowLeft
-0.4916368 -0.08285811 1.867834 6 WristLeft
-0.4917561 -0.1586285 1.849293 7 HandLeft
-0.0808882 0.3692985 2.012453 8 ShoulderRight
-0.03859211 0.1081197 1.999039 9 ElbowRight
0.007617105 -0.0613259 1.908616 10 WristRight
-0.008325494 -0.1318012 1.899594 11 HandRight
-0.2974406 -0.1636006 1.887146 12 HipLeft
-0.297766 -0.5694925 1.957686 13 KneeLeft
-0.3096315 -1.006063 1.901209 14 AnkleLeft
-0.249932 -1.027954 1.818442 15 FootLeft
-0.1584162 -0.1630862 1.939281 16 HipRight
-0.1473264 -0.5801562 1.960171 17 KneeRight
-0.1274935 -0.9843548 1.892959 18 AnkleRight
-0.08208954 -1.026311 1.793608 19 FootRight
-0.2406561 0.3826534 1.960778 20 SpineShoulder
-0.4945997 -0.2213945 1.848393 21 HandTipLeft
-0.4901716 -0.1927134 1.882 22 ThumbLeft
0.02437453 -0.204127 1.885017 23 HandTipRight
-0.05838956 -0.1654323 1.942533 24 ThumbRight
-0.2312885 -0.1669741 1.957578 0 SpineBase
-0.235472 0.1510771 1.96841 1 SpineMid
-0.2378314 0.4572746 1.966487 2 Neck
-0.3979471 0.3135555 1.914605 4 ShoulderLeft
-0.4689827 0.09920099 1.952742 5 ElbowLeft
-0.4877065 -0.08140443 1.878185 6 WristLeft
-0.4839819 -0.1598589 1.865601 7 HandLeft
-0.08023475 0.3694874 2.015967 8 ShoulderRight
-0.03652429 0.1085275 1.998351 9 ElbowRight
0.008185805 -0.06411896 1.914125 10 WristRight
-0.006402037 -0.1379047 1.912761 11 HandRight
-0.29617 -0.1641839 1.894618 12 HipLeft
-0.297513 -0.5711685 1.961179 13 KneeLeft
-0.3134605 -1.003844 1.901852 14 AnkleLeft
-0.2488426 -1.024341 1.823621 15 FootLeft
-0.1579099 -0.1635248 1.947167 16 HipRight
-0.1458859 -0.5811203 1.964475 17 KneeRight
-0.1273258 -0.9849321 1.89303 18 AnkleRight
-0.08747724 -1.027681 1.797764 19 FootRight
-0.2375329 0.3823696 1.969168 20 SpineShoulder
-0.4857135 -0.2191091 1.857503 21 HandTipLeft
-0.4644118 -0.2009507 1.882 22 ThumbLeft
0.02304335 -0.2192799 1.917806 23 HandTipRight
-0.05232704 -0.1682203 1.961895 24 ThumbRight
-0.2311788 -0.1666668 1.95917 0 SpineBase
-0.2348352 0.1508933 1.970354 1 SpineMid
-0.236622 0.4564222 1.968627 2 Neck
-0.3967591 0.3147995 1.920303 4 ShoulderLeft
-0.467689 0.09851545 1.953426 5 ElbowLeft
-0.4863324 -0.08377829 1.883815 6 WristLeft
-0.4862547 -0.1603365 1.869997 7 HandLeft
-0.07976788 0.3694411 2.017105 8 ShoulderRight
-0.03438491 0.1087707 1.999173 9 ElbowRight
0.008457859 -0.06710901 1.921775 10 WristRight
1.735492E-05 -0.144245 1.91387 11 HandRight
-0.2961454 -0.1635437 1.89795 12 HipLeft
-0.2974175 -0.5709062 1.963201 13 KneeLeft
-0.3140721 -1.003299 1.901122 14 AnkleLeft
-0.2479217 -1.022595 1.823966 15 FootLeft
-0.1576901 -0.163454 1.947768 16 HipRight
-0.1437282 -0.5805836 1.967749 17 KneeRight
-0.1249104 -0.9861068 1.891425 18 AnkleRight
-0.06801121 -1.021514 1.778681 19 FootRight
-0.2364715 0.3816956 1.97128 20 SpineShoulder
-0.4913321 -0.2237934 1.869657 21 HandTipLeft
-0.4806741 -0.2072139 1.880625 22 ThumbLeft
0.02637454 -0.2240283 1.926346 23 HandTipRight
-0.05229558 -0.1694421 1.957 24 ThumbRight
-0.2304816 -0.1666562 1.960557 0 SpineBase
-0.2340614 0.150582 1.971049 1 SpineMid
-0.2362831 0.4550319 1.966533 2 Neck
-0.3952283 0.3142244 1.921451 4 ShoulderLeft
-0.4666475 0.09820488 1.954954 5 ElbowLeft
-0.4861555 -0.08425351 1.886177 6 WristLeft
-0.4872076 -0.1654652 1.866907 7 HandLeft
-0.07943588 0.369483 2.01773 8 ShoulderRight
-0.03395084 0.1088454 1.99796 9 ElbowRight
0.01042093 -0.06784318 1.923753 10 WristRight
0.02181562 -0.1441026 1.893383 11 HandRight
-0.2953061 -0.1636639 1.90103 12 HipLeft
-0.2974018 -0.5714225 1.964746 13 KneeLeft
-0.3145427 -1.002869 1.900021 14 AnkleLeft
-0.2474538 -1.022465 1.82438 15 FootLeft
-0.1571648 -0.1634063 1.947956 16 HipRight
-0.1433214 -0.5806586 1.967194 17 KneeRight
-0.1261225 -0.9879891 1.89026 18 AnkleRight
-0.088138 -1.028204 1.799461 19 FootRight
-0.2359517 0.3806444 1.970116 20 SpineShoulder
-0.4885977 -0.2243201 1.867304 21 HandTipLeft
-0.4715531 -0.2044576 1.8862 22 ThumbLeft
0.02746077 -0.226448 1.922098 23 HandTipRight
0.01207469 -0.194269 1.916429 24 ThumbRight
-0.2293006 -0.1656599 1.962348 0 SpineBase
-0.2334226 0.1499319 1.971686 1 SpineMid
-0.23528 0.4531471 1.966956 2 Neck
-0.3941154 0.314477 1.922837 4 ShoulderLeft
-0.4652342 0.09784668 1.953922 5 ElbowLeft
-0.4852313 -0.08462755 1.885376 6 WristLeft
-0.4837991 -0.1651215 1.857919 7 HandLeft
-0.07566951 0.3661226 2.019191 8 ShoulderRight
-0.03225384 0.1072395 1.996606 9 ElbowRight
0.0117854 -0.06939375 1.922036 10 WristRight
0.0007911791 -0.1423909 1.905019 11 HandRight
-0.2934147 -0.1627306 1.90248 12 HipLeft
-0.2967949 -0.5704545 1.966276 13 KneeLeft
-0.3144244 -1.002078 1.901563 14 AnkleLeft
-0.2489348 -1.021513 1.823603 15 FootLeft
-0.1564968 -0.1621707 1.949744 16 HipRight
-0.1421814 -0.5797543 1.966971 17 KneeRight
-0.1252016 -0.9881042 1.888591 18 AnkleRight
-0.1079685 -1.029197 1.797388 19 FootRight
-0.2350901 0.3791 1.970423 20 SpineShoulder
-0.4850722 -0.2238492 1.85863 21 HandTipLeft
-0.4839939 -0.1972608 1.901 22 ThumbLeft
0.02424825 -0.2243617 1.917676 23 HandTipRight
-0.05062563 -0.1667462 1.968588 24 ThumbRight
-0.2293574 -0.1658746 1.962203 0 SpineBase
-0.2334047 0.1496512 1.971569 1 SpineMid
-0.2352263 0.4528209 1.966917 2 Neck
-0.393822 0.3140078 1.922921 4 ShoulderLeft
-0.4648679 0.09775525 1.953538 5 ElbowLeft
-0.4846571 -0.08451603 1.884276 6 WristLeft
-0.4811668 -0.1646954 1.852844 7 HandLeft
-0.07568739 0.3661276 2.019192 8 ShoulderRight
-0.03261161 0.1077497 1.996886 9 ElbowRight
0.01154066 -0.0686148 1.92165 10 WristRight
0.001141384 -0.1388638 1.903081 11 HandRight
-0.2935364 -0.1628949 1.902452 12 HipLeft
-0.2967006 -0.570603 1.96631 13 KneeLeft
-0.3152605 -1.002438 1.900183 14 AnkleLeft
-0.2469836 -1.024569 1.818019 15 FootLeft
-0.1564687 -0.1625752 1.949199 16 HipRight
-0.1423326 -0.5800765 1.966928 17 KneeRight
-0.1237526 -0.9877366 1.888403 18 AnkleRight
-0.1038941 -1.029853 1.798965 19 FootRight
-0.2350453 0.37877 1.970363 20 SpineShoulder
-0.4840392 -0.2231264 1.855411 21 HandTipLeft
-0.4811436 -0.218621 1.860572 22 ThumbLeft
0.02769114 -0.2152843 1.901882 23 HandTipRight
-0.05248296 -0.1681033 1.957263 24 ThumbRight
-0.2292754 -0.1660352 1.962284 0 SpineBase
-0.2328227 0.1489646 1.972814 1 SpineMid
-0.2339789 0.4514208 1.970733 2 Neck
-0.393528 0.3133472 1.923233 4 ShoulderLeft
-0.4641851 0.09770756 1.953303 5 ElbowLeft
-0.4829367 -0.08452442 1.88353 6 WristLeft
-0.4785575 -0.1618349 1.854163 7 HandLeft
-0.07558876 0.3660778 2.019552 8 ShoulderRight
-0.03342988 0.1079456 1.99836 9 ElbowRight
0.01132765 -0.06731757 1.920601 10 WristRight
-0.0001155293 -0.1374762 1.903635 11 HandRight
-0.293602 -0.1631123 1.902655 12 HipLeft
-0.2957837 -0.5707118 1.966973 13 KneeLeft
-0.3150867 -1.002136 1.901441 14 AnkleLeft
-0.2472416 -1.020038 1.824604 15 FootLeft
-0.1562207 -0.1627898 1.949121 16 HipRight
-0.142599 -0.5803648 1.966422 17 KneeRight
-0.1304018 -0.9895666 1.889642 18 AnkleRight
-0.1013621 -1.028964 1.801034 19 FootRight
-0.2339748 0.3775192 1.973434 20 SpineShoulder
-0.479233 -0.222015 1.85043 21 HandTipLeft
-0.4779871 -0.2017038 1.894167 22 ThumbLeft
0.02558055 -0.2134526 1.899284 23 HandTipRight
-0.05279687 -0.1688883 1.955214 24 ThumbRight
-0.2291574 -0.1660795 1.962494 0 SpineBase
-0.2333398 0.1455105 1.970859 1 SpineMid
-0.2368954 0.4400435 1.961796 2 Neck
-0.3943867 0.3116893 1.924973 4 ShoulderLeft
-0.463279 0.09757572 1.953245 5 ElbowLeft
-0.4801453 -0.08491178 1.883609 6 WristLeft
-0.4775993 -0.1640154 1.859556 7 HandLeft
-0.07659674 0.3674789 2.023399 8 ShoulderRight
-0.03302075 0.1079648 1.998732 9 ElbowRight
0.01120043 -0.06730433 1.92064 10 WristRight
-0.0002091695 -0.1378364 1.909156 11 HandRight
-0.2935826 -0.1632001 1.903107 12 HipLeft
-0.2959612 -0.5709387 1.966893 13 KneeLeft
-0.3154542 -1.002872 1.901699 14 AnkleLeft
-0.2512726 -1.022971 1.819847 15 FootLeft
-0.1560574 -0.1627619 1.949122 16 HipRight
-0.1432142 -0.5801507 1.967721 17 KneeRight
-0.1265995 -0.9850014 1.894818 18 AnkleRight
-0.08324659 -1.0259 1.792222 19 FootRight
-0.236181 0.3683717 1.966613 20 SpineShoulder
-0.4782821 -0.2273788 1.863609 21 HandTipLeft
-0.4620135 -0.2014524 1.8795 22 ThumbLeft
0.02622441 -0.2149372 1.908083 23 HandTipRight
-0.05222509 -0.1683693 1.960017 24 ThumbRight
-0.2291228 -0.1663387 1.962713 0 SpineBase
-0.2333031 0.1449469 1.970934 1 SpineMid
-0.2367545 0.4398923 1.962241 2 Neck
-0.3947251 0.3113141 1.925473 4 ShoulderLeft
-0.4631381 0.09770828 1.953722 5 ElbowLeft
-0.4797959 -0.08529328 1.885626 6 WristLeft
-0.4791905 -0.1627326 1.863007 7 HandLeft
-0.0766525 0.367369 2.024703 8 ShoulderRight
-0.03310451 0.1065834 1.999011 9 ElbowRight
0.01172418 -0.06901792 1.922209 10 WristRight
0.001227888 -0.1386811 1.911802 11 HandRight
-0.2936013 -0.1634107 1.903322 12 HipLeft
-0.2958399 -0.5712477 1.966741 13 KneeLeft
-0.3150716 -1.004132 1.900652 14 AnkleLeft
-0.2550042 -1.026724 1.811817 15 FootLeft
-0.1559857 -0.1630313 1.949256 16 HipRight
-0.1431926 -0.5804113 1.967875 17 KneeRight
-0.1226285 -0.9849694 1.892403 18 AnkleRight
-0.07106218 -1.022316 1.782131 19 FootRight
-0.2360917 0.3681187 1.966889 20 SpineShoulder
-0.4811107 -0.223335 1.860383 21 HandTipLeft
-0.4688291 -0.2043432 1.873685 22 ThumbLeft
0.02648097 -0.2165631 1.916863 23 HandTipRight
-0.05214159 -0.1680244 1.960317 24 ThumbRight
-0.2292711 -0.1668615 1.962639 0 SpineBase
-0.2336727 0.1448363 1.969827 1 SpineMid
-0.2374401 0.442607 1.959349 2 Neck
-0.3955202 0.3119438 1.918213 4 ShoulderLeft
-0.4632445 0.09805744 1.955272 5 ElbowLeft
-0.4810822 -0.08533935 1.88887 6 WristLeft
-0.484529 -0.1642407 1.869264 7 HandLeft
-0.07648764 0.3667351 2.024964 8 ShoulderRight
-0.03287648 0.1059728 1.999104 9 ElbowRight
0.01163065 -0.07035315 1.92404 10 WristRight
0.0007963951 -0.1440222 1.91549 11 HandRight
-0.2937173 -0.1638465 1.903129 12 HipLeft
-0.2961365 -0.5717068 1.966409 13 KneeLeft
-0.3145471 -1.004729 1.899777 14 AnkleLeft
-0.2518588 -1.025211 1.819514 15 FootLeft
-0.1562004 -0.1636747 1.94921 16 HipRight
-0.1429371 -0.5809453 1.968352 17 KneeRight
-0.1319491 -0.9859878 1.897034 18 AnkleRight
-0.07100277 -1.020748 1.782458 19 FootRight
-0.236714 0.3697485 1.964543 20 SpineShoulder
-0.4858624 -0.224425 1.868392 21 HandTipLeft
-0.4718863 -0.1968906 1.890412 22 ThumbLeft
0.02403166 -0.2241954 1.931734 23 HandTipRight
-0.05202681 -0.1683183 1.961102 24 ThumbRight
-0.2292688 -0.1677709 1.963243 0 SpineBase
-0.2333057 0.1425838 1.968998 1 SpineMid
-0.2354322 0.4390135 1.958252 2 Neck
-0.3950709 0.3117662 1.919644 4 ShoulderLeft
-0.4652517 0.09740373 1.955504 5 ElbowLeft
-0.4843768 -0.08656713 1.891556 6 WristLeft
-0.489154 -0.1623052 1.872472 7 HandLeft
-0.075583 0.364673 2.02688 8 ShoulderRight
-0.03280151 0.103793 2.001147 9 ElbowRight
0.01156592 -0.0716755 1.923737 10 WristRight
0.01414131 -0.1474884 1.903976 11 HandRight
-0.2936937 -0.1644415 1.902967 12 HipLeft
-0.2958491 -0.5723175 1.966159 13 KneeLeft
-0.314414 -1.004554 1.898608 14 AnkleLeft
-0.2481807 -1.0247 1.822601 15 FootLeft
-0.1563209 -0.165091 1.950813 16 HipRight
-0.1424389 -0.5827504 1.967132 17 KneeRight
-0.1358197 -0.9879742 1.896645 18 AnkleRight
-0.0888169 -1.027847 1.797171 19 FootRight
-0.2353108 0.3665006 1.963246 20 SpineShoulder
-0.492401 -0.2235202 1.87094 21 HandTipLeft
-0.4802466 -0.1995295 1.899643 22 ThumbLeft
0.01681802 -0.2356196 1.945613 23 HandTipRight
0.01613989 -0.188519 1.93 24 ThumbRight
-0.2295682 -0.1685323 1.962179 0 SpineBase
-0.233287 0.1439758 1.967072 1 SpineMid
-0.234802 0.446415 1.955607 2 Neck
-0.3952441 0.3123897 1.90886 4 ShoulderLeft
-0.4700267 0.102292 1.955761 5 ElbowLeft
-0.4877937 -0.08178294 1.89157 6 WristLeft
-0.4954526 -0.1622132 1.865982 7 HandLeft
-0.07327805 0.3559939 2.018443 8 ShoulderRight
-0.03904528 0.09375477 2.003312 9 ElbowRight
0.01263435 -0.07817461 1.922191 10 WristRight
0.005492084 -0.1480368 1.896563 11 HandRight
-0.2936964 -0.1650049 1.899935 12 HipLeft
-0.2939262 -0.5722431 1.965555 13 KneeLeft
-0.3124397 -1.00306 1.898911 14 AnkleLeft
-0.2533853 -1.025343 1.814219 15 FootLeft
-0.1567924 -0.1659572 1.950708 16 HipRight
-0.1427542 -0.5838187 1.965527 17 KneeRight
-0.1259495 -0.9867039 1.894143 18 AnkleRight
-0.08956335 -1.026216 1.797444 19 FootRight
-0.2348389 0.3720355 1.96063 20 SpineShoulder
-0.4980688 -0.2225682 1.867522 21 HandTipLeft
-0.4903338 -0.1986052 1.894635 22 ThumbLeft
0.01836182 -0.2151153 1.900479 23 HandTipRight
-0.02095313 -0.1947264 1.919 24 ThumbRight
-0.2295731 -0.1686834 1.961872 0 SpineBase
-0.2331295 0.1443734 1.966385 1 SpineMid
-0.2344965 0.4473241 1.954952 2 Neck
-0.3953375 0.3124835 1.90749 4 ShoulderLeft
-0.471598 0.1046296 1.954359 5 ElbowLeft
-0.4892803 -0.07967552 1.890892 6 WristLeft
-0.4968952 -0.1622795 1.866115 7 HandLeft
-0.07262738 0.3549006 2.018261 8 ShoulderRight
-0.03997255 0.09587811 2.000963 9 ElbowRight
0.01068656 -0.07741187 1.922433 10 WristRight
0.003648445 -0.14903 1.896152 11 HandRight
-0.2936038 -0.1651776 1.899088 12 HipLeft
-0.2948982 -0.5722889 1.965073 13 KneeLeft
-0.3134596 -1.003276 1.899335 14 AnkleLeft
-0.2501152 -1.024484 1.820481 15 FootLeft
-0.1568355 -0.1660548 1.950668 16 HipRight
-0.1424345 -0.5839067 1.965477 17 KneeRight
-0.1260214 -0.9867164 1.893978 18 AnkleRight
-0.06961642 -1.020492 1.778778 19 FootRight
-0.2345492 0.37288 1.959969 20 SpineShoulder
-0.5002387 -0.2228552 1.8679 21 HandTipLeft
-0.4910845 -0.2010248 1.9026 22 ThumbLeft
0.01673894 -0.2074789 1.892318 23 HandTipRight
-0.02080991 -0.1895025 1.90575 24 ThumbRight
-0.2290323 -0.1693318 1.958865 0 SpineBase
-0.231069 0.1446741 1.962597 1 SpineMid
-0.2303831 0.4474418 1.951844 2 Neck
-0.3949722 0.3119632 1.903286 4 ShoulderLeft
-0.4753227 0.1074124 1.94702 5 ElbowLeft
-0.4928496 -0.07791837 1.887142 6 WristLeft
-0.4996977 -0.1623031 1.854638 7 HandLeft
-0.07221792 0.359915 2.024853 8 ShoulderRight
-0.04377637 0.1017457 1.989673 9 ElbowRight
-0.0007027924 -0.07634924 1.918607 10 WristRight
-0.001804504 -0.1446719 1.887703 11 HandRight
-0.2918262 -0.1658116 1.892165 12 HipLeft
-0.2953287 -0.5717593 1.962016 13 KneeLeft
-0.3129379 -1.003158 1.900873 14 AnkleLeft
-0.2489079 -1.023571 1.822237 15 FootLeft
-0.1569594 -0.1664049 1.950218 16 HipRight
-0.1433128 -0.5799668 1.962693 17 KneeRight
-0.1260408 -0.986814 1.894177 18 AnkleRight
-0.08864324 -1.027383 1.796614 19 FootRight
-0.2309264 0.3732444 1.956768 20 SpineShoulder
-0.5028043 -0.2235135 1.858056 21 HandTipLeft
-0.4964674 -0.2104325 1.875625 22 ThumbLeft
0.007565628 -0.228538 1.905325 23 HandTipRight
-0.05187886 -0.1048038 1.90075 24 ThumbRight
-0.2288592 -0.1688836 1.953019 0 SpineBase
-0.2292106 0.1443969 1.958825 1 SpineMid
-0.2255243 0.445622 1.950138 2 Neck
-0.39451 0.3106647 1.897914 4 ShoulderLeft
-0.4771684 0.1074498 1.937731 5 ElbowLeft
-0.494954 -0.07670271 1.87368 6 WristLeft
-0.4988474 -0.1636152 1.844063 7 HandLeft
-0.07754135 0.3868185 2.050395 8 ShoulderRight
-0.04891859 0.1279591 1.987967 9 ElbowRight
-0.003230463 -0.07321248 1.915781 10 WristRight
-0.001329045 -0.1470799 1.879091 11 HandRight
-0.2900929 -0.1653534 1.885958 12 HipLeft
-0.2959725 -0.5712919 1.955677 13 KneeLeft
-0.3125027 -0.9958418 1.911913 14 AnkleLeft
-0.2531794 -1.019855 1.826587 15 FootLeft
-0.1589134 -0.1659427 1.945239 16 HipRight
-0.1432078 -0.5788721 1.959021 17 KneeRight
-0.1260641 -0.9880972 1.89484 18 AnkleRight
-0.09960792 -1.028301 1.798493 19 FootRight
-0.2270246 0.3720106 1.954379 20 SpineShoulder
-0.5010681 -0.2269115 1.850774 21 HandTipLeft
-0.4983152 -0.2006181 1.862 22 ThumbLeft
0.009609364 -0.225015 1.888093 23 HandTipRight
0.003834473 -0.2326727 1.888 24 ThumbRight
-0.2294167 -0.1689285 1.946051 0 SpineBase
-0.2295652 0.1439198 1.952921 1 SpineMid
-0.2267985 0.4447859 1.945485 2 Neck
-0.3940274 0.3095551 1.890493 4 ShoulderLeft
-0.4785022 0.1057455 1.931758 5 ElbowLeft
-0.4958932 -0.07781709 1.865585 6 WristLeft
-0.4983657 -0.16422 1.83423 7 HandLeft
-0.07750355 0.3871101 2.051045 8 ShoulderRight
-0.05228554 0.1290371 1.98284 9 ElbowRight
-0.005062665 -0.0744884 1.909294 10 WristRight
-0.00187143 -0.1492558 1.873371 11 HandRight
-0.289419 -0.1654497 1.881222 12 HipLeft
-0.2954597 -0.5714442 1.950753 13 KneeLeft
-0.3124347 -0.9929976 1.915558 14 AnkleLeft
-0.2528846 -1.019027 1.827039 15 FootLeft
-0.1610426 -0.1659257 1.936747 16 HipRight
-0.1512174 -0.583603 1.953552 17 KneeRight
-0.1265366 -0.9886232 1.894994 18 AnkleRight
-0.1097955 -1.028314 1.79708 19 FootRight
-0.2278856 0.3712136 1.949612 20 SpineShoulder
-0.4980374 -0.2243665 1.834998 21 HandTipLeft
-0.4869893 -0.2143534 1.8446 22 ThumbLeft
0.008959112 -0.2300019 1.886907 23 HandTipRight
-0.05105984 -0.1065881 1.886333 24 ThumbRight
-0.2344963 -0.1698532 1.923193 0 SpineBase
-0.2347658 0.1428452 1.931666 1 SpineMid
-0.2336824 0.4436896 1.926129 2 Neck
-0.3950496 0.3098051 1.875533 4 ShoulderLeft
-0.4848664 0.1022463 1.893974 5 ElbowLeft
-0.4987365 -0.08386058 1.835584 6 WristLeft
-0.5006666 -0.1685054 1.805323 7 HandLeft
-0.0773759 0.3819226 2.045652 8 ShoulderRight
-0.0586303 0.1283321 1.957499 9 ElbowRight
-0.007021451 -0.07850119 1.890025 10 WristRight
0.003990871 -0.1717402 1.862631 11 HandRight
-0.2931858 -0.1675667 1.859294 12 HipLeft
-0.3014644 -0.5736764 1.928101 13 KneeLeft
-0.314352 -0.990399 1.910898 14 AnkleLeft
-0.2551598 -1.022353 1.791578 15 FootLeft
-0.1669273 -0.1656113 1.91362 16 HipRight
-0.1747077 -0.5848349 1.918922 17 KneeRight
-0.1286867 -0.9834394 1.89527 18 AnkleRight
-0.1056319 -1.026702 1.796788 19 FootRight
-0.2341946 0.3700967 1.929834 20 SpineShoulder
-0.5000026 -0.2350953 1.811769 21 HandTipLeft
-0.4912572 -0.2051318 1.838 22 ThumbLeft
-0.001307931 -0.2403233 1.869838 23 HandTipRight
0.003839757 -0.1994958 1.89 24 ThumbRight
-0.2468705 -0.1909134 1.864644 0 SpineBase
-0.2467582 0.1223608 1.851976 1 SpineMid
-0.2447213 0.4233766 1.825638 2 Neck
-0.3921717 0.3035678 1.790481 4 ShoulderLeft
-0.4828793 0.0917844 1.822994 5 ElbowLeft
-0.5031039 -0.1020925 1.774962 6 WristLeft
-0.5068638 -0.1752076 1.763511 7 HandLeft
-0.07934773 0.2975383 1.878713 8 ShoulderRight
-0.05557214 0.07755838 1.908585 9 ElbowRight
-0.000727316 -0.1052971 1.870308 10 WristRight
0.009297245 -0.1751784 1.847393 11 HandRight
-0.3155749 -0.1891138 1.799019 12 HipLeft
-0.3170122 -0.5752491 1.905734 13 KneeLeft
-0.312353 -0.9862699 1.906529 14 AnkleLeft
-0.2269307 -0.9959419 1.798553 15 FootLeft
-0.1686926 -0.1844326 1.859178 16 HipRight
-0.164476 -0.5310367 1.748059 17 KneeRight
-0.1153181 -0.9369594 1.81626 18 AnkleRight
-0.1748047 -0.9990234 1.77832 19 FootRight
-0.2455435 0.3498291 1.834515 20 SpineShoulder
-0.5057995 -0.2431587 1.770638 21 HandTipLeft
-0.4861356 -0.2069716 1.7936 22 ThumbLeft
0.018298 -0.2464294 1.875358 23 HandTipRight
0.01574482 -0.2525326 1.876667 24 ThumbRight
-0.2450023 -0.1921896 1.850811 0 SpineBase
-0.2430566 0.1205656 1.830557 1 SpineMid
-0.2386474 0.4206657 1.793906 2 Neck
-0.3880795 0.3028724 1.758193 4 ShoulderLeft
-0.4777215 0.09149647 1.796505 5 ElbowLeft
-0.5007492 -0.1030052 1.756928 6 WristLeft
-0.5021728 -0.1762154 1.734227 7 HandLeft
-0.0766007 0.2969833 1.85686 8 ShoulderRight
-0.05389167 0.07985627 1.893086 9 ElbowRight
0.001687169 -0.1033392 1.858666 10 WristRight
0.01503635 -0.182267 1.839465 11 HandRight
-0.3141989 -0.1911412 1.784483 12 HipLeft
-0.316888 -0.5666954 1.892068 13 KneeLeft
-0.3111862 -0.9848385 1.907661 14 AnkleLeft
-0.3135073 -1.017419 1.808064 15 FootLeft
-0.166065 -0.1854317 1.843885 16 HipRight
-0.1544951 -0.5017641 1.680746 17 KneeRight
-0.1282142 -0.9003599 1.741027 18 AnkleRight
-0.09427796 -0.9367411 1.631765 19 FootRight
-0.2401112 0.3473934 1.805593 20 SpineShoulder
-0.4992432 -0.2433236 1.737627 21 HandTipLeft
-0.4832946 -0.220104 1.7588 22 ThumbLeft
0.02931119 -0.2501306 1.872636 23 HandTipRight
-0.0108677 -0.1664612 1.837539 24 ThumbRight
-0.2250082 -0.2038624 1.757771 0 SpineBase
-0.2200262 0.1041134 1.719985 1 SpineMid
-0.2132042 0.3994532 1.667403 2 Neck
-0.3610222 0.2914006 1.643759 4 ShoulderLeft
-0.4509162 0.07785572 1.673133 5 ElbowLeft
-0.4742858 -0.1180937 1.639537 6 WristLeft
-0.4742264 -0.1855623 1.62436 7 HandLeft
-0.05211217 0.2872766 1.748208 8 ShoulderRight
-0.03325946 0.04548873 1.810429 9 ElbowRight
0.02138675 -0.1388787 1.8107 10 WristRight
0.03923863 -0.1860429 1.793258 11 HandRight
-0.2931671 -0.2030003 1.694983 12 HipLeft
-0.3070468 -0.5430945 1.844955 13 KneeLeft
-0.3110084 -0.9786357 1.918464 14 AnkleLeft
-0.3386388 -1.037879 1.869913 15 FootLeft
-0.1475536 -0.1962304 1.747348 16 HipRight
-0.1121149 -0.4703411 1.562673 17 KneeRight
-0.05523013 -0.9225188 1.504181 18 AnkleRight
-0.2152072 0.3274201 1.682919 20 SpineShoulder
-0.4702968 -0.2577552 1.629163 21 HandTipLeft
-0.5049212 -0.1844492 1.622357 22 ThumbLeft
0.06220037 -0.2434896 1.8042 23 HandTipRight
0.05556653 -0.2308253 1.813167 24 ThumbRight
-0.2086158 -0.214955 1.704723 0 SpineBase
-0.2022393 0.09341248 1.6617 1 SpineMid
-0.194068 0.3890792 1.603998 2 Neck
-0.3415655 0.2814457 1.581299 4 ShoulderLeft
-0.4310673 0.07262976 1.609131 5 ElbowLeft
-0.4533732 -0.1248844 1.572244 6 WristLeft
-0.4546336 -0.1922661 1.560629 7 HandLeft
-0.0316878 0.2774361 1.689425 8 ShoulderRight
-0.01573411 0.03229031 1.767445 9 ElbowRight
0.03869138 -0.1514923 1.774299 10 WristRight
0.0561414 -0.1943231 1.758832 11 HandRight
-0.277135 -0.2138014 1.645484 12 HipLeft
-0.293893 -0.5328472 1.795793 13 KneeLeft
-0.3100314 -0.969017 1.916147 14 AnkleLeft
-0.33676 -1.024949 1.855204 15 FootLeft
-0.1313209 -0.2068436 1.690906 16 HipRight
-0.09935636 -0.4908372 1.525918 17 KneeRight
-0.03047535 -0.9482274 1.434359 18 AnkleRight
-0.1963974 0.3170039 1.620774 20 SpineShoulder
-0.450988 -0.262485 1.560983 21 HandTipLeft
-0.4863647 -0.1828305 1.569625 22 ThumbLeft
0.08165807 -0.2545625 1.770592 23 HandTipRight
0.05202305 -0.2272641 1.774 24 ThumbRight
-0.1849451 -0.222057 1.635651 0 SpineBase
-0.1769257 0.08758306 1.594378 1 SpineMid
-0.1674318 0.3839251 1.538078 2 Neck
-0.3152525 0.2761697 1.513292 4 ShoulderLeft
-0.4055984 0.06636757 1.538808 5 ElbowLeft
-0.42748 -0.1266484 1.503286 6 WristLeft
-0.4290493 -0.1952301 1.490674 7 HandLeft
-0.004917737 0.2692927 1.617546 8 ShoulderRight
0.01144508 0.03231961 1.705656 9 ElbowRight
0.05739767 -0.1520201 1.72508 10 WristRight
0.07828761 -0.1981834 1.713614 11 HandRight
-0.2545514 -0.2203506 1.579895 12 HipLeft
-0.2770233 -0.5227569 1.738622 13 KneeLeft
-0.3067914 -0.9497358 1.907366 14 AnkleLeft
-0.2532157 -1.004018 1.833873 15 FootLeft
-0.1071841 -0.2138061 1.618466 16 HipRight
-0.08680269 -0.5120423 1.490155 17 KneeRight
-0.03490237 -0.9727923 1.408266 18 AnkleRight
-0.1700449 0.3117664 1.554511 20 SpineShoulder
-0.4271512 -0.2614655 1.483539 21 HandTipLeft
-0.4395364 -0.2218389 1.455458 22 ThumbLeft
0.1043651 -0.2613058 1.731689 23 HandTipRight
0.06645428 -0.1906604 1.716 24 ThumbRight
-0.1006038 -0.2086751 1.438813 0 SpineBase
-0.09077942 0.1107682 1.412806 1 SpineMid
-0.08069856 0.4138582 1.371934 2 Neck
-0.2321313 0.2914701 1.335491 4 ShoulderLeft
-0.3166318 0.08110085 1.342739 5 ElbowLeft
-0.3420595 -0.1124869 1.288689 6 WristLeft
-0.3470105 -0.172098 1.279109 7 HandLeft
0.08228615 0.2835983 1.439335 8 ShoulderRight
0.1056879 0.03392643 1.500893 9 ElbowRight
0.1528567 -0.1519426 1.509147 10 WristRight
0.1630841 -0.1875841 1.507286 11 HandRight
-0.1729918 -0.2012602 1.38639 12 HipLeft
-0.221173 -0.4920739 1.435508 13 KneeLeft
-0.2915792 -0.840381 1.719795 14 AnkleLeft
-0.277156 -0.9230161 1.685449 15 FootLeft
-0.02327701 -0.2053973 1.417992 16 HipRight
-0.03544702 -0.5146967 1.400822 17 KneeRight
-0.04617938 -0.981791 1.400766 18 AnkleRight
-0.08328374 0.3403943 1.384372 20 SpineShoulder
-0.3481868 -0.2384657 1.266503 21 HandTipLeft
-0.3755254 -0.1743107 1.2672 22 ThumbLeft
0.1981237 -0.2539461 1.531328 23 HandTipRight
0.08582137 -0.1892278 1.419445 24 ThumbRight
-0.0700125 -0.2042264 1.385094 0 SpineBase
-0.06331523 0.117055 1.358295 1 SpineMid
-0.05626677 0.4211846 1.316009 2 Neck
-0.2073361 0.2998619 1.277807 4 ShoulderLeft
-0.2885722 0.08608665 1.271743 5 ElbowLeft
-0.2999925 -0.09808883 1.196983 6 WristLeft
-0.2964564 -0.1585297 1.189281 7 HandLeft
0.1135591 0.2876651 1.377343 8 ShoulderRight
0.1394037 0.05088297 1.41583 9 ElbowRight
0.2020062 -0.1317497 1.398735 10 WristRight
0.2183793 -0.1796193 1.392635 11 HandRight
-0.1426797 -0.1951356 1.334682 12 HipLeft
-0.1716323 -0.5048562 1.289323 13 KneeLeft
-0.2478114 -0.8553129 1.56903 14 AnkleLeft
0.006321274 -0.2024565 1.361988 16 HipRight
-0.01535523 -0.5076573 1.371263 17 KneeRight
-0.0626016 -0.9703264 1.400759 18 AnkleRight
-0.05808726 0.3475704 1.328819 20 SpineShoulder
-0.297193 -0.2261499 1.162467 21 HandTipLeft
-0.3052537 -0.1487313 1.152465 22 ThumbLeft
0.2460231 -0.2455579 1.396327 23 HandTipRight
0.1930203 -0.18924 1.342833 24 ThumbRight
-0.04091736 -0.1981059 1.323351 0 SpineBase
-0.03726716 0.1218483 1.298156 1 SpineMid
-0.03328111 0.4237251 1.257178 2 Neck
-0.184891 0.3024502 1.222274 4 ShoulderLeft
-0.2664191 0.0971598 1.215565 5 ElbowLeft
-0.2621197 -0.07878786 1.122276 6 WristLeft
-0.245395 -0.1425082 1.104322 7 HandLeft
0.1392818 0.2855322 1.306721 8 ShoulderRight
0.1726122 0.06855564 1.330719 9 ElbowRight
0.2345788 -0.1109023 1.282029 10 WristRight
0.2654911 -0.180936 1.259552 11 HandRight
-0.1179153 -0.1878975 1.277635 12 HipLeft
-0.1186572 -0.4905366 1.15599 13 KneeLeft
-0.192068 -0.7572823 1.402671 14 AnkleLeft
-0.1935228 -0.8374318 1.387604 15 FootLeft
0.03843434 -0.1972686 1.295422 16 HipRight
0.02021404 -0.4971842 1.329568 17 KneeRight
-0.09471063 -0.9412439 1.402638 18 AnkleRight
-0.034325 0.3507871 1.269647 20 SpineShoulder
-0.2369697 -0.2086214 1.062693 21 HandTipLeft
-0.2153223 -0.131209 1.092051 22 ThumbLeft
0.2882548 -0.2287158 1.244398 23 HandTipRight
0.2747783 -0.1693096 1.223692 24 ThumbRight
0.0239029 -0.2043853 1.164004 0 SpineBase
0.02102022 0.1153563 1.143685 1 SpineMid
0.01798084 0.4143528 1.106092 2 Neck
-0.1352729 0.2939924 1.086347 4 ShoulderLeft
-0.2169406 0.1038071 1.096964 5 ElbowLeft
-0.1782797 -0.06007627 0.9749995 6 WristLeft
-0.1435513 -0.1213196 0.9480084 7 HandLeft
0.1911199 0.284612 1.140172 8 ShoulderRight
0.2404115 0.0841726 1.144093 9 ElbowRight
0.2991203 -0.0725106 1.035613 10 WristRight
0.3201032 -0.1298391 0.9792308 11 HandRight
-0.06184137 -0.1968119 1.125048 12 HipLeft
-0.02118858 -0.4850165 0.9643001 13 KneeLeft
0.03633454 -0.9165863 0.7697856 14 AnkleLeft
0.1081331 -0.1990485 1.129468 16 HipRight
0.02525318 -0.4998141 1.111419 17 KneeRight
0.01971596 -0.784411 1.287396 18 AnkleRight
0.01875976 0.342478 1.117714 20 SpineShoulder
-0.133904 -0.1624882 0.8674774 21 HandTipLeft
-0.10771 -0.1745817 0.9911706 22 ThumbLeft
0.3412995 -0.1736088 0.9324205 23 HandTipRight
0.3162161 -0.1059363 0.9382927 24 ThumbRight
0.05975269 -0.2375608 1.029895 0 SpineBase
0.05479178 0.09180703 1.020529 1 SpineMid
0.04911452 0.3973135 0.9922491 2 Neck
-0.1011634 0.2651268 0.9753984 4 ShoulderLeft
-0.1826553 0.07683423 0.994921 5 ElbowLeft
-0.1436111 -0.1014684 0.8779717 6 WristLeft
-0.1064117 -0.1594122 0.8679149 7 HandLeft
0.2142739 0.2549165 1.011949 8 ShoulderRight
0.2744825 0.06135416 1.023622 9 ElbowRight
0.3261592 -0.08947654 0.9027191 10 WristRight
0.3382323 -0.1320163 0.8413007 11 HandRight
-0.02891184 -0.2317548 0.9961741 12 HipLeft
0.04588015 -0.5720019 0.8264087 13 KneeLeft
0.1441708 -0.2265967 0.990909 16 HipRight
0.1197581 -0.5015297 1.085369 17 KneeRight
0.1165855 -0.7857925 1.261883 18 AnkleRight
0.05060964 0.3242173 1.001507 20 SpineShoulder
-0.1091427 -0.2024089 0.7896386 21 HandTipLeft
-0.08803766 -0.2135426 0.8846667 22 ThumbLeft
0.3541948 -0.1719164 0.7950632 23 HandTipRight
0.3292998 -0.111384 0.8115626 24 ThumbRight
0.09330089 -0.2755828 0.9060374 0 SpineBase
0.08358244 0.07278041 0.9055154 1 SpineMid
-0.07382318 0.2442593 0.8674386 4 ShoulderLeft
-0.1413367 0.04124971 0.8813508 5 ElbowLeft
-0.1252089 -0.1563382 0.7878541 6 WristLeft
-0.09274458 -0.2076179 0.779074 7 HandLeft
0.2113623 0.2309305 0.8801795 8 ShoulderRight
0.3026489 0.03681636 0.9107372 9 ElbowRight
0.3442046 -0.1184531 0.7911851 10 WristRight
0.3519674 -0.1418017 0.7476597 11 HandRight
0.006239892 -0.2708308 0.8811511 12 HipLeft
0.02418183 -0.6091919 0.6920947 13 KneeLeft
0.1730984 -0.2586554 0.8596561 16 HipRight
0.1645188 -0.6128565 0.8940127 17 KneeRight
0.07540711 0.3168518 0.8906962 20 SpineShoulder
-0.0996642 -0.279631 0.733928 21 HandTipLeft
-0.07665186 -0.2566778 0.8061 22 ThumbLeft
0.365908 -0.1794745 0.697053 23 HandTipRight
0.3467158 -0.1228135 0.7095715 24 ThumbRight
0.1397193 -0.2678447 0.7980768 0 SpineBase
0.1186567 0.04485719 0.7930959 1 SpineMid
-0.02395879 0.2750829 0.7629139 4 ShoulderLeft
-0.09298538 0.08381587 0.7672665 5 ElbowLeft
-0.04878363 -0.09452423 0.6339654 6 WristLeft
-0.002328513 -0.1477209 0.6219515 7 HandLeft
0.2386338 0.2442227 0.7624713 8 ShoulderRight
0.3439314 0.05969221 0.8038319 9 ElbowRight
0.3366718 -0.1115729 0.6809036 10 WristRight
0.04044108 -0.2656507 0.7727984 12 HipLeft
0.2514981 -0.5641236 0.7184393 13 KneeLeft
0.2269768 -0.2466422 0.7521179 16 HipRight
0.284975 -0.5585678 0.5205027 17 KneeRight
0.1017551 0.2593121 0.7720248 20 SpineShoulder
0.0003658464 -0.2096939 0.5575523 21 HandTipLeft
0.03877255 -0.1961696 0.6437368 22 ThumbLeft
0.4055033 -0.1499246 0.5898135 23 HandTipRight
0.350069 -0.1031121 0.6014705 24 ThumbRight
0.1647936 -0.2608832 0.7714071 0 SpineBase
0.1344654 0.03908317 0.7508586 1 SpineMid
-0.0102751 0.2777157 0.711158 4 ShoulderLeft
-0.07487499 0.08263873 0.696417 5 ElbowLeft
0.01006011 -0.007249383 0.5355038 6 WristLeft
0.03058063 -0.0196836 0.5599873 7 HandLeft
0.2620912 0.2660179 0.7125919 8 ShoulderRight
0.3734976 0.07897859 0.7481774 9 ElbowRight
0.4181392 -0.0653099 0.6151574 10 WristRight
0.397047 -0.08033471 0.5863296 11 HandRight
0.06726355 -0.2583237 0.7290668 12 HipLeft
0.2247089 -0.5835391 0.7120799 13 KneeLeft
0.2497867 -0.2370245 0.7353231 16 HipRight
-0.0182766 -0.4233477 0.4895286 17 KneeRight
0.1020902 0.2378933 0.7237749 20 SpineShoulder
0.3746193 -0.1117408 0.5337675 23 HandTipRight
0.3583785 -0.0729382 0.5722858 24 ThumbRight
0.2378672 -0.3594884 0.7106633 0 SpineBase
0.1267314 -0.06108443 0.7065917 1 SpineMid
0.0163137 0.2149639 0.6803509 2 Neck
-0.08350179 0.1929556 0.670406 4 ShoulderLeft
0.1292762 0.304359 0.6013039 7 HandLeft
0.1934422 0.1845791 0.6719789 8 ShoulderRight
0.3901129 -0.08759717 0.5226858 10 WristRight
0.1464482 -0.3804158 0.6818543 12 HipLeft
0.06802625 -0.7146388 0.7301621 13 KneeLeft
0.3076625 -0.3060879 0.6751859 16 HipRight
-0.08258423 -0.3689842 0.5894361 17 KneeRight
0.03983697 0.1524311 0.6932009 20 SpineShoulder
0.203015 0.3329388 0.6086117 21 HandTipLeft
0.1803637 0.2583092 0.5501111 22 ThumbLeft
0.08652571 -0.3390035 0.5652598 1 SpineMid
-0.02023251 -0.1894 0.5857347 4 ShoulderLeft
0.08041186 -0.1161048 0.5692493 7 HandLeft
0.2585135 -0.1959442 0.5845116 8 ShoulderRight
0.07496288 0.04857282 0.5497841 11 HandRight
0.08302725 -0.2116691 0.5915895 20 SpineShoulder
0.07171635 -0.1535227 0.5676536 21 HandTipLeft
0.05786272 -0.108375 0.58575 22 ThumbLeft
