X              Y         Z      JointType 
-0.05373567 -0.4325972 1.7513 0 SpineBase
-0.05350836 -0.1344382 1.776362 1 SpineMid
-0.05287546 0.1541518 1.7868 2 Neck
-0.1970373 0.04486117 1.774341 4 ShoulderLeft
-0.3182159 -0.06328864 1.787383 5 ElbowLeft
-0.2298596 -0.080507 1.577271 6 WristLeft
-0.2228818 -0.07586461 1.553338 7 HandLeft
0.1240274 0.0372899 1.78137 8 ShoulderRight
0.1860839 -0.167177 1.809094 9 ElbowRight
-0.1263804 -0.4225078 1.713387 12 HipLeft
-0.1379707 -0.7004859 1.739206 13 KneeLeft
-0.08951929 -0.9943205 1.804611 14 AnkleLeft
-0.07140971 -1.047037 1.690701 15 FootLeft
0.02098148 -0.4259325 1.721387 16 HipRight
-0.01296863 -0.7097036 1.608862 17 KneeRight
0.03749666 -0.9639103 1.645217 18 AnkleRight
-0.05310062 0.08329152 1.786572 20 SpineShoulder
-0.1918464 -0.07281027 1.523471 21 HandTipLeft
-0.2335676 -0.07213968 1.524333 22 ThumbLeft
-0.05286143 -0.4336415 1.76267 0 SpineBase
-0.05363985 -0.1354562 1.784973 1 SpineMid
-0.05380797 0.1532813 1.793115 2 Neck
-0.1991102 0.04636416 1.784759 4 ShoulderLeft
-0.3182736 -0.06966032 1.805347 5 ElbowLeft
-0.2815327 -0.155783 1.594361 6 WristLeft
-0.2640743 -0.171111 1.539295 7 HandLeft
0.1210235 0.03440223 1.790505 8 ShoulderRight
0.1864437 -0.1706388 1.824363 9 ElbowRight
0.2518044 -0.3192919 1.732354 10 WristRight
0.2792081 -0.3790799 1.68469 11 HandRight
-0.125433 -0.4225535 1.724351 12 HipLeft
-0.1350816 -0.7055457 1.746081 13 KneeLeft
-0.08774626 -0.9999364 1.807254 14 AnkleLeft
-0.0703939 -1.052014 1.690062 15 FootLeft
0.02173306 -0.4280902 1.733215 16 HipRight
-0.01004642 -0.7217398 1.64564 17 KneeRight
0.03816104 -0.9732711 1.682335 18 AnkleRight
-0.05385089 0.08237314 1.793418 20 SpineShoulder
-0.2400952 -0.1862466 1.512417 21 HandTipLeft
-0.2851101 -0.1815686 1.5279 22 ThumbLeft
0.2958813 -0.4160312 1.658378 23 HandTipRight
0.2764959 -0.3714803 1.641261 24 ThumbRight
-0.05050522 -0.4384269 1.782735 0 SpineBase
-0.05331529 -0.1374692 1.801511 1 SpineMid
-0.05522394 0.1536627 1.806149 2 Neck
-0.1999102 0.04673734 1.795794 4 ShoulderLeft
-0.3156161 -0.08625173 1.824018 5 ElbowLeft
-0.3027172 -0.2051438 1.652779 6 WristLeft
-0.2954248 -0.260399 1.564925 7 HandLeft
0.1214921 0.03333272 1.807398 8 ShoulderRight
0.1870842 -0.1748862 1.843915 9 ElbowRight
0.2558555 -0.3266882 1.766403 10 WristRight
0.2911095 -0.3990448 1.727817 11 HandRight
-0.1231 -0.4269323 1.743965 12 HipLeft
-0.125109 -0.7105722 1.752044 13 KneeLeft
-0.08815642 -1.006698 1.816514 14 AnkleLeft
-0.07192849 -1.059287 1.70058 15 FootLeft
0.02400607 -0.4332367 1.753556 16 HipRight
0.00247278 -0.7347983 1.679573 17 KneeRight
0.03315692 -0.9544917 1.713387 18 AnkleRight
0.04790092 -1.000933 1.59302 19 FootRight
-0.0548644 0.08219498 1.807318 20 SpineShoulder
-0.2817004 -0.2908064 1.53696 21 HandTipLeft
-0.3289862 -0.274665 1.563 22 ThumbLeft
0.3135466 -0.4575537 1.727926 23 HandTipRight
0.2957749 -0.3987272 1.684057 24 ThumbRight
-0.04240172 -0.4483141 1.80949 0 SpineBase
-0.04601074 -0.1430693 1.827659 1 SpineMid
-0.04900021 0.152654 1.831286 2 Neck
-0.1967893 0.03705485 1.817667 4 ShoulderLeft
-0.278839 -0.1593626 1.835686 5 ElbowLeft
-0.2973625 -0.3533209 1.724251 6 WristLeft
-0.2990902 -0.4196306 1.698118 7 HandLeft
0.1288411 0.03098671 1.83327 8 ShoulderRight
0.1904227 -0.1887853 1.864529 9 ElbowRight
0.2535694 -0.3485187 1.813792 10 WristRight
0.2850356 -0.4305021 1.783125 11 HandRight
-0.1145852 -0.4388347 1.772831 12 HipLeft
-0.107797 -0.7648557 1.778755 13 KneeLeft
-0.08682621 -1.009833 1.824162 14 AnkleLeft
-0.07328094 -1.059711 1.706092 15 FootLeft
0.03142563 -0.4409948 1.777857 16 HipRight
0.02195265 -0.7570505 1.724082 17 KneeRight
0.046629 -1.037964 1.754573 18 AnkleRight
-0.04834014 0.08000892 1.832766 20 SpineShoulder
-0.2976491 -0.4812732 1.68204 21 HandTipLeft
-0.304438 -0.4333529 1.70575 22 ThumbLeft
0.3063669 -0.4935993 1.788154 23 HandTipRight
0.2937139 -0.4339858 1.740024 24 ThumbRight
-0.03628403 -0.4517252 1.813962 0 SpineBase
-0.03685467 -0.1458732 1.835929 1 SpineMid
-0.03677597 0.1508686 1.843855 2 Neck
-0.1894136 0.02731965 1.832037 4 ShoulderLeft
-0.2432059 -0.2047495 1.83014 5 ElbowLeft
-0.2824039 -0.3739966 1.769484 6 WristLeft
-0.2881134 -0.4384737 1.76166 7 HandLeft
0.1415951 0.02704206 1.847195 8 ShoulderRight
0.1936851 -0.1970423 1.870332 9 ElbowRight
0.2530541 -0.361387 1.813344 10 WristRight
0.2682487 -0.4319432 1.770854 11 HandRight
-0.1087659 -0.4425624 1.777686 12 HipLeft
-0.1009898 -0.7661895 1.770026 13 KneeLeft
-0.07073539 -1.056503 1.826316 14 AnkleLeft
0.03757709 -0.4438661 1.781659 16 HipRight
0.03208851 -0.7638066 1.733657 17 KneeRight
0.05192073 -1.064685 1.769991 18 AnkleRight
-0.03686066 0.07793336 1.844237 20 SpineShoulder
-0.2969176 -0.504483 1.767935 21 HandTipLeft
-0.2674273 -0.4699804 1.769857 22 ThumbLeft
0.2864797 -0.4914531 1.764721 23 HandTipRight
0.2675602 -0.4284779 1.72875 24 ThumbRight
-0.02820856 -0.4529137 1.816493 0 SpineBase
-0.0282911 -0.1466891 1.840379 1 SpineMid
-0.02806804 0.1502397 1.849944 2 Neck
-0.1799318 0.02417461 1.837995 4 ShoulderLeft
-0.2319364 -0.2121927 1.84079 5 ElbowLeft
-0.2736703 -0.3832605 1.778082 6 WristLeft
-0.2723463 -0.4443517 1.766105 7 HandLeft
0.1485417 0.02566186 1.85147 8 ShoulderRight
0.1988006 -0.2034567 1.882449 9 ElbowRight
0.2521251 -0.3647114 1.801734 10 WristRight
0.2577814 -0.4298097 1.75168 11 HandRight
-0.1013627 -0.4436552 1.782216 12 HipLeft
-0.08981737 -0.7618902 1.733898 13 KneeLeft
-0.08352522 -1.069317 1.801415 14 AnkleLeft
0.04637634 -0.4451287 1.7821 16 HipRight
0.04492265 -0.7675865 1.737119 17 KneeRight
0.05121119 -1.076954 1.77616 18 AnkleRight
-0.02816047 0.07727386 1.84994 20 SpineShoulder
-0.2699834 -0.5186771 1.767293 21 HandTipLeft
-0.2684619 -0.4586891 1.7772 22 ThumbLeft
0.2706357 -0.4872141 1.742889 23 HandTipRight
0.2538936 -0.4165658 1.708357 24 ThumbRight
-0.01838154 -0.4519106 1.816907 0 SpineBase
-0.01822062 -0.1460943 1.845124 1 SpineMid
-0.01701218 0.1503776 1.859628 2 Neck
-0.1725637 0.02215111 1.849974 4 ShoulderLeft
-0.2251217 -0.2092814 1.856592 5 ElbowLeft
-0.2664744 -0.378496 1.775728 6 WristLeft
-0.2719434 -0.4287658 1.742599 7 HandLeft
0.157017 0.02665085 1.853385 8 ShoulderRight
0.2112762 -0.1940168 1.875642 9 ElbowRight
0.2475958 -0.3544626 1.774052 10 WristRight
0.2464725 -0.4132221 1.726668 11 HandRight
-0.09270069 -0.4419237 1.784562 12 HipLeft
-0.1072775 -0.7629614 1.70797 13 KneeLeft
-0.1443558 -1.064149 1.774773 14 AnkleLeft
0.05687122 -0.4447823 1.780194 16 HipRight
0.05832342 -0.7840533 1.747476 17 KneeRight
0.05467644 -1.074484 1.798341 18 AnkleRight
-0.01737051 0.07756013 1.858265 20 SpineShoulder
-0.2736036 -0.4972731 1.735824 21 HandTipLeft
-0.2723473 -0.4239008 1.700508 22 ThumbLeft
0.253516 -0.4807552 1.71549 23 HandTipRight
0.2481376 -0.4129244 1.678103 24 ThumbRight
-0.02015249 -0.4512073 1.814371 0 SpineBase
-0.01840117 -0.1459575 1.845707 1 SpineMid
-0.01616728 0.1501683 1.866065 2 Neck
-0.173501 0.02191717 1.851183 4 ShoulderLeft
-0.2287749 -0.2040608 1.855611 5 ElbowLeft
-0.2694497 -0.3691579 1.763549 6 WristLeft
-0.2799187 -0.4242081 1.725829 7 HandLeft
0.1570834 0.02702696 1.853744 8 ShoulderRight
0.2103483 -0.1920792 1.870897 9 ElbowRight
0.2464817 -0.3512289 1.765648 10 WristRight
0.2451851 -0.4123658 1.71569 11 HandRight
-0.09421249 -0.4410338 1.782789 12 HipLeft
-0.1188916 -0.7692044 1.717065 13 KneeLeft
-0.148124 -1.072968 1.781318 14 AnkleLeft
0.05478502 -0.4442713 1.776632 16 HipRight
0.05860551 -0.7891831 1.749938 17 KneeRight
0.05539977 -1.081321 1.801387 18 AnkleRight
-0.01693504 0.07751812 1.862762 20 SpineShoulder
-0.2805419 -0.4906563 1.715482 21 HandTipLeft
-0.2775803 -0.4090496 1.687763 22 ThumbLeft
0.2524563 -0.4777148 1.701633 23 HandTipRight
0.2447105 -0.4099402 1.669697 24 ThumbRight
-0.02553353 -0.4506391 1.810459 0 SpineBase
-0.02179611 -0.146222 1.845263 1 SpineMid
-0.01892975 0.149089 1.866722 2 Neck
-0.177834 0.02195559 1.852085 4 ShoulderLeft
-0.2374033 -0.1984057 1.849349 5 ElbowLeft
-0.2760452 -0.359978 1.749089 6 WristLeft
-0.2889755 -0.4194079 1.707648 7 HandLeft
0.1547893 0.02663688 1.856317 8 ShoulderRight
0.2056361 -0.18998 1.866269 9 ElbowRight
0.2439002 -0.3498088 1.762606 10 WristRight
0.2418506 -0.4090277 1.708697 11 HandRight
-0.09939481 -0.4401729 1.778883 12 HipLeft
-0.1300886 -0.7746039 1.729737 13 KneeLeft
-0.1489158 -1.079905 1.793811 14 AnkleLeft
0.04936667 -0.4439392 1.772736 16 HipRight
0.05737936 -0.7891859 1.75005 17 KneeRight
0.05635849 -1.087028 1.803693 18 AnkleRight
-0.01972707 0.07662472 1.863346 20 SpineShoulder
-0.2888605 -0.4836656 1.695352 21 HandTipLeft
-0.2874573 -0.4014563 1.674012 22 ThumbLeft
0.2515132 -0.4740383 1.688931 23 HandTipRight
0.2415086 -0.4015722 1.664947 24 ThumbRight
-0.05321547 -0.4513618 1.799163 0 SpineBase
-0.0451787 -0.1476281 1.839631 1 SpineMid
-0.03737562 0.1465083 1.864963 2 Neck
-0.2017359 0.02408847 1.845819 4 ShoulderLeft
-0.2661981 -0.1840513 1.830267 5 ElbowLeft
-0.2922977 -0.3427048 1.717929 6 WristLeft
-0.2832162 -0.410583 1.690316 7 HandLeft
0.1325637 0.02221206 1.862616 8 ShoulderRight
0.1745852 -0.196462 1.858371 9 ElbowRight
0.2193609 -0.3531597 1.753008 10 WristRight
0.2120829 -0.41498 1.71234 11 HandRight
-0.1264752 -0.440166 1.764072 12 HipLeft
-0.1517785 -0.77771 1.737464 13 KneeLeft
-0.1667087 -1.095166 1.790788 14 AnkleLeft
0.02204859 -0.4451911 1.764941 16 HipRight
0.03760255 -0.7829767 1.731016 17 KneeRight
0.040029 -1.099947 1.791668 18 AnkleRight
-0.0393102 0.07427143 1.861026 20 SpineShoulder
-0.2996208 -0.4632862 1.654735 21 HandTipLeft
-0.2404377 -0.4443766 1.736081 22 ThumbLeft
0.2234241 -0.4821782 1.698188 23 HandTipRight
0.2114629 -0.4106518 1.669405 24 ThumbRight
-0.06343043 -0.452022 1.797799 0 SpineBase
-0.05583185 -0.1481005 1.838073 1 SpineMid
-0.04814895 0.146122 1.863297 2 Neck
-0.2119997 0.02495568 1.843683 4 ShoulderLeft
-0.2762365 -0.1789128 1.824834 5 ElbowLeft
-0.2981383 -0.3405541 1.709043 6 WristLeft
-0.2876907 -0.4079729 1.684663 7 HandLeft
0.1219839 0.02057284 1.862095 8 ShoulderRight
0.1603996 -0.2018178 1.854857 9 ElbowRight
0.2055094 -0.3607739 1.753916 10 WristRight
0.1979275 -0.4217225 1.719771 11 HandRight
-0.1372642 -0.4409573 1.761261 12 HipLeft
-0.1618871 -0.7794092 1.740231 13 KneeLeft
-0.1810695 -1.100611 1.786418 14 AnkleLeft
0.012669 -0.4456913 1.764964 16 HipRight
0.02249618 -0.7772039 1.71397 17 KneeRight
0.03760885 -1.10029 1.790886 18 AnkleRight
-0.05009354 0.07385991 1.85941 20 SpineShoulder
-0.3014043 -0.4601364 1.646102 21 HandTipLeft
-0.2465923 -0.4430297 1.731973 22 ThumbLeft
0.208033 -0.4898529 1.705519 23 HandTipRight
0.2028879 -0.4234162 1.675844 24 ThumbRight
-0.07058254 -0.4525233 1.796645 0 SpineBase
-0.06305472 -0.1482463 1.836681 1 SpineMid
-0.05536179 0.1462845 1.861687 2 Neck
-0.2181637 0.02595896 1.841749 4 ShoulderLeft
-0.286466 -0.1776716 1.817061 5 ElbowLeft
-0.3031628 -0.3381745 1.703039 6 WristLeft
-0.2948646 -0.4053607 1.677822 7 HandLeft
0.115344 0.01989859 1.863943 8 ShoulderRight
0.1484556 -0.2099836 1.851105 9 ElbowRight
0.1951205 -0.3702984 1.753732 10 WristRight
0.1854966 -0.4248541 1.724325 11 HandRight
-0.1440701 -0.4417805 1.758785 12 HipLeft
-0.167059 -0.7837014 1.742096 13 KneeLeft
-0.1790808 -1.105158 1.786585 14 AnkleLeft
0.005321179 -0.4458534 1.765183 16 HipRight
0.01151013 -0.7720873 1.701231 17 KneeRight
0.02029776 -1.100924 1.787262 18 AnkleRight
-0.05732086 0.07394524 1.857865 20 SpineShoulder
-0.3063495 -0.4572591 1.639368 21 HandTipLeft
-0.2424315 -0.4356119 1.719966 22 ThumbLeft
0.1952026 -0.4963095 1.714072 23 HandTipRight
0.1865083 -0.4244533 1.68055 24 ThumbRight
-0.07331946 -0.4516414 1.792045 0 SpineBase
-0.06893716 -0.1478283 1.833554 1 SpineMid
-0.06501953 0.1462958 1.859576 2 Neck
-0.2250934 0.02673558 1.839401 4 ShoulderLeft
-0.2947206 -0.1770391 1.812161 5 ElbowLeft
-0.3136665 -0.340399 1.696533 6 WristLeft
-0.3124251 -0.4069509 1.674232 7 HandLeft
0.1081713 0.02109853 1.865055 8 ShoulderRight
0.1388665 -0.2158702 1.852358 9 ElbowRight
0.1734233 -0.3811083 1.757936 10 WristRight
0.1669169 -0.4224117 1.729137 11 HandRight
-0.1469145 -0.4404141 1.750866 12 HipLeft
-0.1678233 -0.7790143 1.736299 13 KneeLeft
-0.1724283 -1.108863 1.791021 14 AnkleLeft
0.002943405 -0.445367 1.763362 16 HipRight
0.013715 -0.7785995 1.712148 17 KneeRight
0.02124406 -1.111017 1.786965 18 AnkleRight
-0.06595166 0.07406624 1.855491 20 SpineShoulder
-0.3245966 -0.4661767 1.647174 21 HandTipLeft
-0.245483 -0.4299821 1.714837 22 ThumbLeft
0.1736308 -0.4928634 1.717994 23 HandTipRight
0.1690052 -0.4241902 1.683944 24 ThumbRight
-0.07081922 -0.4509353 1.788707 0 SpineBase
-0.06859093 -0.1476995 1.832073 1 SpineMid
-0.06547955 0.1461321 1.859073 2 Neck
-0.2263702 0.02668191 1.839172 4 ShoulderLeft
-0.2949017 -0.1775485 1.812074 5 ElbowLeft
-0.3150319 -0.3420829 1.696679 6 WristLeft
-0.3203212 -0.4076926 1.670906 7 HandLeft
0.1079331 0.02126901 1.865197 8 ShoulderRight
0.1389603 -0.2144406 1.853615 9 ElbowRight
0.1706898 -0.379954 1.75834 10 WristRight
0.1667528 -0.4203664 1.727004 11 HandRight
-0.1441281 -0.4395441 1.747195 12 HipLeft
-0.1672177 -0.7717396 1.729188 13 KneeLeft
-0.1679882 -1.10988 1.786491 14 AnkleLeft
0.005088479 -0.4448207 1.760512 16 HipRight
0.01966461 -0.7788631 1.719845 17 KneeRight
0.02397989 -1.113118 1.792669 18 AnkleRight
-0.06626406 0.07396264 1.854851 20 SpineShoulder
-0.3226799 -0.4701239 1.652007 21 HandTipLeft
-0.2500516 -0.4251948 1.725647 22 ThumbLeft
0.1722742 -0.4925938 1.717036 23 HandTipRight
0.1713932 -0.4197623 1.683597 24 ThumbRight
-0.06828609 -0.4505994 1.786295 0 SpineBase
-0.06799898 -0.1478034 1.830583 1 SpineMid
-0.06603667 0.1456744 1.858292 2 Neck
-0.2265683 0.0264629 1.838834 4 ShoulderLeft
-0.2940869 -0.1796284 1.813235 5 ElbowLeft
-0.3151159 -0.3457097 1.700624 6 WristLeft
-0.3164251 -0.4139868 1.677217 7 HandLeft
0.1079068 0.02134115 1.865373 8 ShoulderRight
0.139416 -0.2145853 1.854053 9 ElbowRight
0.1711047 -0.3798133 1.757947 10 WristRight
0.1737484 -0.4201096 1.725909 11 HandRight
-0.1416932 -0.4392307 1.744783 12 HipLeft
-0.1663899 -0.7702175 1.726452 13 KneeLeft
-0.1583746 -1.108295 1.797118 14 AnkleLeft
0.007635448 -0.4444597 1.758235 16 HipRight
0.02188068 -0.7803046 1.721465 17 KneeRight
0.02400661 -1.114758 1.793914 18 AnkleRight
-0.06657071 0.07360697 1.853965 20 SpineShoulder
-0.3171308 -0.4764598 1.660602 21 HandTipLeft
-0.2511869 -0.4330369 1.737445 22 ThumbLeft
0.1807889 -0.4933442 1.719726 23 HandTipRight
0.1760747 -0.4206832 1.682235 24 ThumbRight
-0.0624252 -0.4501426 1.78208 0 SpineBase
-0.06505326 -0.1478058 1.825834 1 SpineMid
-0.06611353 0.1449082 1.85384 2 Neck
-0.2257179 0.02576204 1.835664 4 ShoulderLeft
-0.2871023 -0.1870141 1.814926 5 ElbowLeft
-0.3041569 -0.3591897 1.711685 6 WristLeft
-0.297545 -0.4232733 1.685639 7 HandLeft
0.1090399 0.02219467 1.865002 8 ShoulderRight
0.14794 -0.2093629 1.851889 9 ElbowRight
0.1873429 -0.3709743 1.751419 10 WristRight
0.1959947 -0.4142331 1.720807 11 HandRight
-0.1361742 -0.4390993 1.7409 12 HipLeft
-0.1609815 -0.7675091 1.718663 13 KneeLeft
-0.1539073 -1.110111 1.798664 14 AnkleLeft
0.0137022 -0.4436439 1.753764 16 HipRight
0.02694982 -0.7813355 1.721076 17 KneeRight
0.02443996 -1.117319 1.79599 18 AnkleRight
-0.06596709 0.07302997 1.849395 20 SpineShoulder
-0.2958455 -0.4842162 1.668547 21 HandTipLeft
-0.2771033 -0.4099075 1.656413 22 ThumbLeft
0.2047328 -0.4861734 1.712023 23 HandTipRight
0.196369 -0.4104368 1.676539 24 ThumbRight
-0.06036718 -0.4502626 1.780534 0 SpineBase
-0.06360996 -0.1476151 1.824545 1 SpineMid
-0.06549381 0.1452025 1.853042 2 Neck
-0.224878 0.02489064 1.834612 4 ShoulderLeft
-0.2829911 -0.1896195 1.814127 5 ElbowLeft
-0.2980386 -0.3629948 1.712364 6 WristLeft
-0.2898833 -0.4264499 1.681662 7 HandLeft
0.110744 0.02294864 1.863126 8 ShoulderRight
0.1529825 -0.2038059 1.850995 9 ElbowRight
0.1931491 -0.3655819 1.750954 10 WristRight
0.2036722 -0.4134224 1.718299 11 HandRight
-0.1343667 -0.439436 1.740094 12 HipLeft
-0.159304 -0.7673837 1.716928 13 KneeLeft
-0.151178 -1.114439 1.787009 14 AnkleLeft
0.01602261 -0.443459 1.751271 16 HipRight
0.02830042 -0.7814159 1.721061 17 KneeRight
0.02442074 -1.11819 1.796858 18 AnkleRight
-0.06515633 0.07331198 1.848454 20 SpineShoulder
-0.2858627 -0.488073 1.668533 21 HandTipLeft
-0.2691403 -0.4102574 1.656062 22 ThumbLeft
0.2125246 -0.4863296 1.714886 23 HandTipRight
0.2071327 -0.4160752 1.672941 24 ThumbRight
-0.05864967 -0.4497255 1.778739 0 SpineBase
-0.06223316 -0.1470522 1.823173 1 SpineMid
-0.06468533 0.1456872 1.852201 2 Neck
-0.2243324 0.02467551 1.834075 4 ShoulderLeft
-0.2792871 -0.1904492 1.814194 5 ElbowLeft
-0.2923868 -0.3644989 1.710777 6 WristLeft
-0.2824965 -0.4252679 1.675294 7 HandLeft
0.1126681 0.0241197 1.860548 8 ShoulderRight
0.156091 -0.2006852 1.850284 9 ElbowRight
0.1978472 -0.3619455 1.749978 10 WristRight
0.2082853 -0.4122016 1.716827 11 HandRight
-0.1330203 -0.4392352 1.739388 12 HipLeft
-0.157169 -0.766417 1.714536 13 KneeLeft
-0.1445532 -1.11262 1.795865 14 AnkleLeft
0.01805147 -0.442481 1.74803 16 HipRight
0.02988641 -0.7806964 1.720422 17 KneeRight
0.02267117 -1.118255 1.79651 18 AnkleRight
-0.06420171 0.07381994 1.847465 20 SpineShoulder
-0.2773274 -0.4857022 1.660084 21 HandTipLeft
-0.2751684 -0.4089194 1.638149 22 ThumbLeft
0.2178559 -0.4859937 1.711815 23 HandTipRight
0.2125683 -0.4135801 1.671134 24 ThumbRight
-0.05424801 -0.4486689 1.774506 0 SpineBase
-0.05749789 -0.145625 1.819865 1 SpineMid
-0.05998192 0.1473871 1.85 2 Neck
-0.221963 0.02356468 1.832483 4 ShoulderLeft
-0.2735718 -0.190894 1.810519 5 ElbowLeft
-0.2825915 -0.3626541 1.701998 6 WristLeft
-0.2786034 -0.4187324 1.663994 7 HandLeft
0.1182387 0.02736128 1.856508 8 ShoulderRight
0.1629938 -0.1964341 1.846022 9 ElbowRight
0.204515 -0.3566647 1.743716 10 WristRight
0.2086998 -0.4085846 1.706285 11 HandRight
-0.1289183 -0.4385172 1.736762 12 HipLeft
-0.1540652 -0.7647633 1.710832 13 KneeLeft
-0.1457258 -1.114496 1.79318 14 AnkleLeft
0.02246915 -0.4411738 1.742406 16 HipRight
0.03364068 -0.7791559 1.718878 17 KneeRight
0.02635382 -1.118981 1.796938 18 AnkleRight
-0.05946245 0.07545245 1.844944 20 SpineShoulder
-0.2729315 -0.4803142 1.648691 21 HandTipLeft
-0.2584183 -0.4004986 1.638131 22 ThumbLeft
0.2184245 -0.4831689 1.70055 23 HandTipRight
0.2092877 -0.4066006 1.659515 24 ThumbRight
-0.05320103 -0.4485753 1.772993 0 SpineBase
-0.05621651 -0.1456021 1.81859 1 SpineMid
-0.05852507 0.1473348 1.848968 2 Neck
-0.2206882 0.02355241 1.831765 4 ShoulderLeft
-0.2722698 -0.1893647 1.808652 5 ElbowLeft
-0.2827378 -0.3573444 1.699469 6 WristLeft
-0.2819211 -0.4159956 1.659045 7 HandLeft
0.1205746 0.02732094 1.854604 8 ShoulderRight
0.1638421 -0.196909 1.844018 9 ElbowRight
0.2051326 -0.3562002 1.74005 10 WristRight
0.2060728 -0.4086896 1.70136 11 HandRight
-0.1277642 -0.4383452 1.735327 12 HipLeft
-0.1533071 -0.763764 1.709461 13 KneeLeft
-0.1459109 -1.115353 1.791544 14 AnkleLeft
0.02335851 -0.4411651 1.740942 16 HipRight
0.03443329 -0.7789475 1.717992 17 KneeRight
0.02663993 -1.119656 1.796936 18 AnkleRight
-0.05804453 0.07541715 1.843842 20 SpineShoulder
-0.2767512 -0.474781 1.642217 21 HandTipLeft
-0.3134092 -0.4115319 1.665727 22 ThumbLeft
0.2144986 -0.4829644 1.693735 23 HandTipRight
0.2074293 -0.4091174 1.654125 24 ThumbRight
-0.05244588 -0.4486552 1.771723 0 SpineBase
-0.05516328 -0.1455009 1.817536 1 SpineMid
-0.05718746 0.1476127 1.84813 2 Neck
-0.2195029 0.02357815 1.831246 4 ShoulderLeft
-0.271382 -0.1879158 1.808198 5 ElbowLeft
-0.2832505 -0.3550865 1.697677 6 WristLeft
-0.2852738 -0.4139934 1.65835 7 HandLeft
0.121318 0.02625884 1.850644 8 ShoulderRight
0.1643188 -0.1966801 1.842328 9 ElbowRight
0.203569 -0.3552766 1.736426 10 WristRight
0.2021882 -0.4089115 1.697163 11 HandRight
-0.1270273 -0.4383758 1.734177 12 HipLeft
-0.1529485 -0.7634502 1.708856 13 KneeLeft
-0.1445834 -1.11524 1.794228 14 AnkleLeft
0.0241019 -0.4412923 1.739637 16 HipRight
0.03558226 -0.7763457 1.715894 17 KneeRight
0.02649922 -1.119962 1.797443 18 AnkleRight
-0.05677706 0.07564949 1.842945 20 SpineShoulder
-0.2802203 -0.4721049 1.641147 21 HandTipLeft
-0.3144667 -0.416292 1.660025 22 ThumbLeft
0.2098668 -0.481429 1.686783 23 HandTipRight
0.2033412 -0.4093199 1.650233 24 ThumbRight
-0.05124412 -0.4483018 1.76877 0 SpineBase
-0.05263104 -0.1449917 1.815669 1 SpineMid
-0.05267418 0.148414 1.847414 2 Neck
-0.2164468 0.02426981 1.82996 4 ShoulderLeft
-0.2712784 -0.1868897 1.80808 5 ElbowLeft
-0.2864481 -0.3516528 1.696137 6 WristLeft
-0.2943727 -0.4096074 1.66496 7 HandLeft
0.1231407 0.02669252 1.848196 8 ShoulderRight
0.1639301 -0.1985457 1.835768 9 ElbowRight
0.2003469 -0.3568135 1.72844 10 WristRight
0.1854356 -0.4178137 1.701421 11 HandRight
-0.1257522 -0.4378667 1.731142 12 HipLeft
-0.1524603 -0.7630221 1.707388 13 KneeLeft
-0.1444289 -1.114655 1.799075 14 AnkleLeft
0.02522293 -0.4410961 1.736812 16 HipRight
0.03590053 -0.7750279 1.713454 17 KneeRight
0.0274852 -1.120852 1.79811 18 AnkleRight
-0.05282993 0.07636307 1.841868 20 SpineShoulder
-0.290292 -0.4702683 1.64629 21 HandTipLeft
-0.32114 -0.4104322 1.666286 22 ThumbLeft
0.2025258 -0.4847409 1.682386 23 HandTipRight
0.204492 -0.4160048 1.643615 24 ThumbRight
-0.05117444 -0.44829 1.767869 0 SpineBase
-0.05211971 -0.144885 1.81524 1 SpineMid
-0.05172353 0.1486089 1.84732 2 Neck
-0.2156344 0.02444854 1.829926 4 ShoulderLeft
-0.2714629 -0.1868483 1.808146 5 ElbowLeft
-0.2885447 -0.3513345 1.69743 6 WristLeft
-0.2962188 -0.4100771 1.668165 7 HandLeft
0.1233075 0.02641511 1.846917 8 ShoulderRight
0.1639302 -0.1987977 1.834893 9 ElbowRight
0.1995781 -0.3569305 1.727108 10 WristRight
0.1866683 -0.4171135 1.700334 11 HandRight
-0.1256914 -0.4377657 1.730282 12 HipLeft
-0.1524111 -0.7627414 1.706995 13 KneeLeft
-0.1451467 -1.115785 1.796829 14 AnkleLeft
0.02530534 -0.4411759 1.735875 16 HipRight
0.03553165 -0.7734464 1.712245 17 KneeRight
0.02800078 -1.121418 1.797779 18 AnkleRight
-0.05198979 0.07653567 1.84169 20 SpineShoulder
-0.2936718 -0.4717345 1.652195 21 HandTipLeft
-0.3249728 -0.4092625 1.670569 22 ThumbLeft
0.2042224 -0.4834644 1.680643 23 HandTipRight
0.2045875 -0.417477 1.6434 24 ThumbRight
-0.05119713 -0.4483178 1.767296 0 SpineBase
-0.05183524 -0.1449071 1.814989 1 SpineMid
-0.05111326 0.1485552 1.847322 2 Neck
-0.2150514 0.02492707 1.830202 4 ShoulderLeft
-0.2717025 -0.1868347 1.808501 5 ElbowLeft
-0.2905965 -0.3511676 1.699379 6 WristLeft
-0.2979217 -0.4117323 1.672968 7 HandLeft
0.123953 0.02639334 1.846996 8 ShoulderRight
0.1641113 -0.198783 1.834616 9 ElbowRight
0.1993768 -0.3567041 1.726385 10 WristRight
0.1887005 -0.4174736 1.70127 11 HandRight
-0.1257054 -0.4376301 1.729204 12 HipLeft
-0.1524182 -0.7627596 1.706944 13 KneeLeft
-0.1449826 -1.11619 1.796854 14 AnkleLeft
0.02528801 -0.4412903 1.735649 16 HipRight
0.0352849 -0.7726259 1.711597 17 KneeRight
0.02413614 -1.122083 1.797225 18 AnkleRight
-0.05146318 0.07649183 1.841621 20 SpineShoulder
-0.2947885 -0.4732772 1.656399 21 HandTipLeft
-0.3236869 -0.4042841 1.675044 22 ThumbLeft
0.2055815 -0.4818347 1.677106 23 HandTipRight
0.2049175 -0.41343 1.647436 24 ThumbRight
-0.05144571 -0.4484906 1.766333 0 SpineBase
-0.05172749 -0.1449567 1.814818 1 SpineMid
-0.05088072 0.1485666 1.847576 2 Neck
-0.2128097 0.02558368 1.829581 4 ShoulderLeft
-0.2727979 -0.1870448 1.809937 5 ElbowLeft
-0.2932866 -0.3507504 1.703406 6 WristLeft
-0.2983908 -0.4120022 1.673022 7 HandLeft
0.1249981 0.02738585 1.846458 8 ShoulderRight
0.1651749 -0.1988386 1.833286 9 ElbowRight
0.2003506 -0.3568048 1.725095 10 WristRight
0.1971589 -0.4148985 1.696724 11 HandRight
-0.1259534 -0.4376726 1.728007 12 HipLeft
-0.152364 -0.7630646 1.706633 13 KneeLeft
-0.1462656 -1.117564 1.796649 14 AnkleLeft
0.02506008 -0.4415541 1.734888 16 HipRight
0.03484422 -0.7712467 1.710194 17 KneeRight
0.02310861 -1.123132 1.797973 18 AnkleRight
-0.0512566 0.0764803 1.841738 20 SpineShoulder
-0.2962556 -0.4740129 1.656335 21 HandTipLeft
-0.3236507 -0.3976222 1.676722 22 ThumbLeft
0.2106048 -0.4829054 1.680886 23 HandTipRight
0.2089888 -0.4145371 1.645029 24 ThumbRight
-0.05167717 -0.4486097 1.766053 0 SpineBase
-0.05173757 -0.1449694 1.814825 1 SpineMid
-0.05080212 0.1485808 1.847893 2 Neck
-0.2125261 0.02569252 1.829502 4 ShoulderLeft
-0.2727663 -0.1870899 1.811043 5 ElbowLeft
-0.2936895 -0.3506563 1.703815 6 WristLeft
-0.2982152 -0.4117068 1.672498 7 HandLeft
0.1246966 0.02712789 1.846435 8 ShoulderRight
0.1653784 -0.1986985 1.832931 9 ElbowRight
0.2006527 -0.3567001 1.724808 10 WristRight
0.1973007 -0.4141687 1.697542 11 HandRight
-0.1261869 -0.4377652 1.727781 12 HipLeft
-0.1524163 -0.763096 1.70659 13 KneeLeft
-0.1486962 -1.120025 1.790122 14 AnkleLeft
0.02485321 -0.4417008 1.734583 16 HipRight
0.03470968 -0.771042 1.710012 17 KneeRight
0.01904501 -1.123533 1.798006 18 AnkleRight
-0.05120363 0.07648789 1.84194 20 SpineShoulder
-0.2960923 -0.4734598 1.655719 21 HandTipLeft
-0.3227023 -0.4040518 1.671948 22 ThumbLeft
0.2108744 -0.4835386 1.683055 23 HandTipRight
0.2098929 -0.4142795 1.646013 24 ThumbRight
-0.05179242 -0.4486261 1.765981 0 SpineBase
-0.05179561 -0.144986 1.814834 1 SpineMid
-0.05093948 0.1485276 1.84803 2 Neck
-0.2130177 0.0256075 1.829868 4 ShoulderLeft
-0.2729683 -0.1870763 1.811061 5 ElbowLeft
-0.2939153 -0.3507726 1.703892 6 WristLeft
-0.2972441 -0.4120096 1.669568 7 HandLeft
0.124672 0.02716253 1.847238 8 ShoulderRight
0.1654863 -0.1986398 1.832781 9 ElbowRight
0.2020645 -0.3559815 1.724059 10 WristRight
0.1969739 -0.4152872 1.698424 11 HandRight
-0.1262884 -0.4377919 1.727755 12 HipLeft
-0.1524511 -0.7632273 1.706584 13 KneeLeft
-0.1491972 -1.120081 1.791573 14 AnkleLeft
0.02472844 -0.441705 1.734455 16 HipRight
0.03454981 -0.7709869 1.709941 17 KneeRight
0.02361233 -1.12475 1.795818 18 AnkleRight
-0.05130628 0.07644981 1.842039 20 SpineShoulder
-0.2952611 -0.4729733 1.653164 21 HandTipLeft
-0.3069984 -0.4402602 1.66625 22 ThumbLeft
0.210586 -0.4841706 1.687032 23 HandTipRight
0.2078381 -0.4143845 1.646492 24 ThumbRight
-0.05228341 -0.4487689 1.766068 0 SpineBase
-0.05199445 -0.1450362 1.815075 1 SpineMid
-0.05111551 0.1484974 1.848775 2 Neck
-0.2142252 0.02514842 1.830546 4 ShoulderLeft
-0.2734782 -0.1870186 1.811006 5 ElbowLeft
-0.2940467 -0.3504963 1.703403 6 WristLeft
-0.295818 -0.4112071 1.667164 7 HandLeft
0.1245319 0.02696147 1.848989 8 ShoulderRight
0.1645486 -0.1964043 1.834241 9 ElbowRight
0.199245 -0.3607187 1.725295 10 WristRight
0.2007724 -0.4094135 1.69295 11 HandRight
-0.126833 -0.4379533 1.727743 12 HipLeft
-0.1525489 -0.7634744 1.706708 13 KneeLeft
-0.1490248 -1.120096 1.794488 14 AnkleLeft
0.02428276 -0.4418411 1.734658 16 HipRight
0.03422563 -0.7710743 1.709873 17 KneeRight
0.01810218 -1.124875 1.79737 18 AnkleRight
-0.05148958 0.07640705 1.842686 20 SpineShoulder
-0.2931151 -0.472675 1.650991 21 HandTipLeft
-0.294674 -0.4345597 1.670444 22 ThumbLeft
0.209501 -0.4780346 1.680158 23 HandTipRight
0.2005203 -0.4084691 1.647694 24 ThumbRight
-0.05300533 -0.4491333 1.766577 0 SpineBase
-0.05249215 -0.1451528 1.815767 1 SpineMid
-0.05153204 0.1485996 1.849815 2 Neck
-0.2150487 0.02494247 1.831366 4 ShoulderLeft
-0.2737287 -0.1868657 1.811409 5 ElbowLeft
-0.294006 -0.3504425 1.703067 6 WristLeft
-0.2954156 -0.4112782 1.667998 7 HandLeft
0.1233591 0.02654257 1.848934 8 ShoulderRight
0.1636493 -0.1953937 1.835219 9 ElbowRight
0.1988733 -0.3568001 1.7279 10 WristRight
0.1908578 -0.4168525 1.705295 11 HandRight
-0.1277116 -0.4383326 1.728382 12 HipLeft
-0.1527965 -0.7634936 1.707177 13 KneeLeft
-0.1514154 -1.120122 1.797778 14 AnkleLeft
0.02372007 -0.4421985 1.735084 16 HipRight
0.03367174 -0.7712159 1.709914 17 KneeRight
0.02002798 -1.125688 1.797668 18 AnkleRight
-0.0519076 0.07645928 1.843662 20 SpineShoulder
-0.2920981 -0.4731712 1.651654 21 HandTipLeft
-0.3098918 -0.4391917 1.67 22 ThumbLeft
0.2073891 -0.4842623 1.691966 23 HandTipRight
0.2061359 -0.4154314 1.648832 24 ThumbRight
-0.05334102 -0.4493662 1.767269 0 SpineBase
-0.05259116 -0.145266 1.816209 1 SpineMid
-0.05149158 0.1485715 1.85009 2 Neck
-0.214944 0.02475621 1.831953 4 ShoulderLeft
-0.2735178 -0.1861552 1.813117 5 ElbowLeft
-0.294008 -0.3504754 1.703097 6 WristLeft
-0.2965901 -0.4110033 1.670786 7 HandLeft
0.1238033 0.02735177 1.848605 8 ShoulderRight
0.1632371 -0.1964178 1.835433 9 ElbowRight
0.1990943 -0.3555962 1.729611 10 WristRight
0.1896306 -0.417338 1.707395 11 HandRight
-0.1281142 -0.4385413 1.729199 12 HipLeft
-0.1530904 -0.7642567 1.709142 13 KneeLeft
-0.1570859 -1.119421 1.803416 14 AnkleLeft
0.02346038 -0.4424607 1.735685 16 HipRight
0.03340879 -0.7714347 1.709865 17 KneeRight
0.02213725 -1.126373 1.797681 18 AnkleRight
-0.05188838 0.07641494 1.843989 20 SpineShoulder
-0.2933394 -0.4729201 1.653811 21 HandTipLeft
-0.3253492 -0.4068116 1.670308 22 ThumbLeft
0.2057438 -0.4818958 1.687896 23 HandTipRight
0.2057355 -0.4154812 1.651219 24 ThumbRight
-0.04609519 -0.4501525 1.772138 0 SpineBase
-0.04215522 -0.1451078 1.821261 1 SpineMid
-0.03775872 0.1498609 1.855229 2 Neck
-0.1994053 0.02550492 1.839429 4 ShoulderLeft
-0.2626032 -0.1845813 1.820639 5 ElbowLeft
-0.2901015 -0.349558 1.710163 6 WristLeft
-0.2913649 -0.413227 1.682768 7 HandLeft
0.1344039 0.02865726 1.845896 8 ShoulderRight
0.1742632 -0.2022014 1.836114 9 ElbowRight
0.2038777 -0.3611244 1.72775 10 WristRight
0.1897697 -0.4185206 1.711305 11 HandRight
-0.1209109 -0.4396558 1.736283 12 HipLeft
-0.1496915 -0.7635561 1.71522 13 KneeLeft
-0.1466444 -1.123854 1.800621 14 AnkleLeft
0.03065818 -0.4430093 1.738642 16 HipRight
0.03664505 -0.7704862 1.71043 17 KneeRight
0.02446976 -1.127472 1.80013 18 AnkleRight
-0.03891169 0.07742764 1.849182 20 SpineShoulder
-0.2937317 -0.4738849 1.67021 21 HandTipLeft
-0.2998919 -0.4126856 1.644339 22 ThumbLeft
0.2138571 -0.4871447 1.688622 23 HandTipRight
0.2143281 -0.4091227 1.658159 24 ThumbRight
-0.03176414 -0.4505932 1.775332 0 SpineBase
-0.02273382 -0.1450899 1.825464 1 SpineMid
-0.013585 0.150325 1.860491 2 Neck
-0.1744238 0.02426853 1.846549 4 ShoulderLeft
-0.242956 -0.1855605 1.829262 5 ElbowLeft
-0.2771244 -0.3491303 1.719531 6 WristLeft
-0.2760057 -0.4118055 1.692802 7 HandLeft
0.1561015 0.02642145 1.843251 8 ShoulderRight
0.19552 -0.2005352 1.834792 9 ElbowRight
0.2206167 -0.3608182 1.727297 10 WristRight
0.2087569 -0.4195681 1.708239 11 HandRight
-0.1068931 -0.4400637 1.74393 12 HipLeft
-0.1409231 -0.7614413 1.709775 13 KneeLeft
-0.1422514 -1.125225 1.793252 14 AnkleLeft
0.04551049 -0.4434649 1.737556 16 HipRight
0.04714947 -0.7704034 1.71229 17 KneeRight
0.03380599 -1.129144 1.798358 18 AnkleRight
-0.01587277 0.07778802 1.85418 20 SpineShoulder
-0.2786972 -0.4722865 1.68075 21 HandTipLeft
-0.2713051 -0.4070868 1.65025 22 ThumbLeft
0.2341355 -0.4859945 1.681549 23 HandTipRight
0.2325261 -0.4130796 1.65142 24 ThumbRight
-0.02362421 -0.4495432 1.777626 0 SpineBase
-0.009818939 -0.1451346 1.826615 1 SpineMid
0.004685908 0.148778 1.859988 2 Neck
-0.1573942 0.02439499 1.85175 4 ShoulderLeft
-0.2224807 -0.185287 1.840263 5 ElbowLeft
-0.2632352 -0.3489095 1.727647 6 WristLeft
-0.2625006 -0.4112928 1.698687 7 HandLeft
0.170902 0.02426444 1.839584 8 ShoulderRight
0.2143465 -0.19572 1.834732 9 ElbowRight
0.2389925 -0.3580379 1.730643 10 WristRight
0.246164 -0.4154802 1.695205 11 HandRight
-0.09917004 -0.4380643 1.748968 12 HipLeft
-0.1331482 -0.7506238 1.676514 13 KneeLeft
-0.1466545 -1.113119 1.786386 14 AnkleLeft
0.05356254 -0.4432938 1.737089 16 HipRight
0.05264741 -0.7687046 1.712715 17 KneeRight
0.03505445 -1.129358 1.797468 18 AnkleRight
0.00103557 0.07665157 1.854145 20 SpineShoulder
-0.2645364 -0.4707393 1.686224 21 HandTipLeft
-0.2609354 -0.4039394 1.65825 22 ThumbLeft
0.2505759 -0.48739 1.67747 23 HandTipRight
0.2443514 -0.4164003 1.645518 24 ThumbRight
-0.0146993 -0.4439691 1.785578 0 SpineBase
0.009748299 -0.1429544 1.834343 1 SpineMid
0.03577719 0.1471306 1.867849 2 Neck
-0.1307846 0.02154281 1.864379 4 ShoulderLeft
-0.1986691 -0.1954001 1.849013 5 ElbowLeft
-0.2504846 -0.3587976 1.742441 6 WristLeft
-0.2548243 -0.412012 1.723293 7 HandLeft
0.1962097 0.02211541 1.836142 8 ShoulderRight
0.2523826 -0.1886991 1.834813 9 ElbowRight
0.2734005 -0.3537349 1.734951 10 WristRight
0.2867429 -0.4207605 1.696007 11 HandRight
-0.0895492 -0.4286778 1.765974 12 HipLeft
-0.2051795 -0.6365709 1.579049 13 KneeLeft
-0.2212791 -1.010467 1.700625 14 AnkleLeft
0.06077925 -0.4411721 1.737569 16 HipRight
0.06467502 -0.7459073 1.711515 17 KneeRight
0.04683391 -1.127485 1.796896 18 AnkleRight
0.02925154 0.07599927 1.861978 20 SpineShoulder
-0.2582546 -0.4736538 1.698663 21 HandTipLeft
-0.2801791 -0.4349527 1.726444 22 ThumbLeft
0.2954544 -0.4897226 1.681064 23 HandTipRight
0.2818954 -0.4169905 1.652869 24 ThumbRight
0.009209742 -0.4347386 1.791794 0 SpineBase
0.02902043 -0.1396163 1.838534 1 SpineMid
0.04904215 0.146376 1.870422 2 Neck
-0.1147243 0.02062844 1.870369 4 ShoulderLeft
-0.192855 -0.2040744 1.861974 5 ElbowLeft
-0.2555215 -0.3664146 1.778569 6 WristLeft
-0.2598889 -0.3775421 1.74621 7 HandLeft
0.2091042 0.02422785 1.836518 8 ShoulderRight
0.270556 -0.1857813 1.834835 9 ElbowRight
0.2963907 -0.3531397 1.738018 10 WristRight
0.3098421 -0.4187742 1.69865 11 HandRight
-0.06727339 -0.4222565 1.774755 12 HipLeft
-0.2579792 -0.5291674 1.556904 13 KneeLeft
-0.3358973 -0.8345232 1.583128 14 AnkleLeft
-0.3613964 -0.869885 1.457972 15 FootLeft
0.0854925 -0.4300077 1.739394 16 HipRight
0.0668789 -0.7247158 1.708653 17 KneeRight
0.05961437 -1.11954 1.783985 18 AnkleRight
0.04402081 0.07607332 1.864894 20 SpineShoulder
-0.2785951 -0.409163 1.714405 21 HandTipLeft
-0.2792214 -0.3886271 1.7415 22 ThumbLeft
0.318284 -0.4879101 1.688403 23 HandTipRight
0.3070295 -0.4153792 1.652333 24 ThumbRight
0.02722854 -0.4289948 1.792071 0 SpineBase
0.04067523 -0.1375796 1.838496 1 SpineMid
0.05460327 0.1456292 1.870264 2 Neck
-0.1073949 0.02049879 1.875112 4 ShoulderLeft
-0.1866037 -0.2042005 1.878928 5 ElbowLeft
-0.252429 -0.3671737 1.799735 6 WristLeft
-0.2792327 -0.4172589 1.755982 7 HandLeft
0.2154931 0.02576423 1.837695 8 ShoulderRight
0.2789729 -0.1813912 1.837821 9 ElbowRight
0.3092106 -0.3531288 1.736966 10 WristRight
0.3209726 -0.4126411 1.698488 11 HandRight
-0.05078402 -0.4187278 1.77546 12 HipLeft
-0.2786609 -0.4502798 1.554872 13 KneeLeft
-0.4067852 -0.7712229 1.524511 14 AnkleLeft
-0.4334886 -0.7858014 1.391547 15 FootLeft
0.1043942 -0.4223234 1.738874 16 HipRight
0.05853993 -0.6971623 1.701023 17 KneeRight
0.07101297 -1.10852 1.77551 18 AnkleRight
0.05102553 0.0758957 1.86475 20 SpineShoulder
0.3296839 -0.4778971 1.683117 23 HandTipRight
0.3199439 -0.4043041 1.656482 24 ThumbRight
0.03426812 -0.4293588 1.789776 0 SpineBase
0.04689686 -0.1379342 1.837602 1 SpineMid
0.05973056 0.1443843 1.869948 2 Neck
-0.1087593 0.01865277 1.87339 4 ShoulderLeft
-0.1594738 -0.1952589 1.933252 5 ElbowLeft
-0.1539102 -0.2876946 1.684925 6 WristLeft
-0.1618869 -0.3325735 1.647514 7 HandLeft
0.2186915 0.02635837 1.837558 8 ShoulderRight
0.2950044 -0.1714111 1.84582 9 ElbowRight
0.3295842 -0.3496993 1.736656 10 WristRight
0.3413305 -0.4070819 1.698884 11 HandRight
-0.04186664 -0.4217696 1.777155 12 HipLeft
-0.2997459 -0.3001641 1.561387 13 KneeLeft
-0.4608913 -0.5653864 1.46953 14 AnkleLeft
-0.5125046 -0.5919572 1.37606 15 FootLeft
0.1106675 -0.4196265 1.729919 16 HipRight
0.04640658 -0.6911825 1.690023 17 KneeRight
0.07553175 -1.113168 1.750728 18 AnkleRight
0.05649479 0.07496873 1.86436 20 SpineShoulder
-0.230664 -0.349088 1.598827 21 HandTipLeft
-0.2053623 -0.2526718 1.576 22 ThumbLeft
0.3508979 -0.473756 1.687986 23 HandTipRight
0.3392172 -0.4000837 1.656066 24 ThumbRight
0.03626038 -0.4294026 1.785926 0 SpineBase
0.04798815 -0.1386036 1.835365 1 SpineMid
0.05995679 0.1432506 1.868909 2 Neck
-0.1102968 0.01805156 1.874799 4 ShoulderLeft
-0.1527589 -0.1808747 1.91732 5 ElbowLeft
-0.1267253 -0.3119019 1.688992 6 WristLeft
-0.1503846 -0.3293007 1.659539 7 HandLeft
0.2184703 0.02648675 1.836343 8 ShoulderRight
0.298275 -0.1682419 1.844707 9 ElbowRight
0.3434584 -0.3637728 1.728283 10 WristRight
0.3495008 -0.4118213 1.699566 11 HandRight
-0.04002571 -0.4231045 1.776001 12 HipLeft
-0.2704322 -0.2244675 1.582401 13 KneeLeft
-0.4549194 -0.4843104 1.464736 14 AnkleLeft
-0.506256 -0.5054215 1.366717 15 FootLeft
0.1120187 -0.4179724 1.723267 16 HipRight
0.03517477 -0.6865494 1.679654 17 KneeRight
0.07548082 -1.108197 1.737401 18 AnkleRight
0.05692755 0.07396998 1.863086 20 SpineShoulder
0.3610085 -0.4885644 1.712865 23 HandTipRight
0.3446785 -0.3904057 1.66757 24 ThumbRight
0.02986741 -0.4289908 1.783206 0 SpineBase
0.04360743 -0.1396556 1.833433 1 SpineMid
0.05644342 0.1405712 1.867853 2 Neck
-0.1113182 0.01661851 1.875152 4 ShoulderLeft
-0.1470891 -0.165467 1.912544 5 ElbowLeft
-0.126027 -0.3094217 1.691826 6 WristLeft
-0.1670422 -0.3131553 1.653123 7 HandLeft
0.2168524 0.02643972 1.83407 8 ShoulderRight
0.3006468 -0.1670237 1.844775 9 ElbowRight
0.3534475 -0.3704868 1.730035 10 WristRight
0.3616298 -0.417628 1.701995 11 HandRight
-0.05025592 -0.4236965 1.778077 12 HipLeft
-0.2606221 -0.195382 1.587338 13 KneeLeft
-0.4431489 -0.4376374 1.4692 14 AnkleLeft
-0.5004272 -0.4540379 1.360609 15 FootLeft
0.1073885 -0.4169179 1.716863 16 HipRight
0.02766783 -0.6846977 1.672476 17 KneeRight
0.07491714 -1.106634 1.724481 18 AnkleRight
0.05333303 0.07176 1.861795 20 SpineShoulder
0.3885848 -0.4768387 1.74683 23 HandTipRight
0.3646161 -0.459027 1.67075 24 ThumbRight
0.02431826 -0.4321631 1.779428 0 SpineBase
0.0385954 -0.1428219 1.831202 1 SpineMid
0.05126187 0.1363342 1.867037 2 Neck
-0.1125272 0.01230409 1.874285 4 ShoulderLeft
-0.1423967 -0.1700271 1.903899 5 ElbowLeft
-0.1441773 -0.2527539 1.652043 6 WristLeft
-0.1881585 -0.2622678 1.61947 7 HandLeft
0.2015552 0.02491212 1.830308 8 ShoulderRight
0.3192319 -0.1489907 1.8553 9 ElbowRight
0.3816491 -0.3385294 1.720554 10 WristRight
0.3925271 -0.3738137 1.686813 11 HandRight
-0.05949574 -0.4287935 1.777875 12 HipLeft
-0.2515743 -0.1811979 1.587649 13 KneeLeft
-0.4245506 -0.4282967 1.440475 14 AnkleLeft
-0.4812512 -0.4419974 1.343426 15 FootLeft
0.1054324 -0.419096 1.710636 16 HipRight
0.02141306 -0.6855208 1.662005 17 KneeRight
0.08392309 -1.092491 1.714432 18 AnkleRight
0.04830652 0.06785876 1.860621 20 SpineShoulder
0.4000514 -0.4440049 1.693372 23 HandTipRight
0.3860072 -0.3504459 1.653908 24 ThumbRight
0.02389137 -0.4329413 1.778396 0 SpineBase
0.03525852 -0.1445501 1.829786 1 SpineMid
0.04257924 0.1333883 1.865664 2 Neck
-0.1129475 0.001280343 1.879082 4 ShoulderLeft
-0.2147128 -0.156342 1.686871 5 ElbowLeft
-0.317636 -0.3379874 1.528136 6 WristLeft
-0.4057002 -0.4826204 1.391295 7 HandLeft
0.195018 0.02624604 1.826624 8 ShoulderRight
0.3400067 -0.1249052 1.865081 9 ElbowRight
0.4158674 -0.262178 1.749634 10 WristRight
0.4302063 -0.3180049 1.691809 11 HandRight
-0.06002828 -0.4287972 1.777302 12 HipLeft
-0.2446705 -0.1824084 1.587123 13 KneeLeft
-0.3930515 -0.441953 1.446924 14 AnkleLeft
-0.4199915 -0.4369123 1.308115 15 FootLeft
0.1056707 -0.4206444 1.70892 16 HipRight
0.02186015 -0.6869839 1.656389 17 KneeRight
0.0778554 -1.106785 1.714397 18 AnkleRight
0.04108913 0.0651525 1.859142 20 SpineShoulder
-0.4603125 -0.4892131 1.315658 21 HandTipLeft
-0.4280986 -0.433379 1.369054 22 ThumbLeft
0.4464562 -0.3790307 1.664635 23 HandTipRight
0.4295771 -0.3152828 1.646163 24 ThumbRight
0.02364279 -0.433149 1.777869 0 SpineBase
0.03489105 -0.1444659 1.829558 1 SpineMid
0.04249323 0.1338668 1.865734 2 Neck
-0.1144113 0.003052553 1.877339 4 ShoulderLeft
-0.2114703 -0.1657823 1.692843 5 ElbowLeft
-0.3007706 -0.3572688 1.537764 6 WristLeft
-0.3412468 -0.4336326 1.47975 7 HandLeft
0.1900225 0.02770896 1.824569 8 ShoulderRight
0.3485847 -0.1128124 1.865998 9 ElbowRight
0.4361899 -0.2391294 1.746211 10 WristRight
0.4622338 -0.2904395 1.686482 11 HandRight
-0.06038286 -0.4289122 1.777084 12 HipLeft
-0.241618 -0.1825463 1.587032 13 KneeLeft
-0.3662388 -0.4603945 1.4592 14 AnkleLeft
-0.4077341 -0.493827 1.352596 15 FootLeft
0.1058115 -0.4208624 1.708 16 HipRight
0.02232707 -0.6872194 1.653586 17 KneeRight
0.07584786 -1.107555 1.710344 18 AnkleRight
0.04090438 0.06548398 1.859134 20 SpineShoulder
-0.3821489 -0.4748241 1.401057 21 HandTipLeft
-0.3688377 -0.4091745 1.445111 22 ThumbLeft
0.4834127 -0.3466141 1.662812 23 HandTipRight
0.4571452 -0.2768113 1.648106 24 ThumbRight
0.02223937 -0.4333977 1.775672 0 SpineBase
0.02647965 -0.1461545 1.82663 1 SpineMid
0.02253346 0.1287668 1.862647 2 Neck
-0.1168157 0.005362296 1.875173 4 ShoulderLeft
-0.209851 -0.1644256 1.689619 5 ElbowLeft
-0.289947 -0.365179 1.542092 6 WristLeft
-0.3185304 -0.4353387 1.51038 7 HandLeft
0.183065 0.02927035 1.824172 8 ShoulderRight
0.3774844 -0.05979592 1.877768 9 ElbowRight
0.5032895 -0.1513524 1.727083 10 WristRight
0.5241833 -0.1809122 1.684301 11 HandRight
-0.06247348 -0.4289337 1.774597 12 HipLeft
-0.2458459 -0.2090259 1.577481 13 KneeLeft
-0.3466326 -0.5012191 1.476612 14 AnkleLeft
-0.4008013 -0.5192932 1.358687 15 FootLeft
0.1054695 -0.421059 1.706487 16 HipRight
0.02146497 -0.6870847 1.648581 17 KneeRight
0.0727313 -1.107511 1.706352 18 AnkleRight
0.02411605 0.06143903 1.856043 20 SpineShoulder
-0.3649989 -0.4828553 1.44087 21 HandTipLeft
-0.2924179 -0.483662 1.515148 22 ThumbLeft
0.5540255 -0.2309043 1.652098 23 HandTipRight
0.5180507 -0.1740621 1.64295 24 ThumbRight
0.02031468 -0.4327375 1.773917 0 SpineBase
0.02030723 -0.1475776 1.824726 1 SpineMid
0.01710993 0.1265236 1.861436 2 Neck
-0.1184392 0.005462399 1.873813 4 ShoulderLeft
-0.2112813 -0.1613132 1.685475 5 ElbowLeft
-0.2846395 -0.3757695 1.556299 6 WristLeft
-0.3610307 -0.5603467 1.443822 7 HandLeft
0.1826445 0.02996304 1.826977 8 ShoulderRight
0.4286978 0.02085476 1.878297 9 ElbowRight
0.5797454 0.008914119 1.756869 10 WristRight
0.5781099 -0.005312191 1.723683 11 HandRight
-0.06506185 -0.427429 1.77152 12 HipLeft
-0.2540058 -0.225424 1.574166 13 KneeLeft
-0.3330857 -0.531637 1.504651 14 AnkleLeft
-0.3961675 -0.5462974 1.391145 15 FootLeft
0.1044715 -0.4209038 1.705838 16 HipRight
0.01935541 -0.6864972 1.646246 17 KneeRight
0.05590646 -1.10516 1.720505 18 AnkleRight
0.01807431 0.05924828 1.854646 20 SpineShoulder
-0.4193355 -0.5807028 1.376332 21 HandTipLeft
-0.3048968 -0.5937263 1.45932 22 ThumbLeft
0.6098535 -0.02425117 1.671217 23 HandTipRight
0.5852746 -0.02100617 1.645 24 ThumbRight
0.01399179 -0.4317487 1.77328 0 SpineBase
0.01481414 -0.1472139 1.824577 1 SpineMid
0.01384433 0.1275515 1.861525 2 Neck
-0.1211165 0.005346076 1.876368 4 ShoulderLeft
-0.1791664 -0.2061684 1.927166 5 ElbowLeft
-0.2539519 -0.3799175 1.745566 6 WristLeft
-0.2241041 -0.4307893 1.69328 7 HandLeft
0.1829808 0.03697944 1.825671 8 ShoulderRight
0.4222373 0.106935 1.853842 9 ElbowRight
0.5842549 0.1811811 1.786188 10 WristRight
0.6667904 0.2309571 1.738587 11 HandRight
-0.06661159 -0.4295958 1.769513 12 HipLeft
-0.2914343 -0.3244774 1.564545 13 KneeLeft
-0.3058078 -0.6475729 1.590628 14 AnkleLeft
-0.3313041 -0.7181864 1.525396 15 FootLeft
0.09282619 -0.4176904 1.70672 16 HipRight
0.01609779 -0.6856728 1.647394 17 KneeRight
0.05981082 -1.102734 1.718513 18 AnkleRight
0.01424882 0.06003768 1.854685 20 SpineShoulder
0.7373124 0.2449118 1.742825 23 HandTipRight
0.6438107 0.2282996 1.694317 24 ThumbRight
0.001925065 -0.4297976 1.77763 0 SpineBase
0.009575376 -0.1442231 1.824916 1 SpineMid
0.01281725 0.1315572 1.859183 2 Neck
-0.1246823 0.01161576 1.869624 4 ShoulderLeft
-0.216705 -0.2133185 1.920517 5 ElbowLeft
-0.3211351 -0.3658744 1.877294 6 WristLeft
-0.3591282 -0.441559 1.845968 7 HandLeft
0.1854888 0.04172067 1.826213 8 ShoulderRight
0.4210126 0.1330085 1.848413 9 ElbowRight
0.5769892 0.2405126 1.781004 10 WristRight
0.6359124 0.2985848 1.752295 11 HandRight
-0.0739084 -0.4234532 1.765997 12 HipLeft
-0.2894213 -0.5474928 1.592835 13 KneeLeft
-0.315445 -0.909794 1.707231 14 AnkleLeft
-0.3108553 -0.9882715 1.666349 15 FootLeft
0.07510313 -0.4202133 1.722117 16 HipRight
0.02437217 -0.6938527 1.66451 17 KneeRight
0.05184486 -1.111698 1.735336 18 AnkleRight
0.01241044 0.06367737 1.853059 20 SpineShoulder
-0.3788935 -0.4935944 1.824418 21 HandTipLeft
-0.3504135 -0.4300666 1.80347 22 ThumbLeft
0.7158066 0.3309754 1.759737 23 HandTipRight
0.6232181 0.2923102 1.706341 24 ThumbRight
-0.01884266 -0.4296562 1.783089 0 SpineBase
-0.005181981 -0.1382644 1.826377 1 SpineMid
0.005226234 0.1428632 1.855856 2 Neck
-0.134438 0.01682441 1.862542 4 ShoulderLeft
-0.2509205 -0.1834214 1.914364 5 ElbowLeft
-0.3697736 -0.3477724 1.890331 6 WristLeft
-0.4219413 -0.4124583 1.870546 7 HandLeft
0.1831496 0.05391443 1.825721 8 ShoulderRight
0.4184346 0.1431223 1.853172 9 ElbowRight
0.5679314 0.2471427 1.786789 10 WristRight
0.6278018 0.3074531 1.758628 11 HandRight
-0.09178682 -0.4200619 1.766817 12 HipLeft
-0.2608684 -0.6210219 1.629513 13 KneeLeft
-0.3182984 -0.9284142 1.720275 14 AnkleLeft
-0.3487276 -0.9898571 1.617797 15 FootLeft
0.0545121 -0.4228417 1.730525 16 HipRight
0.03398417 -0.7032853 1.676096 17 KneeRight
0.04143894 -1.107192 1.759574 18 AnkleRight
0.002950692 0.07367276 1.850971 20 SpineShoulder
-0.4523032 -0.4757968 1.872644 21 HandTipLeft
-0.4074201 -0.3965668 1.821307 22 ThumbLeft
0.7060328 0.3397512 1.765308 23 HandTipRight
0.6162032 0.2999223 1.709606 24 ThumbRight
-0.03362484 -0.4323764 1.781595 0 SpineBase
-0.01826243 -0.1366905 1.824291 1 SpineMid
-0.004686343 0.1485959 1.852408 2 Neck
-0.1517143 0.02504262 1.848727 4 ShoulderLeft
-0.3095886 -0.1397789 1.899098 5 ElbowLeft
-0.449476 -0.2642526 1.886354 6 WristLeft
-0.5359839 -0.3364218 1.868901 7 HandLeft
0.1769326 0.05955517 1.824614 8 ShoulderRight
0.4047119 0.1419383 1.853788 9 ElbowRight
0.5578383 0.2478059 1.791044 10 WristRight
0.6164997 0.2967681 1.761638 11 HandRight
-0.10842 -0.4223534 1.759557 12 HipLeft
-0.2049633 -0.7403512 1.711309 13 KneeLeft
-0.2770136 -1.077429 1.822458 14 AnkleLeft
0.04147122 -0.4259024 1.733284 16 HipRight
0.03417019 -0.7302164 1.689201 17 KneeRight
0.0291939 -1.108788 1.782764 18 AnkleRight
-0.007895276 0.07850584 1.847836 20 SpineShoulder
-0.5851464 -0.3962108 1.886215 21 HandTipLeft
-0.5150188 -0.3219025 1.8192 22 ThumbLeft
0.691146 0.3280634 1.767841 23 HandTipRight
0.6039528 0.2870792 1.712813 24 ThumbRight
-0.0617896 -0.4411495 1.786202 0 SpineBase
-0.0434846 -0.1382675 1.824339 1 SpineMid
-0.02624347 0.154157 1.847727 2 Neck
-0.1757855 0.03523284 1.838405 4 ShoulderLeft
-0.3615241 -0.03634242 1.882794 5 ElbowLeft
-0.5428101 -0.08106776 1.859561 6 WristLeft
-0.6332034 -0.1119872 1.84903 7 HandLeft
0.152568 0.05327911 1.823491 8 ShoulderRight
0.3455925 0.08052535 1.851419 9 ElbowRight
0.5243197 0.1843171 1.788754 10 WristRight
0.5952023 0.2160443 1.754984 11 HandRight
-0.1358626 -0.4323474 1.757998 12 HipLeft
-0.1983228 -0.7691586 1.77681 13 KneeLeft
-0.2617711 -1.102223 1.851537 14 AnkleLeft
0.0144785 -0.4327913 1.744714 16 HipRight
0.02825494 -0.7475434 1.703511 17 KneeRight
0.03379766 -1.115741 1.796121 18 AnkleRight
-0.0304338 0.08236514 1.844337 20 SpineShoulder
-0.7107884 -0.1444947 1.852548 21 HandTipLeft
-0.6621463 -0.1267802 1.806259 22 ThumbLeft
0.6639952 0.2477809 1.756164 23 HandTipRight
0.6010343 0.21577 1.70469 24 ThumbRight
-0.07112028 -0.437542 1.78733 0 SpineBase
-0.05010194 -0.1355335 1.824034 1 SpineMid
-0.03041799 0.1564212 1.846269 2 Neck
-0.1876066 0.04689628 1.835186 4 ShoulderLeft
-0.412894 0.00839239 1.877255 5 ElbowLeft
-0.5986792 -0.01013451 1.86281 6 WristLeft
-0.6972159 -0.02148968 1.855902 7 HandLeft
0.1489868 0.05342274 1.823577 8 ShoulderRight
0.351828 0.09253515 1.843198 9 ElbowRight
0.5283925 0.1768152 1.78705 10 WristRight
0.6003793 0.2061441 1.756073 11 HandRight
-0.145569 -0.4281811 1.757751 12 HipLeft
-0.203923 -0.760148 1.776732 13 KneeLeft
-0.2583116 -1.100102 1.853189 14 AnkleLeft
0.005925754 -0.4297971 1.747115 16 HipRight
0.02119106 -0.7448691 1.704974 17 KneeRight
0.01918829 -1.112502 1.798718 18 AnkleRight
-0.03519301 0.08473442 1.843127 20 SpineShoulder
-0.7723009 -0.03529931 1.868804 21 HandTipLeft
-0.6970703 -0.02547739 1.81072 22 ThumbLeft
0.67049 0.2335948 1.759964 23 HandTipRight
0.613332 0.2063065 1.707182 24 ThumbRight
-0.07622215 -0.434171 1.787775 0 SpineBase
-0.05353576 -0.1332616 1.824081 1 SpineMid
-0.03220817 0.1577669 1.845923 2 Neck
-0.1927193 0.05531899 1.836539 4 ShoulderLeft
-0.4259697 0.06200088 1.875062 5 ElbowLeft
-0.6181315 0.07386943 1.862794 6 WristLeft
-0.718895 0.07736676 1.863813 7 HandLeft
0.1466466 0.05302917 1.822658 8 ShoulderRight
0.3481724 0.09445846 1.83677 9 ElbowRight
0.5318277 0.1753453 1.78695 10 WristRight
0.6048809 0.2111112 1.759403 11 HandRight
-0.1506377 -0.424334 1.758065 12 HipLeft
-0.2060761 -0.7569184 1.776667 13 KneeLeft
-0.2605826 -1.096521 1.854686 14 AnkleLeft
0.001107083 -0.4270405 1.747689 16 HipRight
0.0168874 -0.7428 1.704735 17 KneeRight
0.01916214 -1.11016 1.797436 18 AnkleRight
-0.03737989 0.08629988 1.842862 20 SpineShoulder
-0.7978668 0.08334713 1.888515 21 HandTipLeft
-0.7187421 0.07062025 1.817 22 ThumbLeft
0.6770285 0.2382077 1.763997 23 HandTipRight
0.6178029 0.2126077 1.710686 24 ThumbRight
-0.0715616 -0.429946 1.788684 0 SpineBase
-0.04631809 -0.1289953 1.826012 1 SpineMid
-0.02132325 0.1620948 1.848854 2 Neck
-0.1804753 0.06919426 1.834829 4 ShoulderLeft
-0.3997546 0.1477219 1.876306 5 ElbowLeft
-0.6120846 0.2395973 1.884173 6 WristLeft
-0.664867 0.250241 1.87671 7 HandLeft
0.1505806 0.05334584 1.821863 8 ShoulderRight
0.3742095 0.1217923 1.829847 9 ElbowRight
0.5431802 0.1957514 1.78739 10 WristRight
0.5435003 0.2175453 1.781383 11 HandRight
-0.146161 -0.4197867 1.759623 12 HipLeft
-0.2046783 -0.7510382 1.763896 13 KneeLeft
-0.2695195 -1.094013 1.835379 14 AnkleLeft
0.005882039 -0.4232798 1.74796 16 HipRight
0.02016691 -0.7393328 1.705164 17 KneeRight
0.03368992 -1.106956 1.796053 18 AnkleRight
-0.02753752 0.09063134 1.845547 20 SpineShoulder
-0.7402179 0.2782554 1.927129 21 HandTipLeft
-0.6783797 0.2450621 1.837267 22 ThumbLeft
0.6157219 0.2616653 1.748911 23 HandTipRight
0.5168033 0.2101944 1.752556 24 ThumbRight
-0.05633983 -0.4228926 1.790801 0 SpineBase
-0.03021064 -0.1254623 1.827392 1 SpineMid
-0.004371624 0.1621826 1.84928 2 Neck
-0.1580172 0.07718451 1.833539 4 ShoulderLeft
-0.3629451 0.1655674 1.877754 5 ElbowLeft
-0.5337586 0.2402938 1.876368 6 WristLeft
-0.6067883 0.2856934 1.882064 7 HandLeft
0.1838283 0.06045659 1.819263 8 ShoulderRight
0.3995988 0.1445417 1.825209 9 ElbowRight
0.5600576 0.2355725 1.784256 10 WristRight
0.568952 0.2543995 1.776873 11 HandRight
-0.1309133 -0.4113409 1.762066 12 HipLeft
-0.2183478 -0.7030928 1.71875 13 KneeLeft
-0.2933378 -1.073219 1.814935 14 AnkleLeft
0.02052585 -0.4178556 1.74968 16 HipRight
0.03282132 -0.7280568 1.704444 17 KneeRight
0.05098599 -1.103053 1.789969 18 AnkleRight
-0.01078186 0.09157714 1.846233 20 SpineShoulder
-0.6801969 0.3228364 1.906594 21 HandTipLeft
-0.6377563 0.2881452 1.841273 22 ThumbLeft
0.6421587 0.3048539 1.754484 23 HandTipRight
0.6289263 0.2875041 1.72 24 ThumbRight
-0.04385455 -0.4168864 1.792883 0 SpineBase
-0.0134321 -0.1226893 1.829417 1 SpineMid
0.01698705 0.1612627 1.851219 2 Neck
-0.1453986 0.07895828 1.833669 4 ShoulderLeft
-0.335899 0.1785956 1.88087 5 ElbowLeft
-0.4964018 0.2735602 1.881657 6 WristLeft
-0.5729896 0.3218179 1.884476 7 HandLeft
0.193554 0.06237764 1.817777 8 ShoulderRight
0.4009593 0.1535898 1.81886 9 ElbowRight
0.5566373 0.2696675 1.782623 10 WristRight
0.633493 0.3181874 1.764471 11 HandRight
-0.1182492 -0.4050988 1.765351 12 HipLeft
-0.2650291 -0.63863 1.682468 13 KneeLeft
-0.3302747 -1.027545 1.787555 14 AnkleLeft
0.03233136 -0.4123575 1.750535 16 HipRight
0.05089054 -0.69007 1.698708 17 KneeRight
0.06106128 -1.106788 1.778622 18 AnkleRight
0.009443643 0.09161969 1.848197 20 SpineShoulder
-0.6542027 0.3762 1.915197 21 HandTipLeft
-0.6042188 0.3288403 1.843572 22 ThumbLeft
0.7109806 0.3594319 1.770228 23 HandTipRight
0.6607992 0.3255965 1.717429 24 ThumbRight
-0.002599958 -0.4017856 1.78853 0 SpineBase
0.02038393 -0.115188 1.82693 1 SpineMid
0.04282059 0.1623 1.850429 2 Neck
-0.105468 0.08621155 1.840153 4 ShoulderLeft
-0.2987318 0.197827 1.882993 5 ElbowLeft
-0.4443614 0.3154603 1.874102 6 WristLeft
-0.522848 0.3656405 1.874069 7 HandLeft
0.2228403 0.06818474 1.816007 8 ShoulderRight
0.4240884 0.1862099 1.814837 9 ElbowRight
0.5671642 0.3030414 1.775619 10 WristRight
0.6360834 0.3726158 1.752493 11 HandRight
-0.07712895 -0.3867502 1.764242 12 HipLeft
-0.3500715 -0.4956548 1.650807 13 KneeLeft
-0.4737019 -0.8141207 1.675985 14 AnkleLeft
-0.4993888 -0.8455825 1.549776 15 FootLeft
0.07262388 -0.4006615 1.742726 16 HipRight
0.05059422 -0.6787128 1.698492 17 KneeRight
0.07026792 -1.09598 1.770069 18 AnkleRight
0.03729048 0.09413117 1.847007 20 SpineShoulder
-0.598519 0.4184616 1.89173 21 HandTipLeft
-0.5499709 0.3752572 1.831556 22 ThumbLeft
0.7126669 0.4249742 1.756979 23 HandTipRight
0.6484978 0.3803522 1.702743 24 ThumbRight
0.01105173 -0.3962148 1.785203 0 SpineBase
0.03438221 -0.1108677 1.825199 1 SpineMid
0.05688422 0.1649649 1.850446 2 Neck
-0.08971532 0.0871842 1.838328 4 ShoulderLeft
-0.2950828 0.2162078 1.875302 5 ElbowLeft
-0.4390147 0.3358392 1.859362 6 WristLeft
-0.5110018 0.3891701 1.851659 7 HandLeft
0.2348607 0.07558689 1.813964 8 ShoulderRight
0.4342008 0.2054902 1.813684 9 ElbowRight
0.570267 0.3292145 1.769886 10 WristRight
0.6357582 0.4042409 1.749145 11 HandRight
-0.06096026 -0.3809751 1.762894 12 HipLeft
-0.3679829 -0.3710944 1.658746 13 KneeLeft
-0.5615788 -0.6337675 1.609062 14 AnkleLeft
-0.5885131 -0.6397341 1.474579 15 FootLeft
0.08326663 -0.3957203 1.73761 16 HipRight
0.04502328 -0.6723059 1.697131 17 KneeRight
0.07753446 -1.089709 1.764498 18 AnkleRight
0.05138329 0.09725287 1.846566 20 SpineShoulder
-0.5745171 0.4471366 1.871933 21 HandTipLeft
-0.5383587 0.3964674 1.810529 22 ThumbLeft
0.7091293 0.4577827 1.752573 23 HandTipRight
0.6386508 0.410301 1.697437 24 ThumbRight
0.01736045 -0.3937572 1.777533 0 SpineBase
0.03972212 -0.1092525 1.82125 1 SpineMid
0.06114496 0.1657826 1.849392 2 Neck
-0.08222898 0.08655962 1.83302 4 ShoulderLeft
-0.2929023 0.2227875 1.863746 5 ElbowLeft
-0.4381031 0.3406299 1.843251 6 WristLeft
-0.5097783 0.3975044 1.827092 7 HandLeft
0.2382119 0.07711975 1.810445 8 ShoulderRight
0.4357248 0.2156913 1.808579 9 ElbowRight
0.5670482 0.3443659 1.764609 10 WristRight
0.6354241 0.4205549 1.742819 11 HandRight
-0.05337417 -0.3805488 1.755428 12 HipLeft
-0.368526 -0.270723 1.661386 13 KneeLeft
-0.601335 -0.4988071 1.568438 14 AnkleLeft
-0.6693702 -0.5035811 1.488247 15 FootLeft
0.08786622 -0.391386 1.72923 16 HipRight
0.0322213 -0.6653472 1.682617 17 KneeRight
0.0801112 -1.08104 1.751426 18 AnkleRight
0.05590567 0.09825592 1.844872 20 SpineShoulder
-0.5669811 0.4445699 1.840792 21 HandTipLeft
-0.5264711 0.3987782 1.783032 22 ThumbLeft
0.7127056 0.4767592 1.749049 23 HandTipRight
0.6424151 0.4240981 1.690595 24 ThumbRight
0.01763588 -0.3922961 1.768274 0 SpineBase
0.04028844 -0.1095436 1.809911 1 SpineMid
0.0617326 0.1629494 1.83582 2 Neck
-0.08425617 0.08715822 1.827273 4 ShoulderLeft
-0.2742781 0.1991848 1.844898 5 ElbowLeft
-0.4337759 0.2982055 1.817657 6 WristLeft
-0.51517 0.351568 1.805766 7 HandLeft
0.2378406 0.0746818 1.795232 8 ShoulderRight
0.4320064 0.2190619 1.793652 9 ElbowRight
0.5623633 0.3482145 1.747674 10 WristRight
0.630617 0.4164692 1.720156 11 HandRight
-0.05301598 -0.3807497 1.750403 12 HipLeft
-0.3500513 -0.2370785 1.62556 13 KneeLeft
-0.5432066 -0.4863726 1.515642 14 AnkleLeft
-0.6002444 -0.5119857 1.428792 15 FootLeft
0.08787705 -0.388208 1.714073 16 HipRight
0.02168603 -0.6599463 1.662922 17 KneeRight
0.06738534 -1.070889 1.744895 18 AnkleRight
0.05653235 0.09612696 1.831839 20 SpineShoulder
-0.5811461 0.4084277 1.809704 21 HandTipLeft
-0.5470566 0.3587596 1.762 22 ThumbLeft
0.70013 0.4674693 1.717915 23 HandTipRight
0.6333596 0.4234869 1.672023 24 ThumbRight
0.01939778 -0.3932477 1.761263 0 SpineBase
0.04088777 -0.1112868 1.798214 1 SpineMid
0.06075748 0.160754 1.819704 2 Neck
-0.08719347 0.08290446 1.815369 4 ShoulderLeft
-0.2814943 0.1826333 1.840523 5 ElbowLeft
-0.4546166 0.2545387 1.824633 6 WristLeft
-0.5385624 0.303681 1.813672 7 HandLeft
0.238806 0.07686125 1.781255 8 ShoulderRight
0.4289109 0.210204 1.776992 9 ElbowRight
0.560063 0.3385428 1.730375 10 WristRight
0.6298878 0.4001693 1.698673 11 HandRight
-0.05225537 -0.381923 1.747767 12 HipLeft
-0.3272027 -0.2879987 1.574192 13 KneeLeft
-0.4658523 -0.5639571 1.494649 14 AnkleLeft
-0.5143968 -0.5984693 1.404458 15 FootLeft
0.09053481 -0.3884096 1.702993 16 HipRight
0.02102948 -0.6594735 1.657194 17 KneeRight
0.06513895 -1.06991 1.739706 18 AnkleRight
0.0559798 0.09401729 1.816796 20 SpineShoulder
-0.6039106 0.3341879 1.813252 21 HandTipLeft
-0.5628297 0.3069571 1.771455 22 ThumbLeft
0.6950827 0.4545469 1.68793 23 HandTipRight
0.6313743 0.4092605 1.652452 24 ThumbRight
0.02139354 -0.3940683 1.750447 0 SpineBase
0.04226442 -0.1121552 1.782242 1 SpineMid
0.06161828 0.160069 1.798852 2 Neck
-0.088632 0.07749666 1.801353 4 ShoulderLeft
-0.2913359 0.1410878 1.841339 5 ElbowLeft
-0.4639117 0.2142907 1.834917 6 WristLeft
-0.5584237 0.2244503 1.838541 7 HandLeft
0.2403654 0.07672356 1.7644 8 ShoulderRight
0.4325504 0.1971956 1.7529 9 ElbowRight
0.580095 0.3200655 1.694182 10 WristRight
0.6512541 0.375778 1.665115 11 HandRight
-0.05229169 -0.3815261 1.736063 12 HipLeft
-0.312664 -0.337818 1.515276 13 KneeLeft
-0.3795968 -0.6574357 1.471499 14 AnkleLeft
-0.3946425 -0.6765522 1.336279 15 FootLeft
0.09416759 -0.3905008 1.694034 16 HipRight
0.02322754 -0.6611872 1.650242 17 KneeRight
0.04909896 -1.071082 1.740004 18 AnkleRight
0.05696003 0.09328062 1.797151 20 SpineShoulder
-0.6360725 0.2491047 1.855052 21 HandTipLeft
-0.5879963 0.2294582 1.796471 22 ThumbLeft
0.7134633 0.4200544 1.652247 23 HandTipRight
0.6502977 0.3837227 1.620534 24 ThumbRight
0.0115372 -0.4108368 1.695894 0 SpineBase
0.03212462 -0.1202671 1.719761 1 SpineMid
0.05154833 0.160422 1.727761 2 Neck
-0.1024132 0.06413006 1.74264 4 ShoulderLeft
-0.2718795 -0.01883797 1.81091 5 ElbowLeft
-0.4335199 -0.09474156 1.856899 6 WristLeft
-0.4401359 -0.08378095 1.848488 7 HandLeft
0.2301814 0.06976473 1.703173 8 ShoulderRight
0.4214577 0.09009655 1.665137 9 ElbowRight
0.6032236 0.1446977 1.593781 10 WristRight
0.6734266 0.1645045 1.571739 11 HandRight
-0.06636883 -0.3933152 1.675414 12 HipLeft
-0.1935477 -0.5424875 1.408352 13 KneeLeft
-0.2257676 -0.9232468 1.420657 14 AnkleLeft
0.08892878 -0.411352 1.646402 16 HipRight
0.04964889 -0.7106311 1.616849 17 KneeRight
0.04831221 -1.085777 1.718114 18 AnkleRight
0.04683331 0.09157357 1.728285 20 SpineShoulder
-0.5232422 -0.1129311 1.858709 21 HandTipLeft
-0.4130666 -0.06542706 1.812111 22 ThumbLeft
0.7437852 0.1817718 1.542672 23 HandTipRight
0.7148674 0.1730433 1.517308 24 ThumbRight
0.01073956 -0.4244679 1.659606 0 SpineBase
0.02555303 -0.1268034 1.681124 1 SpineMid
0.0389459 0.1607893 1.686052 2 Neck
-0.1223512 0.04757133 1.708336 4 ShoulderLeft
-0.2633906 -0.1100365 1.786475 5 ElbowLeft
-0.3902295 -0.2306293 1.84195 6 WristLeft
-0.456742 -0.2919499 1.851836 7 HandLeft
0.2129591 0.0635676 1.664242 8 ShoulderRight
0.4129028 0.04482972 1.609474 9 ElbowRight
0.591473 0.05431755 1.542631 10 WristRight
0.6335244 0.04915626 1.534235 11 HandRight
-0.06723684 -0.4089486 1.636256 12 HipLeft
-0.1384803 -0.6024242 1.38672 13 KneeLeft
-0.2127348 -0.988726 1.362283 14 AnkleLeft
0.08829769 -0.422401 1.613128 16 HipRight
0.05418424 -0.7200842 1.608 17 KneeRight
0.04206754 -1.090132 1.723385 18 AnkleRight
0.03579088 0.09024263 1.687389 20 SpineShoulder
-0.520029 -0.355466 1.89369 21 HandTipLeft
-0.4692356 -0.3043611 1.819769 22 ThumbLeft
0.7068369 0.03626084 1.494932 23 HandTipRight
0.6954648 0.04094426 1.468 24 ThumbRight
0.0150852 -0.441535 1.58782 0 SpineBase
0.01216889 -0.1376793 1.607665 1 SpineMid
0.00884692 0.1553626 1.610866 2 Neck
-0.1425823 0.02833375 1.636064 4 ShoulderLeft
-0.1800082 -0.2113877 1.706651 5 ElbowLeft
-0.2185578 -0.3876617 1.746954 6 WristLeft
-0.2243542 -0.4427917 1.752198 7 HandLeft
0.1797619 0.05344031 1.593779 8 ShoulderRight
0.3876837 0.0001723743 1.52889 9 ElbowRight
0.5563217 -0.0352507 1.443319 10 WristRight
0.6452833 -0.06584982 1.419364 11 HandRight
-0.06383313 -0.4288355 1.569274 12 HipLeft
-0.1067555 -0.6424657 1.354189 13 KneeLeft
-0.1721788 -0.9710694 1.077079 14 AnkleLeft
0.09340964 -0.4346202 1.536383 16 HipRight
0.06485576 -0.7368742 1.571762 17 KneeRight
0.0333128 -1.105006 1.650584 18 AnkleRight
0.009737656 0.08358216 1.612611 20 SpineShoulder
-0.2361586 -0.5084005 1.796315 21 HandTipLeft
-0.212217 -0.4636816 1.719522 22 ThumbLeft
0.7138789 -0.1140018 1.405575 23 HandTipRight
0.6623865 -0.07594338 1.381278 24 ThumbRight
0.008033317 -0.4348935 1.457973 0 SpineBase
-0.002219441 -0.1296795 1.491145 1 SpineMid
-0.01199654 0.1634624 1.507468 2 Neck
-0.1508524 0.0341211 1.523321 4 ShoulderLeft
-0.1846494 -0.2121527 1.578182 5 ElbowLeft
-0.2199959 -0.3969087 1.592587 6 WristLeft
-0.2313164 -0.4524617 1.601573 7 HandLeft
0.1602649 0.06271746 1.474894 8 ShoulderRight
0.3451386 0.03603254 1.383057 9 ElbowRight
0.508858 0.03447692 1.258274 10 WristRight
0.579747 0.02861898 1.211038 11 HandRight
-0.0701395 -0.4235744 1.442443 12 HipLeft
-0.08462058 -0.6729357 1.277747 13 KneeLeft
-0.1081188 -1.054343 1.076846 14 AnkleLeft
0.08593008 -0.4256599 1.404522 16 HipRight
0.07202387 -0.7312216 1.473273 17 KneeRight
0.05886776 -1.07728 1.583364 18 AnkleRight
-0.009620214 0.0918174 1.505927 20 SpineShoulder
-0.2406938 -0.5323939 1.632189 21 HandTipLeft
-0.2178015 -0.4576902 1.556947 22 ThumbLeft
0.630267 0.008664427 1.178101 23 HandTipRight
0.5796819 0.009300271 1.152583 24 ThumbRight
-0.002109612 -0.4212003 1.381695 0 SpineBase
-0.01124184 -0.1148003 1.425628 1 SpineMid
-0.01990557 0.178371 1.4518 2 Neck
-0.1671531 0.03921496 1.463459 4 ShoulderLeft
-0.2350862 -0.1986116 1.504952 5 ElbowLeft
-0.3047696 -0.3729658 1.503267 6 WristLeft
-0.334064 -0.4533767 1.509179 7 HandLeft
0.1526264 0.07734099 1.409584 8 ShoulderRight
0.3256621 0.05566999 1.303886 9 ElbowRight
0.4982456 0.07453588 1.160878 10 WristRight
0.5665588 0.07987041 1.105945 11 HandRight
-0.08007599 -0.4076362 1.360499 12 HipLeft
-0.09831597 -0.7066414 1.180399 13 KneeLeft
0.07617152 -0.4135881 1.333306 16 HipRight
0.06188747 -0.6992309 1.382353 17 KneeRight
0.04612053 -1.074177 1.485609 18 AnkleRight
-0.01780943 0.1068461 1.44784 20 SpineShoulder
-0.350835 -0.5021936 1.522161 21 HandTipLeft
-0.3260206 -0.4689212 1.465667 22 ThumbLeft
0.6181322 0.07470854 1.066822 23 HandTipRight
0.5564834 0.09873005 1.05975 24 ThumbRight
-0.01228502 -0.4010672 1.291233 0 SpineBase
-0.0229166 -0.09079364 1.34125 1 SpineMid
-0.0325901 0.2045209 1.374205 2 Neck
-0.1791426 0.07009487 1.366373 4 ShoulderLeft
-0.2912111 -0.1322093 1.362157 5 ElbowLeft
-0.3939887 -0.2875116 1.32247 6 WristLeft
-0.4499637 -0.361628 1.311712 7 HandLeft
0.148333 0.098576 1.332957 8 ShoulderRight
0.3120789 0.04646104 1.232405 9 ElbowRight
0.4177166 0.07382562 1.063137 10 WristRight
0.4652621 0.09313133 0.9969582 11 HandRight
-0.08982801 -0.3895065 1.268426 12 HipLeft
-0.08571349 -0.7117215 1.156765 13 KneeLeft
0.06598855 -0.3912257 1.245445 16 HipRight
0.05822286 -0.7192832 1.213368 17 KneeRight
-0.03029115 0.1326666 1.368422 20 SpineShoulder
-0.4887075 -0.4247625 1.315261 21 HandTipLeft
-0.4247416 -0.3662431 1.2521 22 ThumbLeft
0.5004774 0.0995039 0.9370365 23 HandTipRight
0.4440828 0.1162699 0.9605293 24 ThumbRight
7.289982E-05 -0.3732684 1.204105 0 SpineBase
-0.01731611 -0.06027153 1.252433 1 SpineMid
-0.03361339 0.2362818 1.28268 2 Neck
-0.1663027 0.114221 1.242746 4 ShoulderLeft
-0.3067683 -0.04329202 1.184685 5 ElbowLeft
-0.4421787 -0.2021566 1.053257 6 WristLeft
-0.4824665 -0.2446157 1.019974 7 HandLeft
0.1571778 0.1146519 1.261946 8 ShoulderRight
0.2452802 -0.05107039 1.199241 9 ElbowRight
0.2586898 -0.06362119 1.000891 10 WristRight
0.2709854 -0.0726405 0.889395 11 HandRight
-0.07904391 -0.3635255 1.1656 12 HipLeft
-0.09482116 -0.6914382 1.095355 13 KneeLeft
0.07902974 -0.3618789 1.173474 16 HipRight
0.1114652 -0.67651 1.034885 17 KneeRight
-0.02968794 0.1643202 1.277592 20 SpineShoulder
-0.5163959 -0.3008263 0.9893894 21 HandTipLeft
-0.4875633 -0.2332731 0.9711112 22 ThumbLeft
0.2727701 -0.09278449 0.8275563 23 HandTipRight
0.2989373 -0.0803271 0.873889 24 ThumbRight
0.01304131 -0.3655715 1.145422 0 SpineBase
-0.003069872 -0.04995879 1.188232 1 SpineMid
-0.01805469 0.2482255 1.212212 2 Neck
-0.147563 0.1311937 1.160016 4 ShoulderLeft
-0.2891612 -0.01064207 1.067798 5 ElbowLeft
-0.3679858 -0.1218078 0.9109649 6 WristLeft
-0.4073192 -0.1716835 0.8378041 7 HandLeft
0.1724478 0.1076084 1.208874 8 ShoulderRight
0.1846748 -0.1241865 1.131967 9 ElbowRight
0.1628801 -0.2643054 0.9712849 10 WristRight
0.1685077 -0.3107526 0.931548 11 HandRight
-0.0667133 -0.3536928 1.099347 12 HipLeft
-0.1034755 -0.6806359 1.055566 13 KneeLeft
0.09181961 -0.3555318 1.122886 16 HipRight
0.1580806 -0.6520569 0.9487833 17 KneeRight
-0.01445549 0.1760163 1.20871 20 SpineShoulder
-0.4348881 -0.2128795 0.7722526 21 HandTipLeft
-0.3932557 -0.1547143 0.7998181 22 ThumbLeft
0.1525216 -0.3834124 0.9264784 23 HandTipRight
0.1670225 -0.3054205 0.8897073 24 ThumbRight
0.02536627 -0.3633994 1.102643 0 SpineBase
0.01038535 -0.04628158 1.14507 1 SpineMid
-0.00371327 0.252656 1.168217 2 Neck
-0.1304651 0.135537 1.110027 4 ShoulderLeft
-0.2547784 0.002647602 0.9998282 5 ElbowLeft
-0.3005901 -0.1037901 0.8263093 6 WristLeft
-0.3227572 -0.1505131 0.7319393 7 HandLeft
0.1814877 0.1082876 1.161195 8 ShoulderRight
0.1792322 -0.1152213 1.095656 9 ElbowRight
0.1542073 -0.3352226 0.9840884 10 WristRight
0.1473544 -0.4222514 0.9544486 11 HandRight
-0.05290579 -0.3516203 1.050678 12 HipLeft
-0.08580732 -0.6774543 1.032224 13 KneeLeft
0.1019117 -0.3526701 1.086132 16 HipRight
0.203386 -0.6325448 0.8981479 17 KneeRight
-0.0003018045 0.1803707 1.164922 20 SpineShoulder
-0.3384897 -0.1862879 0.6575732 21 HandTipLeft
-0.3392186 -0.1965075 0.7123334 22 ThumbLeft
0.1426158 -0.4839159 0.9111747 23 HandTipRight
0.1974429 -0.4166877 0.9477308 24 ThumbRight
0.05985323 -0.3664388 1.003946 0 SpineBase
0.04980615 -0.04478613 1.046033 1 SpineMid
0.03958763 0.2567804 1.067429 2 Neck
-0.09541874 0.1281465 0.9990933 4 ShoulderLeft
-0.1573694 -0.02510007 0.8699776 5 ElbowLeft
-0.1320786 -0.1396475 0.6902903 6 WristLeft
-0.1228974 -0.1998028 0.5961981 7 HandLeft
0.2302679 0.1073015 1.064618 8 ShoulderRight
0.2516295 -0.1278657 1.018977 9 ElbowRight
0.2337462 -0.2980372 0.8819706 10 WristRight
0.2190564 -0.3638022 0.85533 11 HandRight
-0.01926754 -0.3517331 0.9545355 12 HipLeft
-0.07853656 -0.6671559 0.9751045 13 KneeLeft
0.1346745 -0.356461 0.985658 16 HipRight
0.2811431 -0.6083601 0.7858737 17 KneeRight
0.0421528 0.1841348 1.064588 20 SpineShoulder
-0.1051019 -0.2315734 0.5360999 21 HandTipLeft
-0.1009029 -0.2302672 0.5915455 22 ThumbLeft
0.2093242 -0.4579158 0.8360131 23 HandTipRight
0.2565684 -0.3355213 0.8088512 24 ThumbRight
0.1403756 -0.3624192 0.9322792 0 SpineBase
0.1033235 -0.04140582 0.9835193 1 SpineMid
0.06984316 0.2585221 1.011881 2 Neck
-0.06881997 0.1228205 0.9442398 4 ShoulderLeft
-0.07198144 -0.08573579 0.8170469 5 ElbowLeft
-0.03973064 -0.1999796 0.6564083 6 WristLeft
-0.0280608 -0.2259466 0.6124461 7 HandLeft
0.2600093 0.1041726 1.007058 8 ShoulderRight
0.2850237 -0.1195275 0.9664516 9 ElbowRight
0.2811534 -0.2922282 0.83028 10 WristRight
0.2837735 -0.3257285 0.7971209 11 HandRight
0.0521535 -0.3531249 0.8833117 12 HipLeft
-0.01713409 -0.6614552 0.9243045 13 KneeLeft
0.2184665 -0.3455716 0.9143978 16 HipRight
0.2218914 -0.6543981 0.7528926 17 KneeRight
0.07796129 0.1864477 1.00728 20 SpineShoulder
-0.009896118 -0.2583643 0.5572321 21 HandTipLeft
0.00326605 -0.2482061 0.6007778 22 ThumbLeft
0.2832919 -0.3947643 0.7531893 23 HandTipRight
0.2957476 -0.3034007 0.7611041 24 ThumbRight
0.1720243 -0.3556387 0.8590097 0 SpineBase
0.143618 -0.03022024 0.9066243 1 SpineMid
0.1148485 0.2716932 0.9304121 2 Neck
-0.02162305 0.1324544 0.8715307 4 ShoulderLeft
0.0002424119 -0.1070089 0.7758967 5 ElbowLeft
0.09635424 -0.2848405 0.6725261 6 WristLeft
0.09575605 -0.3410645 0.6842297 7 HandLeft
0.3004494 0.1168785 0.9262928 8 ShoulderRight
0.3276697 -0.1038831 0.8877674 9 ElbowRight
0.3469455 -0.2812645 0.7766324 10 WristRight
0.3395644 -0.3252003 0.7444795 11 HandRight
0.08494937 -0.3470474 0.8097978 12 HipLeft
-0.02591908 -0.647397 0.8405882 13 KneeLeft
0.2455077 -0.337102 0.8424282 16 HipRight
0.5337372 -0.4236681 0.660145 17 KneeRight
0.1220159 0.1994608 0.927033 20 SpineShoulder
0.1471591 -0.3951183 0.6660851 21 HandTipLeft
0.1112352 -0.2859879 0.6469285 22 ThumbLeft
0.3668303 -0.4021803 0.7053863 23 HandTipRight
0.3655227 -0.2964927 0.7120909 24 ThumbRight
0.2169529 -0.351322 0.77197 0 SpineBase
0.1918317 -0.02258388 0.8166898 1 SpineMid
0.1637452 0.2803261 0.8361156 2 Neck
0.02599583 0.1410216 0.7802687 4 ShoulderLeft
0.06446484 -0.1080367 0.6725051 5 ElbowLeft
0.1388169 -0.278322 0.6121933 6 WristLeft
0.1274232 -0.3212362 0.6271957 7 HandLeft
0.3428474 0.1293563 0.8248665 8 ShoulderRight
0.3910675 -0.08876801 0.7881321 9 ElbowRight
0.4000919 -0.2431264 0.665305 10 WristRight
0.3966149 -0.2950293 0.6318091 11 HandRight
0.123462 -0.3405862 0.7265021 12 HipLeft
0.01985891 -0.6404436 0.7684016 13 KneeLeft
0.2918821 -0.3331011 0.7535834 16 HipRight
0.5707602 -0.4493936 0.5852873 17 KneeRight
0.17095 0.2082456 0.8337913 20 SpineShoulder
0.4121788 -0.3624386 0.5866816 23 HandTipRight
0.4001482 -0.2753918 0.5871999 24 ThumbRight
0.2353714 -0.3467954 0.7383003 0 SpineBase
0.2129034 -0.01729001 0.7769043 1 SpineMid
0.1861866 0.285448 0.7896112 2 Neck
0.04411843 0.1433339 0.7407954 4 ShoulderLeft
0.04934898 -0.1042597 0.6445947 5 ElbowLeft
0.08239698 -0.2930106 0.6326942 6 WristLeft
0.06426716 -0.3129179 0.614809 7 HandLeft
0.3491449 0.1272149 0.7698371 8 ShoulderRight
0.4198111 -0.05940873 0.7340238 9 ElbowRight
0.4155351 -0.2117073 0.6073133 10 WristRight
0.4023939 -0.2273769 0.6103125 11 HandRight
0.1368291 -0.3366498 0.6984136 12 HipLeft
0.02351894 -0.6347122 0.7373557 13 KneeLeft
0.3135548 -0.3274402 0.7146897 16 HipRight
0.608103 -0.4122373 0.5598347 17 KneeRight
0.1931546 0.2136134 0.7889401 20 SpineShoulder
0.08382835 -0.3510831 0.605771 21 HandTipLeft
0.08711771 -0.3063801 0.5734231 22 ThumbLeft
0.3959199 -0.2921211 0.5511723 23 HandTipRight
0.3540666 -0.2510644 0.6663333 24 ThumbRight
0.2984309 -0.3294773 0.6786765 0 SpineBase
0.2635041 -0.01049577 0.7086222 1 SpineMid
0.06171529 0.1462056 0.6878512 4 ShoulderLeft
-0.018756 -0.02126841 0.5978098 5 ElbowLeft
0.1294362 -0.1409298 0.6230834 6 WristLeft
0.178121 -0.1589309 0.5795801 7 HandLeft
0.3588035 0.1175661 0.6761229 8 ShoulderRight
0.4798695 -0.07542977 0.6634287 9 ElbowRight
0.1964892 -0.3275959 0.6494722 12 HipLeft
0.04372945 -0.6248402 0.6249858 13 KneeLeft
0.3737718 -0.3016537 0.6465459 16 HipRight
0.009878969 -0.3407792 0.5783417 17 KneeRight
0.2333319 0.2125198 0.7127723 20 SpineShoulder
0.1968001 -0.1997214 0.5596237 21 HandTipLeft
0.2151626 -0.09711106 0.5611464 22 ThumbLeft
0.2356171 -0.3346476 0.5451404 0 SpineBase
0.2072042 -0.05579985 0.5662629 1 SpineMid
0.001285529 0.06928326 0.5315325 4 ShoulderLeft
-0.02082781 0.01725052 0.5749112 6 WristLeft
-0.02117248 -0.01431982 0.5550044 7 HandLeft
0.194618 0.05977362 0.5180829 8 ShoulderRight
0.1038596 0.2367771 0.5527338 10 WristRight
0.04411329 0.2047168 0.5532577 11 HandRight
0.1808541 0.1398733 0.5629325 20 SpineShoulder
0.1606744 -0.3235044 0.5390208 0 SpineBase
0.1295105 0.006839873 0.5825825 1 SpineMid
-0.07371346 0.1708599 0.5639983 4 ShoulderLeft
0.2863673 0.3798231 0.5484141 6 WristLeft
0.1184759 0.1618322 0.5532449 8 ShoulderRight
0.08232559 0.252751 0.5313811 11 HandRight
0.1036047 0.2321067 0.5914855 20 SpineShoulder
