X              Y         Z      JointType 
-0.1563487 -0.1474182 1.720427 0 SpineBase
-0.1394021 0.1597464 1.687832 1 SpineMid
-0.1218812 0.453911 1.641763 2 Neck
-0.2422445 0.2995023 1.705401 4 ShoulderLeft
-0.3347064 0.07155406 1.887883 5 ElbowLeft
-0.01781299 0.3069704 1.563126 8 ShoulderRight
0.07626922 0.08376497 1.522136 9 ElbowRight
-0.2045002 -0.1457053 1.718351 12 HipLeft
-0.1223788 -0.3891986 1.554783 13 KneeLeft
-0.09779876 -0.8257179 1.580717 14 AnkleLeft
-0.1845037 -0.8693268 1.622815 15 FootLeft
-0.1016189 -0.1430417 1.651393 16 HipRight
-0.1421039 -0.4885058 1.554976 17 KneeRight
-0.08465283 -0.8480222 1.58251 18 AnkleRight
-0.188511 -0.8934157 1.594127 19 FootRight
-0.1263666 0.3822106 1.655463 20 SpineShoulder
-0.1480025 -0.1483235 1.736543 0 SpineBase
-0.1325304 0.1573711 1.706398 1 SpineMid
-0.1163869 0.450201 1.663097 2 Neck
-0.243769 0.314683 1.726852 4 ShoulderLeft
-0.3348486 0.07117463 1.887639 5 ElbowLeft
0.0004568924 0.3094633 1.592577 8 ShoulderRight
0.09764211 0.0904595 1.571823 9 ElbowRight
0.04869604 -0.1238258 1.475989 10 WristRight
0.03328344 -0.1800032 1.475732 11 HandRight
-0.1987007 -0.1442066 1.727543 12 HipLeft
-0.112354 -0.420778 1.592676 13 KneeLeft
-0.1157889 -0.8817922 1.77902 14 AnkleLeft
-0.2020797 -0.935425 1.702539 15 FootLeft
-0.09051412 -0.1474019 1.676211 16 HipRight
-0.1169165 -0.5086989 1.608027 17 KneeRight
-0.04761403 -0.8811703 1.714602 18 AnkleRight
-0.1624653 -0.9201739 1.632656 19 FootRight
-0.1205252 0.3788061 1.676086 20 SpineShoulder
0.02494394 -0.2349514 1.466712 23 HandTipRight
0.06098454 -0.1950577 1.488263 24 ThumbRight
-0.1300953 -0.1701443 1.777131 0 SpineBase
-0.117069 0.1453784 1.740514 1 SpineMid
-0.1031619 0.4463253 1.69143 2 Neck
-0.2465187 0.3175809 1.748095 4 ShoulderLeft
-0.3283515 0.06803724 1.875359 5 ElbowLeft
0.02654957 0.3170147 1.640537 8 ShoulderRight
0.1220414 0.09503891 1.642352 9 ElbowRight
0.09398244 -0.1212422 1.550238 10 WristRight
0.07507972 -0.182672 1.548958 11 HandRight
-0.186664 -0.1636274 1.757991 12 HipLeft
-0.1404845 -0.5484155 1.776966 13 KneeLeft
-0.1125003 -0.9154735 1.845292 14 AnkleLeft
-0.1898726 -0.9423936 1.715389 15 FootLeft
-0.06728073 -0.1697877 1.726181 16 HipRight
-0.0765719 -0.5454024 1.715411 17 KneeRight
0.02806886 -0.9523543 1.812305 18 AnkleRight
-0.0897807 -0.9424939 1.718156 19 FootRight
-0.1067745 0.3730503 1.705789 20 SpineShoulder
0.06299058 -0.2380813 1.545467 23 HandTipRight
0.03780454 -0.159311 1.614632 24 ThumbRight
-0.1257326 -0.1730954 1.78232 0 SpineBase
-0.1122994 0.1429988 1.748668 1 SpineMid
-0.09837594 0.4456522 1.70235 2 Neck
-0.2441879 0.317125 1.749293 4 ShoulderLeft
-0.3229647 0.06762552 1.868552 5 ElbowLeft
-0.3977064 -0.1495043 1.872043 6 WristLeft
-0.4040696 -0.2032403 1.879422 7 HandLeft
0.03122378 0.3162426 1.647433 8 ShoulderRight
0.1235607 0.09295642 1.65204 9 ElbowRight
0.09943519 -0.1227864 1.560365 10 WristRight
0.09153153 -0.1696834 1.564196 11 HandRight
-0.1829599 -0.1675848 1.763025 12 HipLeft
-0.1379823 -0.5619726 1.803889 13 KneeLeft
-0.1132144 -0.9087296 1.846256 14 AnkleLeft
-0.1883655 -0.9433883 1.719838 15 FootLeft
-0.06304643 -0.1715385 1.730481 16 HipRight
-0.07447731 -0.5554558 1.744756 17 KneeRight
-0.05985775 -0.9269258 1.846897 18 AnkleRight
-0.1341605 -0.9422395 1.711415 19 FootRight
-0.1019469 0.3718426 1.716066 20 SpineShoulder
-0.4018148 -0.2440044 1.901823 21 HandTipLeft
-0.4092228 -0.201269 1.846714 22 ThumbLeft
0.07618008 -0.2384147 1.565821 23 HandTipRight
0.05662029 -0.1652913 1.62925 24 ThumbRight
-0.1014933 -0.1786061 1.814674 0 SpineBase
-0.09662866 0.1405039 1.773988 1 SpineMid
-0.08940671 0.4466296 1.720696 2 Neck
-0.240528 0.3164888 1.752235 4 ShoulderLeft
-0.3016233 0.07377908 1.819641 5 ElbowLeft
-0.3423386 -0.1432828 1.75297 6 WristLeft
-0.3389405 -0.1490583 1.756139 7 HandLeft
0.0604515 0.3221518 1.693765 8 ShoulderRight
0.1495585 0.09154656 1.728527 9 ElbowRight
0.1468447 -0.1236129 1.641049 10 WristRight
0.1367434 -0.1622089 1.643823 11 HandRight
-0.1648329 -0.1755737 1.787662 12 HipLeft
-0.1312311 -0.5936815 1.824394 13 KneeLeft
-0.1476228 -0.9416077 1.885202 14 AnkleLeft
-0.2005449 -0.9492452 1.731259 15 FootLeft
-0.03381842 -0.1742317 1.769593 16 HipRight
-0.05627036 -0.5813191 1.805206 17 KneeRight
-0.0476873 -0.9323696 1.861683 18 AnkleRight
-0.1320034 -0.9459905 1.727726 19 FootRight
-0.09149375 0.3719609 1.73612 20 SpineShoulder
-0.33775 -0.2291977 1.751441 21 HandTipLeft
-0.3681466 -0.1310878 1.762143 22 ThumbLeft
0.1294574 -0.2295611 1.648356 23 HandTipRight
0.130692 -0.1634181 1.654444 24 ThumbRight
-0.09650034 -0.1662468 1.822179 0 SpineBase
-0.09374681 0.1473942 1.781388 1 SpineMid
-0.08903411 0.4497211 1.727323 2 Neck
-0.2392545 0.3183751 1.751204 4 ShoulderLeft
-0.3052598 0.08154172 1.805912 5 ElbowLeft
-0.3420971 -0.1332813 1.738249 6 WristLeft
-0.3393099 -0.1443158 1.730027 7 HandLeft
0.06240784 0.3262688 1.708761 8 ShoulderRight
0.154025 0.09782074 1.75481 9 ElbowRight
0.1617767 -0.1159507 1.671874 10 WristRight
0.1570368 -0.1489052 1.675697 11 HandRight
-0.1604082 -0.1624737 1.793475 12 HipLeft
-0.1687982 -0.5868113 1.819326 13 KneeLeft
-0.1667577 -0.9463376 1.893241 14 AnkleLeft
-0.2140982 -0.946623 1.737627 15 FootLeft
-0.02866219 -0.1631181 1.778328 16 HipRight
-0.02550484 -0.5677177 1.815246 17 KneeRight
-0.02753056 -0.9215533 1.87155 18 AnkleRight
-0.05892944 -0.9545898 1.737305 19 FootRight
-0.09047285 0.375849 1.742993 20 SpineShoulder
-0.3329548 -0.2205087 1.730323 21 HandTipLeft
-0.3690868 -0.1234799 1.730133 22 ThumbLeft
0.1483569 -0.2180967 1.670614 23 HandTipRight
0.1873654 -0.1728434 1.682143 24 ThumbRight
-0.09666979 -0.1621326 1.824561 0 SpineBase
-0.09447627 0.1506995 1.784305 1 SpineMid
-0.09066896 0.4519095 1.730702 2 Neck
-0.240541 0.3190877 1.751386 4 ShoulderLeft
-0.3092333 0.08647936 1.801593 5 ElbowLeft
-0.3418548 -0.1274402 1.732738 6 WristLeft
-0.3429466 -0.1427082 1.725197 7 HandLeft
0.0610996 0.3288622 1.714791 8 ShoulderRight
0.1531131 0.1028893 1.76315 9 ElbowRight
0.1648125 -0.1096619 1.681123 10 WristRight
0.1611224 -0.1485009 1.687178 11 HandRight
-0.1607082 -0.1583388 1.795195 12 HipLeft
-0.1774724 -0.5797967 1.818936 13 KneeLeft
-0.1803154 -0.9434195 1.884837 14 AnkleLeft
-0.221709 -0.9476459 1.725055 15 FootLeft
-0.02870606 -0.1592817 1.781333 16 HipRight
-0.0224833 -0.567443 1.818642 17 KneeRight
-0.02470128 -0.9207986 1.872587 18 AnkleRight
-0.05427417 -0.9545898 1.742891 19 FootRight
-0.0918363 0.3783281 1.746267 20 SpineShoulder
-0.3362614 -0.2156073 1.723799 21 HandTipLeft
-0.3753354 -0.1132107 1.728125 22 ThumbLeft
0.155938 -0.2154176 1.684001 23 HandTipRight
0.1895745 -0.1689687 1.685615 24 ThumbRight
-0.09988125 -0.1583442 1.826217 0 SpineBase
-0.09854352 0.1530364 1.786436 1 SpineMid
-0.09649485 0.452613 1.733587 2 Neck
-0.243135 0.3213347 1.74841 4 ShoulderLeft
-0.3263499 0.09326804 1.790065 5 ElbowLeft
-0.3509217 -0.121116 1.72305 6 WristLeft
-0.3575036 -0.1388187 1.717026 7 HandLeft
0.05186645 0.3330925 1.728984 8 ShoulderRight
0.1448993 0.1119897 1.787449 9 ElbowRight
0.1702507 -0.09993156 1.711065 10 WristRight
0.1650674 -0.1465216 1.714928 11 HandRight
-0.1647534 -0.1547782 1.795306 12 HipLeft
-0.1938837 -0.5722954 1.826511 13 KneeLeft
-0.1849569 -0.9443089 1.882051 14 AnkleLeft
-0.2285015 -0.9484491 1.721071 15 FootLeft
-0.03126347 -0.1550698 1.784785 16 HipRight
-0.01889402 -0.5595703 1.823955 17 KneeRight
-0.02136906 -0.921385 1.878957 18 AnkleRight
-0.05198221 -0.9571518 1.753735 19 FootRight
-0.09710365 0.3794859 1.748943 20 SpineShoulder
-0.3513986 -0.2144072 1.714741 21 HandTipLeft
-0.3893369 -0.1151885 1.720364 22 ThumbLeft
0.1639437 -0.21477 1.717286 23 HandTipRight
0.1704272 -0.1735333 1.738417 24 ThumbRight
-0.1059949 -0.1549341 1.827683 0 SpineBase
-0.1078245 0.1538692 1.789347 1 SpineMid
-0.1105762 0.449428 1.738511 2 Neck
-0.252063 0.323875 1.744828 4 ShoulderLeft
-0.3378973 0.09603909 1.783865 5 ElbowLeft
-0.3669935 -0.1154582 1.712166 6 WristLeft
-0.3741871 -0.136763 1.710663 7 HandLeft
0.03924153 0.3362109 1.739731 8 ShoulderRight
0.1310149 0.1161215 1.806094 9 ElbowRight
0.1666631 -0.09242456 1.727106 10 WristRight
0.1596034 -0.1423795 1.729525 11 HandRight
-0.1712784 -0.1519339 1.794883 12 HipLeft
-0.2126182 -0.570961 1.84645 13 KneeLeft
-0.1860287 -0.9454115 1.883745 14 AnkleLeft
-0.2316278 -0.9493751 1.721611 15 FootLeft
-0.03693673 -0.1512443 1.788249 16 HipRight
-0.01873346 -0.5589817 1.823773 17 KneeRight
-0.01845238 -0.9205855 1.882803 18 AnkleRight
-0.05252208 -0.9572862 1.754835 19 FootRight
-0.1098736 0.3774644 1.753343 20 SpineShoulder
-0.3690075 -0.2136426 1.717792 21 HandTipLeft
-0.4064666 -0.1108589 1.714154 22 ThumbLeft
0.1605615 -0.2116299 1.726124 23 HandTipRight
0.1567886 -0.1700039 1.7568 24 ThumbRight
-0.1147958 -0.1530303 1.827854 0 SpineBase
-0.1165133 0.1527639 1.792063 1 SpineMid
-0.118362 0.4456251 1.7439 2 Neck
-0.258126 0.325228 1.744366 4 ShoulderLeft
-0.3458915 0.09785169 1.778791 5 ElbowLeft
-0.382877 -0.110351 1.707321 6 WristLeft
-0.3934663 -0.1368973 1.707289 7 HandLeft
0.03555716 0.3371925 1.747978 8 ShoulderRight
0.1202236 0.1111906 1.814919 9 ElbowRight
0.1570447 -0.09658971 1.740755 10 WristRight
0.1455785 -0.1507251 1.74182 11 HandRight
-0.1801703 -0.1504776 1.792883 12 HipLeft
-0.2180121 -0.5814369 1.850721 13 KneeLeft
-0.186245 -0.9486796 1.886002 14 AnkleLeft
-0.2345859 -0.9507611 1.720177 15 FootLeft
-0.04520563 -0.1492469 1.790624 16 HipRight
-0.02144795 -0.5676605 1.825131 17 KneeRight
-0.02073172 -0.9230008 1.886013 18 AnkleRight
-0.05074443 -0.9562137 1.753407 19 FootRight
-0.1180112 0.374243 1.758059 20 SpineShoulder
-0.3949311 -0.2164562 1.709397 21 HandTipLeft
-0.4243386 -0.1035044 1.714583 22 ThumbLeft
0.1461783 -0.220813 1.745029 23 HandTipRight
0.1443316 -0.1821375 1.772 24 ThumbRight
-0.1150516 -0.1531086 1.826946 0 SpineBase
-0.1168972 0.1525065 1.792022 1 SpineMid
-0.1192367 0.4449236 1.744972 2 Neck
-0.2577297 0.3244108 1.7458 4 ShoulderLeft
-0.3457269 0.09803839 1.777531 5 ElbowLeft
-0.3846914 -0.1093958 1.706626 6 WristLeft
-0.3952821 -0.1379187 1.704985 7 HandLeft
0.03783799 0.3365007 1.747277 8 ShoulderRight
0.1190813 0.1090947 1.815452 9 ElbowRight
0.1540556 -0.09899021 1.743088 10 WristRight
0.1423271 -0.1551209 1.74367 11 HandRight
-0.1805043 -0.1504235 1.791378 12 HipLeft
-0.2178623 -0.5809187 1.848579 13 KneeLeft
-0.1861532 -0.9497669 1.886771 14 AnkleLeft
-0.2347571 -0.951077 1.719751 15 FootLeft
-0.04536009 -0.1494159 1.79016 16 HipRight
-0.02038506 -0.5701144 1.829072 17 KneeRight
-0.02063915 -0.923248 1.88616 18 AnkleRight
-0.05077763 -0.9561953 1.753422 19 FootRight
-0.1187547 0.3736579 1.758773 20 SpineShoulder
-0.3981153 -0.2175035 1.706172 21 HandTipLeft
-0.4240962 -0.1186414 1.709083 22 ThumbLeft
0.1406918 -0.2266545 1.751487 23 HandTipRight
0.1388354 -0.1773426 1.772 24 ThumbRight
-0.1146456 -0.1531543 1.824449 0 SpineBase
-0.1169966 0.1522805 1.791933 1 SpineMid
-0.1196992 0.4440322 1.747627 2 Neck
-0.2562776 0.3224809 1.749246 4 ShoulderLeft
-0.3403323 0.09619954 1.776563 5 ElbowLeft
-0.3832082 -0.1095142 1.705706 6 WristLeft
-0.3785207 -0.1385501 1.704438 7 HandLeft
0.04102861 0.3354956 1.746811 8 ShoulderRight
0.118675 0.1045002 1.817221 9 ElbowRight
0.1522106 -0.1028737 1.744825 10 WristRight
0.1380744 -0.1546704 1.739968 11 HandRight
-0.1798997 -0.1506007 1.787694 12 HipLeft
-0.2155217 -0.5672573 1.840513 13 KneeLeft
-0.1871188 -0.9499231 1.887143 14 AnkleLeft
-0.2354395 -0.9514711 1.718153 15 FootLeft
-0.04506804 -0.1494464 1.788742 16 HipRight
-0.01322 -0.5510017 1.837064 17 KneeRight
-0.01682094 -0.9262716 1.901407 18 AnkleRight
-0.04549622 -0.9575725 1.768756 19 FootRight
-0.1191241 0.372911 1.760508 20 SpineShoulder
-0.3808168 -0.2167103 1.702025 21 HandTipLeft
-0.4043027 -0.113499 1.709214 22 ThumbLeft
0.1368821 -0.2249488 1.744571 23 HandTipRight
0.1390007 -0.1884236 1.767297 24 ThumbRight
-0.1125553 -0.1525823 1.821432 0 SpineBase
-0.1161459 0.1521237 1.79197 1 SpineMid
-0.1180398 0.4433752 1.750655 2 Neck
-0.253794 0.3233596 1.753587 4 ShoulderLeft
-0.3327337 0.09171984 1.778638 5 ElbowLeft
-0.3670897 -0.1144025 1.706142 6 WristLeft
-0.3540685 -0.1405945 1.706584 7 HandLeft
0.04447396 0.3331979 1.76137 8 ShoulderRight
0.1196682 0.1026749 1.817758 9 ElbowRight
0.1514746 -0.1036766 1.743657 10 WristRight
0.1433935 -0.1566449 1.734826 11 HandRight
-0.1776948 -0.1501227 1.784537 12 HipLeft
-0.2098474 -0.5550469 1.834209 13 KneeLeft
-0.1871629 -0.9508991 1.888421 14 AnkleLeft
-0.2338829 -0.9520415 1.717268 15 FootLeft
-0.04312665 -0.1488849 1.786132 16 HipRight
-0.01072377 -0.5445071 1.836844 17 KneeRight
-0.0154894 -0.9274833 1.904498 18 AnkleRight
-0.0451056 -0.9577746 1.771299 19 FootRight
-0.1176731 0.3723742 1.762683 20 SpineShoulder
-0.3499844 -0.2166649 1.702349 21 HandTipLeft
-0.3831607 -0.1203236 1.7122 22 ThumbLeft
0.1393356 -0.2317287 1.742285 23 HandTipRight
0.1407493 -0.1874463 1.770286 24 ThumbRight
-0.1115176 -0.1528128 1.820396 0 SpineBase
-0.1155966 0.1518861 1.792087 1 SpineMid
-0.1175111 0.4430889 1.751909 2 Neck
-0.2531299 0.322901 1.754574 4 ShoulderLeft
-0.3283773 0.0886917 1.779943 5 ElbowLeft
-0.3530369 -0.1185025 1.707271 6 WristLeft
-0.341567 -0.1418775 1.709629 7 HandLeft
0.04491416 0.3329199 1.761184 8 ShoulderRight
0.12042 0.1018563 1.817035 9 ElbowRight
0.1520409 -0.1041431 1.742822 10 WristRight
0.1471867 -0.1573483 1.734111 11 HandRight
-0.1767086 -0.1503646 1.783792 12 HipLeft
-0.2077466 -0.5573948 1.834537 13 KneeLeft
-0.1877129 -0.9503201 1.887753 14 AnkleLeft
-0.2335478 -0.9520047 1.715711 15 FootLeft
-0.04203938 -0.1491169 1.78485 16 HipRight
-0.009899476 -0.5455913 1.837157 17 KneeRight
-0.01537811 -0.9273888 1.904373 18 AnkleRight
-0.04500491 -0.9578031 1.772037 19 FootRight
-0.1171228 0.3720762 1.763674 20 SpineShoulder
-0.3375258 -0.2175306 1.707173 21 HandTipLeft
-0.3737049 -0.1251743 1.723375 22 ThumbLeft
0.1466501 -0.2297059 1.74397 23 HandTipRight
0.159302 -0.1496145 1.7504 24 ThumbRight
-0.1098897 -0.1528163 1.819342 0 SpineBase
-0.1141376 0.1515874 1.792715 1 SpineMid
-0.1160724 0.4427071 1.754544 2 Neck
-0.2519496 0.3221209 1.757179 4 ShoulderLeft
-0.3206658 0.08291657 1.784634 5 ElbowLeft
-0.341814 -0.1236142 1.710182 6 WristLeft
-0.3297013 -0.1439593 1.71645 7 HandLeft
0.04566819 0.3326621 1.761273 8 ShoulderRight
0.1221979 0.1010548 1.815737 9 ElbowRight
0.1537097 -0.1042592 1.740933 10 WristRight
0.1525482 -0.1575295 1.731556 11 HandRight
-0.1751353 -0.1503982 1.78345 12 HipLeft
-0.2015968 -0.5658337 1.838905 13 KneeLeft
-0.1873415 -0.9496984 1.886511 14 AnkleLeft
-0.232004 -0.9523109 1.713099 15 FootLeft
-0.04022129 -0.1491258 1.78301 16 HipRight
-0.00830294 -0.544898 1.836962 17 KneeRight
-0.01481504 -0.9280002 1.90566 18 AnkleRight
-0.04382027 -0.9574692 1.773826 19 FootRight
-0.1156516 0.3716816 1.765914 20 SpineShoulder
-0.3252025 -0.2189111 1.71022 21 HandTipLeft
-0.3623537 -0.1227486 1.724818 22 ThumbLeft
0.1510839 -0.2318839 1.739809 23 HandTipRight
0.1672313 -0.1941241 1.736313 24 ThumbRight
-0.1090102 -0.1529665 1.819321 0 SpineBase
-0.110187 0.1507587 1.79724 1 SpineMid
-0.1077742 0.4414928 1.766908 2 Neck
-0.24995 0.3224231 1.765414 4 ShoulderLeft
-0.3173596 0.0809163 1.789076 5 ElbowLeft
-0.3382803 -0.1255357 1.71566 6 WristLeft
-0.3334982 -0.1442491 1.724865 7 HandLeft
0.04714341 0.3297244 1.766495 8 ShoulderRight
0.1239996 0.09987576 1.814587 9 ElbowRight
0.1559045 -0.1048905 1.739573 10 WristRight
0.1544394 -0.1580192 1.730635 11 HandRight
-0.1741141 -0.1505698 1.783714 12 HipLeft
-0.200852 -0.5658296 1.838192 13 KneeLeft
-0.1871194 -0.9493127 1.886458 14 AnkleLeft
-0.2297849 -0.9526647 1.711676 15 FootLeft
-0.0394966 -0.1492752 1.782898 16 HipRight
-0.006905179 -0.5470033 1.837154 17 KneeRight
-0.01446917 -0.9277788 1.905698 18 AnkleRight
-0.04227719 -0.9573169 1.774276 19 FootRight
-0.1085785 0.3705186 1.776281 20 SpineShoulder
-0.3314909 -0.219431 1.718192 21 HandTipLeft
-0.3679735 -0.1246627 1.736077 22 ThumbLeft
0.1543431 -0.2324766 1.739615 23 HandTipRight
0.1569095 -0.1847711 1.751571 24 ThumbRight
-0.1081878 -0.1531497 1.819513 0 SpineBase
-0.1079391 0.1502043 1.800648 1 SpineMid
-0.1057617 0.4410238 1.771918 2 Neck
-0.2489457 0.323221 1.769724 4 ShoulderLeft
-0.3173637 0.08146002 1.79146 5 ElbowLeft
-0.3395402 -0.1249583 1.71986 6 WristLeft
-0.3413005 -0.1449612 1.728659 7 HandLeft
0.04767232 0.3291799 1.771582 8 ShoulderRight
0.1249045 0.09968815 1.813851 9 ElbowRight
0.1573229 -0.1045141 1.738717 10 WristRight
0.1559484 -0.1608324 1.730388 11 HandRight
-0.1731287 -0.1508279 1.78437 12 HipLeft
-0.2005972 -0.5661006 1.838032 13 KneeLeft
-0.1867324 -0.9495058 1.887528 14 AnkleLeft
-0.2295994 -0.952706 1.712107 15 FootLeft
-0.03881369 -0.1494131 1.782876 16 HipRight
-0.006442845 -0.5474557 1.837271 17 KneeRight
-0.01432593 -0.9273085 1.905473 18 AnkleRight
-0.04211067 -0.9572383 1.77409 19 FootRight
-0.1064204 0.3700044 1.781144 20 SpineShoulder
-0.3373982 -0.2203612 1.725507 21 HandTipLeft
-0.3723231 -0.1205727 1.730975 22 ThumbLeft
0.1543301 -0.2324478 1.739426 23 HandTipRight
0.1537721 -0.1908585 1.76375 24 ThumbRight
-0.1076277 -0.1532211 1.819827 0 SpineBase
-0.1070006 0.150435 1.802436 1 SpineMid
-0.1050034 0.4417312 1.774113 2 Neck
-0.248436 0.3235741 1.771678 4 ShoulderLeft
-0.3180985 0.08295461 1.79409 5 ElbowLeft
-0.3453782 -0.1232905 1.725657 6 WristLeft
-0.3520401 -0.1452191 1.733672 7 HandLeft
0.04784669 0.328992 1.773729 8 ShoulderRight
0.1255572 0.1001698 1.813537 9 ElbowRight
0.1579303 -0.1037198 1.73877 10 WristRight
0.1572748 -0.1601263 1.7307 11 HandRight
-0.1726005 -0.1508769 1.78501 12 HipLeft
-0.2006323 -0.5674868 1.838231 13 KneeLeft
-0.1861751 -0.9497779 1.887739 14 AnkleLeft
-0.2295679 -0.9527515 1.711816 15 FootLeft
-0.03828913 -0.1494893 1.783055 16 HipRight
-0.006260697 -0.54671 1.837259 17 KneeRight
-0.01414443 -0.926949 1.905208 18 AnkleRight
-0.0420394 -0.9570875 1.773462 19 FootRight
-0.105609 0.370594 1.783304 20 SpineShoulder
-0.3509189 -0.2210697 1.731733 21 HandTipLeft
-0.3858348 -0.1225699 1.743572 22 ThumbLeft
0.1562014 -0.2315665 1.738502 23 HandTipRight
0.1633879 -0.1656243 1.752 24 ThumbRight
-0.1072292 -0.1532923 1.820483 0 SpineBase
-0.1062265 0.1503649 1.804412 1 SpineMid
-0.1042124 0.4417529 1.776436 2 Neck
-0.2485299 0.3240661 1.774181 4 ShoulderLeft
-0.3202434 0.0850411 1.797583 5 ElbowLeft
-0.3560403 -0.1201438 1.732474 6 WristLeft
-0.3659149 -0.1471505 1.73815 7 HandLeft
0.04774652 0.3303632 1.778259 8 ShoulderRight
0.1260265 0.1007104 1.813438 9 ElbowRight
0.1589166 -0.1027136 1.739338 10 WristRight
0.1582327 -0.1592648 1.732806 11 HandRight
-0.1723358 -0.1508954 1.785873 12 HipLeft
-0.20093 -0.5681373 1.83832 13 KneeLeft
-0.1867403 -0.9488388 1.885804 14 AnkleLeft
-0.2302983 -0.9532648 1.709448 15 FootLeft
-0.03780485 -0.1496225 1.783679 16 HipRight
-0.00621385 -0.5483556 1.838192 17 KneeRight
-0.01375773 -0.9273044 1.903491 18 AnkleRight
-0.03581651 -0.9574692 1.770228 19 FootRight
-0.1048225 0.3705916 1.785584 20 SpineShoulder
-0.3653361 -0.2219563 1.739 21 HandTipLeft
-0.3381477 -0.1457566 1.7446 22 ThumbLeft
0.1574969 -0.2306503 1.736613 23 HandTipRight
0.1561764 -0.1876805 1.762695 24 ThumbRight
-0.1073491 -0.1531353 1.821043 0 SpineBase
-0.1063676 0.1506519 1.80576 1 SpineMid
-0.1043975 0.4421754 1.778187 2 Neck
-0.249827 0.3248305 1.776632 4 ShoulderLeft
-0.3219126 0.08544777 1.799262 5 ElbowLeft
-0.3612005 -0.11931 1.736379 6 WristLeft
-0.3707361 -0.147126 1.740287 7 HandLeft
0.04712059 0.3302052 1.778216 8 ShoulderRight
0.1261013 0.1008913 1.813777 9 ElbowRight
0.159268 -0.1021973 1.739819 10 WristRight
0.157793 -0.1596102 1.73539 11 HandRight
-0.1725168 -0.1506703 1.786451 12 HipLeft
-0.2022302 -0.5701471 1.838975 13 KneeLeft
-0.1846332 -0.9503999 1.887543 14 AnkleLeft
-0.2299061 -0.9532786 1.711105 15 FootLeft
-0.03787925 -0.1495491 1.78425 16 HipRight
-0.00682073 -0.549094 1.839039 17 KneeRight
-0.01449772 -0.9278717 1.902447 18 AnkleRight
-0.03520375 -0.9580737 1.7686 19 FootRight
-0.1050026 0.3709807 1.787253 20 SpineShoulder
-0.3690773 -0.2250556 1.745915 21 HandTipLeft
-0.4005693 -0.1192245 1.746801 22 ThumbLeft
0.1585095 -0.2286343 1.739499 23 HandTipRight
0.1561856 -0.1894653 1.767045 24 ThumbRight
-0.1073518 -0.153108 1.821572 0 SpineBase
-0.1065152 0.1507565 1.8066 1 SpineMid
-0.1047637 0.4423647 1.779111 2 Neck
-0.2502606 0.3245463 1.777143 4 ShoulderLeft
-0.3232241 0.08508386 1.800306 5 ElbowLeft
-0.3634976 -0.1191246 1.737165 6 WristLeft
-0.3706827 -0.1474336 1.739473 7 HandLeft
0.04582697 0.3308662 1.780669 8 ShoulderRight
0.1260115 0.1008919 1.814106 9 ElbowRight
0.159381 -0.1020535 1.74069 10 WristRight
0.156528 -0.1594204 1.737847 11 HandRight
-0.1725795 -0.1506166 1.786922 12 HipLeft
-0.2028142 -0.5702876 1.839215 13 KneeLeft
-0.1847315 -0.9503764 1.887191 14 AnkleLeft
-0.2297403 -0.9533013 1.710329 15 FootLeft
-0.03782715 -0.1495702 1.78488 16 HipRight
-0.006879974 -0.5489348 1.839237 17 KneeRight
-0.01415662 -0.9282124 1.901869 18 AnkleRight
-0.03382703 -0.9587016 1.767684 19 FootRight
-0.1053144 0.37115 1.788161 20 SpineShoulder
-0.370557 -0.2222535 1.741428 21 HandTipLeft
-0.3985868 -0.1200196 1.743663 22 ThumbLeft
0.1587496 -0.2286377 1.741041 23 HandTipRight
0.1626113 -0.178422 1.757231 24 ThumbRight
-0.107459 -0.1527497 1.822094 0 SpineBase
-0.1068351 0.1510962 1.807209 1 SpineMid
-0.1053236 0.4426894 1.779669 2 Neck
-0.2517637 0.325104 1.778958 4 ShoulderLeft
-0.3240427 0.0852111 1.800775 5 ElbowLeft
-0.3640367 -0.1188176 1.737617 6 WristLeft
-0.368113 -0.1474051 1.737345 7 HandLeft
0.04446721 0.3319057 1.782494 8 ShoulderRight
0.1251808 0.1013738 1.814725 9 ElbowRight
0.1589898 -0.1013556 1.741598 10 WristRight
0.1549928 -0.1582506 1.738469 11 HandRight
-0.1727163 -0.1503557 1.787241 12 HipLeft
-0.2030376 -0.5664306 1.839288 13 KneeLeft
-0.1843249 -0.9504876 1.887552 14 AnkleLeft
-0.2287489 -0.9535171 1.710232 15 FootLeft
-0.03789918 -0.1491236 1.785674 16 HipRight
-0.006927834 -0.5487276 1.839376 17 KneeRight
-0.01383558 -0.9272569 1.90077 18 AnkleRight
-0.03391242 -0.9590747 1.767048 19 FootRight
-0.1058161 0.3714775 1.788733 20 SpineShoulder
-0.3672114 -0.2226968 1.738463 21 HandTipLeft
-0.3953752 -0.119726 1.741061 22 ThumbLeft
0.1550224 -0.2278655 1.740547 23 HandTipRight
0.155029 -0.1874118 1.764888 24 ThumbRight
-0.1076676 -0.1530625 1.823037 0 SpineBase
-0.1072904 0.1508094 1.808215 1 SpineMid
-0.1060789 0.442399 1.780654 2 Neck
-0.2524128 0.3242472 1.779544 4 ShoulderLeft
-0.3248314 0.08494045 1.801054 5 ElbowLeft
-0.3639196 -0.1188669 1.737155 6 WristLeft
-0.3644443 -0.1473995 1.735615 7 HandLeft
0.04383352 0.331206 1.782982 8 ShoulderRight
0.124157 0.1005429 1.815924 9 ElbowRight
0.1585408 -0.1020475 1.74337 10 WristRight
0.1543331 -0.1595164 1.741593 11 HandRight
-0.1729667 -0.1506104 1.788254 12 HipLeft
-0.2031117 -0.5609348 1.838823 13 KneeLeft
-0.1837369 -0.9513323 1.888069 14 AnkleLeft
-0.2282006 -0.9535974 1.710419 15 FootLeft
-0.03807916 -0.1495106 1.786639 16 HipRight
-0.006936303 -0.550511 1.840444 17 KneeRight
-0.01382498 -0.9274186 1.900581 18 AnkleRight
-0.03356694 -0.9591646 1.766571 19 FootRight
-0.1064953 0.3711926 1.789723 20 SpineShoulder
-0.3635731 -0.221781 1.736771 21 HandTipLeft
-0.3963176 -0.1190318 1.743232 22 ThumbLeft
0.1554929 -0.2297128 1.746734 23 HandTipRight
0.1520883 -0.1928911 1.769675 24 ThumbRight
-0.1079454 -0.1532999 1.823551 0 SpineBase
-0.1087723 0.1502718 1.808939 1 SpineMid
-0.1096252 0.4415256 1.78127 2 Neck
-0.2525218 0.3226854 1.779547 4 ShoulderLeft
-0.3252853 0.08466443 1.801023 5 ElbowLeft
-0.3632129 -0.1186964 1.735925 6 WristLeft
-0.3584319 -0.1469312 1.731478 7 HandLeft
0.04350084 0.3293101 1.782702 8 ShoulderRight
0.1228825 0.1006852 1.816634 9 ElbowRight
0.1575362 -0.1020107 1.745763 10 WristRight
0.1534777 -0.1600195 1.742093 11 HandRight
-0.1731988 -0.1506816 1.788397 12 HipLeft
-0.2029243 -0.5573343 1.838972 13 KneeLeft
-0.1831728 -0.9519358 1.889103 14 AnkleLeft
-0.2271374 -0.9538825 1.710905 15 FootLeft
-0.03836748 -0.1500027 1.787735 16 HipRight
-0.007089871 -0.5476197 1.84012 17 KneeRight
-0.01390465 -0.9278489 1.900687 18 AnkleRight
-0.03361843 -0.9593967 1.766318 19 FootRight
-0.1094704 0.3704008 1.790403 20 SpineShoulder
-0.3552704 -0.2208902 1.729637 21 HandTipLeft
-0.3878018 -0.1218328 1.737539 22 ThumbLeft
0.1557295 -0.2301499 1.75022 23 HandTipRight
0.1507721 -0.1940483 1.770875 24 ThumbRight
-0.1081868 -0.153499 1.824034 0 SpineBase
-0.1099777 0.1498073 1.809537 1 SpineMid
-0.1120184 0.4407662 1.781853 2 Neck
-0.2526962 0.3221587 1.77955 4 ShoulderLeft
-0.3255599 0.08450505 1.801102 5 ElbowLeft
-0.3615572 -0.1187316 1.735058 6 WristLeft
-0.3564062 -0.1464484 1.730048 7 HandLeft
0.04286075 0.3282839 1.782259 8 ShoulderRight
0.1223126 0.1004363 1.81733 9 ElbowRight
0.1571748 -0.1022181 1.747249 10 WristRight
0.1532108 -0.1587275 1.74322 11 HandRight
-0.1735041 -0.1507954 1.7888 12 HipLeft
-0.2029421 -0.5561734 1.839103 13 KneeLeft
-0.1830723 -0.9517418 1.889263 14 AnkleLeft
-0.2271075 -0.9537947 1.710894 15 FootLeft
-0.03853026 -0.150276 1.788267 16 HipRight
-0.007129587 -0.5476185 1.840182 17 KneeRight
-0.01376438 -0.9278451 1.900767 18 AnkleRight
-0.03383224 -0.959569 1.766388 19 FootRight
-0.1115721 0.3697134 1.790998 20 SpineShoulder
-0.3542611 -0.2208358 1.728676 21 HandTipLeft
-0.390138 -0.1247814 1.744286 22 ThumbLeft
0.1539956 -0.2280869 1.74768 23 HandTipRight
0.1505278 -0.1931027 1.773815 24 ThumbRight
-0.1083043 -0.1537763 1.824407 0 SpineBase
-0.1105178 0.1495166 1.809731 1 SpineMid
-0.1129599 0.4404864 1.781825 2 Neck
-0.2530892 0.3211706 1.77963 4 ShoulderLeft
-0.3257076 0.08429995 1.801001 5 ElbowLeft
-0.3596686 -0.1186112 1.733365 6 WristLeft
-0.3557706 -0.146748 1.72881 7 HandLeft
0.0425518 0.3261074 1.781581 8 ShoulderRight
0.1220502 0.1002075 1.817771 9 ElbowRight
0.156907 -0.1023762 1.748315 10 WristRight
0.1538387 -0.1592835 1.743894 11 HandRight
-0.1736883 -0.1510246 1.789094 12 HipLeft
-0.2030358 -0.5688791 1.847804 13 KneeLeft
-0.1830129 -0.9516792 1.88894 14 AnkleLeft
-0.2269981 -0.9538932 1.710391 15 FootLeft
-0.03858937 -0.1505713 1.788718 16 HipRight
-0.007088715 -0.5472097 1.840201 17 KneeRight
-0.01346542 -0.9275669 1.900626 18 AnkleRight
-0.03318138 -0.959366 1.766066 19 FootRight
-0.1124208 0.3694255 1.79103 20 SpineShoulder
-0.3527445 -0.2210695 1.730263 21 HandTipLeft
-0.3902378 -0.1247243 1.741638 22 ThumbLeft
0.1532161 -0.2276255 1.745663 23 HandTipRight
0.1532217 -0.1901911 1.772203 24 ThumbRight
-0.1082615 -0.1537618 1.824727 0 SpineBase
-0.110755 0.1493706 1.810075 1 SpineMid
-0.1135309 0.4400745 1.782257 2 Neck
-0.2533157 0.3202359 1.779412 4 ShoulderLeft
-0.3258868 0.08425423 1.800751 5 ElbowLeft
-0.3585823 -0.118282 1.732361 6 WristLeft
-0.3571772 -0.1471106 1.728027 7 HandLeft
0.04255438 0.3256978 1.782734 8 ShoulderRight
0.1215765 0.09982608 1.818456 9 ElbowRight
0.1567941 -0.1023253 1.749055 10 WristRight
0.1544044 -0.1589441 1.743682 11 HandRight
-0.1736651 -0.1510515 1.789093 12 HipLeft
-0.2030008 -0.5675265 1.847274 13 KneeLeft
-0.182651 -0.9519265 1.889033 14 AnkleLeft
-0.2270932 -0.9538738 1.710437 15 FootLeft
-0.03851578 -0.1504809 1.789658 16 HipRight
-0.007102075 -0.5467004 1.840148 17 KneeRight
-0.01367029 -0.9275268 1.900078 18 AnkleRight
-0.03140264 -0.9596748 1.765195 19 FootRight
-0.1129094 0.3690894 1.79144 20 SpineShoulder
-0.3508133 -0.2238103 1.728026 21 HandTipLeft
-0.3886122 -0.1274225 1.733714 22 ThumbLeft
0.1550227 -0.228771 1.74806 23 HandTipRight
0.1541422 -0.1889718 1.776521 24 ThumbRight
-0.1080736 -0.1538571 1.824883 0 SpineBase
-0.1108701 0.149251 1.810095 1 SpineMid
-0.1139763 0.4398858 1.782176 2 Neck
-0.2531531 0.3199944 1.779255 4 ShoulderLeft
-0.3260237 0.08409556 1.800552 5 ElbowLeft
-0.3587617 -0.1181478 1.731995 6 WristLeft
-0.3599846 -0.1466562 1.730738 7 HandLeft
0.04251356 0.3255102 1.782677 8 ShoulderRight
0.1214892 0.09980562 1.818872 9 ElbowRight
0.1567331 -0.1022287 1.749903 10 WristRight
0.1559613 -0.158381 1.745448 11 HandRight
-0.1735477 -0.1512331 1.789235 12 HipLeft
-0.2032075 -0.5677323 1.846049 13 KneeLeft
-0.1826358 -0.9520555 1.888511 14 AnkleLeft
-0.227474 -0.9540071 1.709901 15 FootLeft
-0.03827901 -0.1504607 1.789855 16 HipRight
-0.007256977 -0.5456969 1.840091 17 KneeRight
-0.01331799 -0.9274945 1.900238 18 AnkleRight
-0.03191195 -0.9596494 1.765395 19 FootRight
-0.1132631 0.3689154 1.791392 20 SpineShoulder
-0.3591977 -0.2209826 1.729939 21 HandTipLeft
-0.3895569 -0.1202802 1.73676 22 ThumbLeft
0.156641 -0.2287511 1.750438 23 HandTipRight
0.1533108 -0.1908678 1.771815 24 ThumbRight
-0.1077574 -0.1539344 1.825104 0 SpineBase
-0.110882 0.149235 1.810062 1 SpineMid
-0.1141888 0.4399011 1.781879 2 Neck
-0.2528622 0.3195781 1.778712 4 ShoulderLeft
-0.3260339 0.08405509 1.80041 5 ElbowLeft
-0.3589738 -0.1179115 1.731791 6 WristLeft
-0.3604373 -0.1476106 1.731173 7 HandLeft
0.04240369 0.3254291 1.782408 8 ShoulderRight
0.1213444 0.0999003 1.819342 9 ElbowRight
0.1568505 -0.1018345 1.750278 10 WristRight
0.1574574 -0.1551056 1.744374 11 HandRight
-0.1733094 -0.1513737 1.789459 12 HipLeft
-0.2032565 -0.5703821 1.847277 13 KneeLeft
-0.1843801 -0.9495506 1.886062 14 AnkleLeft
-0.2288644 -0.9541489 1.707593 15 FootLeft
-0.0379271 -0.1504599 1.790028 16 HipRight
-0.007230398 -0.5458469 1.840228 17 KneeRight
-0.01321695 -0.9271155 1.899971 18 AnkleRight
-0.03162008 -0.9598389 1.765286 19 FootRight
-0.1134108 0.3689106 1.791194 20 SpineShoulder
-0.3593676 -0.2210828 1.730745 21 HandTipLeft
-0.3898457 -0.1239467 1.738293 22 ThumbLeft
0.159164 -0.2286749 1.752206 23 HandTipRight
0.1541687 -0.1885928 1.774557 24 ThumbRight
-0.1075356 -0.153838 1.825177 0 SpineBase
-0.1108463 0.1492758 1.809996 1 SpineMid
-0.1142 0.4400068 1.781526 2 Neck
-0.2528699 0.3195269 1.778661 4 ShoulderLeft
-0.3260832 0.0838538 1.800303 5 ElbowLeft
-0.3590364 -0.1180125 1.731702 6 WristLeft
-0.3595868 -0.1469217 1.732072 7 HandLeft
0.04237168 0.3257464 1.782275 8 ShoulderRight
0.1213651 0.09998888 1.819483 9 ElbowRight
0.1570337 -0.1016873 1.750668 10 WristRight
0.157799 -0.1574921 1.745303 11 HandRight
-0.1731195 -0.1513072 1.789518 12 HipLeft
-0.2030413 -0.5709357 1.84784 13 KneeLeft
-0.1842697 -0.9497231 1.886335 14 AnkleLeft
-0.2288985 -0.9541547 1.707842 15 FootLeft
-0.03769846 -0.1503436 1.790087 16 HipRight
-0.007139713 -0.545527 1.84016 17 KneeRight
-0.01316388 -0.927317 1.900147 18 AnkleRight
-0.0307639 -0.9593781 1.764981 19 FootRight
-0.1134096 0.3689981 1.790931 20 SpineShoulder
-0.3578633 -0.221172 1.730276 21 HandTipLeft
-0.3899402 -0.1207008 1.737083 22 ThumbLeft
0.1602042 -0.2296861 1.752312 23 HandTipRight
0.1562174 -0.1900644 1.7834 24 ThumbRight
-0.1071147 -0.1534953 1.825126 0 SpineBase
-0.1099022 0.1495878 1.809998 1 SpineMid
-0.1118544 0.440496 1.781598 2 Neck
-0.2528412 0.3197015 1.778515 4 ShoulderLeft
-0.3258368 0.08498382 1.800127 5 ElbowLeft
-0.3582443 -0.1167503 1.731682 6 WristLeft
-0.3576796 -0.1468311 1.731085 7 HandLeft
0.04293242 0.3282259 1.783515 8 ShoulderRight
0.121889 0.1011168 1.819488 9 ElbowRight
0.1577906 -0.1005612 1.751777 10 WristRight
0.1587146 -0.158316 1.746244 11 HandRight
-0.1728192 -0.1510961 1.789472 12 HipLeft
-0.2021507 -0.5700221 1.845947 13 KneeLeft
-0.1846521 -0.9502871 1.886276 14 AnkleLeft
-0.2265941 -0.9561415 1.707359 15 FootLeft
-0.03713357 -0.1498473 1.79 16 HipRight
-0.00680573 -0.5449709 1.840216 17 KneeRight
-0.01281743 -0.9275857 1.900232 18 AnkleRight
-0.03152367 -0.9595514 1.765203 19 FootRight
-0.111523 0.3694327 1.790955 20 SpineShoulder
-0.3555098 -0.2214262 1.731553 21 HandTipLeft
-0.3893155 -0.1235297 1.738876 22 ThumbLeft
0.1606396 -0.2305268 1.753932 23 HandTipRight
0.1565554 -0.1915902 1.77658 24 ThumbRight
-0.1071147 -0.1534953 1.825126 0 SpineBase
-0.1099022 0.1495878 1.809998 1 SpineMid
-0.1118544 0.440496 1.781598 2 Neck
-0.2528412 0.3197015 1.778515 4 ShoulderLeft
-0.3258368 0.08498382 1.800127 5 ElbowLeft
-0.3582443 -0.1167503 1.731682 6 WristLeft
-0.3576796 -0.1468311 1.731085 7 HandLeft
0.04293242 0.3282259 1.783515 8 ShoulderRight
0.121889 0.1011168 1.819488 9 ElbowRight
0.1577906 -0.1005612 1.751777 10 WristRight
0.1587146 -0.158316 1.746244 11 HandRight
-0.1728192 -0.1510961 1.789472 12 HipLeft
-0.2021507 -0.5700221 1.845947 13 KneeLeft
-0.1846521 -0.9502871 1.886276 14 AnkleLeft
-0.2265941 -0.9561415 1.707359 15 FootLeft
-0.03713357 -0.1498473 1.79 16 HipRight
-0.00680573 -0.5449709 1.840216 17 KneeRight
-0.01281743 -0.9275857 1.900232 18 AnkleRight
-0.03152367 -0.9595514 1.765203 19 FootRight
-0.111523 0.3694327 1.790955 20 SpineShoulder
-0.3555098 -0.2214262 1.731553 21 HandTipLeft
-0.3893155 -0.1235297 1.738876 22 ThumbLeft
0.1606396 -0.2305268 1.753932 23 HandTipRight
0.1565554 -0.1915902 1.77658 24 ThumbRight
-0.1070257 -0.1534688 1.825112 0 SpineBase
-0.1095934 0.1495518 1.809912 1 SpineMid
-0.111153 0.4403301 1.781367 2 Neck
-0.2525839 0.3199348 1.778101 4 ShoulderLeft
-0.3256967 0.08515356 1.800038 5 ElbowLeft
-0.3580034 -0.1164844 1.731506 6 WristLeft
-0.3567843 -0.1463508 1.729303 7 HandLeft
0.04394955 0.3287784 1.785107 8 ShoulderRight
0.1222215 0.1012879 1.819697 9 ElbowRight
0.1581085 -0.1002817 1.751909 10 WristRight
0.1597097 -0.1570232 1.744612 11 HandRight
-0.1727353 -0.1510894 1.789446 12 HipLeft
-0.2016127 -0.5711965 1.84722 13 KneeLeft
-0.1846872 -0.9501438 1.88623 14 AnkleLeft
-0.2301881 -0.9557648 1.708192 15 FootLeft
-0.03704632 -0.1498039 1.789993 16 HipRight
-0.006562777 -0.5444192 1.840127 17 KneeRight
-0.01282349 -0.9276474 1.900336 18 AnkleRight
-0.0316365 -0.9592129 1.765162 19 FootRight
-0.1109311 0.3693068 1.790761 20 SpineShoulder
-0.3539671 -0.2207707 1.729446 21 HandTipLeft
-0.3894439 -0.1222906 1.736638 22 ThumbLeft
0.1607367 -0.2291403 1.750944 23 HandTipRight
0.1585785 -0.1858471 1.769004 24 ThumbRight
-0.1069045 -0.1535066 1.825062 0 SpineBase
-0.1093333 0.1494428 1.809882 1 SpineMid
-0.1107196 0.4401407 1.781393 2 Neck
-0.2525275 0.3199797 1.778023 4 ShoulderLeft
-0.3256735 0.08528564 1.799971 5 ElbowLeft
-0.3576033 -0.1163222 1.731435 6 WristLeft
-0.3568193 -0.1460801 1.728524 7 HandLeft
0.04437996 0.3277197 1.784006 8 ShoulderRight
0.1224634 0.1014637 1.81978 9 ElbowRight
0.1586729 -0.09995194 1.751987 10 WristRight
0.1608169 -0.1567557 1.74574 11 HandRight
-0.1726446 -0.1511171 1.789449 12 HipLeft
-0.201274 -0.5720101 1.847875 13 KneeLeft
-0.1840023 -0.9504829 1.886793 14 AnkleLeft
-0.2299392 -0.9552886 1.70876 15 FootLeft
-0.03687465 -0.1498653 1.789843 16 HipRight
-0.006524996 -0.5443861 1.84013 17 KneeRight
-0.01282809 -0.9277139 1.900375 18 AnkleRight
-0.03113685 -0.9580393 1.764544 19 FootRight
-0.110542 0.369139 1.790764 20 SpineShoulder
-0.3540004 -0.2207783 1.729544 21 HandTipLeft
-0.3900619 -0.1241584 1.738499 22 ThumbLeft
0.1612998 -0.2301137 1.752293 23 HandTipRight
0.1588619 -0.192667 1.7805 24 ThumbRight
-0.1067036 -0.153443 1.824966 0 SpineBase
-0.1088054 0.149311 1.809832 1 SpineMid
-0.109679 0.4396476 1.781531 2 Neck
-0.2523496 0.3198923 1.778025 4 ShoulderLeft
-0.3255779 0.08517019 1.799842 5 ElbowLeft
-0.3567008 -0.1164597 1.731532 6 WristLeft
-0.3556055 -0.147575 1.731424 7 HandLeft
0.04540448 0.3280039 1.785337 8 ShoulderRight
0.1231339 0.101433 1.820435 9 ElbowRight
0.159945 -0.09971941 1.752739 10 WristRight
0.1617138 -0.1575672 1.74928 11 HandRight
-0.1724339 -0.1510837 1.789364 12 HipLeft
-0.2013428 -0.5704883 1.845124 13 KneeLeft
-0.1840419 -0.9504142 1.886782 14 AnkleLeft
-0.2296307 -0.9550716 1.708566 15 FootLeft
-0.03669167 -0.1497763 1.789717 16 HipRight
-0.006065725 -0.5426477 1.839879 17 KneeRight
-0.01258377 -0.927385 1.90038 18 AnkleRight
-0.03156621 -0.9585701 1.765012 19 FootRight
-0.1096392 0.3687527 1.79083 20 SpineShoulder
-0.3545452 -0.2214022 1.730235 21 HandTipLeft
-0.3860789 -0.1241666 1.739858 22 ThumbLeft
0.1610242 -0.2313765 1.758269 23 HandTipRight
0.1603088 -0.1876721 1.782784 24 ThumbRight
-0.106606 -0.1535017 1.824786 0 SpineBase
-0.1086166 0.1489638 1.809617 1 SpineMid
-0.1093972 0.4388585 1.781293 2 Neck
-0.252188 0.3196356 1.777896 4 ShoulderLeft
-0.3254409 0.08434894 1.799582 5 ElbowLeft
-0.3563578 -0.117249 1.731353 6 WristLeft
-0.3532764 -0.1489976 1.732132 7 HandLeft
0.04585383 0.3273613 1.785003 8 ShoulderRight
0.1236037 0.1014739 1.820562 9 ElbowRight
0.1608584 -0.09978685 1.753847 10 WristRight
0.1622721 -0.1571383 1.74919 11 HandRight
-0.1723117 -0.1511518 1.789068 12 HipLeft
-0.201871 -0.5684842 1.842901 13 KneeLeft
-0.1834256 -0.9504951 1.88696 14 AnkleLeft
-0.2294585 -0.9549603 1.708832 15 FootLeft
-0.03662042 -0.1498288 1.78961 16 HipRight
-0.006065573 -0.5427657 1.839795 17 KneeRight
-0.01260277 -0.9275566 1.900377 18 AnkleRight
-0.03175251 -0.9586474 1.764978 19 FootRight
-0.1093769 0.3680855 1.790591 20 SpineShoulder
-0.3498442 -0.2258292 1.732191 21 HandTipLeft
-0.3860961 -0.1263396 1.738401 22 ThumbLeft
0.1621685 -0.2311293 1.757949 23 HandTipRight
0.1599555 -0.1890007 1.778116 24 ThumbRight
-0.1062608 -0.153335 1.82406 0 SpineBase
-0.1082471 0.1487357 1.809532 1 SpineMid
-0.1086395 0.4379862 1.782001 2 Neck
-0.2520834 0.3192493 1.778051 4 ShoulderLeft
-0.3254328 0.08291706 1.799531 5 ElbowLeft
-0.3551667 -0.1189126 1.731983 6 WristLeft
-0.3502655 -0.1485307 1.735941 7 HandLeft
0.0461779 0.3274431 1.784956 8 ShoulderRight
0.1253539 0.1015445 1.821881 9 ElbowRight
0.1618037 -0.09964851 1.754918 10 WristRight
0.15958 -0.1569832 1.75224 11 HandRight
-0.1718509 -0.1510567 1.788055 12 HipLeft
-0.2016229 -0.5683122 1.841039 13 KneeLeft
-0.1836719 -0.9504495 1.886938 14 AnkleLeft
-0.2294893 -0.9545135 1.708609 15 FootLeft
-0.03639083 -0.1496231 1.789074 16 HipRight
-0.006063113 -0.5426768 1.839553 17 KneeRight
-0.0126584 -0.9275532 1.900369 18 AnkleRight
-0.03160944 -0.9587319 1.764914 19 FootRight
-0.1087303 0.3674162 1.791019 20 SpineShoulder
-0.3467333 -0.2251162 1.735693 21 HandTipLeft
-0.382243 -0.1254754 1.7386 22 ThumbLeft
0.1590403 -0.231362 1.759922 23 HandTipRight
0.1632443 -0.1734821 1.775667 24 ThumbRight
-0.1059022 -0.1534971 1.823437 0 SpineBase
-0.107748 0.1482362 1.809537 1 SpineMid
-0.1078579 0.4368658 1.783003 2 Neck
-0.2520564 0.3189121 1.778249 4 ShoulderLeft
-0.3254139 0.08253498 1.799814 5 ElbowLeft
-0.3546987 -0.119481 1.733094 6 WristLeft
-0.3533251 -0.1505302 1.738145 7 HandLeft
0.04643613 0.3273299 1.784947 8 ShoulderRight
0.1260863 0.1001768 1.823307 9 ElbowRight
0.1591531 -0.1018615 1.75769 10 WristRight
0.1458212 -0.1607723 1.754869 11 HandRight
-0.171565 -0.151233 1.78764 12 HipLeft
-0.2006098 -0.5714685 1.843175 13 KneeLeft
-0.1844223 -0.9494019 1.887061 14 AnkleLeft
-0.2293683 -0.9544265 1.708475 15 FootLeft
-0.03598576 -0.149753 1.78817 16 HipRight
-0.00603553 -0.5433534 1.839401 17 KneeRight
-0.01232893 -0.926996 1.900632 18 AnkleRight
-0.03207743 -0.9587175 1.765485 19 FootRight
-0.1080052 0.3664552 1.791714 20 SpineShoulder
-0.3500307 -0.2259597 1.740977 21 HandTipLeft
-0.3840418 -0.1288349 1.745283 22 ThumbLeft
0.1421112 -0.232762 1.760168 23 HandTipRight
0.1453755 -0.1920743 1.786 24 ThumbRight
-0.1054916 -0.1535059 1.822809 0 SpineBase
-0.1072963 0.1479825 1.809139 1 SpineMid
-0.1074543 0.4365101 1.782745 2 Neck
-0.2519217 0.3188269 1.778194 4 ShoulderLeft
-0.3255064 0.08218712 1.799892 5 ElbowLeft
-0.3547306 -0.1197907 1.733146 6 WristLeft
-0.3554372 -0.1492082 1.73614 7 HandLeft
0.04658512 0.3270373 1.784839 8 ShoulderRight
0.1253991 0.09790679 1.823819 9 ElbowRight
0.1551774 -0.1048562 1.759132 10 WristRight
0.1377907 -0.1624118 1.753197 11 HandRight
-0.1709968 -0.151236 1.786468 12 HipLeft
-0.2003963 -0.5710557 1.84206 13 KneeLeft
-0.1842642 -0.9496539 1.887159 14 AnkleLeft
-0.2295401 -0.9543165 1.708579 15 FootLeft
-0.03573636 -0.1497646 1.78792 16 HipRight
-0.005927936 -0.5446314 1.839224 17 KneeRight
-0.0121131 -0.9269182 1.900611 18 AnkleRight
-0.03235804 -0.9586425 1.765522 19 FootRight
-0.1075875 0.3661154 1.791436 20 SpineShoulder
-0.3537579 -0.2215553 1.733152 21 HandTipLeft
-0.3869636 -0.1263168 1.7518 22 ThumbLeft
0.1341459 -0.2372802 1.763999 23 HandTipRight
0.147582 -0.1756789 1.767727 24 ThumbRight
-0.1048611 -0.1533865 1.821966 0 SpineBase
-0.1068976 0.147673 1.808784 1 SpineMid
-0.1072697 0.4359742 1.782661 2 Neck
-0.2514708 0.3187025 1.778348 4 ShoulderLeft
-0.3483326 0.1176049 1.816227 5 ElbowLeft
-0.4030065 -0.06769197 1.719791 6 WristLeft
-0.4028281 -0.09976657 1.717531 7 HandLeft
0.04661923 0.327079 1.78473 8 ShoulderRight
0.135093 0.1053129 1.831622 9 ElbowRight
0.1593494 -0.09341162 1.751497 10 WristRight
0.1572879 -0.142645 1.737434 11 HandRight
-0.1703427 -0.1512757 1.785271 12 HipLeft
-0.1999593 -0.5721597 1.840691 13 KneeLeft
-0.1839446 -0.950429 1.887508 14 AnkleLeft
-0.2296299 -0.9539799 1.708796 15 FootLeft
-0.03518791 -0.1495291 1.787349 16 HipRight
-0.005739731 -0.5445645 1.838858 17 KneeRight
-0.01215302 -0.926873 1.900672 18 AnkleRight
-0.0326768 -0.9583839 1.765449 19 FootRight
-0.1073545 0.3656307 1.791301 20 SpineShoulder
-0.3972813 -0.1827729 1.715204 21 HandTipLeft
-0.4378689 -0.08225325 1.721375 22 ThumbLeft
0.1533857 -0.2125777 1.7433 23 HandTipRight
0.1760429 -0.1583679 1.745714 24 ThumbRight
-0.1046122 -0.1531826 1.821664 0 SpineBase
-0.1066625 0.1475649 1.808522 1 SpineMid
-0.1070499 0.4355617 1.78234 2 Neck
-0.2513206 0.3189191 1.778412 4 ShoulderLeft
-0.3589059 0.1247251 1.820225 5 ElbowLeft
-0.481979 -0.01273108 1.708143 6 WristLeft
-0.4745542 -0.01675534 1.703622 7 HandLeft
0.04667609 0.3276002 1.784505 8 ShoulderRight
0.1592964 0.124362 1.838372 9 ElbowRight
0.2063655 -0.05433986 1.724566 10 WristRight
0.2026164 -0.1089071 1.714237 11 HandRight
-0.1701843 -0.1511306 1.785189 12 HipLeft
-0.1990479 -0.5769778 1.84408 13 KneeLeft
-0.1838574 -0.9507047 1.88749 14 AnkleLeft
-0.2290346 -0.9540141 1.708527 15 FootLeft
-0.03484319 -0.1492653 1.78675 16 HipRight
-0.005465208 -0.5442767 1.838718 17 KneeRight
-0.01219413 -0.9267411 1.900652 18 AnkleRight
-0.03259331 -0.9585581 1.765497 19 FootRight
-0.1071286 0.3653025 1.791009 20 SpineShoulder
-0.5051366 -0.09809391 1.673997 21 HandTipLeft
-0.5128888 -0.09591453 1.6824 22 ThumbLeft
0.2037621 -0.1740289 1.708448 23 HandTipRight
0.1867047 -0.1648982 1.7685 24 ThumbRight
-0.1035396 -0.1519784 1.821179 0 SpineBase
-0.1065922 0.1475759 1.807242 1 SpineMid
-0.1087839 0.4341066 1.778751 2 Neck
-0.2515275 0.3193779 1.779508 4 ShoulderLeft
-0.3967324 0.1546407 1.827078 5 ElbowLeft
-0.5698216 0.1190462 1.703839 6 WristLeft
-0.5755219 0.1195192 1.69817 7 HandLeft
0.04614323 0.3344162 1.785847 8 ShoulderRight
0.1834383 0.1519 1.845368 9 ElbowRight
0.2872396 0.03419572 1.693854 10 WristRight
0.2897359 -0.02279101 1.654948 11 HandRight
-0.1692135 -0.1501696 1.785404 12 HipLeft
-0.1985166 -0.5800723 1.844591 13 KneeLeft
-0.1848579 -0.9481342 1.885688 14 AnkleLeft
-0.2295918 -0.9544063 1.706834 15 FootLeft
-0.03363888 -0.1477187 1.785529 16 HipRight
-0.00538607 -0.5460871 1.839409 17 KneeRight
-0.01079179 -0.9244186 1.90078 18 AnkleRight
-0.03080308 -0.9581161 1.76627 19 FootRight
-0.1082579 0.3642919 1.78815 20 SpineShoulder
-0.6481342 0.09215207 1.651894 21 HandTipLeft
-0.6600335 0.08024313 1.6885 22 ThumbLeft
0.2961994 -0.06782254 1.633472 23 HandTipRight
0.2889942 -0.03955792 1.695428 24 ThumbRight
-0.1025552 -0.1507492 1.820795 0 SpineBase
-0.1066202 0.1477313 1.806284 1 SpineMid
-0.1100583 0.4333971 1.776698 2 Neck
-0.2535649 0.3197945 1.781051 4 ShoulderLeft
-0.4388798 0.1925905 1.831021 5 ElbowLeft
-0.6127527 0.2167765 1.706921 6 WristLeft
-0.6262323 0.2256698 1.702486 7 HandLeft
0.04560227 0.3383219 1.78697 8 ShoulderRight
0.2025303 0.1783119 1.847874 9 ElbowRight
0.3330002 0.1083278 1.687604 10 WristRight
0.3248374 0.09574895 1.657358 11 HandRight
-0.1683495 -0.1493191 1.78519 12 HipLeft
-0.1985245 -0.5800067 1.84444 13 KneeLeft
-0.1835419 -0.9481982 1.887152 14 AnkleLeft
-0.227919 -0.9547864 1.708092 15 FootLeft
-0.03264846 -0.1461821 1.78507 16 HipRight
-0.005250018 -0.5460176 1.839497 17 KneeRight
-0.008028492 -0.9180515 1.900302 18 AnkleRight
-0.03017197 -0.9576536 1.766205 19 FootRight
-0.1091766 0.3638157 1.78639 20 SpineShoulder
-0.7008439 0.2294386 1.663817 21 HandTipLeft
-0.6973302 0.2165914 1.690334 22 ThumbLeft
0.3469404 0.03711931 1.59325 23 HandTipRight
0.3594269 0.03590182 1.614429 24 ThumbRight
-0.1020945 -0.1499699 1.820586 0 SpineBase
-0.1065347 0.1477147 1.805735 1 SpineMid
-0.1103047 0.432535 1.775533 2 Neck
-0.2559422 0.3204851 1.782753 4 ShoulderLeft
-0.4559073 0.2156667 1.831965 5 ElbowLeft
-0.6269469 0.2762195 1.718109 6 WristLeft
-0.6382802 0.278477 1.710585 7 HandLeft
0.04567646 0.3405528 1.788424 8 ShoulderRight
0.209607 0.1880415 1.849258 9 ElbowRight
0.3544653 0.1658794 1.687893 10 WristRight
0.3373945 0.1450367 1.664478 11 HandRight
-0.1679009 -0.148804 1.785011 12 HipLeft
-0.1984938 -0.5805286 1.84531 13 KneeLeft
-0.1835591 -0.948328 1.886969 14 AnkleLeft
-0.2272148 -0.955274 1.707675 15 FootLeft
-0.03222473 -0.1451503 1.78488 16 HipRight
-0.005153198 -0.5458064 1.839485 17 KneeRight
-0.00813097 -0.9179785 1.900112 18 AnkleRight
-0.03028555 -0.9578254 1.767013 19 FootRight
-0.1093409 0.363195 1.785387 20 SpineShoulder
-0.7143437 0.2956913 1.673899 21 HandTipLeft
-0.7092122 0.2799022 1.71325 22 ThumbLeft
0.3681916 0.09136812 1.581908 23 HandTipRight
0.3678494 0.1398367 1.6182 24 ThumbRight
-0.1011987 -0.1472089 1.819611 0 SpineBase
-0.1075192 0.149279 1.802534 1 SpineMid
-0.1140011 0.4341817 1.768876 2 Neck
-0.2663233 0.3238397 1.788034 4 ShoulderLeft
-0.4940214 0.2874711 1.838105 5 ElbowLeft
-0.6427692 0.3991531 1.733739 6 WristLeft
-0.6542905 0.4224864 1.730547 7 HandLeft
0.04881755 0.3432047 1.783232 8 ShoulderRight
0.2328145 0.2316474 1.844301 9 ElbowRight
0.3096831 0.2511756 1.746431 10 WristRight
0.3590868 0.2698968 1.688072 11 HandRight
-0.1668486 -0.1462195 1.784292 12 HipLeft
-0.1982808 -0.5817013 1.84452 13 KneeLeft
-0.1818125 -0.9508494 1.888567 14 AnkleLeft
-0.2250344 -0.955268 1.70859 15 FootLeft
-0.03156178 -0.1424027 1.783759 16 HipRight
-0.005023008 -0.544894 1.839077 17 KneeRight
-0.008557072 -0.918137 1.900244 18 AnkleRight
-0.03016829 -0.9578888 1.767569 19 FootRight
-0.1123143 0.3647214 1.779684 20 SpineShoulder
-0.7360076 0.4708743 1.716237 21 HandTipLeft
-0.6906661 0.429844 1.734625 22 ThumbLeft
0.4193202 0.2593883 1.590841 23 HandTipRight
0.3655729 0.2960267 1.681333 24 ThumbRight
-0.1009078 -0.14537 1.8187 0 SpineBase
-0.1087645 0.1513189 1.798563 1 SpineMid
-0.1167467 0.4358885 1.762997 2 Neck
-0.2697304 0.3259833 1.784854 4 ShoulderLeft
-0.5034654 0.328308 1.840512 5 ElbowLeft
-0.6279523 0.4736835 1.748149 6 WristLeft
-0.6420187 0.506609 1.749618 7 HandLeft
0.0507375 0.3425706 1.774563 8 ShoulderRight
0.2518654 0.2663441 1.831525 9 ElbowRight
0.328478 0.3048844 1.736448 10 WristRight
0.3728263 0.3418769 1.682959 11 HandRight
-0.1664271 -0.1444412 1.783904 12 HipLeft
-0.1982775 -0.5830876 1.846041 13 KneeLeft
-0.1818709 -0.95099 1.888045 14 AnkleLeft
-0.2241918 -0.9553112 1.707631 15 FootLeft
-0.03141585 -0.1405468 1.782289 16 HipRight
-0.005263543 -0.5432987 1.838183 17 KneeRight
-0.008823983 -0.9184576 1.899753 18 AnkleRight
-0.0301023 -0.9580382 1.767987 19 FootRight
-0.1147993 0.366487 1.774155 20 SpineShoulder
-0.7160429 0.5722852 1.738392 21 HandTipLeft
-0.6801354 0.51809 1.766714 22 ThumbLeft
0.4378164 0.3685387 1.605202 23 HandTipRight
0.4131762 0.3481346 1.6822 24 ThumbRight
-0.1013575 -0.1444556 1.818306 0 SpineBase
-0.1094314 0.1519264 1.797437 1 SpineMid
-0.1172614 0.43612 1.761757 2 Neck
-0.270633 0.3268325 1.785484 4 ShoulderLeft
-0.5057588 0.3366337 1.841812 5 ElbowLeft
-0.622263 0.4892803 1.751295 6 WristLeft
-0.6363087 0.5197685 1.754813 7 HandLeft
0.05078995 0.3418519 1.771196 8 ShoulderRight
0.2563547 0.2728162 1.827737 9 ElbowRight
0.3319956 0.3158771 1.732121 10 WristRight
0.3757015 0.3546413 1.676049 11 HandRight
-0.1667501 -0.1435059 1.783849 12 HipLeft
-0.1988325 -0.5814071 1.844215 13 KneeLeft
-0.1816047 -0.951216 1.887938 14 AnkleLeft
-0.2242645 -0.9552967 1.707512 15 FootLeft
-0.03202026 -0.1396481 1.781518 16 HipRight
-0.005446241 -0.5430185 1.838094 17 KneeRight
-0.009337679 -0.9192362 1.899666 18 AnkleRight
-0.03020323 -0.9582202 1.767444 19 FootRight
-0.1153864 0.3667933 1.772915 20 SpineShoulder
-0.7046357 0.5846302 1.748405 21 HandTipLeft
-0.6691428 0.5260618 1.777714 22 ThumbLeft
0.4437457 0.3915151 1.602361 23 HandTipRight
0.3651826 0.3836673 1.6845 24 ThumbRight
-0.1022017 -0.1440519 1.817757 0 SpineBase
-0.1100753 0.1520744 1.796454 1 SpineMid
-0.1174276 0.4361076 1.760924 2 Neck
-0.2708046 0.3271258 1.786001 4 ShoulderLeft
-0.4947059 0.3099593 1.846116 5 ElbowLeft
-0.6293605 0.4325485 1.734843 6 WristLeft
-0.6362361 0.4480954 1.744025 7 HandLeft
0.05135108 0.3405079 1.768563 8 ShoulderRight
0.2544836 0.2643956 1.822294 9 ElbowRight
0.3219517 0.2934136 1.731499 10 WristRight
0.36589 0.3085712 1.671769 11 HandRight
-0.1674051 -0.1429993 1.783775 12 HipLeft
-0.1994163 -0.5803617 1.842821 13 KneeLeft
-0.1825459 -0.9498882 1.887208 14 AnkleLeft
-0.2255675 -0.9548404 1.706864 15 FootLeft
-0.03311126 -0.1393879 1.780368 16 HipRight
-0.00626177 -0.5429596 1.838128 17 KneeRight
-0.009732579 -0.9206505 1.898934 18 AnkleRight
-0.02918304 -0.9578503 1.764743 19 FootRight
-0.1156819 0.3667995 1.772032 20 SpineShoulder
-0.7095897 0.5109052 1.734511 21 HandTipLeft
-0.6676351 0.4523669 1.760154 22 ThumbLeft
0.4197184 0.337243 1.594006 23 HandTipRight
0.4018034 0.3026012 1.6574 24 ThumbRight
-0.1026866 -0.1445354 1.817448 0 SpineBase
-0.1103257 0.1517947 1.796085 1 SpineMid
-0.1173986 0.4360298 1.760674 2 Neck
-0.2700433 0.3270331 1.786443 4 ShoulderLeft
-0.4657845 0.2544 1.847999 5 ElbowLeft
-0.6337593 0.3214021 1.733883 6 WristLeft
-0.6299192 0.338715 1.737131 7 HandLeft
0.05055368 0.3395168 1.771596 8 ShoulderRight
0.2371285 0.2325506 1.820622 9 ElbowRight
0.3053389 0.2397663 1.731947 10 WristRight
0.3530528 0.2415787 1.672188 11 HandRight
-0.1679036 -0.1433566 1.783917 12 HipLeft
-0.1997483 -0.5846917 1.846693 13 KneeLeft
-0.183929 -0.9487229 1.886264 14 AnkleLeft
-0.2259699 -0.9549462 1.705753 15 FootLeft
-0.03365013 -0.1401183 1.779424 16 HipRight
-0.007081026 -0.5420467 1.837869 17 KneeRight
-0.009897139 -0.9204205 1.898593 18 AnkleRight
-0.03070754 -0.9587955 1.765904 19 FootRight
-0.1157255 0.366676 1.771757 20 SpineShoulder
-0.7115673 0.3999859 1.725023 21 HandTipLeft
-0.6802061 0.3518413 1.742167 22 ThumbLeft
0.4052374 0.2586674 1.591593 23 HandTipRight
0.396527 0.2479384 1.637546 24 ThumbRight
-0.1031826 -0.1456363 1.817162 0 SpineBase
-0.1104442 0.1513842 1.795926 1 SpineMid
-0.1172853 0.4359837 1.760675 2 Neck
-0.2680177 0.3252188 1.790429 4 ShoulderLeft
-0.4276215 0.199299 1.852437 5 ElbowLeft
-0.5291495 0.2071182 1.781747 6 WristLeft
-0.5906562 0.2086634 1.743202 7 HandLeft
0.04968369 0.3375078 1.768249 8 ShoulderRight
0.2187575 0.1988998 1.820011 9 ElbowRight
0.2797925 0.1797903 1.740274 10 WristRight
0.3287354 0.161405 1.678677 11 HandRight
-0.1684196 -0.1443483 1.784153 12 HipLeft
-0.2008279 -0.5843372 1.845381 13 KneeLeft
-0.1831915 -0.9491645 1.886713 14 AnkleLeft
-0.2268667 -0.9548759 1.706563 15 FootLeft
-0.03409478 -0.1413911 1.778664 16 HipRight
-0.007870284 -0.5432134 1.838275 17 KneeRight
-0.01066721 -0.921885 1.898677 18 AnkleRight
-0.0306511 -0.9590757 1.765175 19 FootRight
-0.1156785 0.3665725 1.771723 20 SpineShoulder
-0.6676114 0.2325075 1.704901 21 HandTipLeft
-0.5732175 0.174533 1.761625 22 ThumbLeft
0.3836213 0.1555889 1.582282 23 HandTipRight
0.355032 0.1793964 1.65875 24 ThumbRight
-0.1040664 -0.1471484 1.817085 0 SpineBase
-0.1107128 0.1509165 1.795815 1 SpineMid
-0.1172361 0.4359969 1.760674 2 Neck
-0.2668936 0.3247294 1.789956 4 ShoulderLeft
-0.4022519 0.1572205 1.850394 5 ElbowLeft
-0.5779263 0.1036151 1.739343 6 WristLeft
-0.5684749 0.1051044 1.736453 7 HandLeft
0.04897646 0.3362312 1.766251 8 ShoulderRight
0.2054725 0.1693188 1.819105 9 ElbowRight
0.2602309 0.1241221 1.736762 10 WristRight
0.3027775 0.08626879 1.675594 11 HandRight
-0.1692837 -0.1456093 1.784421 12 HipLeft
-0.2019833 -0.5848366 1.845118 13 KneeLeft
-0.1845548 -0.9481955 1.886716 14 AnkleLeft
-0.2278232 -0.9548664 1.706531 15 FootLeft
-0.03491111 -0.1430768 1.778346 16 HipRight
-0.007403463 -0.5448578 1.838408 17 KneeRight
-0.01120932 -0.9224802 1.89858 18 AnkleRight
-0.03128318 -0.9595742 1.765018 19 FootRight
-0.1156871 0.3665203 1.771686 20 SpineShoulder
-0.6500299 0.09067307 1.705756 21 HandTipLeft
-0.6133381 0.09438747 1.7264 22 ThumbLeft
0.3463417 0.05623736 1.576269 23 HandTipRight
0.3682007 0.06831674 1.602 24 ThumbRight
-0.1044613 -0.1479715 1.817151 0 SpineBase
-0.1109195 0.1505901 1.795821 1 SpineMid
-0.1172419 0.4360124 1.76072 2 Neck
-0.2651105 0.3245195 1.788898 4 ShoulderLeft
-0.3684344 0.126088 1.842993 5 ElbowLeft
-0.5131116 0.00509173 1.740242 6 WristLeft
-0.5337379 0.02059631 1.738522 7 HandLeft
0.0486667 0.3349844 1.765128 8 ShoulderRight
0.1941203 0.148555 1.820346 9 ElbowRight
0.2804504 0.007063263 1.679496 10 WristRight
0.2821937 0.02258936 1.663548 11 HandRight
-0.1696848 -0.1463021 1.784857 12 HipLeft
-0.2024303 -0.5866659 1.846055 13 KneeLeft
-0.1811469 -0.9520604 1.890217 14 AnkleLeft
-0.2274485 -0.9546511 1.710335 15 FootLeft
-0.03529554 -0.1440731 1.778096 16 HipRight
-0.007125757 -0.545262 1.838297 17 KneeRight
-0.01128525 -0.9228227 1.898592 18 AnkleRight
-0.03141444 -0.9591236 1.764557 19 FootRight
-0.1157454 0.3664756 1.77171 20 SpineShoulder
-0.6167905 -0.01125174 1.73235 21 HandTipLeft
-0.4949698 0.03002399 1.765667 22 ThumbLeft
0.3447168 -0.04007522 1.599479 23 HandTipRight
0.2786564 0.009731725 1.6845 24 ThumbRight
-0.1055839 -0.148969 1.817221 0 SpineBase
-0.1112871 0.1502993 1.795799 1 SpineMid
-0.1171096 0.4361687 1.760764 2 Neck
-0.2626894 0.3248698 1.787445 4 ShoulderLeft
-0.3491238 0.1016537 1.835401 5 ElbowLeft
-0.4837312 -0.03454759 1.738806 6 WristLeft
-0.5030895 -0.05317786 1.742614 7 HandLeft
0.04836599 0.3336414 1.764352 8 ShoulderRight
0.1828884 0.1385353 1.822307 9 ElbowRight
0.2587861 -0.01171697 1.684914 10 WristRight
0.2682367 -0.03698699 1.653033 11 HandRight
-0.1708529 -0.1470539 1.785367 12 HipLeft
-0.2029338 -0.5860147 1.843433 13 KneeLeft
-0.1803493 -0.9525978 1.890682 14 AnkleLeft
-0.2267068 -0.9550944 1.710664 15 FootLeft
-0.03634915 -0.1452985 1.777838 16 HipRight
-0.00635501 -0.5469688 1.838855 17 KneeRight
-0.01077063 -0.9231529 1.899015 18 AnkleRight
-0.03133553 -0.959196 1.764827 19 FootRight
-0.1157624 0.3665074 1.771723 20 SpineShoulder
-0.5794399 -0.1253434 1.754965 21 HandTipLeft
-0.5145919 -0.09353705 1.7842 22 ThumbLeft
0.301834 -0.09574609 1.608387 23 HandTipRight
0.2890435 -0.07118298 1.7055 24 ThumbRight
-0.106055 -0.149597 1.817246 0 SpineBase
-0.1116439 0.1499386 1.795648 1 SpineMid
-0.1172008 0.4361703 1.760605 2 Neck
-0.2620283 0.3248853 1.786991 4 ShoulderLeft
-0.3513506 0.1023597 1.836035 5 ElbowLeft
-0.5009781 -0.01984132 1.743929 6 WristLeft
-0.5685156 -0.037175 1.747636 7 HandLeft
0.04834845 0.3332913 1.764124 8 ShoulderRight
0.1839365 0.1388879 1.823718 9 ElbowRight
0.2796122 0.0006599583 1.686319 10 WristRight
0.3026725 -0.02575437 1.632571 11 HandRight
-0.1713348 -0.1475456 1.785813 12 HipLeft
-0.2016068 -0.5724917 1.83712 13 KneeLeft
-0.1807601 -0.9526762 1.890301 14 AnkleLeft
-0.228045 -0.9546732 1.710449 15 FootLeft
-0.0368378 -0.14615 1.777431 16 HipRight
-0.006412852 -0.5472817 1.838866 17 KneeRight
-0.01078597 -0.9233795 1.898916 18 AnkleRight
-0.03127022 -0.9592255 1.764548 19 FootRight
-0.1159039 0.366436 1.771564 20 SpineShoulder
-0.6165662 -0.06245964 1.75286 21 HandTipLeft
-0.5806702 -0.06383163 1.787 22 ThumbLeft
0.3287282 -0.06969617 1.599543 23 HandTipRight
0.3177951 -0.04162509 1.690333 24 ThumbRight
-0.1060263 -0.1499888 1.817098 0 SpineBase
-0.1116534 0.1496974 1.795398 1 SpineMid
-0.1171394 0.4361725 1.760321 2 Neck
-0.2597942 0.3239282 1.788186 4 ShoulderLeft
-0.423023 0.1601568 1.842301 5 ElbowLeft
-0.6102007 0.1302257 1.744776 6 WristLeft
-0.6237749 0.1360762 1.749138 7 HandLeft
0.04840709 0.3334075 1.764105 8 ShoulderRight
0.2258315 0.181549 1.822412 9 ElbowRight
0.3552591 0.1026684 1.666695 10 WristRight
0.3517926 0.1083802 1.666659 11 HandRight
-0.1712589 -0.1478588 1.785637 12 HipLeft
-0.2019959 -0.582607 1.844425 13 KneeLeft
-0.1813038 -0.9516019 1.891463 14 AnkleLeft
-0.2270471 -0.9544916 1.711129 15 FootLeft
-0.03680957 -0.1465668 1.77734 16 HipRight
-0.006426855 -0.5474736 1.838714 17 KneeRight
-0.01089912 -0.9229569 1.898536 18 AnkleRight
-0.03134021 -0.9592968 1.764349 19 FootRight
-0.115866 0.3663727 1.771295 20 SpineShoulder
-0.7181627 0.1203418 1.753632 21 HandTipLeft
-0.6888701 0.1125412 1.766 22 ThumbLeft
0.4011926 0.07930306 1.583833 23 HandTipRight
0.4177513 0.08577066 1.6114 24 ThumbRight
-0.1058937 -0.1498479 1.816748 0 SpineBase
-0.1115074 0.1496539 1.795071 1 SpineMid
-0.1167865 0.4361299 1.759997 2 Neck
-0.2612178 0.3234416 1.789505 4 ShoulderLeft
-0.4647192 0.2270503 1.841153 5 ElbowLeft
-0.6441793 0.2940019 1.750571 6 WristLeft
-0.7053507 0.3207997 1.750213 7 HandLeft
0.04998206 0.3364729 1.772478 8 ShoulderRight
0.2477113 0.2184366 1.818143 9 ElbowRight
0.4096786 0.2146146 1.675238 10 WristRight
0.4091596 0.2291205 1.660548 11 HandRight
-0.1711808 -0.1478023 1.785434 12 HipLeft
-0.2014583 -0.5821809 1.844126 13 KneeLeft
-0.1807825 -0.9517403 1.891491 14 AnkleLeft
-0.2266579 -0.9546541 1.711084 15 FootLeft
-0.03655721 -0.1462009 1.776701 16 HipRight
-0.006426236 -0.5467621 1.838608 17 KneeRight
-0.01069651 -0.9230172 1.899675 18 AnkleRight
-0.0314687 -0.9588535 1.765205 19 FootRight
-0.1155876 0.3663045 1.77097 20 SpineShoulder
-0.7504206 0.3388196 1.744325 21 HandTipLeft
-0.7451366 0.3100048 1.798 22 ThumbLeft
0.4734029 0.2362199 1.594826 23 HandTipRight
0.4466677 0.2202635 1.662778 24 ThumbRight
-0.1058307 -0.1493867 1.816278 0 SpineBase
-0.1113699 0.1497951 1.794589 1 SpineMid
-0.1164209 0.4361725 1.759429 2 Neck
-0.2629277 0.323959 1.788715 4 ShoulderLeft
-0.4866979 0.2687785 1.837267 5 ElbowLeft
-0.6466588 0.3727411 1.746006 6 WristLeft
-0.6520606 0.3906591 1.749522 7 HandLeft
0.05218441 0.3359504 1.770527 8 ShoulderRight
0.2618403 0.2428085 1.813583 9 ElbowRight
0.4227108 0.2715407 1.673128 10 WristRight
0.4234355 0.2958346 1.658694 11 HandRight
-0.1710959 -0.1473053 1.784976 12 HipLeft
-0.2014002 -0.581945 1.842824 13 KneeLeft
-0.1816314 -0.9507685 1.88983 14 AnkleLeft
-0.227 -0.9547874 1.709336 15 FootLeft
-0.03650226 -0.1457883 1.77633 16 HipRight
-0.00626736 -0.5469915 1.8385 17 KneeRight
-0.01107591 -0.92304 1.899709 18 AnkleRight
-0.0315787 -0.9582647 1.764834 19 FootRight
-0.1152962 0.3663529 1.770428 20 SpineShoulder
-0.730334 0.4544966 1.742592 21 HandTipLeft
-0.6514754 0.3494746 1.773857 22 ThumbLeft
0.4886217 0.3211167 1.597274 23 HandTipRight
0.5017564 0.3278003 1.603428 24 ThumbRight
-0.1056757 -0.1491644 1.815691 0 SpineBase
-0.111299 0.149778 1.79405 1 SpineMid
-0.1163437 0.4360715 1.758983 2 Neck
-0.2642048 0.3245633 1.78818 4 ShoulderLeft
-0.4898332 0.2885181 1.835458 5 ElbowLeft
-0.6302117 0.4160274 1.742054 6 WristLeft
-0.6393315 0.4433385 1.743267 7 HandLeft
0.05332854 0.3357354 1.767325 8 ShoulderRight
0.2684686 0.2549501 1.809518 9 ElbowRight
0.4250582 0.3020101 1.6697 10 WristRight
0.4219532 0.3308845 1.65734 11 HandRight
-0.1709475 -0.1471531 1.784548 12 HipLeft
-0.2011103 -0.5816881 1.841498 13 KneeLeft
-0.1817505 -0.950852 1.889771 14 AnkleLeft
-0.2270274 -0.954811 1.70917 15 FootLeft
-0.03633988 -0.145488 1.775692 16 HipRight
-0.006177124 -0.5460228 1.83787 17 KneeRight
-0.0112965 -0.9221348 1.898926 18 AnkleRight
-0.03147409 -0.9584514 1.764462 19 FootRight
-0.115224 0.366256 1.769953 20 SpineShoulder
-0.7090793 0.5238155 1.757016 21 HandTipLeft
-0.6871882 0.4707584 1.761294 22 ThumbLeft
0.4881262 0.3722862 1.596344 23 HandTipRight
0.4618893 0.3265202 1.662571 24 ThumbRight
-0.1056737 -0.1489388 1.815233 0 SpineBase
-0.1110708 0.1498071 1.793608 1 SpineMid
-0.1157 0.4360077 1.758498 2 Neck
-0.2660591 0.3259097 1.790937 4 ShoulderLeft
-0.4897329 0.2931255 1.832853 5 ElbowLeft
-0.6246175 0.4252194 1.737473 6 WristLeft
-0.6381385 0.454946 1.733299 7 HandLeft
0.05480671 0.3356713 1.767328 8 ShoulderRight
0.2698208 0.2571814 1.808514 9 ElbowRight
0.4212347 0.3126192 1.665958 10 WristRight
0.4138435 0.3276484 1.654382 11 HandRight
-0.1709344 -0.1469846 1.784217 12 HipLeft
-0.201145 -0.5846226 1.844146 13 KneeLeft
-0.1818545 -0.9507754 1.88915 14 AnkleLeft
-0.2272335 -0.9548668 1.708505 15 FootLeft
-0.03634141 -0.1452024 1.775193 16 HipRight
-0.007039917 -0.5461367 1.837742 17 KneeRight
-0.01142796 -0.9229176 1.89909 18 AnkleRight
-0.02979822 -0.9576672 1.761605 19 FootRight
-0.1147123 0.3662055 1.76948 20 SpineShoulder
-0.7109028 0.5355318 1.751582 21 HandTipLeft
-0.6839719 0.4578209 1.769824 22 ThumbLeft
0.4812335 0.372592 1.595346 23 HandTipRight
0.4587852 0.3258044 1.65075 24 ThumbRight
-0.1057077 -0.1488621 1.814472 0 SpineBase
-0.1095801 0.1491203 1.793327 1 SpineMid
-0.1099609 0.4336227 1.760082 2 Neck
-0.2662095 0.3259123 1.792117 4 ShoulderLeft
-0.4699082 0.265349 1.826807 5 ElbowLeft
-0.6224243 0.3565255 1.709563 6 WristLeft
-0.6283617 0.3532075 1.706873 7 HandLeft
0.05509654 0.3354924 1.766979 8 ShoulderRight
0.2553306 0.2372174 1.809328 9 ElbowRight
0.3345855 0.2437283 1.71774 10 WristRight
0.3860759 0.2445436 1.658667 11 HandRight
-0.1709496 -0.1468838 1.783648 12 HipLeft
-0.2021446 -0.5865163 1.844026 13 KneeLeft
-0.1815599 -0.9512762 1.88888 14 AnkleLeft
-0.2276257 -0.9547918 1.708242 15 FootLeft
-0.03638141 -0.145137 1.774339 16 HipRight
-0.00770293 -0.5463273 1.837743 17 KneeRight
-0.01169429 -0.9234504 1.899519 18 AnkleRight
-0.03019456 -0.9577408 1.762122 19 FootRight
-0.1102789 0.364298 1.770427 20 SpineShoulder
-0.7108656 0.4134512 1.699451 21 HandTipLeft
-0.6755489 0.3625572 1.713 22 ThumbLeft
0.447015 0.2671765 1.582335 23 HandTipRight
0.4228651 0.2362739 1.646857 24 ThumbRight
-0.1056693 -0.1493497 1.814 0 SpineBase
-0.1096132 0.1489912 1.792763 1 SpineMid
-0.1110041 0.4344812 1.758548 2 Neck
-0.2642682 0.3252967 1.792201 4 ShoulderLeft
-0.4252487 0.1949501 1.833053 5 ElbowLeft
-0.5993279 0.1659984 1.712297 6 WristLeft
-0.5892407 0.1616507 1.710976 7 HandLeft
0.05367821 0.3349151 1.767415 8 ShoulderRight
0.2196696 0.177674 1.811944 9 ElbowRight
0.2902607 0.124645 1.722716 10 WristRight
0.3366786 0.088728 1.665438 11 HandRight
-0.1709561 -0.1471972 1.783352 12 HipLeft
-0.2019518 -0.5860679 1.844067 13 KneeLeft
-0.1824589 -0.9496846 1.887723 14 AnkleLeft
-0.2290179 -0.9547501 1.707317 15 FootLeft
-0.03626762 -0.1457698 1.773727 16 HipRight
-0.008330589 -0.5506278 1.838748 17 KneeRight
-0.01163954 -0.9236896 1.899796 18 AnkleRight
-0.03005336 -0.9578552 1.762828 19 FootRight
-0.1108778 0.3647492 1.769299 20 SpineShoulder
-0.6657583 0.1523842 1.671975 21 HandTipLeft
-0.5797709 0.1340717 1.725375 22 ThumbLeft
0.3806023 0.05069573 1.569211 23 HandTipRight
0.403905 0.06738281 1.6116 24 ThumbRight
-0.1056991 -0.14994 1.813499 0 SpineBase
-0.1099354 0.1487594 1.792088 1 SpineMid
-0.1123122 0.4348874 1.75725 2 Neck
-0.2614105 0.3246775 1.790278 4 ShoulderLeft
-0.3728407 0.1367994 1.834605 5 ElbowLeft
-0.5331525 0.03890113 1.733035 6 WristLeft
-0.5366431 0.03735442 1.723508 7 HandLeft
0.05222688 0.3333229 1.766103 8 ShoulderRight
0.1736358 0.132241 1.821156 9 ElbowRight
0.2708396 -0.007711891 1.688083 10 WristRight
0.2743776 -0.008592009 1.672286 11 HandRight
-0.1710617 -0.1477204 1.78262 12 HipLeft
-0.2019607 -0.5851647 1.842847 13 KneeLeft
-0.1827061 -0.9505522 1.887529 14 AnkleLeft
-0.2293667 -0.9548548 1.706999 15 FootLeft
-0.03622652 -0.1464215 1.773474 16 HipRight
-0.007997471 -0.5494291 1.838667 17 KneeRight
-0.01166322 -0.9239554 1.899737 18 AnkleRight
-0.03017869 -0.9579042 1.763353 19 FootRight
-0.1118493 0.3649479 1.768199 20 SpineShoulder
-0.6175351 -0.006979899 1.714382 21 HandTipLeft
-0.575852 0.02383478 1.723667 22 ThumbLeft
0.344638 -0.08125739 1.640435 23 HandTipRight
0.2620161 -0.01174872 1.6905 24 ThumbRight
-0.1060803 -0.150733 1.812946 0 SpineBase
-0.1104142 0.1483202 1.791312 1 SpineMid
-0.1131663 0.434932 1.756148 2 Neck
-0.2601114 0.3246191 1.785096 4 ShoulderLeft
-0.3502747 0.1066241 1.827964 5 ElbowLeft
-0.4725606 -0.04376365 1.738802 6 WristLeft
-0.4725426 -0.05865036 1.74757 7 HandLeft
0.05092555 0.3323826 1.76465 8 ShoulderRight
0.147442 0.121916 1.826503 9 ElbowRight
0.2200473 -0.0435243 1.708799 10 WristRight
0.2304157 -0.07335898 1.683852 11 HandRight
-0.1716321 -0.1487058 1.78108 12 HipLeft
-0.202298 -0.5842076 1.841491 13 KneeLeft
-0.1825476 -0.9511212 1.887461 14 AnkleLeft
-0.2297966 -0.9549336 1.706983 15 FootLeft
-0.03651315 -0.1471368 1.773557 16 HipRight
-0.00717398 -0.5511765 1.83893 17 KneeRight
-0.01199498 -0.92563 1.900739 18 AnkleRight
-0.02940523 -0.9579149 1.761379 19 FootRight
-0.112602 0.3648709 1.767181 20 SpineShoulder
-0.5545937 -0.1351036 1.746799 21 HandTipLeft
-0.4654878 -0.008114635 1.746 22 ThumbLeft
0.2717685 -0.1435247 1.654405 23 HandTipRight
0.2544436 -0.1181064 1.7545 24 ThumbRight
-0.1066607 -0.1513516 1.811878 0 SpineBase
-0.1110578 0.147989 1.790319 1 SpineMid
-0.1140211 0.4349592 1.755252 2 Neck
-0.2593408 0.3238209 1.7818 4 ShoulderLeft
-0.3452522 0.09630132 1.825622 5 ElbowLeft
-0.4497103 -0.07644856 1.759777 6 WristLeft
-0.4646462 -0.09916858 1.766564 7 HandLeft
0.04992235 0.3319713 1.763621 8 ShoulderRight
0.1403138 0.1187121 1.828017 9 ElbowRight
0.2147774 -0.04590233 1.710454 10 WristRight
0.2245291 -0.08129468 1.683921 11 HandRight
-0.172379 -0.1492131 1.778918 12 HipLeft
-0.2020912 -0.5623437 1.832872 13 KneeLeft
-0.1814807 -0.9525144 1.888554 14 AnkleLeft
-0.2296513 -0.9549465 1.708128 15 FootLeft
-0.03697619 -0.1477889 1.773392 16 HipRight
-0.007113895 -0.5497818 1.838218 17 KneeRight
-0.01229554 -0.9263378 1.901566 18 AnkleRight
-0.02783784 -0.9580046 1.762705 19 FootRight
-0.1134108 0.3648228 1.766251 20 SpineShoulder
-0.5346614 -0.1766745 1.784984 21 HandTipLeft
-0.4639362 -0.04182664 1.766429 22 ThumbLeft
0.2617087 -0.1498609 1.653498 23 HandTipRight
0.245828 -0.1254854 1.7577 24 ThumbRight
-0.1076409 -0.1521345 1.811158 0 SpineBase
-0.1120076 0.1476161 1.789563 1 SpineMid
-0.1150977 0.4350386 1.754485 2 Neck
-0.2597142 0.3235216 1.780649 4 ShoulderLeft
-0.353576 0.0949407 1.828371 5 ElbowLeft
-0.4792296 -0.06927843 1.787817 6 WristLeft
-0.5314931 -0.1270948 1.802031 7 HandLeft
0.04937408 0.3318239 1.763252 8 ShoulderRight
0.150991 0.1219674 1.824941 9 ElbowRight
0.2443703 -0.03044384 1.70445 10 WristRight
0.2701545 -0.05790283 1.675096 11 HandRight
-0.1732367 -0.1497879 1.77821 12 HipLeft
-0.2030521 -0.5631818 1.832367 13 KneeLeft
-0.1814815 -0.9525614 1.88836 14 AnkleLeft
-0.2301257 -0.9545714 1.707958 15 FootLeft
-0.03792572 -0.1486582 1.77291 16 HipRight
-0.00715465 -0.5489843 1.837624 17 KneeRight
-0.01230395 -0.9267361 1.901728 18 AnkleRight
-0.02972377 -0.9582118 1.762733 19 FootRight
-0.1144605 0.3648002 1.765478 20 SpineShoulder
-0.5732171 -0.182486 1.832486 21 HandTipLeft
-0.5202062 -0.07948202 1.786834 22 ThumbLeft
0.311169 -0.1236683 1.639756 23 HandTipRight
0.2991856 -0.1025185 1.734375 24 ThumbRight
-0.1082858 -0.1524844 1.810791 0 SpineBase
-0.1129722 0.147342 1.789236 1 SpineMid
-0.1165626 0.4349451 1.75429 2 Neck
-0.2606826 0.3233125 1.780336 4 ShoulderLeft
-0.3725093 0.09919007 1.831475 5 ElbowLeft
-0.4989817 -0.06417354 1.789912 6 WristLeft
-0.5574543 -0.1191857 1.794475 7 HandLeft
0.04801104 0.3320634 1.762249 8 ShoulderRight
0.1703064 0.1266944 1.809713 9 ElbowRight
0.2665591 -0.02630271 1.692489 10 WristRight
0.2936711 -0.06140631 1.665784 11 HandRight
-0.1739058 -0.1500881 1.777809 12 HipLeft
-0.2028899 -0.561345 1.831901 13 KneeLeft
-0.1813944 -0.9524871 1.888391 14 AnkleLeft
-0.2307342 -0.9543917 1.708124 15 FootLeft
-0.03847376 -0.1490062 1.7727 16 HipRight
-0.008873909 -0.5506222 1.838005 17 KneeRight
-0.01301809 -0.9271897 1.901767 18 AnkleRight
-0.02947363 -0.9581953 1.763443 19 FootRight
-0.1157977 0.3646655 1.765236 20 SpineShoulder
-0.5829948 -0.1765283 1.808952 21 HandTipLeft
-0.5591208 -0.1504695 1.8585 22 ThumbLeft
0.3332139 -0.129855 1.640237 23 HandTipRight
0.3259253 -0.1153753 1.735286 24 ThumbRight
-0.1090036 -0.1525377 1.810383 0 SpineBase
-0.1135484 0.1473154 1.789072 1 SpineMid
-0.117069 0.4349677 1.754342 2 Neck
-0.2615803 0.3231777 1.780379 4 ShoulderLeft
-0.3779432 0.09949437 1.830553 5 ElbowLeft
-0.5026731 -0.06443187 1.784725 6 WristLeft
-0.5540724 -0.1205618 1.771813 7 HandLeft
0.04735974 0.3318049 1.761496 8 ShoulderRight
0.1731624 0.1203947 1.793505 9 ElbowRight
0.2699857 -0.03874705 1.685992 10 WristRight
0.2901476 -0.07955591 1.663709 11 HandRight
-0.1746661 -0.1501023 1.777506 12 HipLeft
-0.203097 -0.5599759 1.831402 13 KneeLeft
-0.181317 -0.9520085 1.888049 14 AnkleLeft
-0.2297998 -0.9543564 1.707486 15 FootLeft
-0.03909522 -0.1490847 1.772268 16 HipRight
-0.01046339 -0.5521173 1.838412 17 KneeRight
-0.01385931 -0.9282314 1.90251 18 AnkleRight
-0.02890096 -0.9576549 1.761483 19 FootRight
-0.1163205 0.3646806 1.765233 20 SpineShoulder
-0.5765879 -0.1785182 1.783144 21 HandTipLeft
-0.5586604 -0.1536023 1.823667 22 ThumbLeft
0.331714 -0.1521839 1.649655 23 HandTipRight
0.3189273 -0.1265435 1.715 24 ThumbRight
-0.1107466 -0.1534445 1.810232 0 SpineBase
-0.1152441 0.1468326 1.789379 1 SpineMid
-0.1188714 0.4349019 1.755236 2 Neck
-0.26811 0.3186033 1.785173 4 ShoulderLeft
-0.3767086 0.09657085 1.825022 5 ElbowLeft
-0.4831294 -0.0744652 1.757735 6 WristLeft
-0.5086151 -0.1424113 1.73583 7 HandLeft
0.04288563 0.3283424 1.761858 8 ShoulderRight
0.151234 0.1053188 1.765573 9 ElbowRight
0.2380282 -0.07263043 1.684217 10 WristRight
0.2476094 -0.1220976 1.67121 11 HandRight
-0.1763833 -0.1511617 1.778055 12 HipLeft
-0.2036181 -0.5553041 1.829885 13 KneeLeft
-0.1811549 -0.9522014 1.887867 14 AnkleLeft
-0.2297395 -0.9543996 1.707221 15 FootLeft
-0.04095355 -0.1498808 1.771514 16 HipRight
-0.01077219 -0.5524004 1.837468 17 KneeRight
-0.01391943 -0.9275703 1.903456 18 AnkleRight
-0.03006482 -0.9575588 1.760395 19 FootRight
-0.1180927 0.3645226 1.765961 20 SpineShoulder
-0.5281392 -0.2038435 1.731528 21 HandTipLeft
-0.4938907 -0.162825 1.745556 22 ThumbLeft
0.2918062 -0.1985677 1.669779 23 HandTipRight
0.2613177 -0.1591596 1.68425 24 ThumbRight
-0.1124758 -0.1550943 1.810104 0 SpineBase
-0.1167354 0.1457817 1.789685 1 SpineMid
-0.1201981 0.4343434 1.755945 2 Neck
-0.2686931 0.3181627 1.784787 4 ShoulderLeft
-0.3645325 0.08045269 1.809686 5 ElbowLeft
-0.4337275 -0.1051861 1.730381 6 WristLeft
-0.4499377 -0.153425 1.721301 7 HandLeft
0.04272441 0.3255466 1.75879 8 ShoulderRight
0.1213236 0.08881487 1.750785 9 ElbowRight
0.1830107 -0.1045794 1.684637 10 WristRight
0.1961652 -0.1547284 1.677801 11 HandRight
-0.1781085 -0.1530137 1.778863 12 HipLeft
-0.2038977 -0.555137 1.829341 13 KneeLeft
-0.1808914 -0.9522606 1.887815 14 AnkleLeft
-0.2302083 -0.9540887 1.707313 15 FootLeft
-0.04277815 -0.1514326 1.770538 16 HipRight
-0.01218347 -0.5578865 1.836639 17 KneeRight
-0.01430439 -0.9276742 1.903603 18 AnkleRight
-0.03019811 -0.9575565 1.760304 19 FootRight
-0.1194547 0.3638577 1.766567 20 SpineShoulder
-0.4675808 -0.2352823 1.714211 21 HandTipLeft
-0.4344817 -0.1707244 1.72925 22 ThumbLeft
0.2334873 -0.2333474 1.690843 23 HandTipRight
0.208726 -0.1366647 1.678636 24 ThumbRight
-0.1190401 -0.1621077 1.808666 0 SpineBase
-0.1228115 0.138987 1.791617 1 SpineMid
-0.1263177 0.4271902 1.761847 2 Neck
-0.2746971 0.3112319 1.784405 4 ShoulderLeft
-0.3292871 0.05105444 1.778101 5 ElbowLeft
-0.3535368 -0.1468907 1.701112 6 WristLeft
-0.3514606 -0.1670911 1.702731 7 HandLeft
0.02647975 0.3104877 1.749615 8 ShoulderRight
0.07478897 0.05856704 1.736648 9 ElbowRight
0.1000528 -0.1466167 1.685945 10 WristRight
0.1003825 -0.1811217 1.681941 11 HandRight
-0.1842313 -0.160043 1.779032 12 HipLeft
-0.2059464 -0.5551873 1.827081 13 KneeLeft
-0.1808969 -0.9522747 1.887799 14 AnkleLeft
-0.2336347 -0.9534625 1.708394 15 FootLeft
-0.04942786 -0.1580741 1.76759 16 HipRight
-0.02051567 -0.5715153 1.836757 17 KneeRight
-0.01444434 -0.9275883 1.903188 18 AnkleRight
-0.03021596 -0.9572393 1.759828 19 FootRight
-0.1255381 0.3568539 1.771362 20 SpineShoulder
-0.3535684 -0.262327 1.7004 21 HandTipLeft
-0.3320165 -0.1922968 1.6716 22 ThumbLeft
0.1219209 -0.2704211 1.688428 23 HandTipRight
0.1298717 -0.1963441 1.6875 24 ThumbRight
-0.1324206 -0.1719167 1.796722 0 SpineBase
-0.1345426 0.1285672 1.786431 1 SpineMid
-0.1363834 0.4166745 1.7624 2 Neck
-0.2886542 0.3041877 1.783972 4 ShoulderLeft
-0.3295534 0.05359254 1.771716 5 ElbowLeft
-0.2987933 -0.1397847 1.683388 6 WristLeft
-0.2703244 -0.1753718 1.680425 7 HandLeft
0.0186272 0.3022786 1.746364 8 ShoulderRight
0.07087582 0.06797483 1.736494 9 ElbowRight
0.04062639 -0.1263853 1.65031 10 WristRight
0.01254876 -0.1747586 1.637362 11 HandRight
-0.1968444 -0.1694621 1.769434 12 HipLeft
-0.2137871 -0.5633737 1.823382 13 KneeLeft
-0.1822952 -0.9506643 1.88614 14 AnkleLeft
-0.239473 -0.9510037 1.708392 15 FootLeft
-0.06277911 -0.1676812 1.753485 16 HipRight
-0.03472214 -0.5781065 1.826917 17 KneeRight
-0.01404141 -0.9230705 1.899465 18 AnkleRight
-0.03959527 -0.9584844 1.752289 19 FootRight
-0.1360033 0.3463464 1.770588 20 SpineShoulder
-0.2497511 -0.2295195 1.686726 21 HandTipLeft
-0.2318429 -0.1419809 1.672993 22 ThumbLeft
0.003330881 -0.250688 1.629527 23 HandTipRight
0.03562246 -0.1756454 1.606143 24 ThumbRight
-0.1580694 -0.1806795 1.787167 0 SpineBase
-0.1513752 0.1178435 1.777475 1 SpineMid
-0.145104 0.4046965 1.754232 2 Neck
-0.3020305 0.3002459 1.776302 4 ShoulderLeft
-0.3504652 0.06056214 1.764053 5 ElbowLeft
-0.3655772 -0.1317394 1.669752 6 WristLeft
-0.3603967 -0.1556191 1.666142 7 HandLeft
0.009763164 0.290576 1.742895 8 ShoulderRight
0.05653983 0.06902085 1.727346 9 ElbowRight
0.02795596 -0.1220055 1.632609 10 WristRight
0.006287185 -0.1843885 1.609268 11 HandRight
-0.2230208 -0.1764319 1.759229 12 HipLeft
-0.222626 -0.5793474 1.822876 13 KneeLeft
-0.1873815 -0.9454466 1.880475 14 AnkleLeft
-0.2511751 -0.9485604 1.705982 15 FootLeft
-0.08698333 -0.1778494 1.744741 16 HipRight
-0.05787636 -0.5820849 1.794236 17 KneeRight
-0.01966536 -0.923181 1.878304 18 AnkleRight
-0.0524771 -0.9593688 1.734716 19 FootRight
-0.1466904 0.3346383 1.762275 20 SpineShoulder
-0.3565187 -0.2353677 1.647035 21 HandTipLeft
-0.3076938 -0.1277324 1.693833 22 ThumbLeft
-0.00391 -0.2613865 1.598429 23 HandTipRight
0.02283487 -0.1941304 1.572731 24 ThumbRight
-0.1609916 -0.1818635 1.786266 0 SpineBase
-0.1544328 0.1160117 1.775916 1 SpineMid
-0.147764 0.4022107 1.752055 2 Neck
-0.3056054 0.2991219 1.773519 4 ShoulderLeft
-0.3586914 0.06128005 1.762133 5 ElbowLeft
-0.3775776 -0.1311586 1.669007 6 WristLeft
-0.3844819 -0.1604341 1.666161 7 HandLeft
0.009039527 0.2899022 1.742555 8 ShoulderRight
0.05037421 0.06531446 1.723204 9 ElbowRight
0.02712727 -0.1264545 1.628565 10 WristRight
0.009207884 -0.1891192 1.608455 11 HandRight
-0.225817 -0.1773331 1.757906 12 HipLeft
-0.2259919 -0.5848882 1.824229 13 KneeLeft
-0.189543 -0.9438355 1.87841 14 AnkleLeft
-0.2525199 -0.9485931 1.703782 15 FootLeft
-0.08992981 -0.1792834 1.7443 16 HipRight
-0.0674617 -0.5767978 1.77992 17 KneeRight
-0.01989754 -0.9245514 1.870027 18 AnkleRight
-0.05586185 -0.9589568 1.731657 19 FootRight
-0.1495105 0.3323005 1.760243 20 SpineShoulder
-0.3828765 -0.2406602 1.651124 21 HandTipLeft
-0.3567233 -0.1844547 1.648545 22 ThumbLeft
0.001667649 -0.2688876 1.598135 23 HandTipRight
0.02477672 -0.1978352 1.570058 24 ThumbRight
-0.1697518 -0.1850473 1.78078 0 SpineBase
-0.1634402 0.1115661 1.766459 1 SpineMid
-0.1562369 0.3963567 1.738018 2 Neck
-0.3154543 0.2984558 1.759723 4 ShoulderLeft
-0.3820525 0.063181 1.761175 5 ElbowLeft
-0.4240864 -0.1319553 1.685216 6 WristLeft
-0.4390345 -0.1740279 1.687217 7 HandLeft
-0.001787151 0.2811222 1.731468 8 ShoulderRight
0.03888733 0.0524113 1.71372 9 ElbowRight
0.02774282 -0.1427993 1.624806 10 WristRight
0.02189072 -0.1953028 1.620579 11 HandRight
-0.2346627 -0.180674 1.750594 12 HipLeft
-0.2307702 -0.5958701 1.824224 13 KneeLeft
-0.1950631 -0.9379778 1.87106 14 AnkleLeft
-0.2604323 -0.9494014 1.698696 15 FootLeft
-0.09818337 -0.1821688 1.740569 16 HipRight
-0.08191167 -0.5689914 1.714802 17 KneeRight
-0.01921039 -0.9200628 1.846462 18 AnkleRight
-0.1263516 -0.948856 1.706104 19 FootRight
-0.1582145 0.3268003 1.747402 20 SpineShoulder
-0.4426558 -0.2547874 1.683601 21 HandTipLeft
-0.4138033 -0.190241 1.6675 22 ThumbLeft
0.02515925 -0.278051 1.607807 23 HandTipRight
0.03944011 -0.2070177 1.583244 24 ThumbRight
-0.170925 -0.179378 1.748668 0 SpineBase
-0.1681876 0.1169341 1.726569 1 SpineMid
-0.1644014 0.4012223 1.690858 2 Neck
-0.3215636 0.2994365 1.710169 4 ShoulderLeft
-0.4012896 0.06582195 1.757007 5 ElbowLeft
-0.4557039 -0.1335769 1.710667 6 WristLeft
-0.474059 -0.1762755 1.72295 7 HandLeft
-0.006187747 0.277314 1.693413 8 ShoulderRight
0.03938634 0.04738362 1.708969 9 ElbowRight
0.05443621 -0.1553931 1.643811 10 WristRight
0.06383781 -0.1986845 1.645408 11 HandRight
-0.237081 -0.1753957 1.714365 12 HipLeft
-0.2449349 -0.5356777 1.769238 13 KneeLeft
-0.212254 -0.9304086 1.840711 14 AnkleLeft
-0.2407552 -0.9475533 1.701273 15 FootLeft
-0.09796985 -0.1762197 1.712698 16 HipRight
-0.1059307 -0.5142869 1.553686 17 KneeRight
-0.07761542 -0.8667056 1.639875 18 AnkleRight
-0.1618491 -0.9381927 1.651394 19 FootRight
-0.1655453 0.3318266 1.702008 20 SpineShoulder
-0.4855188 -0.2591962 1.736643 21 HandTipLeft
-0.4512188 -0.1804224 1.6985 22 ThumbLeft
0.09340594 -0.2868506 1.647403 23 HandTipRight
0.09824231 -0.1835415 1.649421 24 ThumbRight
-0.1657205 -0.1803289 1.719741 0 SpineBase
-0.1614901 0.1160177 1.69161 1 SpineMid
-0.1547626 0.399508 1.646804 2 Neck
-0.3160549 0.2972203 1.673623 4 ShoulderLeft
-0.402035 0.05896815 1.734712 5 ElbowLeft
-0.4576825 -0.142617 1.708973 6 WristLeft
-0.4611823 -0.185034 1.710526 7 HandLeft
-0.001634169 0.2743337 1.654208 8 ShoulderRight
0.05095585 0.03995746 1.688364 9 ElbowRight
0.08620543 -0.1650426 1.645649 10 WristRight
0.09976386 -0.207461 1.644056 11 HandRight
-0.2324568 -0.175691 1.685754 12 HipLeft
-0.2442263 -0.5382552 1.760458 13 KneeLeft
-0.3449639 -0.9434199 1.704535 15 FootLeft
-0.09215054 -0.1777537 1.683343 16 HipRight
-0.09204292 -0.5083399 1.504521 17 KneeRight
-0.06765501 -0.9442149 1.52809 18 AnkleRight
-0.1567363 0.3303948 1.660441 20 SpineShoulder
-0.4679161 -0.2699001 1.736113 21 HandTipLeft
-0.4354084 -0.181701 1.687091 22 ThumbLeft
0.1273934 -0.292464 1.660604 23 HandTipRight
0.1266613 -0.1897926 1.649643 24 ThumbRight
-0.1580179 -0.1841265 1.692323 0 SpineBase
-0.1527741 0.1116463 1.661715 1 SpineMid
-0.146251 0.3951849 1.617515 2 Neck
-0.3082258 0.2920103 1.643924 4 ShoulderLeft
-0.3910279 0.05276867 1.705794 5 ElbowLeft
-0.4414692 -0.1502199 1.677798 6 WristLeft
-0.4412024 -0.1920389 1.679256 7 HandLeft
0.006504494 0.2705141 1.618517 8 ShoulderRight
0.06176556 0.03246905 1.662523 9 ElbowRight
0.1046427 -0.1728582 1.6343 10 WristRight
0.1163713 -0.2130404 1.630924 11 HandRight
-0.2247671 -0.1811678 1.659357 12 HipLeft
-0.2319314 -0.5331932 1.745473 13 KneeLeft
-0.2275314 -0.9094232 1.831203 14 AnkleLeft
-0.3352934 -0.9367343 1.694613 15 FootLeft
-0.08466563 -0.1794284 1.654969 16 HipRight
-0.0703747 -0.5108114 1.478335 17 KneeRight
-0.04493977 -0.9489232 1.407875 18 AnkleRight
-0.1480757 0.3260289 1.630772 20 SpineShoulder
-0.4464753 -0.277041 1.704646 21 HandTipLeft
-0.4144148 -0.1917636 1.659479 22 ThumbLeft
0.1438514 -0.2981496 1.655969 23 HandTipRight
0.1449589 -0.2019169 1.639286 24 ThumbRight
-0.1380818 -0.1939789 1.646226 0 SpineBase
-0.130909 0.1038158 1.611511 1 SpineMid
-0.1227359 0.3892189 1.563037 2 Neck
-0.2837584 0.284728 1.587483 4 ShoulderLeft
-0.3623673 0.04637344 1.646703 5 ElbowLeft
-0.399739 -0.1582095 1.604628 6 WristLeft
-0.3991407 -0.2029275 1.601529 7 HandLeft
0.03002735 0.262112 1.557207 8 ShoulderRight
0.08649998 0.02144453 1.606396 9 ElbowRight
0.1282863 -0.1847378 1.586589 10 WristRight
0.1343521 -0.2213231 1.584099 11 HandRight
-0.2042749 -0.1901142 1.614071 12 HipLeft
-0.2156556 -0.5509155 1.733459 13 KneeLeft
-0.2092629 -0.9304426 1.842185 14 AnkleLeft
-0.2989483 -0.9375659 1.683943 15 FootLeft
-0.06589738 -0.1897076 1.608062 16 HipRight
-0.03865172 -0.5290242 1.454606 17 KneeRight
-0.006753253 -0.9563891 1.329516 18 AnkleRight
-0.1249388 0.3196445 1.577367 20 SpineShoulder
-0.3972369 -0.2833301 1.61335 21 HandTipLeft
-0.3727237 -0.2055019 1.581881 22 ThumbLeft
0.1589478 -0.3057214 1.610207 23 HandTipRight
0.1631467 -0.2095758 1.589687 24 ThumbRight
-0.1202126 -0.1965369 1.601973 0 SpineBase
-0.1083802 0.10189 1.569569 1 SpineMid
-0.09600683 0.387495 1.523152 2 Neck
-0.2555116 0.2839152 1.536623 4 ShoulderLeft
-0.3381646 0.04440964 1.591062 5 ElbowLeft
-0.3687119 -0.161371 1.54761 6 WristLeft
-0.3654743 -0.2043803 1.54102 7 HandLeft
0.05406081 0.2575267 1.513401 8 ShoulderRight
0.104426 0.01736602 1.557648 9 ElbowRight
0.1421329 -0.1896146 1.535326 10 WristRight
0.144586 -0.2217138 1.53225 11 HandRight
-0.1863279 -0.1909532 1.568341 12 HipLeft
-0.202252 -0.5277941 1.687904 13 KneeLeft
-0.1961409 -0.9314479 1.849355 14 AnkleLeft
-0.2798027 -0.9351048 1.686186 15 FootLeft
-0.04876989 -0.1934713 1.565308 16 HipRight
-0.01934857 -0.5407036 1.439743 17 KneeRight
0.007335959 -0.9706629 1.32463 18 AnkleRight
-0.09919815 0.3179252 1.536979 20 SpineShoulder
-0.3599561 -0.2846154 1.545412 21 HandTipLeft
-0.3407712 -0.1999062 1.519826 22 ThumbLeft
0.1665324 -0.3102888 1.556529 23 HandTipRight
0.1761826 -0.2117099 1.541 24 ThumbRight
-0.09494977 -0.1932104 1.552579 0 SpineBase
-0.08082259 0.1095008 1.521106 1 SpineMid
-0.06639294 0.3987102 1.475492 2 Neck
-0.2250977 0.294566 1.483082 4 ShoulderLeft
-0.3097466 0.0435435 1.531627 5 ElbowLeft
-0.3341988 -0.1633417 1.488253 6 WristLeft
-0.3314405 -0.1978686 1.482475 7 HandLeft
0.08200801 0.2674772 1.46323 8 ShoulderRight
0.1266348 0.02142395 1.501587 9 ElbowRight
0.1572209 -0.1858956 1.466546 10 WristRight
0.1551286 -0.217227 1.465394 11 HandRight
-0.1609452 -0.1874044 1.517236 12 HipLeft
-0.1855314 -0.5180776 1.650192 13 KneeLeft
-0.1947401 -0.9087952 1.837911 14 AnkleLeft
-0.2688968 -0.9384153 1.678419 15 FootLeft
-0.02459669 -0.1902781 1.517545 16 HipRight
0.005836217 -0.5432605 1.420426 17 KneeRight
0.02547912 -0.9809977 1.348909 18 AnkleRight
-0.07005133 0.3283333 1.4891 20 SpineShoulder
-0.323013 -0.2805169 1.485961 21 HandTipLeft
-0.3015299 -0.2016065 1.492273 22 ThumbLeft
0.1785716 -0.3100182 1.482 23 HandTipRight
0.1837016 -0.1953507 1.455343 24 ThumbRight
-0.06406774 -0.1855989 1.498842 0 SpineBase
-0.049288 0.1203388 1.471074 1 SpineMid
-0.0345611 0.411833 1.429025 2 Neck
-0.1921845 0.3037127 1.424846 4 ShoulderLeft
-0.2796348 0.05592476 1.462193 5 ElbowLeft
-0.2979824 -0.1522137 1.419641 6 WristLeft
-0.2968472 -0.1863917 1.417128 7 HandLeft
0.1118411 0.2747027 1.418531 8 ShoulderRight
0.1539856 0.0262787 1.445679 9 ElbowRight
0.17735 -0.1780533 1.386382 10 WristRight
0.1731187 -0.209104 1.389921 11 HandRight
-0.1304219 -0.1797594 1.46021 12 HipLeft
-0.1714786 -0.5048294 1.600183 13 KneeLeft
-0.2101809 -0.8829823 1.806714 14 AnkleLeft
-0.272626 -0.9349058 1.663764 15 FootLeft
0.005346466 -0.1827234 1.466825 16 HipRight
0.03369813 -0.5389518 1.392876 17 KneeRight
0.02571206 -0.9801491 1.372372 18 AnkleRight
-0.03823881 0.3409969 1.441721 20 SpineShoulder
-0.2885744 -0.2678877 1.423117 21 HandTipLeft
-0.2564083 -0.209494 1.4005 22 ThumbLeft
0.1901142 -0.3001316 1.385854 23 HandTipRight
0.2130163 -0.2068097 1.3932 24 ThumbRight
-0.01453725 -0.1784183 1.411601 0 SpineBase
0.002997215 0.1317808 1.391742 1 SpineMid
0.01968422 0.4261205 1.35748 2 Neck
-0.1395121 0.305912 1.338301 4 ShoulderLeft
-0.2314101 0.08076813 1.349391 5 ElbowLeft
-0.2420492 -0.125618 1.291482 6 WristLeft
-0.2457084 -0.1754319 1.29097 7 HandLeft
0.1658698 0.2787323 1.346234 8 ShoulderRight
0.2015574 0.04991988 1.369088 9 ElbowRight
0.216595 -0.145996 1.279915 10 WristRight
0.2162395 -0.1945663 1.266917 11 HandRight
-0.08315806 -0.1721174 1.373469 12 HipLeft
-0.1402906 -0.493435 1.474827 13 KneeLeft
-0.2024411 -0.8323255 1.732748 14 AnkleLeft
-0.2690295 -0.9293771 1.645962 15 FootLeft
0.05479283 -0.1758197 1.379325 16 HipRight
0.05596699 -0.5340398 1.357081 17 KneeRight
0.033076 -0.9724795 1.382728 18 AnkleRight
0.01562954 0.3547348 1.368182 20 SpineShoulder
-0.2377518 -0.2547637 1.296409 21 HandTipLeft
-0.2158438 -0.1865547 1.279722 22 ThumbLeft
0.2171346 -0.2724435 1.250024 23 HandTipRight
0.2432377 -0.2009878 1.250385 24 ThumbRight
0.02377584 -0.1794033 1.336691 0 SpineBase
0.04643458 0.1318487 1.322489 1 SpineMid
0.06730916 0.4261172 1.294012 2 Neck
-0.09150648 0.3000684 1.265258 4 ShoulderLeft
-0.1601527 0.0630248 1.21289 5 ElbowLeft
-0.1664659 -0.1315944 1.11787 6 WristLeft
-0.1693357 -0.1654795 1.11088 7 HandLeft
0.2088277 0.2832449 1.282012 8 ShoulderRight
0.2606818 0.07138094 1.286822 9 ElbowRight
0.2749549 -0.1196863 1.176459 10 WristRight
0.2737245 -0.1834084 1.147995 11 HandRight
-0.04647803 -0.1697073 1.294616 12 HipLeft
-0.1034807 -0.5224038 1.286176 13 KneeLeft
-0.1594747 -0.8618454 1.543779 14 AnkleLeft
-0.2583884 -0.8887156 1.553797 15 FootLeft
0.09269256 -0.1796096 1.308329 16 HipRight
0.07510177 -0.5333759 1.321377 17 KneeRight
0.02943379 -0.9652927 1.380739 18 AnkleRight
0.06233496 0.3548726 1.303206 20 SpineShoulder
-0.1560077 -0.2408909 1.095446 21 HandTipLeft
-0.1470183 -0.1602037 1.080647 22 ThumbLeft
0.2725448 -0.2494271 1.128358 23 HandTipRight
0.2900825 -0.1707725 1.112378 24 ThumbRight
0.05000791 -0.1727256 1.304777 0 SpineBase
0.06713355 0.1389347 1.294787 1 SpineMid
0.08279977 0.4329081 1.270185 2 Neck
-0.0738211 0.3055556 1.237805 4 ShoulderLeft
-0.1386384 0.07600836 1.174523 5 ElbowLeft
-0.1149361 -0.1038983 1.05387 6 WristLeft
-0.1158581 -0.1343248 1.039906 7 HandLeft
0.2264974 0.289871 1.257879 8 ShoulderRight
0.2744085 0.07612693 1.259506 9 ElbowRight
0.2991769 -0.1180104 1.148978 10 WristRight
0.3093772 -0.1760512 1.117026 11 HandRight
-0.02286916 -0.1631509 1.263184 12 HipLeft
-0.09122375 -0.5159308 1.235842 13 KneeLeft
-0.1473636 -0.8928336 1.438779 14 AnkleLeft
0.120118 -0.1729842 1.275987 16 HipRight
0.08512884 -0.5224196 1.307278 17 KneeRight
0.02189432 -0.9497067 1.379345 18 AnkleRight
0.07908817 0.3618019 1.278425 20 SpineShoulder
-0.1022795 -0.1996679 1.015092 21 HandTipLeft
-0.09857488 -0.144328 0.9896668 22 ThumbLeft
0.3148389 -0.2440845 1.095167 23 HandTipRight
0.327751 -0.1648674 1.0824 24 ThumbRight
0.07780814 -0.1600033 1.261416 0 SpineBase
0.09390412 0.1519305 1.24943 1 SpineMid
0.1087671 0.4453997 1.222059 2 Neck
-0.04634628 0.319853 1.18773 4 ShoulderLeft
-0.1082004 0.1089316 1.135822 5 ElbowLeft
-0.0555135 -0.05411576 1.000034 6 WristLeft
-0.02965033 -0.09102785 0.9745474 7 HandLeft
0.2506486 0.2996072 1.212978 8 ShoulderRight
0.2975495 0.08228511 1.224421 9 ElbowRight
0.3340119 -0.1105006 1.12186 10 WristRight
0.3510372 -0.1705099 1.095799 11 HandRight
0.002847902 -0.1517737 1.219593 12 HipLeft
-0.09545998 -0.4947886 1.119765 13 KneeLeft
-0.2834304 -0.8936281 1.123036 14 AnkleLeft
0.1483341 -0.1592826 1.232863 16 HipRight
0.1011988 -0.5053599 1.275981 17 KneeRight
0.01576963 -0.9241026 1.368975 18 AnkleRight
0.1052816 0.3745227 1.23099 20 SpineShoulder
0.001350267 -0.1501538 0.9454006 21 HandTipLeft
-0.05549532 -0.146781 1.022333 22 ThumbLeft
0.3541528 -0.2379346 1.078334 23 HandTipRight
0.3668446 -0.1426875 1.06925 24 ThumbRight
0.0820675 -0.1570303 1.236303 0 SpineBase
0.1020782 0.153798 1.221571 1 SpineMid
0.1202777 0.4457111 1.191869 2 Neck
-0.03506125 0.320964 1.158215 4 ShoulderLeft
-0.09458626 0.1119629 1.107733 5 ElbowLeft
-0.02246786 -0.04901105 0.9786177 6 WristLeft
0.01477508 -0.08457939 0.9500666 7 HandLeft
0.2612876 0.2991175 1.188547 8 ShoulderRight
0.3105917 0.08361395 1.212073 9 ElbowRight
0.3515907 -0.1057456 1.115886 10 WristRight
0.3710618 -0.1767089 1.091156 11 HandRight
0.008342342 -0.1465183 1.194162 12 HipLeft
-0.08120067 -0.4813614 1.047365 13 KneeLeft
-0.1845014 -0.7629554 0.9024104 14 AnkleLeft
0.1510505 -0.1585674 1.207977 16 HipRight
0.1056365 -0.5018814 1.261955 17 KneeRight
0.00892694 -0.9188752 1.352814 18 AnkleRight
0.1160078 0.3752762 1.201343 20 SpineShoulder
0.05853996 -0.1397417 0.9273993 21 HandTipLeft
0.0493639 -0.07285693 1.0136 22 ThumbLeft
0.3774571 -0.2450016 1.079084 23 HandTipRight
0.3917292 -0.1648846 1.0603 24 ThumbRight
0.09318773 -0.1607772 1.204559 0 SpineBase
0.1138377 0.1492549 1.187786 1 SpineMid
0.1319399 0.4400357 1.156248 2 Neck
-0.02534151 0.3166859 1.125853 4 ShoulderLeft
-0.0801699 0.1020238 1.079021 5 ElbowLeft
-0.001549219 -0.06048105 0.9558917 6 WristLeft
0.03556921 -0.1034002 0.928842 7 HandLeft
0.2712318 0.2934659 1.160054 8 ShoulderRight
0.3213649 0.07967341 1.199878 9 ElbowRight
0.367363 -0.1122853 1.112664 10 WristRight
0.3879724 -0.1829585 1.095712 11 HandRight
0.01904444 -0.1482844 1.160022 12 HipLeft
-0.06630937 -0.4450478 0.929452 13 KneeLeft
-0.169612 -0.7293615 0.7887136 14 AnkleLeft
0.1617463 -0.1637841 1.17866 16 HipRight
0.1080217 -0.5003641 1.249773 17 KneeRight
0.001718588 -0.9164199 1.335094 18 AnkleRight
0.1277657 0.3699394 1.166143 20 SpineShoulder
0.07692473 -0.154737 0.9123781 21 HandTipLeft
0.05748914 -0.1060013 0.8848056 22 ThumbLeft
0.3986098 -0.2550317 1.086933 23 HandTipRight
0.4088666 -0.1648905 1.073545 24 ThumbRight
0.1099717 -0.1584345 1.174535 0 SpineBase
0.126718 0.1489506 1.155251 1 SpineMid
0.1407425 0.4366724 1.120689 2 Neck
-0.01581425 0.31114 1.08726 4 ShoulderLeft
-0.0628545 0.08395697 1.039907 5 ElbowLeft
0.009406986 -0.08882667 0.9277734 6 WristLeft
0.006924319 -0.1274151 0.9326423 7 HandLeft
0.2797863 0.2894323 1.13202 8 ShoulderRight
0.3286952 0.07251097 1.181989 9 ElbowRight
0.378003 -0.124844 1.112558 10 WristRight
0.3962413 -0.1875223 1.108799 11 HandRight
0.03236333 -0.1457805 1.129088 12 HipLeft
-0.05096521 -0.3778309 0.825037 13 KneeLeft
-0.1013088 -0.6682487 0.6630725 14 AnkleLeft
0.180846 -0.1615953 1.149786 16 HipRight
0.1179014 -0.498965 1.215724 17 KneeRight
0.01363023 -0.9055408 1.334847 18 AnkleRight
0.1376103 0.3674043 1.131364 20 SpineShoulder
0.4102141 -0.2649582 1.107143 23 HandTipRight
0.4189673 -0.1755782 1.091933 24 ThumbRight
0.1336057 -0.1498699 1.111825 0 SpineBase
0.1478142 0.1604339 1.087092 1 SpineMid
0.158925 0.4496666 1.047338 2 Neck
0.003489866 0.3185967 1.006878 4 ShoulderLeft
-0.06514458 0.05656626 0.9572264 5 ElbowLeft
-0.0470248 -0.1615322 0.8666849 6 WristLeft
-0.005287569 -0.1833692 0.8717976 7 HandLeft
0.285873 0.2991694 1.067805 8 ShoulderRight
0.3397311 0.06619823 1.152438 9 ElbowRight
0.3840457 -0.1392514 1.115391 10 WristRight
0.3964444 -0.1848911 1.120359 11 HandRight
0.05396283 -0.1409864 1.066179 12 HipLeft
-0.02089769 -0.4237428 0.7143846 13 KneeLeft
0.2046123 -0.1493122 1.087493 16 HipRight
0.1431738 -0.4810411 1.171441 17 KneeRight
0.0821299 -0.8843833 1.321719 18 AnkleRight
0.156552 0.3802086 1.059196 20 SpineShoulder
0.06161525 -0.2521742 0.8473752 21 HandTipLeft
0.02025335 -0.1393343 0.8965999 22 ThumbLeft
0.414091 -0.2601586 1.130003 23 HandTipRight
0.4187549 -0.1648625 1.104 24 ThumbRight
0.1150921 -0.1529641 1.056251 0 SpineBase
0.146671 0.159341 1.029392 1 SpineMid
0.1745331 0.4488964 0.9861138 2 Neck
0.01527516 0.3089696 0.9374179 4 ShoulderLeft
-0.08194641 0.05952296 0.8985646 5 ElbowLeft
-0.09846385 -0.1486941 0.8407221 6 WristLeft
-0.1191364 -0.1825141 0.8246326 7 HandLeft
0.2916865 0.3122169 1.01908 8 ShoulderRight
0.3513309 0.05775665 1.119474 9 ElbowRight
0.3949533 -0.1494346 1.107626 10 WristRight
0.4052322 -0.1938961 1.100087 11 HandRight
0.03762566 -0.1434045 1.007369 12 HipLeft
0.01405743 -0.4750738 0.6949925 13 KneeLeft
0.1847232 -0.1523565 1.035084 16 HipRight
0.1747499 -0.4809172 1.135096 17 KneeRight
0.04800155 -0.8969729 1.198181 18 AnkleRight
0.1680565 0.3795448 0.9988325 20 SpineShoulder
-0.1205434 -0.2422456 0.8141695 21 HandTipLeft
-0.08849347 -0.1785915 0.8092501 22 ThumbLeft
0.4152551 -0.2640082 1.118846 23 HandTipRight
0.4192857 -0.2172002 1.0965 24 ThumbRight
0.1304114 -0.1692964 0.9944606 0 SpineBase
0.1632633 0.1412114 0.9661068 1 SpineMid
0.1908877 0.4283019 0.9217409 2 Neck
0.02635671 0.2887273 0.8718736 4 ShoulderLeft
-0.09664653 0.03807963 0.8413784 5 ElbowLeft
-0.1458929 -0.1650302 0.7843322 6 WristLeft
-0.1520692 -0.1997471 0.7879903 7 HandLeft
0.3005457 0.3359947 0.9417098 8 ShoulderRight
0.3539759 0.07516989 1.050209 9 ElbowRight
0.4010198 -0.1313563 1.07142 10 WristRight
0.4153383 -0.2061324 1.06954 11 HandRight
0.05531796 -0.1617794 0.9463022 12 HipLeft
0.01374593 -0.5361943 0.6973595 13 KneeLeft
0.1960906 -0.1649795 0.9730891 16 HipRight
0.1887444 -0.4873994 1.084638 17 KneeRight
0.02038289 -0.8900735 1.142704 18 AnkleRight
0.18464 0.3597026 0.9346725 20 SpineShoulder
-0.1550308 -0.2553131 0.7797097 21 HandTipLeft
-0.1263672 -0.1888199 0.7628847 22 ThumbLeft
0.4256787 -0.2824641 1.086922 23 HandTipRight
0.4350245 -0.2513461 1.070769 24 ThumbRight
0.1344241 -0.2084337 0.8830231 0 SpineBase
0.1654262 0.1108231 0.8637826 1 SpineMid
0.190338 0.4035581 0.8263581 2 Neck
0.03359647 0.2516966 0.7747719 4 ShoulderLeft
-0.1004596 -0.01557551 0.7520724 5 ElbowLeft
-0.1620872 -0.2184442 0.7146006 6 WristLeft
-0.1705296 -0.2438811 0.7234386 7 HandLeft
0.3045019 0.3140498 0.8546697 8 ShoulderRight
0.3616571 0.05463387 0.9657772 9 ElbowRight
0.4151409 -0.1633137 1.002821 10 WristRight
0.4282185 -0.2253452 1.009733 11 HandRight
0.06170856 -0.2001037 0.8352036 12 HipLeft
0.06594656 -0.5975068 0.6333935 13 KneeLeft
0.19635 -0.2006112 0.8623443 16 HipRight
0.2514842 -0.505855 0.9885744 17 KneeRight
0.1848206 0.3339603 0.8375373 20 SpineShoulder
-0.1706918 -0.2973123 0.7302134 21 HandTipLeft
-0.1341766 -0.2278312 0.7128001 22 ThumbLeft
0.441672 -0.3020312 1.03299 23 HandTipRight
0.4341297 -0.25096 1.027857 24 ThumbRight
0.1354133 -0.234257 0.8080167 0 SpineBase
0.1625361 0.08855599 0.7887402 1 SpineMid
0.02889168 0.2275897 0.7035066 4 ShoulderLeft
-0.09054933 -0.04808309 0.6777376 5 ElbowLeft
-0.1393109 -0.2551807 0.6473679 6 WristLeft
-0.1398097 -0.2684133 0.668749 7 HandLeft
0.2461378 0.3092967 0.7558275 8 ShoulderRight
0.3568726 0.08963002 0.8989151 9 ElbowRight
0.4204096 -0.154533 0.9341881 10 WristRight
0.4261758 -0.2169934 0.9419138 11 HandRight
0.06464907 -0.2266588 0.7657235 12 HipLeft
0.0627888 -0.6118022 0.5366359 13 KneeLeft
0.1945417 -0.2223042 0.7827923 16 HipRight
0.2418717 -0.6047892 0.8961535 17 KneeRight
0.1785953 0.3132908 0.7608667 20 SpineShoulder
0.4401232 -0.3000192 0.9695635 23 HandTipRight
0.3594319 -0.2490092 0.8580999 24 ThumbRight
0.1425255 -0.2596974 0.7315692 0 SpineBase
0.2096322 0.06012048 0.7258523 1 SpineMid
0.2623409 0.3538903 0.6910257 2 Neck
0.03228985 0.3068194 0.6299815 4 ShoulderLeft
-0.04142 0.09399224 0.6026461 5 ElbowLeft
-0.08270326 -0.1179393 0.5630342 6 WristLeft
-0.05784394 -0.1871905 0.5511115 7 HandLeft
0.1602817 0.3310823 0.6221929 8 ShoulderRight
0.2677161 0.1137078 0.7036485 9 ElbowRight
0.4226914 -0.1547336 0.8230534 11 HandRight
0.07037919 -0.2527243 0.6853527 12 HipLeft
0.01285767 -0.6587597 0.5358374 13 KneeLeft
0.2011245 -0.243182 0.7109814 16 HipRight
0.2857351 -0.6227566 0.8071797 17 KneeRight
0.2502292 0.2847452 0.7020486 20 SpineShoulder
-0.08125678 -0.2651587 0.5277883 21 HandTipLeft
-0.01662946 -0.2184348 0.59825 22 ThumbLeft
0.4305903 -0.2434051 0.8412263 23 HandTipRight
0.3494658 -0.183853 0.7351667 24 ThumbRight
0.3576347 -0.4005313 0.7429955 0 SpineBase
0.4025493 -0.1282052 0.7411776 1 SpineMid
0.1990418 0.08615047 0.6718156 4 ShoulderLeft
0.0591171 -0.2636771 0.5374302 7 HandLeft
0.3259381 0.1107009 0.6626316 8 ShoulderRight
0.2905529 0.2262646 0.5368132 11 HandRight
0.2903997 -0.3948704 0.7203096 12 HipLeft
0.210993 -0.7963264 0.6069067 13 KneeLeft
0.3970143 -0.3751905 0.7081382 16 HipRight
0.4878209 -0.7418746 0.8128299 17 KneeRight
0.4280786 0.06686405 0.7282674 20 SpineShoulder
0.2362612 0.2886031 0.5244788 23 HandTipRight
0.3581874 0.2387331 0.5268261 24 ThumbRight
0.3289317 -0.3537712 0.6358191 0 SpineBase
0.3902411 -0.08295477 0.6646646 1 SpineMid
0.2007187 0.1242419 0.6255756 4 ShoulderLeft
0.3278635 0.1485981 0.6159781 8 ShoulderRight
0.214677 -0.3633128 0.5999351 12 HipLeft
0.4125274 -0.3127593 0.6145403 16 HipRight
0.4265226 0.1069724 0.6738364 20 SpineShoulder
0.05731521 -0.2797364 0.517731 21 HandTipLeft
0.02059145 -0.2081208 0.5476666 22 ThumbLeft
0.2579786 0.2800011 0.5210481 23 HandTipRight
0.2872695 0.2666398 0.5125 24 ThumbRight
0.3289317 -0.3537712 0.6358191 0 SpineBase
0.3902411 -0.08295477 0.6646646 1 SpineMid
0.2007187 0.1242419 0.6255756 4 ShoulderLeft
0.3278635 0.1485981 0.6159781 8 ShoulderRight
0.214677 -0.3633128 0.5999351 12 HipLeft
0.4125274 -0.3127593 0.6145403 16 HipRight
0.4265226 0.1069724 0.6738364 20 SpineShoulder
0.05731521 -0.2797364 0.517731 21 HandTipLeft
0.02059145 -0.2081208 0.5476666 22 ThumbLeft
0.2579786 0.2800011 0.5210481 23 HandTipRight
0.2872695 0.2666398 0.5125 24 ThumbRight
