Z           X            Y     Timestamp     Body id     Joint type ColorPointX ColorPointY  DepthPointX DepthPointY  WidthOfDisplay  HeightOfDisplay
1.714295 -0.3010942 -0.1097833 63657774886619 72057594037928494 7 813.616 599.3397 188.7267 228.8157 512 424 
1.623886 -0.08292437 -0.6480845 63657774886619 72057594037928494 19 948.9102 954.8297 234.4093 352.5732 512 424 
1.71476 -0.3007844 -0.1093422 63657774886681 72057594037928494 7 813.8488 599.0477 188.811 228.7147 512 424 
1.62405 -0.0830228 -0.6480796 63657774886681 72057594037928494 19 948.8477 954.7838 234.3888 352.5573 512 424 
1.713197 -0.3005184 -0.1099441 63657774886770 72057594037928494 7 813.8752 599.4822 188.8091 228.8652 512 424 
1.63033 -0.07599111 -0.6511098 63657774886770 72057594037928494 19 953.507 955.1191 236.0532 352.6757 512 424 
1.713197 -0.3005184 -0.1099441 63657774886770 72057594037928494 7 813.8752 599.4822 188.8091 228.8652 512 424 
1.63033 -0.07599111 -0.6511098 63657774886770 72057594037928494 19 953.507 955.1191 236.0532 352.6757 512 424 
1.713197 -0.3005184 -0.1099441 63657774886770 72057594037928494 7 813.8752 599.4822 188.8091 228.8652 512 424 
1.63033 -0.07599111 -0.6511098 63657774886770 72057594037928494 19 953.507 955.1191 236.0532 352.6757 512 424 
1.713197 -0.3005184 -0.1099441 63657774886770 72057594037928494 7 813.8752 599.4822 188.8091 228.8652 512 424 
1.63033 -0.07599111 -0.6511098 63657774886770 72057594037928494 19 953.507 955.1191 236.0532 352.6757 512 424 
1.713603 -0.3013847 -0.1096677 63657774886873 72057594037928494 7 813.3737 599.2961 188.638 228.8006 512 424 
1.628842 -0.08231242 -0.6483095 63657774886873 72057594037928494 19 949.3658 953.6837 234.6054 352.1753 512 424 
1.713603 -0.3013847 -0.1096677 63657774886873 72057594037928494 7 813.3737 599.2961 188.638 228.8006 512 424 
1.628842 -0.08231242 -0.6483095 63657774886873 72057594037928494 19 949.3658 953.6837 234.6054 352.1753 512 424 
1.714528 -0.3014166 -0.1098389 63657774886951 72057594037928494 7 813.4372 599.3652 188.6661 228.8246 512 424 
1.631549 -0.08236998 -0.6482664 63657774886951 72057594037928494 19 949.358 952.9531 234.6234 351.9214 512 424 
1.714528 -0.3014166 -0.1098389 63657774886951 72057594037928494 7 813.4372 599.3652 188.6661 228.8246 512 424 
1.631549 -0.08236998 -0.6482664 63657774886951 72057594037928494 19 949.358 952.9531 234.6234 351.9214 512 424 
1.715135 -0.3015002 -0.109765 63657774887024 72057594037928494 7 813.4398 599.2953 188.6711 228.8004 512 424 
1.631019 -0.08374396 -0.6475959 63657774887024 72057594037928494 19 948.4561 952.6542 234.3064 351.8172 512 424 
1.713531 -0.3006362 -0.1097892 63657774887090 72057594037928494 7 813.8315 599.3732 188.7963 228.8274 512 424 
1.630342 -0.08452146 -0.6473369 63657774887090 72057594037928494 19 947.941 952.6611 234.1226 351.8194 512 424 
1.713531 -0.3006362 -0.1097892 63657774887090 72057594037928494 7 813.8315 599.3732 188.7963 228.8274 512 424 
1.630342 -0.08452146 -0.6473369 63657774887090 72057594037928494 19 947.941 952.6611 234.1226 351.8194 512 424 
1.7132 -0.3007523 -0.1104526 63657774887188 72057594037928494 7 813.7315 599.7974 188.7586 228.9743 512 424 
1.630077 -0.08711618 -0.6459142 63657774887188 72057594037928494 19 946.244 951.8036 233.5321 351.5208 512 424 
1.7132 -0.3007523 -0.1104526 63657774887188 72057594037928494 7 813.7315 599.7974 188.7586 228.9743 512 424 
1.630077 -0.08711618 -0.6459142 63657774887188 72057594037928494 19 946.244 951.8036 233.5321 351.5208 512 424 
1.714205 -0.3018043 -0.1092156 63657774887271 72057594037928494 7 813.1665 598.9928 188.5706 228.6954 512 424 
1.629716 -0.08735275 -0.6459591 63657774887271 72057594037928494 19 946.0852 951.9265 233.4741 351.5634 512 424 
1.714205 -0.3018043 -0.1092156 63657774887271 72057594037928494 7 813.1665 598.9928 188.5706 228.6954 512 424 
1.629716 -0.08735275 -0.6459591 63657774887271 72057594037928494 19 946.0852 951.9265 233.4741 351.5634 512 424 
1.713333 -0.3013161 -0.109464 63657774887338 72057594037928494 7 813.3914 599.1807 188.6425 228.7606 512 424 
1.631383 -0.08549191 -0.6469412 63657774887338 72057594037928494 19 947.3207 952.1345 233.9153 351.6362 512 424 
1.713333 -0.3013161 -0.109464 63657774887338 72057594037928494 7 813.3914 599.1807 188.6425 228.7606 512 424 
1.631383 -0.08549191 -0.6469412 63657774887338 72057594037928494 19 947.3207 952.1345 233.9153 351.6362 512 424 
1.714168 -0.3009393 -0.1094112 63657774887459 72057594037928494 7 813.6998 599.1142 188.7553 228.7376 512 424 
1.631173 -0.08585154 -0.6468073 63657774887459 72057594037928494 19 947.0836 952.1018 233.8314 351.6247 512 424 
1.714168 -0.3009393 -0.1094112 63657774887459 72057594037928494 7 813.6998 599.1142 188.7553 228.7376 512 424 
1.631173 -0.08585154 -0.6468073 63657774887459 72057594037928494 19 947.0836 952.1018 233.8314 351.6247 512 424 
1.714393 -0.3016217 -0.1107745 63657774887529 72057594037928494 7 813.3001 599.95 188.6165 229.0271 512 424 
1.630916 -0.08651608 -0.6463278 63657774887529 72057594037928494 19 946.6465 951.8561 233.678 351.5391 512 424 
1.714393 -0.3016217 -0.1107745 63657774887529 72057594037928494 7 813.3001 599.95 188.6165 229.0271 512 424 
1.630916 -0.08651608 -0.6463278 63657774887529 72057594037928494 19 946.6465 951.8561 233.678 351.5391 512 424 
1.714393 -0.3016217 -0.1107745 63657774887529 72057594037928494 7 813.3001 599.95 188.6165 229.0271 512 424 
1.630916 -0.08651608 -0.6463278 63657774887529 72057594037928494 19 946.6465 951.8561 233.678 351.5391 512 424 
1.713403 -0.3013513 -0.1101964 63657774887682 72057594037928494 7 813.3776 599.6314 188.6374 228.9167 512 424 
1.628872 -0.08694325 -0.645395 63657774887682 72057594037928494 19 946.3403 951.7764 233.5567 351.5113 512 424 
1.713403 -0.3013513 -0.1101964 63657774887682 72057594037928494 7 813.3776 599.6314 188.6374 228.9167 512 424 
1.628872 -0.08694325 -0.645395 63657774887682 72057594037928494 19 946.3403 951.7764 233.5567 351.5113 512 424 
1.714094 -0.3019049 -0.1093223 63657774887810 72057594037928494 7 813.0944 599.0634 188.5447 228.7199 512 424 
1.628829 -0.08700518 -0.645473 63657774887810 72057594037928494 19 946.2994 951.8385 233.5421 351.5329 512 424 
1.714094 -0.3019049 -0.1093223 63657774887810 72057594037928494 7 813.0944 599.0634 188.5447 228.7199 512 424 
1.628829 -0.08700518 -0.645473 63657774887810 72057594037928494 19 946.2994 951.8385 233.5421 351.5329 512 424 
1.714094 -0.3019049 -0.1093223 63657774887810 72057594037928494 7 813.0944 599.0634 188.5447 228.7199 512 424 
1.628829 -0.08700518 -0.645473 63657774887810 72057594037928494 19 946.2994 951.8385 233.5421 351.5329 512 424 
1.714094 -0.3019049 -0.1093223 63657774887810 72057594037928494 7 813.0944 599.0634 188.5447 228.7199 512 424 
1.628829 -0.08700518 -0.645473 63657774887810 72057594037928494 19 946.2994 951.8385 233.5421 351.5329 512 424 
1.715367 -0.3021304 -0.1086244 63657774888004 72057594037928494 7 813.0676 598.5816 188.5447 228.5529 512 424 
1.627187 -0.0877242 -0.64302 63657774888004 72057594037928494 19 945.8043 950.6608 233.3592 351.1234 512 424 
1.715367 -0.3021304 -0.1086244 63657774888004 72057594037928494 7 813.0676 598.5816 188.5447 228.5529 512 424 
1.627187 -0.0877242 -0.64302 63657774888004 72057594037928494 19 945.8043 950.6608 233.3592 351.1234 512 424 
1.714678 -0.3025458 -0.1095522 63657774888075 72057594037928494 7 812.7502 599.1834 188.4289 228.7614 512 424 
1.714678 -0.3025458 -0.1095522 63657774888075 72057594037928494 7 812.7502 599.1834 188.4289 228.7614 512 424 
1.714678 -0.3025458 -0.1095522 63657774888075 72057594037928494 7 812.7502 599.1834 188.4289 228.7614 512 424 
1.715487 -0.3025571 -0.1087951 63657774888237 72057594037928494 7 812.8143 598.683 188.4574 228.588 512 424 
1.632007 -0.07776234 -0.6400387 63657774888237 72057594037928494 19 952.3478 947.4666 235.6711 350.0153 512 424 
1.714794 -0.3026774 -0.1085572 63657774888320 72057594037928494 7 812.6769 598.5634 188.4053 228.5465 512 424 
1.714794 -0.3026774 -0.1085572 63657774888320 72057594037928494 7 812.6769 598.5634 188.4053 228.5465 512 424 
1.715043 -0.3028665 -0.1089625 63657774888422 72057594037928494 7 812.5831 598.8045 188.3739 228.6301 512 424 
1.71644 -0.3038725 -0.1085143 63657774888502 72057594037928494 7 812.0851 598.4736 188.2109 228.5153 512 424 
1.716248 -0.3037059 -0.1084568 63657774888574 72057594037928494 7 812.1707 598.4455 188.2394 228.5056 512 424 
1.715853 -0.3039235 -0.1088585 63657774888644 72057594037928494 7 812.0013 598.7096 188.1775 228.597 512 424 
1.715202 -0.3040083 -0.1090279 63657774888722 72057594037928494 7 811.8903 598.8401 188.1344 228.6423 512 424 
1.717468 -0.3047614 -0.1077081 63657774888805 72057594037928494 7 811.6261 597.9364 188.0593 228.3291 512 424 
1.717178 -0.3044282 -0.108023 63657774888889 72057594037928494 7 811.8067 598.1418 188.1198 228.4003 512 424 
1.717178 -0.3044282 -0.108023 63657774888889 72057594037928494 7 811.8067 598.1418 188.1198 228.4003 512 424 
1.716597 -0.3039097 -0.1082311 63657774888965 72057594037928494 7 812.0756 598.2925 188.209 228.4525 512 424 
1.716597 -0.3039097 -0.1082311 63657774888965 72057594037928494 7 812.0756 598.2925 188.209 228.4525 512 424 
1.718345 -0.3047718 -0.1078796 63657774889059 72057594037928494 7 811.6995 598.0081 188.0905 228.354 512 424 
1.718345 -0.3047718 -0.1078796 63657774889059 72057594037928494 7 811.6995 598.0081 188.0905 228.354 512 424 
1.716662 -0.3036868 -0.1076228 63657774889161 72057594037928494 7 812.2181 597.9136 188.2596 228.3213 512 424 
1.627509 -0.0749499 -0.6357539 63657774889161 72057594037928494 19 954.1345 945.8165 236.2603 349.4421 512 424 
1.716662 -0.3036868 -0.1076228 63657774889161 72057594037928494 7 812.2181 597.9136 188.2596 228.3213 512 424 
1.627509 -0.0749499 -0.6357539 63657774889161 72057594037928494 19 954.1345 945.8165 236.2603 349.4421 512 424 
1.716547 -0.3033486 -0.1077423 63657774889264 72057594037928494 7 812.4172 597.9916 188.3278 228.3484 512 424 
1.716547 -0.3033486 -0.1077423 63657774889264 72057594037928494 7 812.4172 597.9916 188.3278 228.3484 512 424 
1.715474 -0.3036425 -0.10862 63657774889335 72057594037928494 7 812.1404 598.5768 188.2235 228.551 512 424 
1.715873 -0.3037879 -0.1078856 63657774889410 72057594037928494 7 812.0848 598.1071 188.2077 228.3883 512 424 
1.637762 -0.07768281 -0.632002 63657774889410 72057594037928494 19 952.4373 940.78 235.7515 347.6894 512 424 
1.718487 -0.3048073 -0.1071426 63657774889540 72057594037928494 7 811.6887 597.5476 188.0885 228.1944 512 424 
1.631957 -0.08192196 -0.6283129 63657774889540 72057594037928494 19 949.6176 939.8396 234.7308 347.3611 512 424 
1.718487 -0.3048073 -0.1071426 63657774889540 72057594037928494 7 811.6887 597.5476 188.0885 228.1944 512 424 
1.631957 -0.08192196 -0.6283129 63657774889540 72057594037928494 19 949.6176 939.8396 234.7308 347.3611 512 424 
1.716923 -0.3042824 -0.108484 63657774889607 72057594037928494 7 811.875 598.4365 188.1412 228.5024 512 424 
1.632488 -0.08165848 -0.6285968 63657774889607 72057594037928494 19 949.7953 939.8912 234.7964 347.3792 512 424 
1.716923 -0.3042824 -0.108484 63657774889607 72057594037928494 7 811.875 598.4365 188.1412 228.5024 512 424 
1.632488 -0.08165848 -0.6285968 63657774889607 72057594037928494 19 949.7953 939.8912 234.7964 347.3792 512 424 
1.716936 -0.3045313 -0.1077401 63657774889711 72057594037928494 7 811.7205 597.9766 188.0885 228.343 512 424 
1.631877 -0.08141094 -0.629231 63657774889711 72057594037928494 19 949.9511 940.4576 234.8454 347.5764 512 424 
1.716936 -0.3045313 -0.1077401 63657774889711 72057594037928494 7 811.7205 597.9766 188.0885 228.343 512 424 
1.631877 -0.08141094 -0.629231 63657774889711 72057594037928494 19 949.9511 940.4576 234.8454 347.5764 512 424 
1.715309 -0.3037494 -0.1092051 63657774889781 72057594037928494 7 812.0607 598.9453 188.1941 228.6787 512 424 
1.632627 -0.08148142 -0.6290048 63657774889781 72057594037928494 19 949.9128 940.1217 234.838 347.4594 512 424 
1.715309 -0.3037494 -0.1092051 63657774889781 72057594037928494 7 812.0607 598.9453 188.1941 228.6787 512 424 
1.632627 -0.08148142 -0.6290048 63657774889781 72057594037928494 19 949.9128 940.1217 234.838 347.4594 512 424 
1.717408 -0.3044977 -0.1078514 63657774890042 72057594037928494 7 811.7841 598.0269 188.1136 228.3605 512 424 
1.717408 -0.3044977 -0.1078514 63657774890042 72057594037928494 7 811.7841 598.0269 188.1136 228.3605 512 424 
1.632944 -0.07945854 -0.6310931 63657774890042 72057594037928494 19 951.2363 941.4007 235.2985 347.905 512 424 
1.717408 -0.3044977 -0.1078514 63657774890042 72057594037928494 7 811.7841 598.0269 188.1136 228.3605 512 424 
1.632944 -0.07945854 -0.6310931 63657774890042 72057594037928494 19 951.2363 941.4007 235.2985 347.905 512 424 
1.716772 -0.3047433 -0.1083357 63657774890121 72057594037928494 7 811.5756 598.3514 188.0364 228.4728 512 424 
1.716772 -0.3047433 -0.1083357 63657774890121 72057594037928494 7 811.5756 598.3514 188.0364 228.4728 512 424 
1.714586 -0.3030795 -0.1084662 63657774890200 72057594037928494 7 812.4088 598.5157 188.3109 228.53 512 424 
1.714586 -0.3030795 -0.1084662 63657774890200 72057594037928494 7 812.4088 598.5157 188.3109 228.53 512 424 
1.708102 -0.2958021 -0.1133313 63657774890288 72057594037928494 7 816.3596 601.7841 189.6334 229.6633 512 424 
1.708102 -0.2958021 -0.1133313 63657774890288 72057594037928494 7 816.3596 601.7841 189.6334 229.6633 512 424 
1.708102 -0.2958021 -0.1133313 63657774890288 72057594037928494 7 816.3596 601.7841 189.6334 229.6633 512 424 
1.710205 -0.2983814 -0.1116508 63657774890378 72057594037928494 7 814.9386 600.658 189.1562 229.2728 512 424 
1.626396 -0.07968555 -0.6310933 63657774890378 72057594037928494 19 951.0232 943.0565 235.1745 348.4809 512 424 
1.710205 -0.2983814 -0.1116508 63657774890378 72057594037928494 7 814.9386 600.658 189.1562 229.2728 512 424 
1.626396 -0.07968555 -0.6310933 63657774890378 72057594037928494 19 951.0232 943.0565 235.1745 348.4809 512 424 
1.713807 -0.3008954 -0.1101883 63657774890489 72057594037928494 7 813.6964 599.6096 188.7508 228.9093 512 424 
1.713807 -0.3008954 -0.1101883 63657774890489 72057594037928494 7 813.6964 599.6096 188.7508 228.9093 512 424 
1.714943 -0.3015384 -0.1087582 63657774890556 72057594037928494 7 813.3965 598.6802 188.6559 228.5872 512 424 
1.714943 -0.3015384 -0.1087582 63657774890556 72057594037928494 7 813.3965 598.6802 188.6559 228.5872 512 424 
1.714369 -0.3023795 -0.109423 63657774890660 72057594037928494 7 812.8251 599.1155 188.453 228.7379 512 424 
1.634387 -0.07853891 -0.6321006 63657774890660 72057594037928494 19 951.8502 941.6927 235.522 348.0068 512 424 
1.714369 -0.3023795 -0.109423 63657774890660 72057594037928494 7 812.8251 599.1155 188.453 228.7379 512 424 
1.634387 -0.07853891 -0.6321006 63657774890660 72057594037928494 19 951.8502 941.6927 235.522 348.0068 512 424 
1.715057 -0.3034176 -0.1089492 63657774890738 72057594037928494 7 812.2429 598.7965 188.2559 228.6272 512 424 
