Z           X            Y     Timestamp     Body id     Joint type ColorPointX ColorPointY  DepthPointX DepthPointY  WidthOfDisplay  HeightOfDisplay
1.720262 -0.3058289 -0.1049663 63657774899074 72057594037928494 7 811.213 596.138 187.9376 227.7059 512 424 
1.636015 -0.07879401 -0.6309481 63657774899074 72057594037928494 19 951.6979 940.5339 235.4822 347.6036 512 424 
1.720262 -0.3058289 -0.1049663 63657774899074 72057594037928494 7 811.213 596.138 187.9376 227.7059 512 424 
1.636015 -0.07879401 -0.6309481 63657774899074 72057594037928494 19 951.6979 940.5339 235.4822 347.6036 512 424 
1.719455 -0.3064459 -0.105538 63657774899156 72057594037928494 7 810.7598 596.5222 187.7742 227.8389 512 424 
1.634056 -0.07774433 -0.6324754 63657774899156 72057594037928494 19 952.3643 942.0193 235.6978 348.1206 512 424 
1.719455 -0.3064459 -0.105538 63657774899156 72057594037928494 7 810.7598 596.5222 187.7742 227.8389 512 424 
1.634056 -0.07774433 -0.6324754 63657774899156 72057594037928494 19 952.3643 942.0193 235.6978 348.1206 512 424 
1.719505 -0.3060392 -0.1062147 63657774899242 72057594037928494 7 811.0174 596.9373 187.8632 227.9828 512 424 
1.632409 -0.07714523 -0.633293 63657774899242 72057594037928494 19 952.7408 942.967 235.8154 348.4505 512 424 
1.722001 -0.3067919 -0.1053806 63657774899322 72057594037928494 7 810.7773 596.3288 187.7975 227.7719 512 424 
1.632854 -0.07761312 -0.632988 63657774899322 72057594037928494 19 952.4396 942.6563 235.7144 348.3422 512 424 
1.720735 -0.3069583 -0.1050033 63657774899401 72057594037928494 7 810.5587 596.1444 187.7135 227.708 512 424 
1.631972 -0.07735941 -0.633233 63657774899401 72057594037928494 19 952.5972 943.0386 235.7623 348.4753 512 424 
1.720735 -0.3069583 -0.1050033 63657774899401 72057594037928494 7 810.5587 596.1444 187.7135 227.708 512 424 
1.631972 -0.07735941 -0.633233 63657774899401 72057594037928494 19 952.5972 943.0386 235.7623 348.4753 512 424 
1.719708 -0.3067596 -0.1062082 63657774899501 72057594037928494 7 810.5906 596.9266 187.7164 227.9789 512 424 
1.720029 -0.305869 -0.1053506 63657774899568 72057594037928494 7 811.168 596.3839 187.92 227.7911 512 424 
1.720029 -0.305869 -0.1053506 63657774899568 72057594037928494 7 811.168 596.3839 187.92 227.7911 512 424 
1.720029 -0.305869 -0.1053506 63657774899568 72057594037928494 7 811.168 596.3839 187.92 227.7911 512 424 
1.718489 -0.3061506 -0.10391 63657774899664 72057594037928494 7 810.8508 595.5535 187.8012 227.5033 512 424 
1.638428 -0.07967808 -0.6297239 63657774899664 72057594037928494 19 951.1452 939.1359 235.3095 347.1169 512 424 
1.715708 -0.3051585 -0.103686 63657774899732 72057594037928494 7 811.2114 595.5182 187.908 227.4912 512 424 
1.636146 -0.07927029 -0.6305021 63657774899732 72057594037928494 19 951.3889 940.2118 235.3763 347.4913 512 424 
1.715708 -0.3051585 -0.103686 63657774899732 72057594037928494 7 811.2114 595.5182 187.908 227.4912 512 424 
1.636146 -0.07927029 -0.6305021 63657774899732 72057594037928494 19 951.3889 940.2118 235.3763 347.4913 512 424 
1.7079 -0.3003029 -0.106021 63657774899818 72057594037928494 7 813.5247 597.2572 188.656 228.0942 512 424 
1.635848 -0.07919 -0.6305432 63657774899818 72057594037928494 19 951.4382 940.313 235.3911 347.5266 512 424 
1.7079 -0.3003029 -0.106021 63657774899818 72057594037928494 7 813.5247 597.2572 188.656 228.0942 512 424 
1.635848 -0.07919 -0.6305432 63657774899818 72057594037928494 19 951.4382 940.313 235.3911 347.5266 512 424 
1.634115 -0.07774079 -0.6326082 63657774899887 72057594037928494 19 952.3674 942.0909 235.6992 348.1455 512 424 
1.634115 -0.07774079 -0.6326082 63657774899887 72057594037928494 19 952.3674 942.0909 235.6992 348.1455 512 424 
1.634115 -0.07774079 -0.6326082 63657774899887 72057594037928494 19 952.3674 942.0909 235.6992 348.1455 512 424 
1.628355 -0.0746367 -0.6359457 63657774899968 72057594037928494 19 954.3461 945.7256 236.3402 349.4105 512 424 
1.669236 -0.2974838 0.4748824 63657774900679 72057594037928494 7 810.1911 228.664 187.5385 100.3827 512 424 
1.647108 -0.2830236 0.4543339 63657774900754 72057594037928494 7 817.4837 237.8851 189.9062 103.5951 512 424 
1.717202 -0.01644592 0.4710273 63657774900754 72057594037928494 11 988.8087 239.0041 249.7282 104.2809 512 424 
1.627667 -0.2777493 0.4418777 63657774900834 72057594037928494 7 819.1777 242.5335 190.3499 105.2107 512 424 
1.706143 -0.02851805 0.4716353 63657774900834 72057594037928494 11 981.4131 236.7522 247.0995 103.4886 512 424 
1.627667 -0.2777493 0.4418777 63657774900834 72057594037928494 7 819.1777 242.5335 190.3499 105.2107 512 424 
1.706143 -0.02851805 0.4716353 63657774900834 72057594037928494 11 981.4131 236.7522 247.0995 103.4886 512 424 
1.614794 -0.2710113 0.4332745 63657774900975 72057594037928494 7 822.4622 245.9022 191.3921 106.3857 512 424 
1.685783 -0.03023107 0.4612308 63657774900975 72057594037928494 11 980.5254 239.7817 246.6514 104.539 512 424 
1.614794 -0.2710113 0.4332745 63657774900975 72057594037928494 7 822.4622 245.9022 191.3921 106.3857 512 424 
1.685783 -0.03023107 0.4612308 63657774900975 72057594037928494 11 980.5254 239.7817 246.6514 104.539 512 424 
1.614794 -0.2710113 0.4332745 63657774900975 72057594037928494 7 822.4622 245.9022 191.3921 106.3857 512 424 
1.685783 -0.03023107 0.4612308 63657774900975 72057594037928494 11 980.5254 239.7817 246.6514 104.539 512 424 
1.614794 -0.2710113 0.4332745 63657774900975 72057594037928494 7 822.4622 245.9022 191.3921 106.3857 512 424 
1.685783 -0.03023107 0.4612308 63657774900975 72057594037928494 11 980.5254 239.7817 246.6514 104.539 512 424 
1.612291 -0.2629178 0.4402511 63657774901147 72057594037928494 7 827.5587 240.8267 193.1444 104.6339 512 424 
1.685289 -0.03031029 0.4631819 63657774901147 72057594037928494 11 980.4747 238.4604 246.6319 104.08 512 424 
1.612291 -0.2629178 0.4402511 63657774901147 72057594037928494 7 827.5587 240.8267 193.1444 104.6339 512 424 
1.685289 -0.03031029 0.4631819 63657774901147 72057594037928494 11 980.4747 238.4604 246.6319 104.08 512 424 
1.616173 -0.2630759 0.4409545 63657774901237 72057594037928494 7 827.7887 241.0613 193.2532 104.7159 512 424 
1.68742 -0.03003013 0.4638518 63657774901237 72057594037928494 11 980.6334 238.4063 246.7014 104.0615 512 424 
1.616173 -0.2630759 0.4409545 63657774901237 72057594037928494 7 827.7887 241.0613 193.2532 104.7159 512 424 
1.68742 -0.03003013 0.4638518 63657774901237 72057594037928494 11 980.6334 238.4063 246.7014 104.0615 512 424 
1.623828 -0.2632877 0.4414345 63657774901358 72057594037928494 7 828.3074 242.1169 193.4894 105.0836 512 424 
1.693087 -0.02935908 0.465207 63657774901358 72057594037928494 11 981.0077 238.5323 246.8693 104.106 512 424 
1.623828 -0.2632877 0.4414345 63657774901358 72057594037928494 7 828.3074 242.1169 193.4894 105.0836 512 424 
1.693087 -0.02935908 0.465207 63657774901358 72057594037928494 11 981.0077 238.5323 246.8693 104.106 512 424 
1.627965 -0.2639297 0.4398912 63657774901427 72057594037928494 7 828.2463 243.8661 193.4978 105.6907 512 424 
1.697032 -0.02821559 0.4676432 63657774901427 72057594037928494 11 981.6877 237.6791 247.1322 103.8107 512 424 
1.627965 -0.2639297 0.4398912 63657774901427 72057594037928494 7 828.2463 243.8661 193.4978 105.6907 512 424 
1.697032 -0.02821559 0.4676432 63657774901427 72057594037928494 11 981.6877 237.6791 247.1322 103.8107 512 424 
1.627965 -0.2639297 0.4398912 63657774901427 72057594037928494 7 828.2463 243.8661 193.4978 105.6907 512 424 
1.697032 -0.02821559 0.4676432 63657774901427 72057594037928494 11 981.6877 237.6791 247.1322 103.8107 512 424 
1.63149 -0.2653 0.4407472 63657774901561 72057594037928494 7 827.6508 243.9304 193.317 105.7121 512 424 
1.699742 -0.02994891 0.4676248 63657774901561 72057594037928494 11 980.5792 238.1632 246.7665 103.9774 512 424 
1.62477 -0.243048 0.4713388 63657774901631 72057594037928494 7 841.5576 222.6012 198.1044 98.33536 512 424 
1.70393 -0.03028352 0.4705255 63657774901631 72057594037928494 11 980.3309 237.0684 246.71 103.5969 512 424 
1.62477 -0.243048 0.4713388 63657774901631 72057594037928494 7 841.5576 222.6012 198.1044 98.33536 512 424 
1.70393 -0.03028352 0.4705255 63657774901631 72057594037928494 11 980.3309 237.0684 246.71 103.5969 512 424 
1.62477 -0.243048 0.4713388 63657774901631 72057594037928494 7 841.5576 222.6012 198.1044 98.33536 512 424 
1.70393 -0.03028352 0.4705255 63657774901631 72057594037928494 11 980.3309 237.0684 246.71 103.5969 512 424 
1.641908 -0.2722127 0.4410253 63657774901807 72057594037928494 7 824.0569 245.5875 192.1451 106.2807 512 424 
1.709482 -0.03139358 0.4711449 63657774901807 72057594037928494 11 979.5959 237.6411 246.4922 103.7949 512 424 
1.640899 -0.0827155 -0.6460719 63657774901807 72057594037928494 19 949.2329 949.1212 234.6522 350.5895 512 424 
1.641908 -0.2722127 0.4410253 63657774901807 72057594037928494 7 824.0569 245.5875 192.1451 106.2807 512 424 
1.709482 -0.03139358 0.4711449 63657774901807 72057594037928494 11 979.5959 237.6411 246.4922 103.7949 512 424 
1.640899 -0.0827155 -0.6460719 63657774901807 72057594037928494 19 949.2329 949.1212 234.6522 350.5895 512 424 
1.641623 -0.2725967 0.4419385 63657774901879 72057594037928494 7 823.7802 244.9448 192.0474 106.0571 512 424 
1.709884 -0.03141297 0.4702244 63657774901879 72057594037928494 11 979.583 238.2851 246.4897 104.0186 512 424 
1.641623 -0.2725967 0.4419385 63657774901879 72057594037928494 7 823.7802 244.9448 192.0474 106.0571 512 424 
1.709884 -0.03141297 0.4702244 63657774901879 72057594037928494 11 979.583 238.2851 246.4897 104.0186 512 424 
1.642257 -0.273141 0.4425984 63657774901957 72057594037928494 7 823.4808 244.6275 191.9483 105.9464 512 424 
1.71269 -0.03192857 0.4711326 63657774901957 72057594037928494 11 979.2404 238.201 246.3899 103.989 512 424 
1.64092 -0.2702782 0.4466057 63657774902008 72057594037928494 7 825.2083 241.7825 192.5396 104.9623 512 424 
1.71102 -0.0328761 0.4706874 63657774902008 72057594037928494 11 978.6634 238.1944 246.1793 103.9859 512 424 
1.64092 -0.2702782 0.4466057 63657774902008 72057594037928494 7 825.2083 241.7825 192.5396 104.9623 512 424 
1.71102 -0.0328761 0.4706874 63657774902008 72057594037928494 11 978.6634 238.1944 246.1793 103.9859 512 424 
1.640945 -0.2700123 0.4475322 63657774902101 72057594037928494 7 825.3802 241.1837 192.5997 104.7548 512 424 
1.712105 -0.03308517 0.4710941 63657774902101 72057594037928494 11 978.5253 238.1273 246.1388 103.9624 512 424 
1.640435 -0.2715278 0.4472691 63657774902125 72057594037928494 7 824.3535 241.2671 192.2397 104.7817 512 424 
1.709564 -0.03357178 0.4716905 63657774902125 72057594037928494 11 978.2375 237.3194 246.0232 103.6813 512 424 
1.641146 -0.2716222 0.4456538 63657774902203 72057594037928494 7 824.3593 242.4438 192.2462 105.1901 512 424 
1.712054 -0.03417391 0.4729209 63657774902203 72057594037928494 11 977.8445 236.9817 245.9042 103.5636 512 424 
1.641894 -0.2722775 0.4476044 63657774902270 72057594037928494 7 823.9937 241.3086 192.1255 104.7955 512 424 
1.711972 -0.03459409 0.4728061 63657774902270 72057594037928494 11 977.5838 237.0402 245.8134 103.5835 512 424 
1.642857 -0.2721131 0.4480397 63657774902338 72057594037928494 7 824.1832 241.1959 192.1982 104.7568 512 424 
1.71078 -0.0346521 0.4722492 63657774902338 72057594037928494 11 977.5563 237.1824 245.7958 103.6328 512 424 
1.642539 -0.2711959 0.4488245 63657774902430 72057594037928494 7 824.7474 240.6282 192.392 104.5608 512 424 
1.712209 -0.03607129 0.4728887 63657774902430 72057594037928494 11 976.6638 237.0326 245.4967 103.5796 512 424 
1.642539 -0.2711959 0.4488245 63657774902430 72057594037928494 7 824.7474 240.6282 192.392 104.5608 512 424 
1.712209 -0.03607129 0.4728887 63657774902430 72057594037928494 11 976.6638 237.0326 245.4967 103.5796 512 424 
1.642539 -0.2711959 0.4488245 63657774902430 72057594037928494 7 824.7474 240.6282 192.392 104.5608 512 424 
1.712209 -0.03607129 0.4728887 63657774902430 72057594037928494 11 976.6638 237.0326 245.4967 103.5796 512 424 
1.641268 -0.2710463 0.4483452 63657774902541 72057594037928494 7 824.7351 240.714 192.3785 104.5905 512 424 
1.714192 -0.03547388 0.4736543 63657774902541 72057594037928494 11 977.0223 236.8954 245.634 103.5325 512 424 
1.643406 -0.2704623 0.4499407 63657774902642 72057594037928494 7 825.2945 240.0556 192.5884 104.3632 512 424 
1.713849 -0.03709755 0.4741693 63657774902642 72057594037928494 11 976.0144 236.5191 245.2835 103.4004 512 424 
1.643406 -0.2704623 0.4499407 63657774902642 72057594037928494 7 825.2945 240.0556 192.5884 104.3632 512 424 
1.713849 -0.03709755 0.4741693 63657774902642 72057594037928494 11 976.0144 236.5191 245.2835 103.4004 512 424 
1.64498 -0.2702009 0.450663 63657774902761 72057594037928494 7 825.5977 239.8656 192.7051 104.2979 512 424 
1.71468 -0.03617486 0.4737813 63657774902761 72057594037928494 11 976.584 236.9018 245.4857 103.5341 512 424 
1.64498 -0.2702009 0.450663 63657774902761 72057594037928494 7 825.5977 239.8656 192.7051 104.2979 512 424 
1.71468 -0.03617486 0.4737813 63657774902761 72057594037928494 11 976.584 236.9018 245.4857 103.5341 512 424 
1.645473 -0.2715305 0.4494463 63657774902833 72057594037928494 7 824.7838 240.7445 192.4258 104.6014 512 424 
1.716882 -0.03691863 0.4749027 63657774902833 72057594037928494 11 976.1085 236.5842 245.336 103.4232 512 424 
1.646258 -0.2710393 0.4504152 63657774902904 72057594037928494 7 825.1666 240.2543 192.5645 104.432 512 424 
1.717079 -0.0363775 0.4748265 63657774902904 72057594037928494 11 976.4431 236.6643 245.453 103.4515 512 424 
1.647557 -0.2708912 0.4501666 63657774902976 72057594037928494 7 825.3754 240.6453 192.6461 104.5681 512 424 
1.719765 -0.03664127 0.4759825 63657774902976 72057594037928494 11 976.2628 236.4084 245.4086 103.3624 512 424 
1.647557 -0.2708912 0.4501666 63657774902976 72057594037928494 7 825.3754 240.6453 192.6461 104.5681 512 424 
1.719765 -0.03664127 0.4759825 63657774902976 72057594037928494 11 976.2628 236.4084 245.4086 103.3624 512 424 
1.647557 -0.2708912 0.4501666 63657774902976 72057594037928494 7 825.3754 240.6453 192.6461 104.5681 512 424 
1.719765 -0.03664127 0.4759825 63657774902976 72057594037928494 11 976.2628 236.4084 245.4086 103.3624 512 424 
1.648108 -0.2706742 0.450688 63657774903070 72057594037928494 7 825.5615 240.4045 192.7147 104.4849 512 424 
1.710806 -0.0399253 0.4686535 63657774903070 72057594037928494 11 974.2827 239.442 244.6612 104.4131 512 424 
1.648108 -0.2706742 0.450688 63657774903070 72057594037928494 7 825.5615 240.4045 192.7147 104.4849 512 424 
1.710806 -0.0399253 0.4686535 63657774903070 72057594037928494 11 974.2827 239.442 244.6612 104.4131 512 424 
1.648108 -0.2706742 0.450688 63657774903070 72057594037928494 7 825.5615 240.4045 192.7147 104.4849 512 424 
1.710806 -0.0399253 0.4686535 63657774903070 72057594037928494 11 974.2827 239.442 244.6612 104.4131 512 424 
1.651314 -0.2688242 0.4512927 63657774903225 72057594037928494 7 827.0278 240.5762 193.2463 104.5475 512 424 
1.720988 -0.0387586 0.4806526 63657774903225 72057594037928494 11 974.9361 233.7256 244.9606 102.4288 512 424 
1.651314 -0.2688242 0.4512927 63657774903225 72057594037928494 7 827.0278 240.5762 193.2463 104.5475 512 424 
1.720988 -0.0387586 0.4806526 63657774903225 72057594037928494 11 974.9361 233.7256 244.9606 102.4288 512 424 
1.651314 -0.2688242 0.4512927 63657774903225 72057594037928494 7 827.0278 240.5762 193.2463 104.5475 512 424 
1.720988 -0.0387586 0.4806526 63657774903225 72057594037928494 11 974.9361 233.7256 244.9606 102.4288 512 424 
1.651314 -0.2688242 0.4512927 63657774903225 72057594037928494 7 827.0278 240.5762 193.2463 104.5475 512 424 
1.720988 -0.0387586 0.4806526 63657774903225 72057594037928494 11 974.9361 233.7256 244.9606 102.4288 512 424 
1.656226 -0.2682928 0.4504056 63657774903366 72057594037928494 7 827.7889 242.011 193.5446 105.0471 512 424 
1.718112 -0.04749897 0.4896802 63657774903366 72057594037928494 11 969.5119 227.6345 243.0716 100.3054 512 424 
1.656226 -0.2682928 0.4504056 63657774903366 72057594037928494 7 827.7889 242.011 193.5446 105.0471 512 424 
1.718112 -0.04749897 0.4896802 63657774903366 72057594037928494 11 969.5119 227.6345 243.0716 100.3054 512 424 
1.658242 -0.2674687 0.4514949 63657774903439 72057594037928494 7 828.4846 241.6608 193.8004 104.927 512 424 
1.706253 -0.04894115 0.4841082 63657774903439 72057594037928494 11 968.6401 229.01 242.6898 100.7817 512 424 
1.658242 -0.2674687 0.4514949 63657774903439 72057594037928494 7 828.4846 241.6608 193.8004 104.927 512 424 
1.706253 -0.04894115 0.4841082 63657774903439 72057594037928494 11 968.6401 229.01 242.6898 100.7817 512 424 
1.658242 -0.2674687 0.4514949 63657774903439 72057594037928494 7 828.4846 241.6608 193.8004 104.927 512 424 
1.706253 -0.04894115 0.4841082 63657774903439 72057594037928494 11 968.6401 229.01 242.6898 100.7817 512 424 
1.660896 -0.2672859 0.4515294 63657774903529 72057594037928494 7 828.8239 242.102 193.9367 105.0809 512 424 
1.69904 -0.05404112 0.4784787 63657774903529 72057594037928494 11 965.463 231.2734 241.5398 101.563 512 424 
1.660896 -0.2672859 0.4515294 63657774903529 72057594037928494 7 828.8239 242.102 193.9367 105.0809 512 424 
1.69904 -0.05404112 0.4784787 63657774903529 72057594037928494 11 965.463 231.2734 241.5398 101.563 512 424 
1.664966 -0.2774101 0.45254 63657774903610 72057594037928494 7 822.688 242.1788 191.8366 105.0959 512 424 
1.698712 -0.05543111 0.4763888 63657774903610 72057594037928494 11 964.5963 232.532 241.2365 101.9988 512 424 
1.664966 -0.2774101 0.45254 63657774903610 72057594037928494 7 822.688 242.1788 191.8366 105.0959 512 424 
1.698712 -0.05543111 0.4763888 63657774903610 72057594037928494 11 964.5963 232.532 241.2365 101.9988 512 424 
1.664667 -0.2749745 0.4534006 63657774903712 72057594037928494 7 824.2167 241.5711 192.3652 104.8879 512 424 
1.700303 -0.05385216 0.4758426 63657774903712 72057594037928494 11 965.5889 233.1517 241.59 102.2156 512 424 
1.664667 -0.2749745 0.4534006 63657774903712 72057594037928494 7 824.2167 241.5711 192.3652 104.8879 512 424 
1.700303 -0.05385216 0.4758426 63657774903712 72057594037928494 11 965.5889 233.1517 241.59 102.2156 512 424 
1.662562 -0.260881 0.4573176 63657774903805 72057594037928494 7 833.0463 238.6657 195.4152 103.8964 512 424 
1.699677 -0.05512731 0.4750715 63657774903805 72057594037928494 11 964.7913 233.5289 241.3095 102.3454 512 424 
1.662562 -0.260881 0.4573176 63657774903805 72057594037928494 7 833.0463 238.6657 195.4152 103.8964 512 424 
1.699677 -0.05512731 0.4750715 63657774903805 72057594037928494 11 964.7913 233.5289 241.3095 102.3454 512 424 
1.663502 -0.2632395 0.4552398 63657774903896 72057594037928494 7 831.6193 240.1684 194.926 104.4153 512 424 
1.700808 -0.05482582 0.4759232 63657774903896 72057594037928494 11 964.9796 233.192 241.3826 102.2287 512 424 
1.664331 -0.2622964 0.4575601 63657774903974 72057594037928494 7 832.2834 238.8242 195.163 103.95 512 424 
1.700293 -0.05523302 0.4757444 63657774903974 72057594037928494 11 964.7244 233.2147 241.2908 102.2362 512 424 
1.664331 -0.2622964 0.4575601 63657774903974 72057594037928494 7 832.2834 238.8242 195.163 103.95 512 424 
1.700293 -0.05523302 0.4757444 63657774903974 72057594037928494 11 964.7244 233.2147 241.2908 102.2362 512 424 
1.661783 -0.253247 0.4646104 63657774904084 72057594037928494 7 837.8516 233.831 197.0793 102.2273 512 424 
1.695603 -0.05234154 0.4642313 63657774904084 72057594037928494 11 966.5596 239.6317 241.8875 104.4675 512 424 
1.661783 -0.253247 0.4646104 63657774904084 72057594037928494 7 837.8516 233.831 197.0793 102.2273 512 424 
1.695603 -0.05234154 0.4642313 63657774904084 72057594037928494 11 966.5596 239.6317 241.8875 104.4675 512 424 
1.661783 -0.253247 0.4646104 63657774904084 72057594037928494 7 837.8516 233.831 197.0793 102.2273 512 424 
1.695603 -0.05234154 0.4642313 63657774904084 72057594037928494 11 966.5596 239.6317 241.8875 104.4675 512 424 
1.665596 -0.2689127 0.4569302 63657774904184 72057594037928494 7 828.1599 239.4613 193.741 104.1633 512 424 
1.695353 -0.05157693 0.46516 63657774904184 72057594037928494 11 967.0374 239.0022 242.0518 104.2496 512 424 
1.665596 -0.2689127 0.4569302 63657774904184 72057594037928494 7 828.1599 239.4613 193.741 104.1633 512 424 
1.695353 -0.05157693 0.46516 63657774904184 72057594037928494 11 967.0374 239.0022 242.0518 104.2496 512 424 
1.667364 -0.2699611 0.4572767 63657774904271 72057594037928494 7 827.6375 239.5511 193.5722 104.1935 512 424 
1.695459 -0.05213581 0.4659936 63657774904271 72057594037928494 11 966.6846 238.4968 241.931 104.0735 512 424 
1.667364 -0.2699611 0.4572767 63657774904271 72057594037928494 7 827.6375 239.5511 193.5722 104.1935 512 424 
1.695459 -0.05213581 0.4659936 63657774904271 72057594037928494 11 966.6846 238.4968 241.931 104.0735 512 424 
1.667364 -0.2699611 0.4572767 63657774904271 72057594037928494 7 827.6375 239.5511 193.5722 104.1935 512 424 
1.695459 -0.05213581 0.4659936 63657774904271 72057594037928494 11 966.6846 238.4968 241.931 104.0735 512 424 
1.662532 -0.25522 0.4607208 63657774904396 72057594037928494 7 836.6582 236.4661 196.6692 103.1397 512 424 
1.695662 -0.05116066 0.4662203 63657774904396 72057594037928494 11 967.2963 238.387 242.1441 104.0363 512 424 
1.662532 -0.25522 0.4607208 63657774904396 72057594037928494 7 836.6582 236.4661 196.6692 103.1397 512 424 
1.695662 -0.05116066 0.4662203 63657774904396 72057594037928494 11 967.2963 238.387 242.1441 104.0363 512 424 
1.662532 -0.25522 0.4607208 63657774904396 72057594037928494 7 836.6582 236.4661 196.6692 103.1397 512 424 
1.695662 -0.05116066 0.4662203 63657774904396 72057594037928494 11 967.2963 238.387 242.1441 104.0363 512 424 
1.662228 -0.255307 0.459794 63657774904478 72057594037928494 7 836.5812 237.0074 196.64 103.3275 512 424 
1.695227 -0.05156515 0.4666021 63657774904478 72057594037928494 11 967.0413 238.0722 242.0533 103.9266 512 424 
1.665381 -0.2693012 0.4571199 63657774904506 72057594037928494 7 827.8931 239.3025 193.647 104.1076 512 424 
1.698158 -0.04950548 0.4691123 63657774904506 72057594037928494 11 968.3273 236.9966 242.519 103.5549 512 424 
1.665381 -0.2693012 0.4571199 63657774904506 72057594037928494 7 827.8931 239.3025 193.647 104.1076 512 424 
1.698158 -0.04950548 0.4691123 63657774904506 72057594037928494 11 968.3273 236.9966 242.519 103.5549 512 424 
1.664555 -0.2573887 0.4611558 63657774904599 72057594037928494 7 835.4293 236.5496 196.2571 103.1665 512 424 
1.699999 -0.04924787 0.4694528 63657774904599 72057594037928494 11 968.4868 237.1015 242.5865 103.5916 512 424 
1.664555 -0.2573887 0.4611558 63657774904599 72057594037928494 7 835.4293 236.5496 196.2571 103.1665 512 424 
1.699999 -0.04924787 0.4694528 63657774904599 72057594037928494 11 968.4868 237.1015 242.5865 103.5916 512 424 
1.664451 -0.2570571 0.4610863 63657774904675 72057594037928494 7 835.6333 236.5753 196.3271 103.1758 512 424 
1.698574 -0.04982966 0.4693992 63657774904675 72057594037928494 11 968.1232 236.8892 242.4513 103.5174 512 424 
1.664451 -0.2570571 0.4610863 63657774904675 72057594037928494 7 835.6333 236.5753 196.3271 103.1758 512 424 
1.698574 -0.04982966 0.4693992 63657774904675 72057594037928494 11 968.1232 236.8892 242.4513 103.5174 512 424 
1.66745 -0.2700237 0.4570385 63657774904752 72057594037928494 7 827.6055 239.7189 193.5616 104.2517 512 424 
1.69967 -0.04974534 0.4708675 63657774904752 72057594037928494 11 968.1721 236.157 242.4764 103.2631 512 424 
1.66745 -0.2700237 0.4570385 63657774904752 72057594037928494 7 827.6055 239.7189 193.5616 104.2517 512 424 
1.69967 -0.04974534 0.4708675 63657774904752 72057594037928494 11 968.1721 236.157 242.4764 103.2631 512 424 
1.666806 -0.2718875 0.4560349 63657774904825 72057594037928494 7 826.3641 240.2516 193.1261 104.4342 512 424 
1.700515 -0.04994262 0.4727269 63657774904825 72057594037928494 11 968.0439 235.1371 242.4388 102.9087 512 424 
1.666806 -0.2718875 0.4560349 63657774904825 72057594037928494 7 826.3641 240.2516 193.1261 104.4342 512 424 
1.700515 -0.04994262 0.4727269 63657774904825 72057594037928494 11 968.0439 235.1371 242.4388 102.9087 512 424 
1.666642 -0.2702249 0.456605 63657774904889 72057594037928494 7 827.4104 239.8553 193.4881 104.2986 512 424 
1.700472 -0.05053034 0.4735498 63657774904889 72057594037928494 11 967.674 234.6141 242.3111 102.7265 512 424 
1.665105 -0.2699514 0.454832 63657774904961 72057594037928494 7 827.4612 240.7218 193.4944 104.5994 512 424 
1.698849 -0.05028807 0.4725427 63657774904961 72057594037928494 11 967.8286 234.9625 242.3532 102.8477 512 424 
1.665105 -0.2699514 0.454832 63657774904961 72057594037928494 7 827.4612 240.7218 193.4944 104.5994 512 424 
1.698849 -0.05028807 0.4725427 63657774904961 72057594037928494 11 967.8286 234.9625 242.3532 102.8477 512 424 
1.663584 -0.2608557 0.4570388 63657774905038 72057594037928494 7 833.146 239.0247 195.4568 104.0212 512 424 
1.699769 -0.0501885 0.4728451 63657774905038 72057594037928494 11 967.89 234.9331 242.3807 102.8375 512 424 
1.663584 -0.2608557 0.4570388 63657774905038 72057594037928494 7 833.146 239.0247 195.4568 104.0212 512 424 
1.699769 -0.0501885 0.4728451 63657774905038 72057594037928494 11 967.89 234.9331 242.3807 102.8375 512 424 
1.662299 -0.2572799 0.4596564 63657774905110 72057594037928494 7 835.324 237.1117 196.2044 103.3613 512 424 
1.699684 -0.0491958 0.4727081 63657774905110 72057594037928494 11 968.512 235.0022 242.5953 102.8624 512 424 
1.662179 -0.2576526 0.4594959 63657774905181 72057594037928494 7 835.0762 237.1941 196.1175 103.3894 512 424 
1.699439 -0.04837163 0.4706791 63657774905181 72057594037928494 11 969.0333 236.2321 242.7726 103.2905 512 424 
1.662179 -0.2576526 0.4594959 63657774905181 72057594037928494 7 835.0762 237.1941 196.1175 103.3894 512 424 
1.699439 -0.04837163 0.4706791 63657774905181 72057594037928494 11 969.0333 236.2321 242.7726 103.2905 512 424 
1.662179 -0.2576526 0.4594959 63657774905181 72057594037928494 7 835.0762 237.1941 196.1175 103.3894 512 424 
1.699439 -0.04837163 0.4706791 63657774905181 72057594037928494 11 969.0333 236.2321 242.7726 103.2905 512 424 
1.661769 -0.2611446 0.4573577 63657774905292 72057594037928494 7 832.813 238.5004 195.3289 103.8385 512 424 
1.700288 -0.04983219 0.4731596 63657774905292 72057594037928494 11 968.1121 234.8255 242.4612 102.8005 512 424 
1.661769 -0.2611446 0.4573577 63657774905292 72057594037928494 7 832.813 238.5004 195.3289 103.8385 512 424 
1.700288 -0.04983219 0.4731596 63657774905292 72057594037928494 11 968.1121 234.8255 242.4612 102.8005 512 424 
1.662673 -0.2627841 0.4567847 63657774905363 72057594037928494 7 831.8386 239.0306 194.9969 104.0207 512 424 
1.699231 -0.04920423 0.4720776 63657774905363 72057594037928494 11 968.5086 235.3192 242.5907 102.9725 512 424 
1.662673 -0.2627841 0.4567847 63657774905363 72057594037928494 7 831.8386 239.0306 194.9969 104.0207 512 424 
1.699231 -0.04920423 0.4720776 63657774905363 72057594037928494 11 968.5086 235.3192 242.5907 102.9725 512 424 
1.661974 -0.263777 0.4557138 63657774905435 72057594037928494 7 831.1487 239.5968 194.7523 104.2159 512 424 
1.697611 -0.04889648 0.4710437 63657774905435 72057594037928494 11 968.7051 235.6858 242.6474 103.1001 512 424 
1.661974 -0.263777 0.4557138 63657774905435 72057594037928494 7 831.1487 239.5968 194.7523 104.2159 512 424 
1.697611 -0.04889648 0.4710437 63657774905435 72057594037928494 11 968.7051 235.6858 242.6474 103.1001 512 424 
1.66375 -0.2641888 0.4565078 63657774905514 72057594037928494 7 831.0285 239.4 194.7233 104.1474 512 424 
1.69964 -0.04951584 0.4713351 63657774905514 72057594037928494 11 968.3148 235.8576 242.5258 103.1593 512 424 
1.66375 -0.2641888 0.4565078 63657774905514 72057594037928494 7 831.0285 239.4 194.7233 104.1474 512 424 
1.69964 -0.04951584 0.4713351 63657774905514 72057594037928494 11 968.3148 235.8576 242.5258 103.1593 512 424 
1.66375 -0.2641888 0.4565078 63657774905514 72057594037928494 7 831.0285 239.4 194.7233 104.1474 512 424 
1.69964 -0.04951584 0.4713351 63657774905514 72057594037928494 11 968.3148 235.8576 242.5258 103.1593 512 424 
1.660969 -0.2588246 0.4570141 63657774905628 72057594037928494 7 834.236 238.5761 195.8167 103.8675 512 424 
1.697707 -0.04936057 0.4699111 63657774905628 72057594037928494 11 968.4166 236.4158 242.5475 103.3533 512 424 
1.663328 -0.2632422 0.456423 63657774905770 72057594037928494 7 831.5999 239.3786 194.9185 104.1411 512 424 
1.698174 -0.05113842 0.4685855 63657774905770 72057594037928494 11 967.3048 237.3341 242.1651 103.6706 512 424 
1.663292 -0.2610778 0.4569916 63657774905846 72057594037928494 7 832.9804 239.004 195.3973 104.0137 512 424 
1.698306 -0.05089698 0.4693582 63657774905846 72057594037928494 11 967.4543 236.8707 242.2182 103.5099 512 424 
1.661158 -0.2573805 0.457394 63657774905913 72057594037928494 7 835.1752 238.3629 196.144 103.7953 512 424 
1.697111 -0.05173242 0.4688266 63657774905913 72057594037928494 11 966.9316 236.9992 242.0291 103.5538 512 424 
1.661158 -0.2573805 0.457394 63657774905913 72057594037928494 7 835.1752 238.3629 196.144 103.7953 512 424 
1.697111 -0.05173242 0.4688266 63657774905913 72057594037928494 11 966.9316 236.9992 242.0291 103.5538 512 424 
1.661158 -0.2573805 0.457394 63657774905913 72057594037928494 7 835.1752 238.3629 196.144 103.7953 512 424 
1.697111 -0.05173242 0.4688266 63657774905913 72057594037928494 11 966.9316 236.9992 242.0291 103.5538 512 424 
1.660232 -0.2554332 0.4597956 63657774906008 72057594037928494 7 836.3429 236.6521 196.5434 103.2037 512 424 
1.696336 -0.05160813 0.4672761 63657774906008 72057594037928494 11 967.0131 237.8402 242.0512 103.8459 512 424 
1.661185 -0.2590078 0.4568744 63657774906079 72057594037928494 7 834.1364 238.7043 195.7836 103.9118 512 424 
1.697729 -0.05151073 0.4676525 63657774906079 72057594037928494 11 967.0735 237.8443 242.0815 103.8475 512 424 
1.661233 -0.2570978 0.4572385 63657774906190 72057594037928494 7 835.3629 238.4758 196.2095 103.8348 512 424 
1.698429 -0.05099503 0.4650912 63657774906190 72057594037928494 11 967.4029 239.5745 242.1984 104.449 512 424 
1.661233 -0.2570978 0.4572385 63657774906190 72057594037928494 7 835.3629 238.4758 196.2095 103.8348 512 424 
1.698429 -0.05099503 0.4650912 63657774906190 72057594037928494 11 967.4029 239.5745 242.1984 104.449 512 424 
1.661233 -0.2570978 0.4572385 63657774906190 72057594037928494 7 835.3629 238.4758 196.2095 103.8348 512 424 
1.698429 -0.05099503 0.4650912 63657774906190 72057594037928494 11 967.4029 239.5745 242.1984 104.449 512 424 
1.662365 -0.2587617 0.4579486 63657774906291 72057594037928494 7 834.3854 238.2223 195.8786 103.745 512 424 
1.697869 -0.05146078 0.4652996 63657774906291 72057594037928494 11 967.1104 239.348 242.0937 104.3699 512 424 
1.662365 -0.2587617 0.4579486 63657774906291 72057594037928494 7 834.3854 238.2223 195.8786 103.745 512 424 
1.697869 -0.05146078 0.4652996 63657774906291 72057594037928494 11 967.1104 239.348 242.0937 104.3699 512 424 
1.66379 -0.2614913 0.4571083 63657774906382 72057594037928494 7 832.7559 239.0174 195.3229 104.0179 512 424 
1.69874 -0.05153671 0.4658982 63657774906382 72057594037928494 11 967.0615 239.1218 242.0829 104.2913 512 424 
1.66379 -0.2614913 0.4571083 63657774906382 72057594037928494 7 832.7559 239.0174 195.3229 104.0179 512 424 
1.69874 -0.05153671 0.4658982 63657774906382 72057594037928494 11 967.0615 239.1218 242.0829 104.2913 512 424 
1.66379 -0.2614913 0.4571083 63657774906382 72057594037928494 7 832.7559 239.0174 195.3229 104.0179 512 424 
1.69874 -0.05153671 0.4658982 63657774906382 72057594037928494 11 967.0615 239.1218 242.0829 104.2913 512 424 
1.66379 -0.2614913 0.4571083 63657774906382 72057594037928494 7 832.7559 239.0174 195.3229 104.0179 512 424 
1.69874 -0.05153671 0.4658982 63657774906382 72057594037928494 11 967.0615 239.1218 242.0829 104.2913 512 424 
1.662886 -0.259159 0.4570334 63657774906496 72057594037928494 7 834.1757 238.9024 195.8091 103.9807 512 424 
1.698208 -0.05055658 0.4668382 63657774906496 72057594037928494 11 967.6736 238.4373 242.2917 104.0544 512 424 
1.663961 -0.2580982 0.4580934 63657774906564 72057594037928494 7 834.9372 238.4098 196.0812 103.8113 512 424 
1.700367 -0.05109792 0.4683289 63657774906564 72057594037928494 11 967.3307 237.8748 242.1883 103.8586 512 424 
1.66416 -0.2614628 0.4570129 63657774906637 72057594037928494 7 832.8043 239.1435 195.3423 104.0618 512 424 
1.715179 -0.01573192 0.4767906 63657774906637 72057594037928494 10 989.2644 235.0699 249.8771 102.915 512 424 
1.699131 -0.0506202 0.4686884 63657774906637 72057594037928494 11 967.6293 237.4344 242.2837 103.706 512 424 
1.66416 -0.2614628 0.4570129 63657774906637 72057594037928494 7 832.8043 239.1435 195.3423 104.0618 512 424 
1.715179 -0.01573192 0.4767906 63657774906637 72057594037928494 10 989.2644 235.0699 249.8771 102.915 512 424 
1.699131 -0.0506202 0.4686884 63657774906637 72057594037928494 11 967.6293 237.4344 242.2837 103.706 512 424 
1.665318 -0.2695344 0.4540851 63657774906736 72057594037928494 7 827.7477 241.237 193.5951 104.7788 512 424 
1.707186 -0.0485332 0.4766907 63657774906736 72057594037928494 11 968.911 233.8144 242.7848 102.4507 512 424 
1.665413 -0.2698876 0.4537188 63657774906807 72057594037928494 7 827.531 241.4888 193.5204 104.8658 512 424 
1.710188 -0.04789007 0.4824542 63657774906807 72057594037928494 11 969.2952 230.7375 242.9409 101.3827 512 424 
1.664511 -0.2675419 0.4541443 63657774906858 72057594037928494 7 828.9539 241.0549 194.0079 104.7178 512 424 
1.709487 -0.04665996 0.4852425 63657774906858 72057594037928494 11 970.0558 228.8697 243.2013 100.735 512 424 
1.641952 -0.0940464 -0.6350719 63657774906858 72057594037928494 19 941.8925 941.736 232.1182 348.0184 512 424 
1.665761 -0.2668143 0.454531 63657774906971 72057594037928494 7 829.5217 241.0242 194.2137 104.7083 512 424 
1.703757 -0.04288424 0.4816101 63657774906971 72057594037928494 11 972.4327 230.119 243.9841 101.1722 512 424 
1.666128 -0.2663382 0.4550133 63657774907049 72057594037928494 7 829.8549 240.7784 194.332 104.6237 512 424 
1.702132 -0.0412852 0.4768867 63657774907049 72057594037928494 11 973.4487 232.7907 244.3218 102.1015 512 424 
1.666128 -0.2663382 0.4550133 63657774907049 72057594037928494 7 829.8549 240.7784 194.332 104.6237 512 424 
1.702132 -0.0412852 0.4768867 63657774907049 72057594037928494 11 973.4487 232.7907 244.3218 102.1015 512 424 
1.666128 -0.2663382 0.4550133 63657774907049 72057594037928494 7 829.8549 240.7784 194.332 104.6237 512 424 
1.702132 -0.0412852 0.4768867 63657774907049 72057594037928494 11 973.4487 232.7907 244.3218 102.1015 512 424 
1.666301 -0.2663894 0.4549258 63657774907151 72057594037928494 7 829.8367 240.8647 194.3269 104.6536 512 424 
1.702825 -0.03960476 0.4770584 63657774907151 72057594037928494 11 974.4965 232.8011 244.6889 102.1066 512 424 
1.666301 -0.2663894 0.4549258 63657774907151 72057594037928494 7 829.8367 240.8647 194.3269 104.6536 512 424 
1.702825 -0.03960476 0.4770584 63657774907151 72057594037928494 11 974.4965 232.8011 244.6889 102.1066 512 424 
1.666301 -0.2663894 0.4549258 63657774907151 72057594037928494 7 829.8367 240.8647 194.3269 104.6536 512 424 
1.702825 -0.03960476 0.4770584 63657774907151 72057594037928494 11 974.4965 232.8011 244.6889 102.1066 512 424 
1.666395 -0.2659812 0.4546613 63657774907260 72057594037928494 7 830.106 241.0499 194.4209 104.7184 512 424 
1.702301 -0.04489949 0.4782501 63657774907260 72057594037928494 11 971.1845 231.9729 243.5405 101.8143 512 424 
1.666395 -0.2659812 0.4546613 63657774907260 72057594037928494 7 830.106 241.0499 194.4209 104.7184 512 424 
1.702301 -0.04489949 0.4782501 63657774907260 72057594037928494 11 971.1845 231.9729 243.5405 101.8143 512 424 
1.666395 -0.2659812 0.4546613 63657774907260 72057594037928494 7 830.106 241.0499 194.4209 104.7184 512 424 
1.702301 -0.04489949 0.4782501 63657774907260 72057594037928494 11 971.1845 231.9729 243.5405 101.8143 512 424 
1.666395 -0.2659812 0.4546613 63657774907260 72057594037928494 7 830.106 241.0499 194.4209 104.7184 512 424 
1.702301 -0.04489949 0.4782501 63657774907260 72057594037928494 11 971.1845 231.9729 243.5405 101.8143 512 424 
1.667078 -0.2659104 0.4549231 63657774907412 72057594037928494 7 830.2067 241.0013 194.4606 104.7018 512 424 
1.70447 -0.04173237 0.4782452 63657774907412 72057594037928494 11 973.1578 232.3508 244.2374 101.9484 512 424 
1.667078 -0.2659104 0.4549231 63657774907412 72057594037928494 7 830.2067 241.0013 194.4606 104.7018 512 424 
1.70447 -0.04173237 0.4782452 63657774907412 72057594037928494 11 973.1578 232.3508 244.2374 101.9484 512 424 
1.664977 -0.2656615 0.4544612 63657774907507 72057594037928494 7 830.1937 240.9299 194.4414 104.6769 512 424 
1.702777 -0.04223737 0.4767736 63657774907507 72057594037928494 11 972.8512 232.9771 244.1193 102.1654 512 424 
1.664977 -0.2656615 0.4544612 63657774907507 72057594037928494 7 830.1937 240.9299 194.4414 104.6769 512 424 
1.702777 -0.04223737 0.4767736 63657774907507 72057594037928494 11 972.8512 232.9771 244.1193 102.1654 512 424 
1.665583 -0.265617 0.4544798 63657774907589 72057594037928494 7 830.2722 241.0238 194.4728 104.7096 512 424 
1.704513 -0.04305844 0.4771854 63657774907589 72057594037928494 11 972.3318 233.0253 243.9512 102.1814 512 424 
1.665613 -0.2655093 0.4546322 63657774907686 72057594037928494 7 830.343 240.9312 194.4977 104.6776 512 424 
1.703799 -0.04419336 0.4771307 63657774907686 72057594037928494 11 971.6248 232.9368 243.7019 102.1497 512 424 
1.665613 -0.2655093 0.4546322 63657774907686 72057594037928494 7 830.343 240.9312 194.4977 104.6776 512 424 
1.703799 -0.04419336 0.4771307 63657774907686 72057594037928494 11 971.6248 232.9368 243.7019 102.1497 512 424 
1.664729 -0.2651914 0.4549167 63657774907765 72057594037928494 7 830.4727 240.594 194.5366 104.5608 512 424 
1.702236 -0.04383995 0.4765094 63657774907765 72057594037928494 11 971.8513 233.0512 243.7696 102.1897 512 424 
1.663546 -0.2621585 0.4568588 63657774907844 72057594037928494 7 832.3099 239.1356 195.1665 104.0581 512 424 
1.702745 -0.04463776 0.4770211 63657774907844 72057594037928494 11 971.3499 232.8214 243.5999 102.1092 512 424 
1.663879 -0.2629409 0.456534 63657774907931 72057594037928494 7 831.8374 239.4039 195.0047 104.1503 512 424 
1.701694 -0.04453754 0.4762016 63657774907931 72057594037928494 11 971.417 233.1508 243.6157 102.2237 512 424 
1.663971 -0.2634786 0.4557323 63657774908043 72057594037928494 7 831.5034 239.9353 194.8892 104.3341 512 424 
1.700475 -0.04349599 0.4737567 63657774908043 72057594037928494 11 972.0776 234.4695 243.8346 102.6826 512 424 
1.665419 -0.2633234 0.45735 63657774908132 72057594037928494 7 831.7159 239.1519 194.9736 104.0627 512 424 
1.702366 -0.04365821 0.4733887 63657774908132 72057594037928494 11 971.9718 235.0312 243.8101 102.8775 512 424 
1.664142 -0.2683343 0.4540285 63657774908221 72057594037928494 7 828.4167 241.0661 193.819 104.7207 512 424 
1.701066 -0.04544478 0.47517 63657774908221 72057594037928494 11 970.853 233.6899 243.4158 102.4101 512 424 
1.664142 -0.2683343 0.4540285 63657774908221 72057594037928494 7 828.4167 241.0661 193.819 104.7207 512 424 
1.701066 -0.04544478 0.47517 63657774908221 72057594037928494 11 970.853 233.6899 243.4158 102.4101 512 424 
1.666236 -0.2622346 0.457205 63657774908297 72057594037928494 7 832.4786 239.3865 195.2438 104.1456 512 424 
1.701773 -0.04357523 0.4733441 63657774908297 72057594037928494 11 972.0255 234.9555 243.8248 102.8513 512 424 
1.666236 -0.2622346 0.457205 63657774908297 72057594037928494 7 832.4786 239.3865 195.2438 104.1456 512 424 
1.701773 -0.04357523 0.4733441 63657774908297 72057594037928494 11 972.0255 234.9555 243.8248 102.8513 512 424 
1.666015 -0.2623967 0.4572364 63657774908377 72057594037928494 7 832.3571 239.328 195.2001 104.125 512 424 
1.701565 -0.04415167 0.4732831 63657774908377 72057594037928494 11 971.6655 234.9586 243.6989 102.8519 512 424 
1.666015 -0.2623967 0.4572364 63657774908377 72057594037928494 7 832.3571 239.328 195.2001 104.125 512 424 
1.701565 -0.04415167 0.4732831 63657774908377 72057594037928494 11 971.6655 234.9586 243.6989 102.8519 512 424 
1.665547 -0.260492 0.4574931 63657774908451 72057594037928494 7 833.5354 239.0779 195.6057 104.0405 512 424 
1.701343 -0.04331183 0.4720324 63657774908451 72057594037928494 11 972.1945 235.7031 243.8796 103.1112 512 424 
1.665547 -0.260492 0.4574931 63657774908451 72057594037928494 7 833.5354 239.0779 195.6057 104.0405 512 424 
1.701343 -0.04331183 0.4720324 63657774908451 72057594037928494 11 972.1945 235.7031 243.8796 103.1112 512 424 
1.665953 -0.2617247 0.4574277 63657774908548 72057594037928494 7 832.7809 239.1934 195.3467 104.0792 512 424 
1.70108 -0.04447581 0.4719572 63657774908548 72057594037928494 11 971.4668 235.7068 243.6261 103.1115 512 424 
1.664321 -0.2594965 0.457362 63657774908606 72057594037928494 7 834.0738 238.9449 195.7839 103.9953 512 424 
1.700443 -0.04314432 0.4701616 63657774908606 72057594037928494 11 972.3062 236.7204 243.9111 103.4647 512 424 
1.633289 -0.07969224 -0.6474113 63657774908606 72057594037928494 19 951.1176 951.9429 235.2484 351.571 512 424 
1.666347 -0.2620603 0.4570963 63657774908681 72057594037928494 7 832.5992 239.4753 195.2863 104.1767 512 424 
1.700974 -0.04365329 0.4698726 63657774908681 72057594037928494 11 971.9868 236.995 243.8039 103.5597 512 424 
1.666347 -0.2620603 0.4570963 63657774908681 72057594037928494 7 832.5992 239.4753 195.2863 104.1767 512 424 
1.700974 -0.04365329 0.4698726 63657774908681 72057594037928494 11 971.9868 236.995 243.8039 103.5597 512 424 
1.666347 -0.2620603 0.4570963 63657774908681 72057594037928494 7 832.5992 239.4753 195.2863 104.1767 512 424 
1.700974 -0.04365329 0.4698726 63657774908681 72057594037928494 11 971.9868 236.995 243.8039 103.5597 512 424 
1.667537 -0.2675887 0.4569326 63657774908758 72057594037928494 7 829.1674 239.7979 194.104 104.2821 512 424 
1.702943 -0.04485112 0.4726223 63657774908758 72057594037928494 11 971.2262 235.6147 243.5555 103.0792 512 424 
1.667537 -0.2675887 0.4569326 63657774908758 72057594037928494 7 829.1674 239.7979 194.104 104.2821 512 424 
1.702943 -0.04485112 0.4726223 63657774908758 72057594037928494 11 971.2262 235.6147 243.5555 103.0792 512 424 
1.665709 -0.2613873 0.457435 63657774908855 72057594037928494 7 832.9767 239.1453 195.413 104.0628 512 424 
1.701801 -0.04426464 0.4710212 63657774908855 72057594037928494 11 971.5994 236.4191 243.6761 103.3591 512 424 
1.665709 -0.2613873 0.457435 63657774908855 72057594037928494 7 832.9767 239.1453 195.413 104.0628 512 424 
1.701801 -0.04426464 0.4710212 63657774908855 72057594037928494 11 971.5994 236.4191 243.6761 103.3591 512 424 
1.665775 -0.2633526 0.4570728 63657774908923 72057594037928494 7 831.7273 239.3921 194.9799 104.1461 512 424 
1.701958 -0.04376399 0.4718443 63657774908923 72057594037928494 11 971.9103 235.9289 243.7852 103.1893 512 424 
1.666325 -0.2636155 0.4572393 63657774909063 72057594037928494 7 831.6038 239.3823 194.9409 104.1425 512 424 
1.701797 -0.04415688 0.4735011 63657774909063 72057594037928494 11 971.6611 234.8625 243.699 102.8185 512 424 
1.666325 -0.2636155 0.4572393 63657774909063 72057594037928494 7 831.6038 239.3823 194.9409 104.1425 512 424 
1.701797 -0.04415688 0.4735011 63657774909063 72057594037928494 11 971.6611 234.8625 243.699 102.8185 512 424 
1.667259 -0.2633734 0.4574259 63657774909146 72057594037928494 7 831.8338 239.4264 195.0273 104.1583 512 424 
1.703726 -0.04534301 0.4753601 63657774909146 72057594037928494 11 970.9107 234.0361 243.4532 102.5305 512 424 
1.667259 -0.2633734 0.4574259 63657774909146 72057594037928494 7 831.8338 239.4264 195.0273 104.1583 512 424 
1.703726 -0.04534301 0.4753601 63657774909146 72057594037928494 11 970.9107 234.0361 243.4532 102.5305 512 424 
1.667259 -0.2633734 0.4574259 63657774909146 72057594037928494 7 831.8338 239.4264 195.0273 104.1583 512 424 
1.703726 -0.04534301 0.4753601 63657774909146 72057594037928494 11 970.9107 234.0361 243.4532 102.5305 512 424 
1.666624 -0.2626119 0.456027 63657774909263 72057594037928494 7 832.2726 240.2096 195.1746 104.431 512 424 
1.702452 -0.04322001 0.4757846 63657774909263 72057594037928494 11 972.2402 233.5424 243.9051 102.3609 512 424 
1.666624 -0.2626119 0.456027 63657774909263 72057594037928494 7 832.2726 240.2096 195.1746 104.431 512 424 
1.702452 -0.04322001 0.4757846 63657774909263 72057594037928494 11 972.2402 233.5424 243.9051 102.3609 512 424 
1.666624 -0.2626119 0.456027 63657774909263 72057594037928494 7 832.2726 240.2096 195.1746 104.431 512 424 
1.702452 -0.04322001 0.4757846 63657774909263 72057594037928494 11 972.2402 233.5424 243.9051 102.3609 512 424 
1.666656 -0.2670653 0.4550184 63657774909343 72057594037928494 7 829.4341 240.8687 194.1897 104.6542 512 424 
1.700921 -0.04385509 0.4762115 63657774909343 72057594037928494 11 971.8459 233.0073 243.759 102.1744 512 424 
1.666656 -0.2670653 0.4550184 63657774909343 72057594037928494 7 829.4341 240.8687 194.1897 104.6542 512 424 
1.700921 -0.04385509 0.4762115 63657774909343 72057594037928494 11 971.8459 233.0073 243.759 102.1744 512 424 
1.666656 -0.2670653 0.4550184 63657774909343 72057594037928494 7 829.4341 240.8687 194.1897 104.6542 512 424 
1.700921 -0.04385509 0.4762115 63657774909343 72057594037928494 11 971.8459 233.0073 243.759 102.1744 512 424 
1.666656 -0.2670653 0.4550184 63657774909343 72057594037928494 7 829.4341 240.8687 194.1897 104.6542 512 424 
1.700921 -0.04385509 0.4762115 63657774909343 72057594037928494 11 971.8459 233.0073 243.759 102.1744 512 424 
1.666653 -0.2691031 0.4549076 63657774909536 72057594037928494 7 828.1328 240.9424 193.7382 104.6773 512 424 
1.701706 -0.04348798 0.4773973 63657774909536 72057594037928494 11 972.0708 232.4001 243.8427 101.9639 512 424 
1.666653 -0.2691031 0.4549076 63657774909536 72057594037928494 7 828.1328 240.9424 193.7382 104.6773 512 424 
1.701706 -0.04348798 0.4773973 63657774909536 72057594037928494 11 972.0708 232.4001 243.8427 101.9639 512 424 
1.666653 -0.2691031 0.4549076 63657774909536 72057594037928494 7 828.1328 240.9424 193.7382 104.6773 512 424 
1.701706 -0.04348798 0.4773973 63657774909536 72057594037928494 11 972.0708 232.4001 243.8427 101.9639 512 424 
1.666623 -0.2663974 0.4553681 63657774909609 72057594037928494 7 829.8569 240.6378 194.3363 104.5749 512 424 
1.702999 -0.04230031 0.4769626 63657774909609 72057594037928494 11 972.8107 232.8976 244.1068 102.1377 512 424 
1.666623 -0.2663974 0.4553681 63657774909609 72057594037928494 7 829.8569 240.6378 194.3363 104.5749 512 424 
1.702999 -0.04230031 0.4769626 63657774909609 72057594037928494 11 972.8107 232.8976 244.1068 102.1377 512 424 
1.666623 -0.2663974 0.4553681 63657774909609 72057594037928494 7 829.8569 240.6378 194.3363 104.5749 512 424 
1.702999 -0.04230031 0.4769626 63657774909609 72057594037928494 11 972.8107 232.8976 244.1068 102.1377 512 424 
1.667473 -0.2654398 0.4554668 63657774909757 72057594037928494 7 830.538 240.7214 194.5785 104.6053 512 424 
1.703707 -0.04052052 0.4767266 63657774909757 72057594037928494 11 973.9212 233.1659 244.4955 102.2325 512 424 
1.667473 -0.2654398 0.4554668 63657774909757 72057594037928494 7 830.538 240.7214 194.5785 104.6053 512 424 
1.703707 -0.04052052 0.4767266 63657774909757 72057594037928494 11 973.9212 233.1659 244.4955 102.2325 512 424 
1.667473 -0.2654398 0.4554668 63657774909757 72057594037928494 7 830.538 240.7214 194.5785 104.6053 512 424 
1.703707 -0.04052052 0.4767266 63657774909757 72057594037928494 11 973.9212 233.1659 244.4955 102.2325 512 424 
1.668481 -0.265164 0.4560837 63657774909910 72057594037928494 7 830.7949 240.5021 194.6748 104.5297 512 424 
1.703464 -0.04013299 0.47657 63657774909910 72057594037928494 11 974.1647 233.2205 244.578 102.2519 512 424 
1.668481 -0.265164 0.4560837 63657774909910 72057594037928494 7 830.7949 240.5021 194.6748 104.5297 512 424 
1.703464 -0.04013299 0.47657 63657774909910 72057594037928494 11 974.1647 233.2205 244.578 102.2519 512 424 
1.667767 -0.2656419 0.4564658 63657774910012 72057594037928494 7 830.4302 240.1337 194.5435 104.4011 512 424 
1.704064 -0.04027094 0.4776301 63657774910012 72057594037928494 11 974.0737 232.6618 244.5511 102.0577 512 424 
1.667767 -0.2656419 0.4564658 63657774910012 72057594037928494 7 830.4302 240.1337 194.5435 104.4011 512 424 
1.704064 -0.04027094 0.4776301 63657774910012 72057594037928494 11 974.0737 232.6618 244.5511 102.0577 512 424 
1.667503 -0.2645552 0.4559185 63657774910101 72057594037928494 7 831.1038 240.436 194.7751 104.5073 512 424 
1.703561 -0.03969912 0.4772229 63657774910101 72057594037928494 11 974.4341 232.8274 244.6722 102.1157 512 424 
1.667503 -0.2645552 0.4559185 63657774910101 72057594037928494 7 831.1038 240.436 194.7751 104.5073 512 424 
1.703561 -0.03969912 0.4772229 63657774910101 72057594037928494 11 974.4341 232.8274 244.6722 102.1157 512 424 
1.666033 -0.2560229 0.4557383 63657774910172 72057594037928494 7 836.4349 240.2802 196.6142 104.4634 512 424 
1.704329 -0.03824626 0.4772968 63657774910172 72057594037928494 11 975.3383 232.9127 244.9901 102.1466 512 424 
1.666628 -0.2561041 0.4560509 63657774910249 72057594037928494 7 836.4291 240.1842 196.6164 104.4301 512 424 
1.706037 -0.03678217 0.4771485 63657774910249 72057594037928494 11 976.2443 233.3016 245.3145 102.283 512 424 
1.668082 -0.2563206 0.4566346 63657774910352 72057594037928494 7 836.4035 240.0654 196.6178 104.3889 512 424 
1.705904 -0.03522522 0.4754875 63657774910352 72057594037928494 11 977.2204 234.3147 245.6502 102.6362 512 424 
1.668082 -0.2563206 0.4566346 63657774910352 72057594037928494 7 836.4035 240.0654 196.6178 104.3889 512 424 
1.705904 -0.03522522 0.4754875 63657774910352 72057594037928494 11 977.2204 234.3147 245.6502 102.6362 512 424 
1.667253 -0.2539362 0.456757 63657774910446 72057594037928494 7 837.8601 239.838 197.1173 104.3127 512 424 
1.707625 -0.03513905 0.4765179 63657774910446 72057594037928494 11 977.2618 233.9701 245.6764 102.5166 512 424 
1.667253 -0.2539362 0.456757 63657774910446 72057594037928494 7 837.8601 239.838 197.1173 104.3127 512 424 
1.707625 -0.03513905 0.4765179 63657774910446 72057594037928494 11 977.2618 233.9701 245.6764 102.5166 512 424 
1.669356 -0.2537282 0.4578406 63657774910523 72057594037928494 7 838.153 239.5125 197.2338 104.2004 512 424 
1.709775 -0.03430058 0.4762688 63657774910523 72057594037928494 11 977.772 234.4985 245.8667 102.7009 512 424 
1.668718 -0.2528761 0.4579771 63657774910605 72057594037928494 7 838.6465 239.3121 197.4007 104.1318 512 424 
1.709589 -0.03704083 0.4785218 63657774910605 72057594037928494 11 976.0615 233.0649 245.2753 102.2006 512 424 
1.668718 -0.2528761 0.4579771 63657774910605 72057594037928494 7 838.6465 239.3121 197.4007 104.1318 512 424 
1.709589 -0.03704083 0.4785218 63657774910605 72057594037928494 11 976.0615 233.0649 245.2753 102.2006 512 424 
1.668718 -0.2528761 0.4579771 63657774910605 72057594037928494 7 838.6465 239.3121 197.4007 104.1318 512 424 
1.709589 -0.03704083 0.4785218 63657774910605 72057594037928494 11 976.0615 233.0649 245.2753 102.2006 512 424 
1.670014 -0.2547859 0.4580851 63657774910712 72057594037928494 7 837.5291 239.4731 197.022 104.1855 512 424 
1.710186 -0.03563945 0.4766789 63657774910712 72057594037928494 11 976.9351 234.3168 245.5801 102.6366 512 424 
1.670014 -0.2547859 0.4580851 63657774910712 72057594037928494 7 837.5291 239.4731 197.022 104.1855 512 424 
1.710186 -0.03563945 0.4766789 63657774910712 72057594037928494 11 976.9351 234.3168 245.5801 102.6366 512 424 
1.670462 -0.2534757 0.4595793 63657774910815 72057594037928494 7 838.3945 238.5947 197.3259 103.8823 512 424 
1.712282 -0.03390384 0.477982 63657774910815 72057594037928494 11 977.9995 233.8647 245.9627 102.4811 512 424 
1.670462 -0.2534757 0.4595793 63657774910815 72057594037928494 7 838.3945 238.5947 197.3259 103.8823 512 424 
1.712282 -0.03390384 0.477982 63657774910815 72057594037928494 11 977.9995 233.8647 245.9627 102.4811 512 424 
1.670462 -0.2534757 0.4595793 63657774910815 72057594037928494 7 838.3945 238.5947 197.3259 103.8823 512 424 
1.712282 -0.03390384 0.477982 63657774910815 72057594037928494 11 977.9995 233.8647 245.9627 102.4811 512 424 
1.671207 -0.2522045 0.4601632 63657774910927 72057594037928494 7 839.26 238.3503 197.6314 103.7991 512 424 
1.71332 -0.03284157 0.4764917 63657774910927 72057594037928494 11 978.6566 234.9716 246.1956 102.8665 512 424 
1.671207 -0.2522045 0.4601632 63657774910927 72057594037928494 7 839.26 238.3503 197.6314 103.7991 512 424 
1.71332 -0.03284157 0.4764917 63657774910927 72057594037928494 11 978.6566 234.9716 246.1956 102.8665 512 424 
1.671207 -0.2522045 0.4601632 63657774910927 72057594037928494 7 839.26 238.3503 197.6314 103.7991 512 424 
1.71332 -0.03284157 0.4764917 63657774910927 72057594037928494 11 978.6566 234.9716 246.1956 102.8665 512 424 
1.673964 -0.2597796 0.4602616 63657774911025 72057594037928494 7 834.6544 238.7836 196.0529 103.9408 512 424 
1.713004 -0.03613342 0.4786161 63657774911025 72057594037928494 11 976.6078 233.5998 245.4864 102.3872 512 424 
1.673043 -0.2594133 0.4601454 63657774911080 72057594037928494 7 834.8146 238.6958 196.1021 103.9106 512 424 
1.712512 -0.03623408 0.4774913 63657774911080 72057594037928494 11 976.5505 234.2156 245.4626 102.601 512 424 
1.673043 -0.2594133 0.4601454 63657774911080 72057594037928494 7 834.8146 238.6958 196.1021 103.9106 512 424 
1.712512 -0.03623408 0.4774913 63657774911080 72057594037928494 11 976.5505 234.2156 245.4626 102.601 512 424 
1.673525 -0.2558361 0.4602992 63657774911143 72057594037928494 7 837.1276 238.6762 196.9078 103.9083 512 424 
1.713328 -0.03660734 0.4802903 63657774911143 72057594037928494 11 976.3077 232.6138 245.3858 102.0444 512 424 
1.672222 -0.2542084 0.4605285 63657774911194 72057594037928494 7 838.0613 238.2988 197.2227 103.779 512 424 
1.713419 -0.03508853 0.4793874 63657774911194 72057594037928494 11 977.2531 233.1891 245.7128 102.2455 512 424 
1.672718 -0.2540349 0.4604996 63657774911234 72057594037928494 7 838.2102 238.4039 197.2778 103.8158 512 424 
1.714028 -0.03317477 0.479158 63657774911234 72057594037928494 11 978.4388 233.434 246.1267 102.3322 512 424 
1.672718 -0.2540349 0.4604996 63657774911234 72057594037928494 7 838.2102 238.4039 197.2778 103.8158 512 424 
1.714028 -0.03317477 0.479158 63657774911234 72057594037928494 11 978.4388 233.434 246.1267 102.3322 512 424 
1.67347 -0.2531779 0.4612056 63657774911334 72057594037928494 7 838.8113 238.0839 197.4917 103.7059 512 424 
1.71488 -0.03264086 0.4792519 63657774911334 72057594037928494 11 978.7646 233.5225 246.2449 102.3634 512 424 
1.67347 -0.2531779 0.4612056 63657774911334 72057594037928494 7 838.8113 238.0839 197.4917 103.7059 512 424 
1.71488 -0.03264086 0.4792519 63657774911334 72057594037928494 11 978.7646 233.5225 246.2449 102.3634 512 424 
1.67347 -0.2531779 0.4612056 63657774911334 72057594037928494 7 838.8113 238.0839 197.4917 103.7059 512 424 
1.71488 -0.03264086 0.4792519 63657774911334 72057594037928494 11 978.7646 233.5225 246.2449 102.3634 512 424 
1.673473 -0.2523009 0.4610084 63657774911400 72057594037928494 7 839.37 238.2088 197.6854 103.7503 512 424 
1.714638 -0.03241364 0.4805522 63657774911400 72057594037928494 11 978.9044 232.6701 246.2926 102.0676 512 424 
1.673537 -0.2523332 0.460917 63657774911485 72057594037928494 7 839.3546 238.2783 197.6805 103.7744 512 424 
1.715996 -0.03111073 0.4807784 63657774911485 72057594037928494 11 979.7031 232.7633 246.5778 102.1011 512 424 
1.673537 -0.2523332 0.460917 63657774911485 72057594037928494 7 839.3546 238.2783 197.6805 103.7744 512 424 
1.715996 -0.03111073 0.4807784 63657774911485 72057594037928494 11 979.7031 232.7633 246.5778 102.1011 512 424 
1.672882 -0.2503548 0.4612003 63657774911560 72057594037928494 7 840.5624 237.9794 198.095 103.673 512 424 
1.715705 -0.03135585 0.4806653 63657774911560 72057594037928494 11 979.5533 232.7837 246.524 102.1079 512 424 
1.672882 -0.2503548 0.4612003 63657774911560 72057594037928494 7 840.5624 237.9794 198.095 103.673 512 424 
1.715705 -0.03135585 0.4806653 63657774911560 72057594037928494 11 979.5533 232.7837 246.524 102.1079 512 424 
1.673882 -0.2591117 0.4599735 63657774911649 72057594037928494 7 835.0735 238.9519 196.1976 104 512 424 
1.717014 -0.02991229 0.4802212 63657774911649 72057594037928494 11 980.4402 233.2846 246.8389 102.2832 512 424 
1.674388 -0.2611396 0.4597326 63657774911724 72057594037928494 7 833.8251 239.1973 195.7679 104.0829 512 424 
1.716802 -0.02957241 0.4803757 63657774911724 72057594037928494 11 980.6522 233.151 246.911 102.237 512 424 
1.674388 -0.2611396 0.4597326 63657774911724 72057594037928494 7 833.8251 239.1973 195.7679 104.0829 512 424 
1.716802 -0.02957241 0.4803757 63657774911724 72057594037928494 11 980.6522 233.151 246.911 102.237 512 424 
1.674388 -0.2611396 0.4597326 63657774911724 72057594037928494 7 833.8251 239.1973 195.7679 104.0829 512 424 
1.716802 -0.02957241 0.4803757 63657774911724 72057594037928494 11 980.6522 233.151 246.911 102.237 512 424 
1.67438 -0.2532579 0.4618263 63657774911820 72057594037928494 7 838.8287 237.848 197.5042 103.6241 512 424 
1.716632 -0.02842138 0.4796378 63657774911820 72057594037928494 11 981.3691 233.5779 247.1574 102.3863 512 424 
1.673647 -0.2505732 0.461984 63657774911869 72057594037928494 7 840.4792 237.6141 198.0717 103.546 512 424 
1.71673 -0.02853092 0.4794605 63657774911869 72057594037928494 11 981.3007 233.7054 247.1342 102.4305 512 424 
1.674248 -0.2496116 0.4620855 63657774911928 72057594037928494 7 841.1359 237.6536 198.3036 103.561 512 424 
1.717841 -0.02760807 0.480633 63657774911928 72057594037928494 11 981.861 233.1675 247.336 102.2444 512 424 
1.675555 -0.2542668 0.4621873 63657774911964 72057594037928494 7 838.2771 237.826 197.3211 103.6154 512 424 
1.718048 -0.02779807 0.4808624 63657774911964 72057594037928494 11 981.741 233.0612 247.2959 102.2074 512 424 
1.673514 -0.251791 0.4611301 63657774912058 72057594037928494 7 839.6971 238.1375 197.7992 103.7262 512 424 
1.719194 -0.02681327 0.4817039 63657774912058 72057594037928494 11 982.3394 232.7356 247.5108 102.0952 512 424 
1.673514 -0.251791 0.4611301 63657774912058 72057594037928494 7 839.6971 238.1375 197.7992 103.7262 512 424 
1.719194 -0.02681327 0.4817039 63657774912058 72057594037928494 11 982.3394 232.7356 247.5108 102.0952 512 424 
1.673514 -0.251791 0.4611301 63657774912058 72057594037928494 7 839.6971 238.1375 197.7992 103.7262 512 424 
1.719194 -0.02681327 0.4817039 63657774912058 72057594037928494 11 982.3394 232.7356 247.5108 102.0952 512 424 
1.673188 -0.2500933 0.4614464 63657774912172 72057594037928494 7 840.7512 237.8757 198.1627 103.6373 512 424 
1.719282 -0.02684168 0.4829897 63657774912172 72057594037928494 11 982.3182 231.9523 247.5049 101.8231 512 424 
1.676074 -0.2513235 0.461861 63657774912245 72057594037928494 7 840.1871 238.1197 197.987 103.7211 512 424 
1.720989 -0.02580161 0.4827714 63657774912245 72057594037928494 11 982.9471 232.383 247.7333 101.9736 512 424 
1.676074 -0.2513235 0.461861 63657774912245 72057594037928494 7 840.1871 238.1197 197.987 103.7211 512 424 
1.720989 -0.02580161 0.4827714 63657774912245 72057594037928494 11 982.9471 232.383 247.7333 101.9736 512 424 
1.67485 -0.2485652 0.4624015 63657774912427 72057594037928494 7 841.8455 237.5562 198.5539 103.5285 512 424 
1.719709 -0.02711186 0.484123 63657774912427 72057594037928494 11 982.1447 231.3236 247.4484 101.6045 512 424 
1.674882 -0.2492103 0.4617687 63657774912510 72057594037928494 7 841.4398 237.9661 198.4132 103.6701 512 424 
1.721146 -0.02671891 0.4854154 63657774912510 72057594037928494 11 982.3724 230.7719 247.5373 101.4133 512 424 
1.674882 -0.2492103 0.4617687 63657774912510 72057594037928494 7 841.4398 237.9661 198.4132 103.6701 512 424 
1.721146 -0.02671891 0.4854154 63657774912510 72057594037928494 11 982.3724 230.7719 247.5373 101.4133 512 424 
1.674882 -0.2492103 0.4617687 63657774912510 72057594037928494 7 841.4398 237.9661 198.4132 103.6701 512 424 
1.721146 -0.02671891 0.4854154 63657774912510 72057594037928494 11 982.3724 230.7719 247.5373 101.4133 512 424 
1.674882 -0.2492103 0.4617687 63657774912510 72057594037928494 7 841.4398 237.9661 198.4132 103.6701 512 424 
1.721146 -0.02671891 0.4854154 63657774912510 72057594037928494 11 982.3724 230.7719 247.5373 101.4133 512 424 
1.674377 -0.2484174 0.4618933 63657774912640 72057594037928494 7 841.9053 237.7967 198.5713 103.6122 512 424 
1.722528 -0.02691857 0.4859391 63657774912640 72057594037928494 11 982.2357 230.6892 247.4992 101.3843 512 424 
1.674377 -0.2484174 0.4618933 63657774912640 72057594037928494 7 841.9053 237.7967 198.5713 103.6122 512 424 
1.722528 -0.02691857 0.4859391 63657774912640 72057594037928494 11 982.2357 230.6892 247.4992 101.3843 512 424 
1.674377 -0.2484174 0.4618933 63657774912640 72057594037928494 7 841.9053 237.7967 198.5713 103.6122 512 424 
1.722528 -0.02691857 0.4859391 63657774912640 72057594037928494 11 982.2357 230.6892 247.4992 101.3843 512 424 
1.675787 -0.2471803 0.462906 63657774912808 72057594037928494 7 842.7939 237.397 198.8895 103.4752 512 424 
1.724646 -0.02771365 0.4861775 63657774912808 72057594037928494 11 981.726 230.9132 247.3365 101.4615 512 424 
1.675787 -0.2471803 0.462906 63657774912808 72057594037928494 7 842.7939 237.397 198.8895 103.4752 512 424 
1.724646 -0.02771365 0.4861775 63657774912808 72057594037928494 11 981.726 230.9132 247.3365 101.4615 512 424 
1.675373 -0.2481162 0.4623608 63657774912900 72057594037928494 7 842.17 237.6732 198.6701 103.5698 512 424 
1.721706 -0.02633458 0.4854775 63657774912900 72057594037928494 11 982.605 230.8305 247.6214 101.4339 512 424 
1.675373 -0.2481162 0.4623608 63657774912900 72057594037928494 7 842.17 237.6732 198.6701 103.5698 512 424 
1.721706 -0.02633458 0.4854775 63657774912900 72057594037928494 11 982.605 230.8305 247.6214 101.4339 512 424 
1.674741 -0.2474951 0.4626363 63657774913045 72057594037928494 7 842.5167 237.3855 198.7861 103.4706 512 424 
1.722735 -0.02745877 0.4861873 63657774913045 72057594037928494 11 981.8996 230.5727 247.3844 101.3434 512 424 
1.674741 -0.2474951 0.4626363 63657774913045 72057594037928494 7 842.5167 237.3855 198.7861 103.4706 512 424 
1.722735 -0.02745877 0.4861873 63657774913045 72057594037928494 11 981.8996 230.5727 247.3844 101.3434 512 424 
1.674741 -0.2474951 0.4626363 63657774913045 72057594037928494 7 842.5167 237.3855 198.7861 103.4706 512 424 
1.722735 -0.02745877 0.4861873 63657774913045 72057594037928494 11 981.8996 230.5727 247.3844 101.3434 512 424 
1.676977 -0.2566014 0.4612689 63657774913153 72057594037928494 7 836.9076 238.6637 196.8554 103.9036 512 424 
1.722836 -0.02727435 0.4866661 63657774913153 72057594037928494 11 982.0116 230.2932 247.4241 101.2465 512 424 
1.676977 -0.2566014 0.4612689 63657774913153 72057594037928494 7 836.9076 238.6637 196.8554 103.9036 512 424 
1.722836 -0.02727435 0.4866661 63657774913153 72057594037928494 11 982.0116 230.2932 247.4241 101.2465 512 424 
1.67602 -0.2516369 0.4623281 63657774913292 72057594037928494 7 839.9827 237.8134 197.9159 103.6143 512 424 
1.722549 -0.02695202 0.4854401 63657774913292 72057594037928494 11 982.216 231.0023 247.4921 101.4931 512 424 
1.67602 -0.2516369 0.4623281 63657774913292 72057594037928494 7 839.9827 237.8134 197.9159 103.6143 512 424 
1.722549 -0.02695202 0.4854401 63657774913292 72057594037928494 11 982.216 231.0023 247.4921 101.4931 512 424 
1.67602 -0.2516369 0.4623281 63657774913292 72057594037928494 7 839.9827 237.8134 197.9159 103.6143 512 424 
1.722549 -0.02695202 0.4854401 63657774913292 72057594037928494 11 982.216 231.0023 247.4921 101.4931 512 424 
1.676077 -0.250608 0.4630349 63657774913406 72057594037928494 7 840.6384 237.3715 198.1439 103.4622 512 424 
1.721838 -0.0275688 0.485023 63657774913406 72057594037928494 11 981.8417 231.138 247.3578 101.5397 512 424 
1.676077 -0.250608 0.4630349 63657774913406 72057594037928494 7 840.6384 237.3715 198.1439 103.4622 512 424 
1.721838 -0.0275688 0.485023 63657774913406 72057594037928494 11 981.8417 231.138 247.3578 101.5397 512 424 
1.6751 -0.2481932 0.4629309 63657774913491 72057594037928494 7 842.0991 237.2622 198.6438 103.427 512 424 
1.721417 -0.02412281 0.4825735 63657774913491 72057594037928494 11 983.9821 232.5765 248.0939 102.0422 512 424 
1.6751 -0.2481932 0.4629309 63657774913491 72057594037928494 7 842.0991 237.2622 198.6438 103.427 512 424 
1.721417 -0.02412281 0.4825735 63657774913491 72057594037928494 11 983.9821 232.5765 248.0939 102.0422 512 424 
1.6751 -0.2481932 0.4629309 63657774913491 72057594037928494 7 842.0991 237.2622 198.6438 103.427 512 424 
1.721417 -0.02412281 0.4825735 63657774913491 72057594037928494 11 983.9821 232.5765 248.0939 102.0422 512 424 
1.676488 -0.2482157 0.4639912 63657774913615 72057594037928494 7 842.1856 236.8309 198.6837 103.2775 512 424 
1.721567 -0.02638166 0.4850739 63657774913615 72057594037928494 11 982.5781 231.0566 247.6109 101.5124 512 424 
1.676488 -0.2482157 0.4639912 63657774913615 72057594037928494 7 842.1856 236.8309 198.6837 103.2775 512 424 
1.721567 -0.02638166 0.4850739 63657774913615 72057594037928494 11 982.5781 231.0566 247.6109 101.5124 512 424 
1.676488 -0.2482157 0.4639912 63657774913615 72057594037928494 7 842.1856 236.8309 198.6837 103.2775 512 424 
1.721567 -0.02638166 0.4850739 63657774913615 72057594037928494 11 982.5781 231.0566 247.6109 101.5124 512 424 
1.675915 -0.2489882 0.4627559 63657774913734 72057594037928494 7 841.6557 237.518 198.4955 103.515 512 424 
1.721319 -0.02786755 0.4858577 63657774913734 72057594037928494 11 981.6594 230.5303 247.2921 101.3284 512 424 
1.675915 -0.2489882 0.4627559 63657774913734 72057594037928494 7 841.6557 237.518 198.4955 103.515 512 424 
1.721319 -0.02786755 0.4858577 63657774913734 72057594037928494 11 981.6594 230.5303 247.2921 101.3284 512 424 
1.67586 -0.2481631 0.463318 63657774913845 72057594037928494 7 842.174 237.149 198.6751 103.3879 512 424 
1.722124 -0.02886726 0.487054 63657774913845 72057594037928494 11 981.0319 229.9315 247.0809 101.1195 512 424 
1.676011 -0.2476332 0.4638505 63657774913899 72057594037928494 7 842.5203 236.8355 198.7964 103.2797 512 424 
1.721502 -0.03402721 0.4888666 63657774913899 72057594037928494 11 977.8414 228.7092 245.9745 100.6906 512 424 
1.676011 -0.2476332 0.4638505 63657774913899 72057594037928494 7 842.5203 236.8355 198.7964 103.2797 512 424 
1.721502 -0.03402721 0.4888666 63657774913899 72057594037928494 11 977.8414 228.7092 245.9745 100.6906 512 424 
1.676498 -0.2480185 0.4628862 63657774913983 72057594037928494 7 842.3147 237.5359 198.7281 103.5225 512 424 
1.721442 -0.03238882 0.4879478 63657774913983 72057594037928494 11 978.8572 229.265 246.3249 100.885 512 424 
1.676965 -0.2458521 0.4639698 63657774914058 72057594037928494 7 843.7214 236.9244 199.2196 103.3129 512 424 
1.723107 -0.03054932 0.4880694 63657774914058 72057594037928494 11 979.9825 229.4781 246.7248 100.9607 512 424 
1.676965 -0.2458521 0.4639698 63657774914058 72057594037928494 7 843.7214 236.9244 199.2196 103.3129 512 424 
1.723107 -0.03054932 0.4880694 63657774914058 72057594037928494 11 979.9825 229.4781 246.7248 100.9607 512 424 
1.675578 -0.2461952 0.4636081 63657774914132 72057594037928494 7 843.4021 236.9114 199.0992 103.3077 512 424 
1.722139 -0.02964205 0.4873369 63657774914132 72057594037928494 11 980.5522 229.7602 246.9153 101.0594 512 424 
1.675578 -0.2461952 0.4636081 63657774914132 72057594037928494 7 843.4021 236.9114 199.0992 103.3077 512 424 
1.722139 -0.02964205 0.4873369 63657774914132 72057594037928494 11 980.5522 229.7602 246.9153 101.0594 512 424 
1.675578 -0.2461952 0.4636081 63657774914132 72057594037928494 7 843.4021 236.9114 199.0992 103.3077 512 424 
1.722139 -0.02964205 0.4873369 63657774914132 72057594037928494 11 980.5522 229.7602 246.9153 101.0594 512 424 
1.675578 -0.2461952 0.4636081 63657774914132 72057594037928494 7 843.4021 236.9114 199.0992 103.3077 512 424 
1.722139 -0.02964205 0.4873369 63657774914132 72057594037928494 11 980.5522 229.7602 246.9153 101.0594 512 424 
1.677585 -0.2459636 0.4635518 63657774914288 72057594037928494 7 843.6978 237.2997 199.2155 103.4432 512 424 
1.722892 -0.02768308 0.4865523 63657774914288 72057594037928494 11 981.7589 230.3744 247.3369 101.2744 512 424 
1.677755 -0.2453571 0.4639999 63657774914336 72057594037928494 7 844.0938 237.0432 199.3541 103.3549 512 424 
1.724265 -0.0266452 0.4872486 63657774914336 72057594037928494 11 982.3865 230.1809 247.5633 101.2081 512 424 
1.677755 -0.2453571 0.4639999 63657774914336 72057594037928494 7 844.0938 237.0432 199.3541 103.3549 512 424 
1.724265 -0.0266452 0.4872486 63657774914336 72057594037928494 11 982.3865 230.1809 247.5633 101.2081 512 424 
1.677755 -0.2453571 0.4639999 63657774914336 72057594037928494 7 844.0938 237.0432 199.3541 103.3549 512 424 
1.724265 -0.0266452 0.4872486 63657774914336 72057594037928494 11 982.3865 230.1809 247.5633 101.2081 512 424 
1.678984 -0.2463817 0.4634094 63657774914434 72057594037928494 7 843.5363 237.6362 199.169 103.5598 512 424 
1.724496 -0.02585399 0.4879033 63657774914434 72057594037928494 11 982.8716 229.8143 247.733 101.0814 512 424 
1.677634 -0.244795 0.4643283 63657774914504 72057594037928494 7 844.4406 236.8122 199.4737 103.2754 512 424 
1.722974 -0.02485198 0.4858537 63657774914504 72057594037928494 11 983.5092 230.8156 247.9424 101.43 512 424 
1.677634 -0.244795 0.4643283 63657774914504 72057594037928494 7 844.4406 236.8122 199.4737 103.2754 512 424 
1.722974 -0.02485198 0.4858537 63657774914504 72057594037928494 11 983.5092 230.8156 247.9424 101.43 512 424 
1.677634 -0.244795 0.4643283 63657774914504 72057594037928494 7 844.4406 236.8122 199.4737 103.2754 512 424 
1.722974 -0.02485198 0.4858537 63657774914504 72057594037928494 11 983.5092 230.8156 247.9424 101.43 512 424 
1.678943 -0.2433934 0.4641883 63657774914616 72057594037928494 7 845.4255 237.1287 199.8241 103.3872 512 424 
1.723518 -0.02479875 0.4870389 63657774914616 72057594037928494 11 983.5343 230.1763 247.9554 101.208 512 424 
1.678943 -0.2433934 0.4641883 63657774914616 72057594037928494 7 845.4255 237.1287 199.8241 103.3872 512 424 
1.723518 -0.02479875 0.4870389 63657774914616 72057594037928494 11 983.5343 230.1763 247.9554 101.208 512 424 
1.678943 -0.2433934 0.4641883 63657774914616 72057594037928494 7 845.4255 237.1287 199.8241 103.3872 512 424 
1.723518 -0.02479875 0.4870389 63657774914616 72057594037928494 11 983.5343 230.1763 247.9554 101.208 512 424 
1.678675 -0.2422411 0.4650259 63657774914722 72057594037928494 7 846.1343 236.5473 200.0684 103.1867 512 424 
1.724846 -0.02397349 0.4870132 63657774914722 72057594037928494 11 984.0313 230.4228 248.1358 101.2943 512 424 
1.68053 -0.2421199 0.4658803 63657774914769 72057594037928494 7 846.3427 236.3304 200.1536 103.1118 512 424 
1.72583 -0.02470937 0.4876593 63657774914769 72057594037928494 11 983.5663 230.1963 247.9816 101.2151 512 424 
1.68053 -0.2421199 0.4658803 63657774914769 72057594037928494 7 846.3427 236.3304 200.1536 103.1118 512 424 
1.72583 -0.02470937 0.4876593 63657774914769 72057594037928494 11 983.5663 230.1963 247.9816 101.2151 512 424 
1.68053 -0.2421199 0.4658803 63657774914769 72057594037928494 7 846.3427 236.3304 200.1536 103.1118 512 424 
1.72583 -0.02470937 0.4876593 63657774914769 72057594037928494 11 983.5663 230.1963 247.9816 101.2151 512 424 
1.678883 -0.2419499 0.4646227 63657774914880 72057594037928494 7 846.3351 236.8396 200.1393 103.2886 512 424 
1.726097 -0.02307978 0.4891193 63657774914880 72057594037928494 11 984.5657 229.336 248.33 100.9176 512 424 
1.678883 -0.2419499 0.4646227 63657774914880 72057594037928494 7 846.3351 236.8396 200.1393 103.2886 512 424 
1.726097 -0.02307978 0.4891193 63657774914880 72057594037928494 11 984.5657 229.336 248.33 100.9176 512 424 
1.678836 -0.2404892 0.4656644 63657774914961 72057594037928494 7 847.2548 236.1665 200.4583 103.0566 512 424 
1.72692 -0.02307386 0.4895084 63657774914961 72057594037928494 11 984.5603 229.2396 248.3336 100.8842 512 424 
1.678981 -0.2397322 0.4649186 63657774915034 72057594037928494 7 847.7473 236.6649 200.6298 103.2306 512 424 
1.727412 -0.02301932 0.4906733 63657774915034 72057594037928494 11 984.5864 228.6056 248.3466 100.664 512 424 
1.678981 -0.2397322 0.4649186 63657774915034 72057594037928494 7 847.7473 236.6649 200.6298 103.2306 512 424 
1.727412 -0.02301932 0.4906733 63657774915034 72057594037928494 11 984.5864 228.6056 248.3466 100.664 512 424 
1.678506 -0.239242 0.465841 63657774915127 72057594037928494 7 848.0215 235.994 200.722 102.9982 512 424 
1.725917 -0.0230404 0.489886 63657774915127 72057594037928494 11 984.5901 228.8302 248.3379 100.7419 512 424 
1.678506 -0.239242 0.465841 63657774915127 72057594037928494 7 848.0215 235.994 200.722 102.9982 512 424 
1.725917 -0.0230404 0.489886 63657774915127 72057594037928494 11 984.5901 228.8302 248.3379 100.7419 512 424 
1.678162 -0.2392055 0.4649698 63657774915175 72057594037928494 7 848.0227 236.4874 200.7197 103.1695 512 424 
1.725658 -0.02318875 0.4903284 63657774915175 72057594037928494 11 984.5002 228.5112 248.3054 100.631 512 424 
1.678885 -0.2396225 0.4646904 63657774915239 72057594037928494 7 847.8105 236.7928 200.651 103.2752 512 424 
1.726206 -0.02331127 0.4907206 63657774915239 72057594037928494 11 984.4183 228.365 248.2809 100.5802 512 424 
1.676944 -0.2398214 0.4638133 63657774915296 72057594037928494 7 847.5482 237.0099 200.5465 103.3499 512 424 
1.724431 -0.02302148 0.4909476 63657774915296 72057594037928494 11 984.6144 227.9116 248.3376 100.4229 512 424 
1.676944 -0.2398214 0.4638133 63657774915296 72057594037928494 7 847.5482 237.0099 200.5465 103.3499 512 424 
1.724431 -0.02302148 0.4909476 63657774915296 72057594037928494 11 984.6144 227.9116 248.3376 100.4229 512 424 
1.679915 -0.239803 0.4653782 63657774915404 72057594037928494 7 847.7676 236.5372 200.6434 103.1863 512 424 
1.725971 -0.02327186 0.4903448 63657774915404 72057594037928494 11 984.4459 228.5562 248.2886 100.6466 512 424 
1.679915 -0.239803 0.4653782 63657774915404 72057594037928494 7 847.7676 236.5372 200.6434 103.1863 512 424 
1.725971 -0.02327186 0.4903448 63657774915404 72057594037928494 11 984.4459 228.5562 248.2886 100.6466 512 424 
1.679915 -0.239803 0.4653782 63657774915404 72057594037928494 7 847.7676 236.5372 200.6434 103.1863 512 424 
1.725971 -0.02327186 0.4903448 63657774915404 72057594037928494 11 984.4459 228.5562 248.2886 100.6466 512 424 
1.679366 -0.2395922 0.4648293 63657774915514 72057594037928494 7 847.8636 236.7892 200.6728 103.274 512 424 
1.727164 -0.02320998 0.4915974 63657774915514 72057594037928494 11 984.4694 227.9912 248.3052 100.4504 512 424 
1.679366 -0.2395922 0.4648293 63657774915514 72057594037928494 7 847.8636 236.7892 200.6728 103.274 512 424 
1.727164 -0.02320998 0.4915974 63657774915514 72057594037928494 11 984.4694 227.9912 248.3052 100.4504 512 424 
1.680331 -0.2399285 0.4653113 63657774915589 72057594037928494 7 847.718 236.6529 200.629 103.2264 512 424 
1.727912 -0.02236608 0.4912605 63657774915589 72057594037928494 11 984.9826 228.3291 248.4872 100.5685 512 424 
1.680331 -0.2399285 0.4653113 63657774915589 72057594037928494 7 847.718 236.6529 200.629 103.2264 512 424 
1.727912 -0.02236608 0.4912605 63657774915589 72057594037928494 11 984.9826 228.3291 248.4872 100.5685 512 424 
1.680393 -0.2395029 0.4655525 63657774915696 72057594037928494 7 847.9914 236.5098 200.7243 103.1773 512 424 
1.726856 -0.02215783 0.4901606 63657774915696 72057594037928494 11 985.1243 228.8232 248.5288 100.7402 512 424 
1.680393 -0.2395029 0.4655525 63657774915696 72057594037928494 7 847.9914 236.5098 200.7243 103.1773 512 424 
1.726856 -0.02215783 0.4901606 63657774915696 72057594037928494 11 985.1243 228.8232 248.5288 100.7402 512 424 
1.679405 -0.2418107 0.4636702 63657774915769 72057594037928494 7 846.4637 237.5365 200.1871 103.5307 512 424 
1.725917 -0.02258754 0.4905602 63657774915769 72057594037928494 11 984.868 228.4118 248.4345 100.597 512 424 
1.678805 -0.2397353 0.465433 63657774915846 72057594037928494 7 847.7313 236.307 200.6233 103.1063 512 424 
1.725506 -0.02303957 0.491171 63657774915846 72057594037928494 11 984.5919 227.9627 248.3368 100.4406 512 424 
1.678805 -0.2397353 0.465433 63657774915846 72057594037928494 7 847.7313 236.307 200.6233 103.1063 512 424 
1.725506 -0.02303957 0.491171 63657774915846 72057594037928494 11 984.5919 227.9627 248.3368 100.4406 512 424 
1.679274 -0.2410253 0.4643131 63657774915948 72057594037928494 7 846.9502 237.1034 200.3552 103.3813 512 424 
1.726367 -0.02309937 0.4917361 63657774915948 72057594037928494 11 984.5451 227.7649 248.3265 100.3719 512 424 
1.678651 -0.2402242 0.4647123 63657774916004 72057594037928494 7 847.4123 236.739 200.5113 103.2557 512 424 
1.726426 -0.02301013 0.4912968 63657774916004 72057594037928494 11 984.6006 228.0469 248.3457 100.4699 512 424 
1.678651 -0.2402242 0.4647123 63657774916004 72057594037928494 7 847.4123 236.739 200.5113 103.2557 512 424 
1.726426 -0.02301013 0.4912968 63657774916004 72057594037928494 11 984.6006 228.0469 248.3457 100.4699 512 424 
1.679616 -0.240069 0.4652778 63657774916075 72057594037928494 7 847.578 236.549 200.5756 103.19 512 424 
1.725233 -0.0227423 0.4917418 63657774916075 72057594037928494 11 984.7769 227.5607 248.3994 100.3012 512 424 
1.679616 -0.240069 0.4652778 63657774916075 72057594037928494 7 847.578 236.549 200.5756 103.19 512 424 
1.725233 -0.0227423 0.4917418 63657774916075 72057594037928494 11 984.7769 227.5607 248.3994 100.3012 512 424 
1.679616 -0.240069 0.4652778 63657774916075 72057594037928494 7 847.578 236.549 200.5756 103.19 512 424 
1.725233 -0.0227423 0.4917418 63657774916075 72057594037928494 11 984.7769 227.5607 248.3994 100.3012 512 424 
1.678502 -0.2390996 0.4653393 63657774916200 72057594037928494 7 848.113 236.3121 200.7535 103.1088 512 424 
1.724737 -0.0223161 0.4912965 63657774916200 72057594037928494 11 985.046 227.7479 248.4891 100.3666 512 424 
1.678361 -0.2392195 0.4648844 63657774916267 72057594037928494 7 848.0282 236.5768 200.723 103.2005 512 424 
1.725728 -0.02267235 0.4920758 63657774916267 72057594037928494 11 984.8142 227.441 248.4157 100.2597 512 424 
1.678361 -0.2392195 0.4648844 63657774916267 72057594037928494 7 848.0282 236.5768 200.723 103.2005 512 424 
1.725728 -0.02267235 0.4920758 63657774916267 72057594037928494 11 984.8142 227.441 248.4157 100.2597 512 424 
1.679025 -0.2400976 0.4650753 63657774916359 72057594037928494 7 847.5182 236.5737 200.5508 103.1985 512 424 
1.725285 -0.02266367 0.4922984 63657774916359 72057594037928494 11 984.8236 227.2252 248.4163 100.1847 512 424 
1.679001 -0.2402317 0.4649411 63657774916403 72057594037928494 7 847.4319 236.655 200.5206 103.2266 512 424 
1.725113 -0.02135297 0.4920976 63657774916403 72057594037928494 11 985.6348 227.3161 248.6957 100.2174 512 424 
1.678458 -0.2404673 0.4646581 63657774916485 72057594037928494 7 847.2444 236.7399 200.4518 103.2557 512 424 
1.724432 -0.02130205 0.4919231 63657774916485 72057594037928494 11 985.6738 227.3039 248.7048 100.2132 512 424 
1.678458 -0.2404673 0.4646581 63657774916485 72057594037928494 7 847.2444 236.7399 200.4518 103.2557 512 424 
1.724432 -0.02130205 0.4919231 63657774916485 72057594037928494 11 985.6738 227.3039 248.7048 100.2132 512 424 
1.678458 -0.2404673 0.4646581 63657774916485 72057594037928494 7 847.2444 236.7399 200.4518 103.2557 512 424 
1.724432 -0.02130205 0.4919231 63657774916485 72057594037928494 11 985.6738 227.3039 248.7048 100.2132 512 424 
1.678765 -0.2394764 0.4645074 63657774916591 72057594037928494 7 847.8951 236.888 200.6795 103.3083 512 424 
1.724576 -0.02058337 0.4893678 63657774916591 72057594037928494 11 986.1216 228.91 248.8588 100.7717 512 424 
1.678765 -0.2394764 0.4645074 63657774916591 72057594037928494 7 847.8951 236.888 200.6795 103.3083 512 424 
1.724576 -0.02058337 0.4893678 63657774916591 72057594037928494 11 986.1216 228.91 248.8588 100.7717 512 424 
1.678059 -0.2393142 0.4646553 63657774916676 72057594037928494 7 847.9473 236.6695 200.6928 103.2326 512 424 
1.723814 -0.02138625 0.4892302 63657774916676 72057594037928494 11 985.6345 228.863 248.6853 100.7547 512 424 
1.678059 -0.2393142 0.4646553 63657774916676 72057594037928494 7 847.9473 236.6695 200.6928 103.2326 512 424 
1.723814 -0.02138625 0.4892302 63657774916676 72057594037928494 11 985.6345 228.863 248.6853 100.7547 512 424 
1.67739 -0.2387895 0.4650523 63657774916768 72057594037928494 7 848.2314 236.2985 200.7869 103.1042 512 424 
1.72316 -0.01905832 0.4883022 63657774916768 72057594037928494 11 987.0818 229.3181 249.1812 100.9147 512 424 
1.67739 -0.2387895 0.4650523 63657774916768 72057594037928494 7 848.2314 236.2985 200.7869 103.1042 512 424 
1.72316 -0.01905832 0.4883022 63657774916768 72057594037928494 11 987.0818 229.3181 249.1812 100.9147 512 424 
1.67846 -0.2389574 0.46445 63657774916839 72057594037928494 7 848.2026 236.8701 200.784 103.3027 512 424 
1.723505 -0.01937789 0.4896545 63657774916839 72057594037928494 11 986.8775 228.5414 249.1137 100.6446 512 424 
1.677832 -0.2382397 0.4647958 63657774916911 72057594037928494 7 848.6124 236.5383 200.9219 103.1883 512 424 
1.72278 -0.02052981 0.4900763 63657774916911 72057594037928494 11 986.1727 228.1548 248.8656 100.5094 512 424 
1.677642 -0.2381794 0.4650167 63657774916967 72057594037928494 7 848.6365 236.3644 200.9291 103.1279 512 424 
1.721101 -0.01925186 0.4876405 63657774916967 72057594037928494 11 986.9872 229.367 249.1349 100.9315 512 424 
1.677642 -0.2381794 0.4650167 63657774916967 72057594037928494 7 848.6365 236.3644 200.9291 103.1279 512 424 
1.721101 -0.01925186 0.4876405 63657774916967 72057594037928494 11 986.9872 229.367 249.1349 100.9315 512 424 
1.678061 -0.2380152 0.4649144 63657774917061 72057594037928494 7 848.7707 236.5029 200.9784 103.1763 512 424 
1.721461 -0.01868605 0.4874874 63657774917061 72057594037928494 11 987.3334 229.5241 249.2569 100.9865 512 424 
1.678664 -0.2380432 0.4651019 63657774917134 72057594037928494 7 848.7949 236.4899 200.991 103.1718 512 424 
1.722843 -0.01919848 0.4876592 63657774917134 72057594037928494 11 987.0002 229.6612 249.1506 101.0337 512 424 
1.678664 -0.2380432 0.4651019 63657774917134 72057594037928494 7 848.7949 236.4899 200.991 103.1718 512 424 
1.722843 -0.01919848 0.4876592 63657774917134 72057594037928494 11 987.0002 229.6612 249.1506 101.0337 512 424 
1.678664 -0.2380432 0.4651019 63657774917134 72057594037928494 7 848.7949 236.4899 200.991 103.1718 512 424 
1.722843 -0.01919848 0.4876592 63657774917134 72057594037928494 11 987.0002 229.6612 249.1506 101.0337 512 424 
1.678664 -0.2380432 0.4651019 63657774917134 72057594037928494 7 848.7949 236.4899 200.991 103.1718 512 424 
1.722843 -0.01919848 0.4876592 63657774917134 72057594037928494 11 987.0002 229.6612 249.1506 101.0337 512 424 
1.677417 -0.2391754 0.4639585 63657774917274 72057594037928494 7 847.9916 236.9998 200.7035 103.3472 512 424 
1.721507 -0.0186422 0.4861905 63657774917274 72057594037928494 11 987.3629 230.3364 249.2664 101.2687 512 424 
1.677417 -0.2391754 0.4639585 63657774917274 72057594037928494 7 847.9916 236.9998 200.7035 103.3472 512 424 
1.721507 -0.0186422 0.4861905 63657774917274 72057594037928494 11 987.3629 230.3364 249.2664 101.2687 512 424 
1.677417 -0.2391754 0.4639585 63657774917274 72057594037928494 7 847.9916 236.9998 200.7035 103.3472 512 424 
1.721507 -0.0186422 0.4861905 63657774917274 72057594037928494 11 987.3629 230.3364 249.2664 101.2687 512 424 
1.67661 -0.2386667 0.4638904 63657774917359 72057594037928494 7 848.2571 236.9003 200.7901 103.3132 512 424 
1.722275 -0.01828483 0.4866149 63657774917359 72057594037928494 11 987.574 230.2072 249.3447 101.2241 512 424 
1.67794 -0.239648 0.4644195 63657774917435 72057594037928494 7 847.7277 236.7991 200.6158 103.2771 512 424 
1.721358 -0.01976096 0.4868034 63657774917435 72057594037928494 11 986.6712 229.9326 249.0267 101.1275 512 424 
1.67794 -0.239648 0.4644195 63657774917435 72057594037928494 7 847.7277 236.7991 200.6158 103.2771 512 424 
1.721358 -0.01976096 0.4868034 63657774917435 72057594037928494 11 986.6712 229.9326 249.0267 101.1275 512 424 
1.676708 -0.2405289 0.4635709 63657774917540 72057594037928494 7 847.0829 237.1241 200.3834 103.3887 512 424 
1.72258 -0.01912597 0.4875128 63657774917540 72057594037928494 11 987.0485 229.7056 249.1654 101.0492 512 424 
1.676708 -0.2405289 0.4635709 63657774917540 72057594037928494 7 847.0829 237.1241 200.3834 103.3887 512 424 
1.72258 -0.01912597 0.4875128 63657774917540 72057594037928494 11 987.0485 229.7056 249.1654 101.0492 512 424 
1.676708 -0.2405289 0.4635709 63657774917540 72057594037928494 7 847.0829 237.1241 200.3834 103.3887 512 424 
1.72258 -0.01912597 0.4875128 63657774917540 72057594037928494 11 987.0485 229.7056 249.1654 101.0492 512 424 
1.677417 -0.2415209 0.463986 63657774917669 72057594037928494 7 846.5032 236.9862 200.1874 103.3397 512 424 
1.720059 -0.01956024 0.4861138 63657774917669 72057594037928494 11 986.8116 230.1322 249.0665 101.197 512 424 
1.646049 -0.07973596 -0.6490342 63657774917669 72057594037928494 19 951.2181 949.7224 235.3783 350.7993 512 424 
1.677417 -0.2415209 0.463986 63657774917669 72057594037928494 7 846.5032 236.9862 200.1874 103.3397 512 424 
1.720059 -0.01956024 0.4861138 63657774917669 72057594037928494 11 986.8116 230.1322 249.0665 101.197 512 424 
1.646049 -0.07973596 -0.6490342 63657774917669 72057594037928494 19 951.2181 949.7224 235.3783 350.7993 512 424 
