Z           X            Y     Timestamp     Body id     Joint type ColorPointX ColorPointY  DepthPointX DepthPointY  WidthOfDisplay  HeightOfDisplay
1.607557 -0.06718975 -0.1458512 63657774994250 72057594037928494 11 958.1118 627.3302 237.9275 238.5596 512 424 
1.607557 -0.06718975 -0.1458512 63657774994250 72057594037928494 11 958.1118 627.3302 237.9275 238.5596 512 424 
1.606088 -0.06728376 -0.1466777 63657774994346 72057594037928494 11 958.0431 627.9645 237.8918 238.7791 512 424 
1.606088 -0.06728376 -0.1466777 63657774994346 72057594037928494 11 958.0431 627.9645 237.8918 238.7791 512 424 
1.606088 -0.06728376 -0.1466777 63657774994346 72057594037928494 11 958.0431 627.9645 237.8918 238.7791 512 424 
1.60556 -0.06714219 -0.1455243 63657774994477 72057594037928494 11 958.1312 627.234 237.9193 238.5263 512 424 
1.60556 -0.06714219 -0.1455243 63657774994477 72057594037928494 11 958.1312 627.234 237.9193 238.5263 512 424 
1.60556 -0.06714219 -0.1455243 63657774994477 72057594037928494 11 958.1312 627.234 237.9193 238.5263 512 424 
1.60556 -0.06714219 -0.1455243 63657774994477 72057594037928494 11 958.1312 627.234 237.9193 238.5263 512 424 
1.605492 -0.06731523 -0.145306 63657774994589 72057594037928494 11 958.0159 627.094 237.8791 238.4778 512 424 
1.660224 -0.03923781 -0.1122723 63657774995557 72057594037928494 11 976.2249 602.7639 244.5913 230.0772 512 424 
1.660224 -0.03923781 -0.1122723 63657774995557 72057594037928494 11 976.2249 602.7639 244.5913 230.0772 512 424 
1.658298 -0.04015677 -0.1140851 63657774995645 72057594037928494 11 975.6502 604.009 244.378 230.5071 512 424 
1.658298 -0.04015677 -0.1140851 63657774995645 72057594037928494 11 975.6502 604.009 244.378 230.5071 512 424 
1.626517 -0.05387353 -0.1426458 63657774996002 72057594037928494 11 966.9122 624.0945 241.1096 237.446 512 424 
1.626517 -0.05387353 -0.1426458 63657774996002 72057594037928494 11 966.9122 624.0945 241.1096 237.446 512 424 
1.625098 -0.05310579 -0.1438068 63657774996103 72057594037928494 11 967.4164 624.9329 241.2721 237.7363 512 424 
1.625098 -0.05310579 -0.1438068 63657774996103 72057594037928494 11 967.4164 624.9329 241.2721 237.7363 512 424 
