Z           X            Y     Timestamp     Body id     Joint type ColorPointX ColorPointY  DepthPointX DepthPointY  WidthOfDisplay  HeightOfDisplay
1.610699 -0.06773796 -0.1491284 63657775007285 72057594037928494 11 957.775 629.3022 237.8321 239.2419 512 424 
1.611039 -0.06754221 -0.1483327 63657775007366 72057594037928494 11 957.9044 628.757 237.88 239.0533 512 424 
1.611432 -0.06775441 -0.1491775 63657775007433 72057594037928494 11 957.7684 629.2899 237.8354 239.2375 512 424 
1.610222 -0.06839865 -0.1493775 63657775007511 72057594037928494 11 957.3367 629.4966 237.677 239.3088 512 424 
1.610222 -0.06839865 -0.1493775 63657775007511 72057594037928494 11 957.3367 629.4966 237.677 239.3088 512 424 
1.610222 -0.06839865 -0.1493775 63657775007511 72057594037928494 11 957.3367 629.4966 237.677 239.3088 512 424 
1.611426 -0.06785876 -0.1478689 63657775007654 72057594037928494 11 957.6969 628.4286 237.8118 238.9395 512 424 
1.611879 -0.0680491 -0.1481025 63657775007683 72057594037928494 11 957.5745 628.5552 237.7728 238.9832 512 424 
1.612331 -0.06741627 -0.1470843 63657775007751 72057594037928494 11 957.9922 627.8568 237.9212 238.7418 512 424 
1.611377 -0.06800855 -0.1489313 63657775007821 72057594037928494 11 957.5999 629.1315 237.777 239.1827 512 424 
1.611377 -0.06800855 -0.1489313 63657775007821 72057594037928494 11 957.5999 629.1315 237.777 239.1827 512 424 
1.612008 -0.06756691 -0.1478229 63657775007894 72057594037928494 11 957.8926 628.3627 237.8837 238.9168 512 424 
1.611367 -0.06726354 -0.1470635 63657775007968 72057594037928494 11 958.0873 627.9008 237.9468 238.7571 512 424 
1.611367 -0.06726354 -0.1470635 63657775007968 72057594037928494 11 958.0873 627.9008 237.9468 238.7571 512 424 
1.611367 -0.06726354 -0.1470635 63657775007968 72057594037928494 11 958.0873 627.9008 237.9468 238.7571 512 424 
1.61114 -0.06761529 -0.1467803 63657775008088 72057594037928494 11 957.8534 627.7285 237.8646 238.6973 512 424 
1.61114 -0.06761529 -0.1467803 63657775008088 72057594037928494 11 957.8534 627.7285 237.8646 238.6973 512 424 
1.610472 -0.06762166 -0.1482888 63657775008178 72057594037928494 11 957.8486 628.7626 237.8565 239.0552 512 424 
1.612394 -0.06530403 -0.1458701 63657775008401 72057594037928494 11 959.3821 627.0505 238.4025 238.4637 512 424 
1.611615 -0.06549008 -0.1466553 63657775008486 72057594037928494 11 959.2573 627.6144 238.3529 238.6587 512 424 
1.611615 -0.06549008 -0.1466553 63657775008486 72057594037928494 11 959.2573 627.6144 238.3529 238.6587 512 424 
1.612701 -0.06495381 -0.1459623 63657775008590 72057594037928494 11 959.6146 627.0925 238.485 238.4783 512 424 
1.612701 -0.06495381 -0.1459623 63657775008590 72057594037928494 11 959.6146 627.0925 238.485 238.4783 512 424 
1.612524 -0.0642954 -0.1457134 63657775008819 72057594037928494 11 960.0471 626.9381 238.6332 238.4252 512 424 
1.613172 -0.06370021 -0.1460305 63657775009301 72057594037928494 11 960.4428 627.1072 238.7743 238.4839 512 424 
1.613172 -0.06370021 -0.1460305 63657775009301 72057594037928494 11 960.4428 627.1072 238.7743 238.4839 512 424 
1.61544 -0.06293595 -0.1440135 63657775009414 72057594037928494 11 960.9508 625.6459 238.9685 237.9787 512 424 
1.61544 -0.06293595 -0.1440135 63657775009414 72057594037928494 11 960.9508 625.6459 238.9685 237.9787 512 424 
1.614172 -0.06360961 -0.1446516 63657775009488 72057594037928494 11 960.5037 626.141 238.8041 238.1497 512 424 
1.615499 -0.06204179 -0.1448848 63657775009628 72057594037928494 11 961.5411 626.2134 239.1719 238.1754 512 424 
1.615198 -0.06159514 -0.1446573 63657775009699 72057594037928494 11 961.8335 626.0811 239.2708 238.1298 512 424 
1.614896 -0.06252801 -0.1453444 63657775009953 72057594037928494 11 961.22 626.5519 239.0562 238.2923 512 424 
1.615704 -0.06123846 -0.1464145 63657775010923 72057594037928494 11 962.0735 627.2048 239.3559 238.5188 512 424 
1.615704 -0.06123846 -0.1464145 63657775010923 72057594037928494 11 962.0735 627.2048 239.3559 238.5188 512 424 
1.616845 -0.06112331 -0.1456621 63657775011234 72057594037928494 11 962.1512 626.6429 239.3919 238.3244 512 424 
1.616845 -0.06112331 -0.1456621 63657775011234 72057594037928494 11 962.1512 626.6429 239.3919 238.3244 512 424 
1.615583 -0.06145291 -0.1449662 63657775011320 72057594037928494 11 961.929 626.261 239.3063 238.1922 512 424 
1.615583 -0.06145291 -0.1449662 63657775011320 72057594037928494 11 961.929 626.261 239.3063 238.1922 512 424 
1.615583 -0.06145291 -0.1449662 63657775011320 72057594037928494 11 961.929 626.261 239.3063 238.1922 512 424 
1.614988 -0.05976047 -0.1451461 63657775011411 72057594037928494 11 963.0411 626.4118 239.6855 238.245 512 424 
1.615385 -0.0595864 -0.144747 63657775011482 72057594037928494 11 963.1558 626.1258 239.7285 238.1461 512 424 
1.615385 -0.0595864 -0.144747 63657775011482 72057594037928494 11 963.1558 626.1258 239.7285 238.1461 512 424 
1.613755 -0.06115904 -0.1447007 63657775011555 72057594037928494 11 962.116 626.1941 239.3573 238.1691 512 424 
1.613755 -0.06115904 -0.1447007 63657775011555 72057594037928494 11 962.116 626.1941 239.3573 238.1691 512 424 
1.612713 -0.06214324 -0.1454374 63657775011643 72057594037928494 11 961.4656 626.7419 239.1244 238.3582 512 424 
1.612713 -0.06214324 -0.1454374 63657775011643 72057594037928494 11 961.4656 626.7419 239.1244 238.3582 512 424 
1.628639 -0.05427492 -0.1381249 63657775011772 72057594037928494 11 966.641 621.0278 241.0355 236.385 512 424 
1.628639 -0.05427492 -0.1381249 63657775011772 72057594037928494 11 966.641 621.0278 241.0355 236.385 512 424 
1.614512 -0.06194912 -0.1457645 63657775012109 72057594037928494 11 961.6006 626.8499 239.1842 238.3957 512 424 
1.614512 -0.06194912 -0.1457645 63657775012109 72057594037928494 11 961.6006 626.8499 239.1842 238.3957 512 424 
1.614512 -0.06194912 -0.1457645 63657775012109 72057594037928494 11 961.6006 626.8499 239.1842 238.3957 512 424 
1.614512 -0.06194912 -0.1457645 63657775012109 72057594037928494 11 961.6006 626.8499 239.1842 238.3957 512 424 
1.614295 -0.06254508 -0.1448433 63657775012367 72057594037928494 11 961.2055 626.2581 239.0471 238.1906 512 424 
1.614295 -0.06254508 -0.1448433 63657775012367 72057594037928494 11 961.2055 626.2581 239.0471 238.1906 512 424 
1.614295 -0.06254508 -0.1448433 63657775012367 72057594037928494 11 961.2055 626.2581 239.0471 238.1906 512 424 
1.614318 -0.06306988 -0.144568 63657775012697 72057594037928494 11 960.8594 626.0767 238.928 238.1276 512 424 
1.614318 -0.06306988 -0.144568 63657775012697 72057594037928494 11 960.8594 626.0767 238.928 238.1276 512 424 
1.614318 -0.06306988 -0.144568 63657775012697 72057594037928494 11 960.8594 626.0767 238.928 238.1276 512 424 
1.614318 -0.06306988 -0.144568 63657775012697 72057594037928494 11 960.8594 626.0767 238.928 238.1276 512 424 
1.612908 -0.06339218 -0.1448667 63657775012925 72057594037928494 11 960.6422 626.3567 238.8422 238.2244 512 424 
1.612908 -0.06339218 -0.1448667 63657775012925 72057594037928494 11 960.6422 626.3567 238.8422 238.2244 512 424 
