Z           X            Y     Timestamp     Body id     Joint type ColorPointX ColorPointY  DepthPointX DepthPointY  WidthOfDisplay  HeightOfDisplay
1.615411 -0.06475873 -0.1465016 63657775021969 72057594037928494 11 959.7569 627.285 238.554 238.5451 512 424 
1.616797 -0.06444012 -0.1449876 63657775022031 72057594037928494 11 959.9695 626.2082 238.6391 238.1726 512 424 
1.616797 -0.06444012 -0.1449876 63657775022031 72057594037928494 11 959.9695 626.2082 238.6391 238.1726 512 424 
1.635758 -0.3640911 0.4885595 63657775022424 72057594037928494 7 763.5718 213.6261 171.1313 95.08943 512 424 
1.63871 -0.2795219 0.4979687 63657775022596 72057594037928494 7 818.8546 207.9376 190.3418 93.20801 512 424 
1.707119 -0.04298619 0.5033424 63657775022596 72057594037928494 11 972.309 217.117 243.9776 96.65626 512 424 
1.63871 -0.2795219 0.4979687 63657775022596 72057594037928494 7 818.8546 207.9376 190.3418 93.20801 512 424 
1.707119 -0.04298619 0.5033424 63657775022596 72057594037928494 11 972.309 217.117 243.9776 96.65626 512 424 
1.63372 -0.2715206 0.5006832 63657775022774 72057594037928494 7 823.6058 205.159 191.9559 92.25259 512 424 
1.632689 -0.2710499 0.5004588 63657775022842 72057594037928494 7 823.8224 205.0986 192.0236 92.23198 512 424 
1.632689 -0.2710499 0.5004588 63657775022842 72057594037928494 7 823.8224 205.0986 192.0236 92.23198 512 424 
1.632689 -0.2710499 0.5004588 63657775022842 72057594037928494 7 823.8224 205.0986 192.0236 92.23198 512 424 
1.632689 -0.2710499 0.5004588 63657775022842 72057594037928494 7 823.8224 205.0986 192.0236 92.23198 512 424 
1.632689 -0.2710499 0.5004588 63657775022842 72057594037928494 7 823.8224 205.0986 192.0236 92.23198 512 424 
1.624041 -0.271886 0.5038308 63657775023109 72057594037928494 7 822.4977 201.1401 191.5037 90.85685 512 424 
1.624041 -0.271886 0.5038308 63657775023109 72057594037928494 7 822.4977 201.1401 191.5037 90.85685 512 424 
1.624041 -0.271886 0.5038308 63657775023109 72057594037928494 7 822.4977 201.1401 191.5037 90.85685 512 424 
1.605997 -0.2709672 0.4886542 63657775023223 72057594037928494 7 821.5234 207.5161 191.0256 93.06526 512 424 
1.659725 -0.05408935 0.4723118 63657775023223 72057594037928494 11 965.402 228.1206 241.2507 100.4667 512 424 
1.599076 -0.2727327 0.4825511 63657775023328 72057594037928494 7 819.7349 210.1917 190.3504 93.98969 512 424 
1.65387 -0.05398945 0.4717311 63657775023328 72057594037928494 11 965.4609 227.4197 241.2303 100.2232 512 424 
1.638686 -0.1128041 -0.6465757 63657775023328 72057594037928494 19 929.7015 950.0414 227.8505 350.902 512 424 
1.599076 -0.2727327 0.4825511 63657775023328 72057594037928494 7 819.7349 210.1917 190.3504 93.98969 512 424 
1.65387 -0.05398945 0.4717311 63657775023328 72057594037928494 11 965.4609 227.4197 241.2303 100.2232 512 424 
1.638686 -0.1128041 -0.6465757 63657775023328 72057594037928494 19 929.7015 950.0414 227.8505 350.902 512 424 
1.59788 -0.2734821 0.4817031 63657775023448 72057594037928494 7 819.1276 210.5189 190.1303 94.10205 512 424 
1.654335 -0.05353026 0.4721633 63657775023448 72057594037928494 11 965.7559 227.2256 241.3359 100.1562 512 424 
1.637875 -0.1133678 -0.6464226 63657775023448 72057594037928494 19 929.3169 950.1503 227.7109 350.9396 512 424 
1.59788 -0.2734821 0.4817031 63657775023448 72057594037928494 7 819.1276 210.5189 190.1303 94.10205 512 424 
1.654335 -0.05353026 0.4721633 63657775023448 72057594037928494 11 965.7559 227.2256 241.3359 100.1562 512 424 
1.637875 -0.1133678 -0.6464226 63657775023448 72057594037928494 19 929.3169 950.1503 227.7109 350.9396 512 424 
1.59788 -0.2734821 0.4817031 63657775023448 72057594037928494 7 819.1276 210.5189 190.1303 94.10205 512 424 
1.654335 -0.05353026 0.4721633 63657775023448 72057594037928494 11 965.7559 227.2256 241.3359 100.1562 512 424 
1.637875 -0.1133678 -0.6464226 63657775023448 72057594037928494 19 929.3169 950.1503 227.7109 350.9396 512 424 
1.593969 -0.2712305 0.4743436 63657775023587 72057594037928494 7 820.2903 214.6579 190.5006 95.53944 512 424 
1.645228 -0.05807953 0.4678385 63657775023587 72057594037928494 11 962.8136 228.3562 240.2516 100.5443 512 424 
1.636715 -0.1123506 -0.6475074 63657775023587 72057594037928494 19 929.9521 951.1522 227.922 351.2881 512 424 
1.598364 -0.2683323 0.479415 63657775023725 72057594037928494 7 822.61 212.1367 191.3409 94.66931 512 424 
1.657433 -0.05715878 0.4709218 63657775023725 72057594037928494 11 963.4311 228.6028 240.5521 100.6312 512 424 
1.636343 -0.1128189 -0.6472473 63657775023725 72057594037928494 19 929.6392 951.079 227.8107 351.2626 512 424 
1.603506 -0.2672369 0.4848925 63657775023869 72057594037928494 7 823.7851 209.5118 191.7897 93.76118 512 424 
1.666816 -0.03888465 0.4688815 63657775023869 72057594037928494 11 975.1304 231.5768 244.6628 101.6813 512 424 
1.636863 -0.1150729 -0.645658 63657775023869 72057594037928494 19 928.1854 949.9146 227.3107 350.8573 512 424 
1.603506 -0.2672369 0.4848925 63657775023869 72057594037928494 7 823.7851 209.5118 191.7897 93.76118 512 424 
1.666816 -0.03888465 0.4688815 63657775023869 72057594037928494 11 975.1304 231.5768 244.6628 101.6813 512 424 
1.636863 -0.1150729 -0.645658 63657775023869 72057594037928494 19 928.1854 949.9146 227.3107 350.8573 512 424 
1.62914 -0.2811565 0.5042975 63657775023936 72057594037928494 7 816.8922 201.8853 189.5961 91.10591 512 424 
1.678188 -0.02274513 0.4668829 63657775023936 72057594037928494 11 985.3215 234.8476 248.2635 102.8316 512 424 
1.62914 -0.2811565 0.5042975 63657775023936 72057594037928494 7 816.8922 201.8853 189.5961 91.10591 512 424 
1.678188 -0.02274513 0.4668829 63657775023936 72057594037928494 11 985.3215 234.8476 248.2635 102.8316 512 424 
1.62914 -0.2811565 0.5042975 63657775023936 72057594037928494 7 816.8922 201.8853 189.5961 91.10591 512 424 
1.678188 -0.02274513 0.4668829 63657775023936 72057594037928494 11 985.3215 234.8476 248.2635 102.8316 512 424 
1.611698 -0.335539 0.4914853 63657775024091 72057594037928494 6 779.3755 206.8899 176.4447 92.77898 512 424 
1.633539 -0.283124 0.5056963 63657775024091 72057594037928494 7 816.0117 201.863 189.3229 91.09685 512 424 
1.683057 -0.02166505 0.4671363 63657775024091 72057594037928494 11 985.952 235.5436 248.5144 103.0743 512 424 
1.63565 -0.2813619 0.5000876 63657775024218 72057594037928494 7 817.3719 205.9501 189.8068 92.51623 512 424 
1.686552 -0.02152892 0.4675054 63657775024218 72057594037928494 11 985.9985 235.9235 248.554 103.2065 512 424 
1.634344 -0.1152809 -0.6464728 63657775024218 72057594037928494 19 927.9913 951.0922 227.2236 351.2665 512 424 
1.63565 -0.2813619 0.5000876 63657775024218 72057594037928494 7 817.3719 205.9501 189.8068 92.51623 512 424 
1.686552 -0.02152892 0.4675054 63657775024218 72057594037928494 11 985.9985 235.9235 248.554 103.2065 512 424 
1.634344 -0.1152809 -0.6464728 63657775024218 72057594037928494 19 927.9913 951.0922 227.2236 351.2665 512 424 
1.63565 -0.2813619 0.5000876 63657775024218 72057594037928494 7 817.3719 205.9501 189.8068 92.51623 512 424 
1.686552 -0.02152892 0.4675054 63657775024218 72057594037928494 11 985.9985 235.9235 248.554 103.2065 512 424 
1.634344 -0.1152809 -0.6464728 63657775024218 72057594037928494 19 927.9913 951.0922 227.2236 351.2665 512 424 
1.633459 -0.2798333 0.4986618 63657775024290 72057594037928494 7 818.171 206.4426 190.0676 92.68828 512 424 
1.688685 -0.023954 0.4691013 63657775024290 72057594037928494 11 984.4423 235.2939 248.031 102.9857 512 424 
1.636699 -0.1159168 -0.6453726 63657775024290 72057594037928494 19 927.633 949.7721 227.1178 350.8076 512 424 
1.633459 -0.2798333 0.4986618 63657775024290 72057594037928494 7 818.171 206.4426 190.0676 92.68828 512 424 
1.688685 -0.023954 0.4691013 63657775024290 72057594037928494 11 984.4423 235.2939 248.031 102.9857 512 424 
1.636699 -0.1159168 -0.6453726 63657775024290 72057594037928494 19 927.633 949.7721 227.1178 350.8076 512 424 
1.633459 -0.2798333 0.4986618 63657775024290 72057594037928494 7 818.171 206.4426 190.0676 92.68828 512 424 
1.688685 -0.023954 0.4691013 63657775024290 72057594037928494 11 984.4423 235.2939 248.031 102.9857 512 424 
1.636699 -0.1159168 -0.6453726 63657775024290 72057594037928494 19 927.633 949.7721 227.1178 350.8076 512 424 
1.633837 -0.2802701 0.4984872 63657775024421 72057594037928494 7 817.9216 206.6328 189.9836 92.75381 512 424 
1.633837 -0.2802701 0.4984872 63657775024421 72057594037928494 7 817.9216 206.6328 189.9836 92.75381 512 424 
1.634143 -0.2807531 0.4991856 63657775024533 72057594037928494 7 817.6327 206.238 189.886 92.61645 512 424 
1.679482 -0.06500341 0.4797564 63657775024533 72057594037928494 11 958.4888 226.984 238.9976 100.0623 512 424 
1.634143 -0.2807531 0.4991856 63657775024533 72057594037928494 7 817.6327 206.238 189.886 92.61645 512 424 
1.679482 -0.06500341 0.4797564 63657775024533 72057594037928494 11 958.4888 226.984 238.9976 100.0623 512 424 
1.633273 -0.2805417 0.4985658 63657775024634 72057594037928494 7 817.6925 206.4695 189.9002 92.69678 512 424 
1.680537 -0.06472401 0.4795761 63657775024634 72057594037928494 11 958.6718 227.2894 239.0679 100.1686 512 424 
1.635396 -0.2788884 0.4995369 63657775024730 72057594037928494 7 818.9606 206.2552 190.3558 92.62476 512 424 
1.678965 -0.06593542 0.4888966 63657775024730 72057594037928494 11 957.873 221.0779 238.7868 98.01005 512 424 
1.635667 -0.2740888 0.5010548 63657775024833 72057594037928494 7 822.1045 205.3097 191.4492 92.30235 512 424 
1.670958 -0.07494535 0.5024498 63657775024833 72057594037928494 11 952.0535 210.943 236.727 94.48119 512 424 
1.636689 -0.2736774 0.5007564 63657775024912 72057594037928494 7 822.4639 205.7078 191.581 92.44106 512 424 
1.665694 -0.07903008 0.5045814 63657775024912 72057594037928494 11 949.3889 208.5697 235.7701 93.65282 512 424 
1.636689 -0.2736774 0.5007564 63657775024912 72057594037928494 7 822.4639 205.7078 191.581 92.44106 512 424 
1.665694 -0.07903008 0.5045814 63657775024912 72057594037928494 11 949.3889 208.5697 235.7701 93.65282 512 424 
1.636703 -0.2749583 0.4985932 63657775025021 72057594037928494 7 821.6387 207.1249 191.2937 92.931 512 424 
1.668762 -0.07829262 0.5050476 63657775025021 72057594037928494 11 949.8914 208.8645 235.9652 93.75603 512 424 
1.637634 -0.2723631 0.5010097 63657775025087 72057594037928494 7 823.4014 205.7289 191.9131 92.45002 512 424 
1.669877 -0.07855146 0.5007293 63657775025087 72057594037928494 11 949.7485 211.8435 235.9207 94.7904 512 424 
1.637634 -0.2723631 0.5010097 63657775025087 72057594037928494 7 823.4014 205.7289 191.9131 92.45002 512 424 
1.669877 -0.07855146 0.5007293 63657775025087 72057594037928494 11 949.7485 211.8435 235.9207 94.7904 512 424 
1.637634 -0.2723631 0.5010097 63657775025087 72057594037928494 7 823.4014 205.7289 191.9131 92.45002 512 424 
1.669877 -0.07855146 0.5007293 63657775025087 72057594037928494 11 949.7485 211.8435 235.9207 94.7904 512 424 
1.637451 -0.2717733 0.4999973 63657775025204 72057594037928494 7 823.7718 206.3519 192.0397 92.66668 512 424 
1.663424 -0.07805984 0.4932042 63657775025204 72057594037928494 11 950.0134 215.4332 235.9637 96.03722 512 424 
1.637451 -0.2717733 0.4999973 63657775025204 72057594037928494 7 823.7718 206.3519 192.0397 92.66668 512 424 
1.663424 -0.07805984 0.4932042 63657775025204 72057594037928494 11 950.0134 215.4332 235.9637 96.03722 512 424 
1.637451 -0.2717733 0.4999973 63657775025204 72057594037928494 7 823.7718 206.3519 192.0397 92.66668 512 424 
1.663424 -0.07805984 0.4932042 63657775025204 72057594037928494 11 950.0134 215.4332 235.9637 96.03722 512 424 
1.63909 -0.2715066 0.5000726 63657775025330 72057594037928494 7 824.0887 206.6281 192.1614 92.76308 512 424 
1.670266 -0.07617717 0.4900552 63657775025330 72057594037928494 11 951.2924 218.7401 236.4512 97.18777 512 424 
1.63909 -0.2715066 0.5000726 63657775025330 72057594037928494 7 824.0887 206.6281 192.1614 92.76308 512 424 
1.670266 -0.07617717 0.4900552 63657775025330 72057594037928494 11 951.2924 218.7401 236.4512 97.18777 512 424 
1.63909 -0.2715066 0.5000726 63657775025330 72057594037928494 7 824.0887 206.6281 192.1614 92.76308 512 424 
1.670266 -0.07617717 0.4900552 63657775025330 72057594037928494 11 951.2924 218.7401 236.4512 97.18777 512 424 
1.63936 -0.2695709 0.5040001 63657775025440 72057594037928494 7 825.3575 204.119 192.6054 91.8952 512 424 
1.670452 -0.07575314 0.4895074 63657775025440 72057594037928494 11 951.5657 219.1243 236.5467 97.32164 512 424 
1.640576 -0.2678977 0.5050356 63657775025533 72057594037928494 7 826.5455 203.6848 193.0267 91.74676 512 424 
1.67073 -0.07465735 0.4891131 63657775025533 72057594037928494 11 952.2676 219.4261 236.7913 97.42759 512 424 
1.640576 -0.2678977 0.5050356 63657775025533 72057594037928494 7 826.5455 203.6848 193.0267 91.74676 512 424 
1.67073 -0.07465735 0.4891131 63657775025533 72057594037928494 11 952.2676 219.4261 236.7913 97.42759 512 424 
1.662609 -0.07837785 0.4883945 63657775025643 72057594037928494 11 949.813 218.3692 235.8859 97.05645 512 424 
1.662609 -0.07837785 0.4883945 63657775025643 72057594037928494 11 949.813 218.3692 235.8859 97.05645 512 424 
1.662609 -0.07837785 0.4883945 63657775025643 72057594037928494 11 949.813 218.3692 235.8859 97.05645 512 424 
1.662609 -0.07837785 0.4883945 63657775025643 72057594037928494 11 949.813 218.3692 235.8859 97.05645 512 424 
1.672945 -0.07318701 0.490818 63657775025767 72057594037928494 11 953.2192 218.7482 237.1367 97.19366 512 424 
1.644455 -0.2893444 0.4880832 63657775025815 72057594037928494 7 813.0461 215.5075 188.3623 95.8232 512 424 
1.672804 -0.07306138 0.491163 63657775025815 72057594037928494 11 953.2971 218.5013 237.1629 97.10797 512 424 
1.644455 -0.2893444 0.4880832 63657775025815 72057594037928494 7 813.0461 215.5075 188.3623 95.8232 512 424 
1.672804 -0.07306138 0.491163 63657775025815 72057594037928494 11 953.2971 218.5013 237.1629 97.10797 512 424 
1.645225 -0.2894708 0.4884459 63657775025936 72057594037928494 7 813.0355 215.4202 188.3643 95.79297 512 424 
1.666268 -0.07448979 0.4906676 63657775025936 72057594037928494 11 952.3304 217.5924 236.7836 96.79066 512 424 
1.638825 -0.1159354 -0.6449612 63657775025936 72057594037928494 19 927.6718 948.9608 227.1476 350.5256 512 424 
1.651593 -0.2940341 0.4902768 63657775025989 72057594037928494 7 810.6848 215.4645 187.5943 95.8044 512 424 
1.68156 -0.05961567 0.4938369 63657775025989 72057594037928494 11 961.8771 218.406 240.1931 97.08807 512 424 
1.651593 -0.2940341 0.4902768 63657775025989 72057594037928494 7 810.6848 215.4645 187.5943 95.8044 512 424 
1.68156 -0.05961567 0.4938369 63657775025989 72057594037928494 11 961.8771 218.406 240.1931 97.08807 512 424 
1.538071 0.01324726 0.1392656 63657775026292 72057594037928494 11 1012.65 434.673 256.413 172.0876 512 424 
1.538071 0.01324726 0.1392656 63657775026292 72057594037928494 11 1012.65 434.673 256.413 172.0876 512 424 
1.555266 -0.3969609 0.3272127 63657775026401 72057594037928494 7 731.0688 307.8763 159.1461 127.7144 512 424 
1.538 -0.3898249 0.3240626 63657775026401 72057594037928494 22 733.3616 307.5382 159.8025 127.6005 512 424 
1.555266 -0.3969609 0.3272127 63657775026401 72057594037928494 7 731.0688 307.8763 159.1461 127.7144 512 424 
1.538 -0.3898249 0.3240626 63657775026401 72057594037928494 22 733.3616 307.5382 159.8025 127.6005 512 424 
1.559179 -0.3766299 0.1732547 63657775026504 72057594037928494 7 746.0392 413.4953 164.3247 164.3787 512 424 
1.559179 -0.3766299 0.1732547 63657775026504 72057594037928494 7 746.0392 413.4953 164.3247 164.3787 512 424 
1.57237 -0.2938589 0.07454666 63657775026750 72057594037928494 6 804.1575 481.0639 184.5826 187.8669 512 424 
1.465387 -0.2174809 0.06558203 63657775026750 72057594037928494 21 847.6821 483.7887 198.7708 188.8579 512 424 
1.498639 -0.2715887 0.04833293 63657775026750 72057594037928494 22 812.0049 497.1492 186.6791 193.4397 512 424 
1.57237 -0.2938589 0.07454666 63657775026750 72057594037928494 6 804.1575 481.0639 184.5826 187.8669 512 424 
1.465387 -0.2174809 0.06558203 63657775026750 72057594037928494 21 847.6821 483.7887 198.7708 188.8579 512 424 
1.498639 -0.2715887 0.04833293 63657775026750 72057594037928494 22 812.0049 497.1492 186.6791 193.4397 512 424 
1.57237 -0.2938589 0.07454666 63657775026750 72057594037928494 6 804.1575 481.0639 184.5826 187.8669 512 424 
1.465387 -0.2174809 0.06558203 63657775026750 72057594037928494 21 847.6821 483.7887 198.7708 188.8579 512 424 
1.498639 -0.2715887 0.04833293 63657775026750 72057594037928494 22 812.0049 497.1492 186.6791 193.4397 512 424 
1.564481 -0.2869051 0.07629725 63657775026861 72057594037928494 6 808.0554 479.613 185.8748 187.3693 512 424 
1.456624 -0.2117584 0.06716362 63657775026861 72057594037928494 21 851.1343 482.3416 199.8882 188.3615 512 424 
1.489872 -0.2658988 0.04989952 63657775026861 72057594037928494 22 815.1464 495.8243 187.6943 192.9845 512 424 
1.564481 -0.2869051 0.07629725 63657775026861 72057594037928494 6 808.0554 479.613 185.8748 187.3693 512 424 
1.456624 -0.2117584 0.06716362 63657775026861 72057594037928494 21 851.1343 482.3416 199.8882 188.3615 512 424 
1.489872 -0.2658988 0.04989952 63657775026861 72057594037928494 22 815.1464 495.8243 187.6943 192.9845 512 424 
1.564481 -0.2869051 0.07629725 63657775026861 72057594037928494 6 808.0554 479.613 185.8748 187.3693 512 424 
1.456624 -0.2117584 0.06716362 63657775026861 72057594037928494 21 851.1343 482.3416 199.8882 188.3615 512 424 
1.489872 -0.2658988 0.04989952 63657775026861 72057594037928494 22 815.1464 495.8243 187.6943 192.9845 512 424 
1.590425 -0.3500778 0.07889197 63657775027446 72057594037928494 6 768.418 478.8129 172.3042 187.0451 512 424 
1.590425 -0.3500778 0.07889197 63657775027446 72057594037928494 6 768.418 478.8129 172.3042 187.0451 512 424 
