Z           X            Y     Timestamp     Body id     Joint type ColorPointX ColorPointY  DepthPointX DepthPointY  WidthOfDisplay  HeightOfDisplay
1.650313 -0.3022816 -0.1400558 63657775074263 72057594037928494 7 806.9691 621.4535 185.935 236.4791 512 424 
1.650313 -0.3022816 -0.1400558 63657775074263 72057594037928494 7 806.9691 621.4535 185.935 236.4791 512 424 
1.649753 -0.3020048 -0.1400512 63657775074334 72057594037928494 7 807.093 621.4808 185.9739 236.4886 512 424 
1.649753 -0.3020048 -0.1400512 63657775074334 72057594037928494 7 807.093 621.4808 185.9739 236.4886 512 424 
1.650961 -0.3030011 -0.1384577 63657775074405 72057594037928494 7 806.5652 620.3921 185.8014 236.111 512 424 
1.627428 -0.09387395 -0.6333614 63657775074405 72057594037928494 19 941.7748 944.2904 231.9684 348.9068 512 424 
1.650961 -0.3030011 -0.1384577 63657775074405 72057594037928494 7 806.5652 620.3921 185.8014 236.111 512 424 
1.627428 -0.09387395 -0.6333614 63657775074405 72057594037928494 19 941.7748 944.2904 231.9684 348.9068 512 424 
1.651275 -0.30297 -0.1379298 63657775074475 72057594037928494 7 806.6145 620.0358 185.8215 235.9875 512 424 
1.628994 -0.09358326 -0.6335364 63657775074475 72057594037928494 19 941.9893 944.0063 232.0547 348.8081 512 424 
1.63526 -0.2899228 -0.1585805 63657775074543 72057594037928494 7 813.5682 634.2869 188.0926 240.9299 512 424 
1.636545 -0.09211989 -0.633977 63657775074543 72057594037928494 19 943.0571 942.382 232.4828 348.2435 512 424 
1.620321 -0.08521591 -0.6423569 63657775074775 72057594037928494 19 947.3564 952.005 233.8461 351.5911 512 424 
1.621091 -0.08622849 -0.6411518 63657775074849 72057594037928494 19 946.7001 951.0145 233.6249 351.2466 512 424 
1.614805 -0.09562159 -0.6293089 63657775074940 72057594037928494 19 940.4177 944.8592 231.4025 349.104 512 424 
1.614805 -0.09562159 -0.6293089 63657775074940 72057594037928494 19 940.4177 944.8592 231.4025 349.104 512 424 
1.359372 -0.314831 0.133255 63657775075045 72057594037928494 6 761.9919 427.3904 168.0222 169.2123 512 424 
1.359372 -0.314831 0.133255 63657775075045 72057594037928494 6 761.9919 427.3904 168.0222 169.2123 512 424 
1.336531 -0.2922567 0.1937753 63657775075185 72057594037928494 6 776.2275 377.4283 172.7586 151.9162 512 424 
1.343996 -0.05116647 0.165378 63657775075185 72057594037928494 10 968.1562 400.2585 239.2865 160.1398 512 424 
1.336215 -0.2778129 0.2045403 63657775075259 72057594037928494 6 787.6412 368.7948 176.7271 148.944 512 424 
1.336215 -0.2778129 0.2045403 63657775075259 72057594037928494 6 787.6412 368.7948 176.7271 148.944 512 424 
1.336215 -0.2778129 0.2045403 63657775075259 72057594037928494 6 787.6412 368.7948 176.7271 148.944 512 424 
1.725476 -0.07148816 0.3343042 63657775075415 72057594037928494 8 955.0593 325.0189 238.0291 134.0863 512 424 
1.725476 -0.07148816 0.3343042 63657775075415 72057594037928494 8 955.0593 325.0189 238.0291 134.0863 512 424 
1.346867 -0.2604847 0.1836358 63657775075616 72057594037928494 6 802.8207 386.5591 182.1084 155.1311 512 424 
1.346867 -0.2604847 0.1836358 63657775075616 72057594037928494 6 802.8207 386.5591 182.1084 155.1311 512 424 
1.346867 -0.2604847 0.1836358 63657775075616 72057594037928494 6 802.8207 386.5591 182.1084 155.1311 512 424 
1.346468 -0.2586578 0.1868693 63657775075732 72057594037928494 6 804.2039 383.9586 182.5858 154.2324 512 424 
1.346468 -0.2586578 0.1868693 63657775075732 72057594037928494 6 804.2039 383.9586 182.5858 154.2324 512 424 
1.346468 -0.2586578 0.1868693 63657775075732 72057594037928494 6 804.2039 383.9586 182.5858 154.2324 512 424 
1.526901 -0.2892396 0.2550705 63657775075892 72057594037928494 5 801.9771 353.8754 183.5399 143.8085 512 424 
1.645143 -0.1257955 -0.6342177 63657775075892 72057594037928494 19 921.4374 940.4153 225.0372 347.552 512 424 
1.526901 -0.2892396 0.2550705 63657775075892 72057594037928494 5 801.9771 353.8754 183.5399 143.8085 512 424 
1.645143 -0.1257955 -0.6342177 63657775075892 72057594037928494 19 921.4374 940.4153 225.0372 347.552 512 424 
1.528687 -0.2890967 0.2546411 63657775076030 72057594037928494 5 802.2711 354.3812 183.6568 143.9846 512 424 
1.344269 -0.2627548 0.1999826 63657775076030 72057594037928494 6 800.6492 373.3475 181.3325 150.5477 512 424 
1.617188 -0.1237793 -0.6298828 63657775076030 72057594037928494 19 921.9604 944.6526 225.0087 349.0256 512 424 
1.528687 -0.2890967 0.2546411 63657775076030 72057594037928494 5 802.2711 354.3812 183.6568 143.9846 512 424 
1.344269 -0.2627548 0.1999826 63657775076030 72057594037928494 6 800.6492 373.3475 181.3325 150.5477 512 424 
1.617188 -0.1237793 -0.6298828 63657775076030 72057594037928494 19 921.9604 944.6526 225.0087 349.0256 512 424 
1.529608 -0.2876374 0.2528968 63657775076119 72057594037928494 5 803.3907 355.699 184.0527 144.4438 512 424 
1.344317 -0.2628758 0.2004817 63657775076119 72057594037928494 6 800.5577 372.9584 181.3014 150.4126 512 424 
1.619078 -0.1189938 -0.6306705 63657775076119 72057594037928494 19 925.1549 944.6816 226.1326 349.0369 512 424 
1.529608 -0.2876374 0.2528968 63657775076119 72057594037928494 5 803.3907 355.699 184.0527 144.4438 512 424 
1.344317 -0.2628758 0.2004817 63657775076119 72057594037928494 6 800.5577 372.9584 181.3014 150.4126 512 424 
1.619078 -0.1189938 -0.6306705 63657775076119 72057594037928494 19 925.1549 944.6816 226.1326 349.0369 512 424 
1.529252 -0.285179 0.2455321 63657775076192 72057594037928494 5 805.0853 360.7797 184.6361 146.2087 512 424 
1.34265 -0.2625406 0.1969295 63657775076192 72057594037928494 6 800.6286 375.5762 181.3068 151.3201 512 424 
1.646898 -0.1304834 -0.6234904 63657775076192 72057594037928494 19 918.4428 933.0551 224.0182 344.9899 512 424 
1.529252 -0.285179 0.2455321 63657775076192 72057594037928494 5 805.0853 360.7797 184.6361 146.2087 512 424 
1.34265 -0.2625406 0.1969295 63657775076192 72057594037928494 6 800.6286 375.5762 181.3068 151.3201 512 424 
1.646898 -0.1304834 -0.6234904 63657775076192 72057594037928494 19 918.4428 933.0551 224.0182 344.9899 512 424 
1.530254 -0.28516 0.2456535 63657775076349 72057594037928494 5 805.2045 360.8068 184.6858 146.2184 512 424 
1.343534 -0.2625369 0.1974988 63657775076349 72057594037928494 6 800.7393 375.2277 181.3549 151.1995 512 424 
1.530254 -0.28516 0.2456535 63657775076349 72057594037928494 5 805.2045 360.8068 184.6858 146.2184 512 424 
1.343534 -0.2625369 0.1974988 63657775076349 72057594037928494 6 800.7393 375.2277 181.3549 151.1995 512 424 
1.772735 -0.09138702 0.4008893 63657775076480 72057594037928494 8 943.293 290.5304 234.293 122.1071 512 424 
1.624181 -0.1288873 -0.6307728 63657775076480 72057594037928494 19 918.8163 943.4558 223.9698 348.6085 512 424 
1.772735 -0.09138702 0.4008893 63657775076480 72057594037928494 8 943.293 290.5304 234.293 122.1071 512 424 
1.624181 -0.1288873 -0.6307728 63657775076480 72057594037928494 19 918.8163 943.4558 223.9698 348.6085 512 424 
1.772735 -0.09138702 0.4008893 63657775076480 72057594037928494 8 943.293 290.5304 234.293 122.1071 512 424 
1.624181 -0.1288873 -0.6307728 63657775076480 72057594037928494 19 918.8163 943.4558 223.9698 348.6085 512 424 
1.651527 -0.1286412 -0.6251237 63657775076584 72057594037928494 19 919.7679 932.9762 224.5118 344.9629 512 424 
1.53556 -0.3169292 0.2221831 63657775076674 72057594037928494 5 783.8318 377.7096 177.2977 152.038 512 424 
1.783919 -0.08918063 0.4066308 63657775076674 72057594037928494 8 944.7471 288.6054 234.8661 121.4416 512 424 
1.53556 -0.3169292 0.2221831 63657775076674 72057594037928494 5 783.8318 377.7096 177.2977 152.038 512 424 
1.783919 -0.08918063 0.4066308 63657775076674 72057594037928494 8 944.7471 288.6054 234.8661 121.4416 512 424 
1.535071 -0.3207664 0.2180307 63657775076780 72057594037928494 5 781.1277 380.5442 176.3523 153.0157 512 424 
1.632176 -0.1305904 -0.6286967 63657775076780 72057594037928494 19 917.9417 940.0808 223.7288 347.4343 512 424 
1.535071 -0.3207664 0.2180307 63657775076780 72057594037928494 5 781.1277 380.5442 176.3523 153.0157 512 424 
1.632176 -0.1305904 -0.6286967 63657775076780 72057594037928494 19 917.9417 940.0808 223.7288 347.4343 512 424 
1.781569 -0.08992586 0.4070038 63657775076921 72057594037928494 8 944.2712 288.0633 234.6877 121.2526 512 424 
1.622553 -0.08535795 -0.6414051 63657775076921 72057594037928494 19 947.2892 950.8008 233.8406 351.1725 512 424 
1.781569 -0.08992586 0.4070038 63657775076921 72057594037928494 8 944.2712 288.0633 234.6877 121.2526 512 424 
1.622553 -0.08535795 -0.6414051 63657775076921 72057594037928494 19 947.2892 950.8008 233.8406 351.1725 512 424 
1.334971 -0.2570343 0.238085 63657775076992 72057594037928494 6 803.9093 341.8612 182.377 139.6352 512 424 
1.781529 -0.09000484 0.4069118 63657775076992 72057594037928494 8 944.2236 288.1129 234.671 121.2698 512 424 
1.618652 -0.08654083 -0.6398094 63657775076992 72057594037928494 19 946.4615 950.7668 233.5241 351.1603 512 424 
1.530723 -0.3141278 0.2260592 63657775077066 72057594037928494 5 785.1862 374.5262 177.7297 150.9367 512 424 
1.781564 -0.09020915 0.4065924 63657775077066 72057594037928494 8 944.1028 288.3093 234.6292 121.3378 512 424 
1.621094 -0.1218262 -0.6342773 63657775077066 72057594037928494 19 923.3577 946.5358 225.5212 349.6808 512 424 
1.781477 -0.09023676 0.406449 63657775077137 72057594037928494 8 944.0855 288.3834 234.6227 121.3634 512 424 
1.626318 -0.1237037 -0.6349304 63657775077137 72057594037928494 19 922.2738 945.6273 225.1844 349.3647 512 424 
1.781477 -0.09023676 0.406449 63657775077137 72057594037928494 8 944.0855 288.3834 234.6227 121.3634 512 424 
1.626318 -0.1237037 -0.6349304 63657775077137 72057594037928494 19 922.2738 945.6273 225.1844 349.3647 512 424 
1.781464 -0.09023153 0.4063863 63657775077208 72057594037928494 8 944.0886 288.4189 234.6236 121.3758 512 424 
1.626287 -0.1233897 -0.6346449 63657775077208 72057594037928494 19 922.4775 945.4483 225.2551 349.3025 512 424 
1.781464 -0.09023153 0.4063863 63657775077208 72057594037928494 8 944.0886 288.4189 234.6236 121.3758 512 424 
1.626287 -0.1233897 -0.6346449 63657775077208 72057594037928494 19 922.4775 945.4483 225.2551 349.3025 512 424 
1.781416 -0.09019114 0.4063793 63657775077318 72057594037928494 8 944.1121 288.4166 234.6314 121.375 512 424 
1.781416 -0.09019114 0.4063793 63657775077318 72057594037928494 8 944.1121 288.4166 234.6314 121.375 512 424 
1.532014 -0.313168 0.2256955 63657775077383 72057594037928494 5 786.0074 374.9092 178.0256 151.0712 512 424 
1.781387 -0.09019256 0.4063195 63657775077383 72057594037928494 8 944.1111 288.4485 234.6309 121.3861 512 424 
1.620995 -0.09752718 -0.6271349 63657775077383 72057594037928494 19 939.2675 941.8511 231.0525 348.0573 512 424 
1.530322 -0.3135205 0.2299124 63657775077469 72057594037928494 5 785.5485 371.8052 177.8535 149.9941 512 424 
1.343148 -0.2623994 0.235311 63657775077469 72057594037928494 6 800.6657 345.2227 181.3381 140.7952 512 424 
1.781342 -0.09019749 0.4062253 63657775077469 72057594037928494 8 944.1077 288.4987 234.6294 121.4035 512 424 
1.617918 -0.09704421 -0.6273324 63657775077469 72057594037928494 19 939.5316 942.7632 231.1203 348.3748 512 424 
1.530322 -0.3135205 0.2299124 63657775077469 72057594037928494 5 785.5485 371.8052 177.8535 149.9941 512 424 
1.343148 -0.2623994 0.235311 63657775077469 72057594037928494 6 800.6657 345.2227 181.3381 140.7952 512 424 
1.781342 -0.09019749 0.4062253 63657775077469 72057594037928494 8 944.1077 288.4987 234.6294 121.4035 512 424 
1.617918 -0.09704421 -0.6273324 63657775077469 72057594037928494 19 939.5316 942.7632 231.1203 348.3748 512 424 
1.344373 -0.2651835 0.2357849 63657775077549 72057594037928494 6 798.613 345.0222 180.6384 140.7217 512 424 
1.781377 -0.09025253 0.4058496 63657775077549 72057594037928494 8 944.076 288.7285 234.6185 121.4832 512 424 
1.61063 -0.09143996 -0.6322913 63657775077549 72057594037928494 19 943.1117 947.9003 232.3036 350.1624 512 424 
1.344373 -0.2651835 0.2357849 63657775077549 72057594037928494 6 798.613 345.0222 180.6384 140.7217 512 424 
1.781377 -0.09025253 0.4058496 63657775077549 72057594037928494 8 944.076 288.7285 234.6185 121.4832 512 424 
1.61063 -0.09143996 -0.6322913 63657775077549 72057594037928494 19 943.1117 947.9003 232.3036 350.1624 512 424 
1.781325 -0.09024853 0.4055697 63657775077658 72057594037928494 8 944.0785 288.8889 234.6189 121.5389 512 424 
1.606518 -0.08762337 -0.6351084 63657775077658 72057594037928494 19 945.579 950.8314 233.1264 351.1824 512 424 
1.781325 -0.09024853 0.4055697 63657775077658 72057594037928494 8 944.0785 288.8889 234.6189 121.5389 512 424 
1.606518 -0.08762337 -0.6351084 63657775077658 72057594037928494 19 945.579 950.8314 233.1264 351.1824 512 424 
1.781301 -0.0902364 0.4054931 63657775077727 72057594037928494 8 944.0856 288.9315 234.6211 121.5537 512 424 
1.607094 -0.08707705 -0.6345071 63657775077727 72057594037928494 19 945.9469 950.2821 233.2591 350.9915 512 424 
1.781301 -0.0902364 0.4054931 63657775077727 72057594037928494 8 944.0856 288.9315 234.6211 121.5537 512 424 
1.607094 -0.08707705 -0.6345071 63657775077727 72057594037928494 19 945.9469 950.2821 233.2591 350.9915 512 424 
1.476389 -0.3381597 0.2125559 63657775077821 72057594037928494 5 761.2089 378.5306 168.9207 152.2782 512 424 
1.288604 -0.2890053 0.2087632 63657775077821 72057594037928494 6 771.7415 359.3275 170.6632 145.6276 512 424 
1.781354 -0.09019673 0.4054607 63657775077821 72057594037928494 8 944.11 288.9579 234.6299 121.5629 512 424 
1.607263 -0.0848532 -0.6353065 63657775077821 72057594037928494 19 947.4206 950.7649 233.7718 351.1599 512 424 
1.488552 -0.3443686 0.1998719 63657775077889 72057594037928494 5 758.4991 388.8512 168.0807 155.8526 512 424 
1.301421 -0.2931173 0.1926141 63657775077889 72057594037928494 6 770.3693 374.2313 170.3282 150.7947 512 424 
1.781496 -0.08963144 0.4055606 63657775077889 72057594037928494 8 944.4493 288.9164 234.7481 121.549 512 424 
1.488552 -0.3443686 0.1998719 63657775077889 72057594037928494 5 758.4991 388.8512 168.0807 155.8526 512 424 
1.301421 -0.2931173 0.1926141 63657775077889 72057594037928494 6 770.3693 374.2313 170.3282 150.7947 512 424 
1.781496 -0.08963144 0.4055606 63657775077889 72057594037928494 8 944.4493 288.9164 234.7481 121.549 512 424 
1.484642 -0.3441753 0.2026497 63657775077990 72057594037928494 5 758.0781 386.4861 167.9009 155.0316 512 424 
1.29813 -0.2902997 0.2028619 63657775077990 72057594037928494 6 772.1395 365.4288 170.9101 147.7451 512 424 
1.781476 -0.08961731 0.4055815 63657775077990 72057594037928494 8 944.4575 288.9012 234.7508 121.5437 512 424 
1.618385 -0.08181271 -0.6334612 63657775077990 72057594037928494 19 949.5502 946.6588 234.5995 349.7332 512 424 
1.482954 -0.343757 0.2042691 63657775078066 72057594037928494 5 758.1345 385.1592 167.9063 154.5715 512 424 
1.297823 -0.2858967 0.2117569 63657775078066 72057594037928494 6 775.6685 358.088 172.1371 145.2058 512 424 
1.781532 -0.08966155 0.4056657 63657775078066 72057594037928494 8 944.4315 288.8584 234.7422 121.5289 512 424 
1.617571 -0.08266185 -0.6254094 63657775078066 72057594037928494 19 948.9686 941.5739 234.397 347.9643 512 424 
1.333446 -0.3050507 0.2077675 63657775078142 72057594037928494 6 765.5273 365.9301 169.0091 147.9087 512 424 
1.342959 -0.3030097 0.2129007 63657775078217 72057594037928494 6 768.5557 363.03 170.1677 146.9091 512 424 
1.342959 -0.3030097 0.2129007 63657775078217 72057594037928494 6 768.5557 363.03 170.1677 146.9091 512 424 
1.342959 -0.3030097 0.2129007 63657775078217 72057594037928494 6 768.5557 363.03 170.1677 146.9091 512 424 
1.342959 -0.3030097 0.2129007 63657775078217 72057594037928494 6 768.5557 363.03 170.1677 146.9091 512 424 
1.779825 -0.09133001 0.4010862 63657775078345 72057594037928494 8 943.4224 291.372 234.3807 122.3996 512 424 
1.780368 -0.09235547 0.4003315 63657775078396 72057594037928494 8 942.8185 291.8991 234.1748 122.5816 512 424 
1.782045 -0.0940357 0.398176 63657775078420 72057594037928494 8 941.8431 293.4172 233.8465 123.1068 512 424 
1.782045 -0.0940357 0.398176 63657775078420 72057594037928494 8 941.8431 293.4172 233.8465 123.1068 512 424 
1.782045 -0.0940357 0.398176 63657775078420 72057594037928494 8 941.8431 293.4172 233.8465 123.1068 512 424 
1.782403 -0.09384756 0.3967364 63657775078533 72057594037928494 8 941.9638 294.3257 233.8897 123.4223 512 424 
1.782403 -0.09384756 0.3967364 63657775078533 72057594037928494 8 941.9638 294.3257 233.8897 123.4223 512 424 
1.532768 -0.3217761 0.2142655 63657775078625 72057594037928494 5 780.1588 382.9326 175.9953 153.8418 512 424 
1.342694 -0.2717366 0.2254672 63657775078625 72057594037928494 6 793.2473 352.981 178.7528 143.4714 512 424 
1.783819 -0.09415882 0.3949188 63657775078625 72057594037928494 8 941.8024 295.6006 233.8415 123.8645 512 424 
1.533623 -0.3224128 0.2127507 63657775078694 72057594037928494 5 779.8263 384.0669 175.8862 154.2345 512 424 
1.342774 -0.2744624 0.2234423 63657775078694 72057594037928494 6 791.1055 354.6014 178.0087 144.0292 512 424 
1.784234 -0.09402789 0.3933074 63657775078694 72057594037928494 8 941.89 296.6177 233.8735 124.2176 512 424 
1.533623 -0.3224128 0.2127507 63657775078694 72057594037928494 5 779.8263 384.0669 175.8862 154.2345 512 424 
1.342774 -0.2744624 0.2234423 63657775078694 72057594037928494 6 791.1055 354.6014 178.0087 144.0292 512 424 
1.784234 -0.09402789 0.3933074 63657775078694 72057594037928494 8 941.89 296.6177 233.8735 124.2176 512 424 
1.306438 -0.2574778 0.2267767 63657775078771 72057594037928494 6 800.0178 346.9406 180.7037 141.3874 512 424 
1.785003 -0.0940522 0.3922556 63657775078771 72057594037928494 8 941.8889 297.3469 233.8772 124.4707 512 424 
1.476984 -0.3364218 0.2150318 63657775078854 72057594037928494 5 762.5353 376.806 169.3884 151.6826 512 424 
1.78552 -0.09418066 0.3916114 63657775078854 72057594037928494 8 941.821 297.7995 233.8565 124.6276 512 424 
1.476984 -0.3364218 0.2150318 63657775078854 72057594037928494 5 762.5353 376.806 169.3884 151.6826 512 424 
1.78552 -0.09418066 0.3916114 63657775078854 72057594037928494 8 941.821 297.7995 233.8565 124.6276 512 424 
1.478342 -0.3356262 0.2079851 63657775078930 72057594037928494 5 763.3195 382.0173 169.6706 153.4912 512 424 
1.785678 -0.09425668 0.3911186 63657775078930 72057594037928494 8 941.7791 298.1146 233.8427 124.7369 512 424 
1.478556 -0.3366942 0.2078167 63657775079000 72057594037928494 5 762.5812 382.1617 169.4156 153.54 512 424 
1.291152 -0.2860039 0.207534 63657775079000 72057594037928494 6 774.6053 360.6746 171.6884 146.1004 512 424 
1.785917 -0.09443648 0.3907053 63657775079000 72057594037928494 8 941.6764 298.3928 233.8084 124.8332 512 424 
1.480431 -0.337528 0.2073046 63657775079091 72057594037928494 5 762.2433 382.7197 169.3145 153.7329 512 424 
1.786026 -0.0944426 0.3906295 63657775079091 72057594037928494 8 941.6745 298.4522 233.8084 124.8539 512 424 
1.480431 -0.337528 0.2073046 63657775079091 72057594037928494 5 762.2433 382.7197 169.3145 153.7329 512 424 
1.786026 -0.0944426 0.3906295 63657775079091 72057594037928494 8 941.6745 298.4522 233.8084 124.8539 512 424 
1.480431 -0.337528 0.2073046 63657775079091 72057594037928494 5 762.2433 382.7197 169.3145 153.7329 512 424 
1.786026 -0.0944426 0.3906295 63657775079091 72057594037928494 8 941.6745 298.4522 233.8084 124.8539 512 424 
1.786144 -0.09467656 0.3900608 63657775079199 72057594037928494 8 941.5381 298.8074 233.7616 124.9769 512 424 
1.786144 -0.09467656 0.3900608 63657775079199 72057594037928494 8 941.5381 298.8074 233.7616 124.9769 512 424 
1.522184 -0.3384862 0.2077572 63657775079270 72057594037928494 5 767.2011 386.4761 171.3994 155.0462 512 424 
1.287435 -0.28167 0.2061873 63657775079270 72057594037928494 6 777.6346 361.2875 172.6977 146.3185 512 424 
1.78626 -0.09515159 0.3894706 63657775079270 72057594037928494 8 941.2581 299.1755 233.6652 125.1042 512 424 
1.522886 -0.3384309 0.2071857 63657775079341 72057594037928494 5 767.3338 386.9419 171.4512 155.208 512 424 
1.288493 -0.2820866 0.2061638 63657775079341 72057594037928494 6 777.4467 361.4471 172.6447 146.3736 512 424 
1.786274 -0.09514777 0.3894665 63657775079341 72057594037928494 8 941.2606 299.1798 233.6662 125.1057 512 424 
1.282008 -0.2831797 0.2073566 63657775079424 72057594037928494 6 775.5737 359.6002 171.9176 145.729 512 424 
1.786261 -0.09507063 0.3891484 63657775079424 72057594037928494 8 941.3071 299.368 233.682 125.171 512 424 
1.282008 -0.2831797 0.2073566 63657775079424 72057594037928494 6 775.5737 359.6002 171.9176 145.729 512 424 
1.786261 -0.09507063 0.3891484 63657775079424 72057594037928494 8 941.3071 299.368 233.682 125.171 512 424 
1.282008 -0.2831797 0.2073566 63657775079424 72057594037928494 6 775.5737 359.6002 171.9176 145.729 512 424 
1.786261 -0.09507063 0.3891484 63657775079424 72057594037928494 8 941.3071 299.368 233.682 125.171 512 424 
1.282069 -0.2830231 0.2072995 63657775079503 72057594037928494 6 775.713 359.6554 171.9667 145.7485 512 424 
1.786377 -0.09503779 0.3889779 63657775079503 72057594037928494 8 941.3287 299.4845 233.6901 125.2115 512 424 
1.498055 0.01475959 -0.6392444 63657775079503 72057594037928494 19 1016.638 984.1528 256.891 362.7699 512 424 
1.501662 -0.3291718 0.1428629 63657775079577 72057594037928494 5 771.2676 430.4339 172.6107 170.2876 512 424 
1.286593 -0.2795992 0.2064757 63657775079577 72057594037928494 6 779.2213 360.934 173.2396 146.1989 512 424 
1.786285 -0.09492849 0.388739 63657775079577 72057594037928494 8 941.393 299.6151 233.7117 125.2569 512 424 
1.472971 -0.3144766 -0.6281802 63657775079577 72057594037928494 15 779.9799 984.2317 174.5089 362.5862 512 424 
1.497578 0.01479944 -0.6389225 63657775079577 72057594037928494 19 1016.681 984.0684 256.902 362.7407 512 424 
1.501662 -0.3291718 0.1428629 63657775079577 72057594037928494 5 771.2676 430.4339 172.6107 170.2876 512 424 
1.286593 -0.2795992 0.2064757 63657775079577 72057594037928494 6 779.2213 360.934 173.2396 146.1989 512 424 
1.786285 -0.09492849 0.388739 63657775079577 72057594037928494 8 941.393 299.6151 233.7117 125.2569 512 424 
1.472971 -0.3144766 -0.6281802 63657775079577 72057594037928494 15 779.9799 984.2317 174.5089 362.5862 512 424 
1.497578 0.01479944 -0.6389225 63657775079577 72057594037928494 19 1016.681 984.0684 256.902 362.7407 512 424 
1.286491 -0.278979 0.2065673 63657775079670 72057594037928494 6 779.7191 360.8436 173.4114 146.1685 512 424 
1.786275 -0.09481104 0.3886066 63657775079670 72057594037928494 8 941.4631 299.6925 233.7358 125.2838 512 424 
1.497584 0.01481101 -0.6389278 63657775079670 72057594037928494 19 1016.689 984.0702 256.9048 362.7414 512 424 
1.286332 -0.2780499 0.2069285 63657775079762 72057594037928494 6 780.4628 360.522 173.6683 146.0584 512 424 
1.786129 -0.09403804 0.3874161 63657775079762 72057594037928494 8 941.9243 300.3825 233.8937 125.524 512 424 
1.497265 0.01471676 -0.6386759 63657775079762 72057594037928494 19 1016.632 983.9882 256.8824 362.713 512 424 
1.513278 -0.3337751 0.2087609 63657775079823 72057594037928494 5 769.3306 384.912 172.0652 154.5074 512 424 
1.286703 -0.2780461 0.2070356 63657775079823 72057594037928494 6 780.5194 360.4827 173.6924 146.0449 512 424 
1.78605 -0.09373775 0.3873019 63657775079823 72057594037928494 8 942.1022 300.4398 233.9547 125.5441 512 424 
1.472772 -0.3140216 -0.6281548 63657775079823 72057594037928494 15 780.2828 984.2743 174.6121 362.6014 512 424 
1.497263 0.01486014 -0.6386724 63657775079823 72057594037928494 19 1016.734 983.986 256.9177 362.7122 512 424 
1.513278 -0.3337751 0.2087609 63657775079823 72057594037928494 5 769.3306 384.912 172.0652 154.5074 512 424 
1.286703 -0.2780461 0.2070356 63657775079823 72057594037928494 6 780.5194 360.4827 173.6924 146.0449 512 424 
1.78605 -0.09373775 0.3873019 63657775079823 72057594037928494 8 942.1022 300.4398 233.9547 125.5441 512 424 
1.472772 -0.3140216 -0.6281548 63657775079823 72057594037928494 15 780.2828 984.2743 174.6121 362.6014 512 424 
1.497263 0.01486014 -0.6386724 63657775079823 72057594037928494 19 1016.734 983.986 256.9177 362.7122 512 424 
1.287396 -0.2783838 0.2073024 63657775079901 72057594037928494 6 780.34 360.3547 173.6383 146.0002 512 424 
1.786113 -0.09308933 0.3865486 63657775079901 72057594037928494 8 942.4911 300.8965 234.0892 125.7031 512 424 
1.497194 0.01465202 -0.6386075 63657775079901 72057594037928494 19 1016.589 983.961 256.8666 362.7035 512 424 
1.28736 -0.2783546 0.2074081 63657775079948 72057594037928494 6 780.3586 360.2623 173.6443 145.9682 512 424 
1.786252 -0.09243234 0.3858538 63657775079948 72057594037928494 8 942.886 301.3277 234.2262 125.8533 512 424 
1.472698 -0.3139894 -0.6282596 63657775079948 72057594037928494 15 780.2968 984.3729 174.6163 362.6354 512 424 
1.497215 0.01457459 -0.6386617 63657775079948 72057594037928494 19 1016.533 983.9932 256.8475 362.7147 512 424 
1.472611 -0.2878717 0.2215145 63657775080006 72057594037928494 5 796.9734 371.5855 181.3228 149.9368 512 424 
1.786384 -0.09227929 0.3856833 63657775080006 72057594037928494 8 942.9794 301.4461 234.2591 125.8946 512 424 
1.472546 -0.3138317 -0.6281689 63657775080006 72057594037928494 15 780.3911 984.3541 174.6476 362.6291 512 424 
1.497096 0.01461828 -0.6386577 63657775080006 72057594037928494 19 1016.568 984.0266 256.8585 362.7262 512 424 
1.472611 -0.2878717 0.2215145 63657775080006 72057594037928494 5 796.9734 371.5855 181.3228 149.9368 512 424 
1.786384 -0.09227929 0.3856833 63657775080006 72057594037928494 8 942.9794 301.4461 234.2591 125.8946 512 424 
1.472546 -0.3138317 -0.6281689 63657775080006 72057594037928494 15 780.3911 984.3541 174.6476 362.6291 512 424 
1.497096 0.01461828 -0.6386577 63657775080006 72057594037928494 19 1016.568 984.0266 256.8585 362.7262 512 424 
1.786529 -0.09226711 0.3856586 63657775080122 72057594037928494 8 942.9886 301.4795 234.2632 125.9062 512 424 
1.497151 0.01446328 -0.6387865 63657775080122 72057594037928494 19 1016.456 984.1016 256.8202 362.7521 512 424 
1.786529 -0.09226711 0.3856586 63657775080122 72057594037928494 8 942.9886 301.4795 234.2632 125.9062 512 424 
1.497151 0.01446328 -0.6387865 63657775080122 72057594037928494 19 1016.456 984.1016 256.8202 362.7521 512 424 
1.786529 -0.09226711 0.3856586 63657775080122 72057594037928494 8 942.9886 301.4795 234.2632 125.9062 512 424 
1.497151 0.01446328 -0.6387865 63657775080122 72057594037928494 19 1016.456 984.1016 256.8202 362.7521 512 424 
1.786529 -0.09226711 0.3856586 63657775080122 72057594037928494 8 942.9886 301.4795 234.2632 125.9062 512 424 
1.497151 0.01446328 -0.6387865 63657775080122 72057594037928494 19 1016.456 984.1016 256.8202 362.7521 512 424 
1.294022 -0.2806333 0.2056216 63657775080244 72057594037928494 6 779.4554 362.6157 173.4074 146.7831 512 424 
1.786705 -0.0923296 0.3855105 63657775080244 72057594037928494 8 942.9542 301.5907 234.2523 125.9447 512 424 
1.497261 0.01453064 -0.6387799 63657775080244 72057594037928494 19 1016.501 984.0635 256.8365 362.739 512 424 
1.294022 -0.2806333 0.2056216 63657775080244 72057594037928494 6 779.4554 362.6157 173.4074 146.7831 512 424 
1.786705 -0.0923296 0.3855105 63657775080244 72057594037928494 8 942.9542 301.5907 234.2523 125.9447 512 424 
1.497261 0.01453064 -0.6387799 63657775080244 72057594037928494 19 1016.501 984.0635 256.8365 362.739 512 424 
1.294022 -0.2806333 0.2056216 63657775080244 72057594037928494 6 779.4554 362.6157 173.4074 146.7831 512 424 
1.786705 -0.0923296 0.3855105 63657775080244 72057594037928494 8 942.9542 301.5907 234.2523 125.9447 512 424 
1.497261 0.01453064 -0.6387799 63657775080244 72057594037928494 19 1016.501 984.0635 256.8365 362.739 512 424 
1.294022 -0.2806333 0.2056216 63657775080244 72057594037928494 6 779.4554 362.6157 173.4074 146.7831 512 424 
1.786705 -0.0923296 0.3855105 63657775080244 72057594037928494 8 942.9542 301.5907 234.2523 125.9447 512 424 
1.497261 0.01453064 -0.6387799 63657775080244 72057594037928494 19 1016.501 984.0635 256.8365 362.739 512 424 
1.300774 -0.283012 0.2079312 63657775080479 72057594037928494 6 778.4774 361.6056 173.1463 146.4313 512 424 
1.786813 -0.09225932 0.3855864 63657775080479 72057594037928494 8 942.9973 301.5591 234.2679 125.9338 512 424 
1.472303 -0.3132782 -0.6279864 63657775080479 72057594037928494 15 780.7592 984.2964 174.7729 362.61 512 424 
1.496438 0.01488253 -0.6383091 63657775080479 72057594037928494 19 1016.777 983.9781 256.9253 362.7095 512 424 
1.302793 -0.2840118 0.2088294 63657775080571 72057594037928494 6 777.9505 361.1366 172.9866 146.2678 512 424 
1.787439 -0.09253563 0.3858432 63657775080571 72057594037928494 8 942.8409 301.4869 234.2176 125.9086 512 424 
1.472343 -0.3130175 -0.6279051 63657775080571 72057594037928494 15 780.9523 984.2246 174.8402 362.5858 512 424 
1.496534 0.01510013 -0.6383222 63657775080571 72057594037928494 19 1016.928 983.9582 256.9787 362.7026 512 424 
1.302793 -0.2840118 0.2088294 63657775080571 72057594037928494 6 777.9505 361.1366 172.9866 146.2678 512 424 
1.787439 -0.09253563 0.3858432 63657775080571 72057594037928494 8 942.8409 301.4869 234.2176 125.9086 512 424 
1.472343 -0.3130175 -0.6279051 63657775080571 72057594037928494 15 780.9523 984.2246 174.8402 362.5858 512 424 
1.496534 0.01510013 -0.6383222 63657775080571 72057594037928494 19 1016.928 983.9582 256.9787 362.7026 512 424 
1.302793 -0.2840118 0.2088294 63657775080571 72057594037928494 6 777.9505 361.1366 172.9866 146.2678 512 424 
1.787439 -0.09253563 0.3858432 63657775080571 72057594037928494 8 942.8409 301.4869 234.2176 125.9086 512 424 
1.472343 -0.3130175 -0.6279051 63657775080571 72057594037928494 15 780.9523 984.2246 174.8402 362.5858 512 424 
1.496534 0.01510013 -0.6383222 63657775080571 72057594037928494 19 1016.928 983.9582 256.9787 362.7026 512 424 
1.303771 -0.2844501 0.2093804 63657775080731 72057594037928494 6 777.733 360.8153 172.9224 146.156 512 424 
1.787563 -0.09237505 0.3859726 63657775080731 72057594037928494 8 942.9377 301.4255 234.252 125.8874 512 424 
1.496304 0.0149552 -0.6381686 63657775080731 72057594037928494 19 1016.832 983.9186 256.9435 362.689 512 424 
1.303771 -0.2844501 0.2093804 63657775080731 72057594037928494 6 777.733 360.8153 172.9224 146.156 512 424 
1.787563 -0.09237505 0.3859726 63657775080731 72057594037928494 8 942.9377 301.4255 234.252 125.8874 512 424 
1.496304 0.0149552 -0.6381686 63657775080731 72057594037928494 19 1016.832 983.9186 256.9435 362.689 512 424 
1.311044 -0.2858224 0.2098114 63657775080802 72057594037928494 6 777.6704 361.413 172.9836 146.3636 512 424 
1.787699 -0.09237146 0.3859203 63657775080802 72057594037928494 8 942.942 301.4742 234.2542 125.9043 512 424 
1.472377 -0.3129397 -0.6278219 63657775080802 72057594037928494 15 781.0125 984.1539 174.8613 362.5616 512 424 
1.496044 0.01511875 -0.6381871 63657775080802 72057594037928494 19 1016.957 984.0105 256.9845 362.7208 512 424 
1.311044 -0.2858224 0.2098114 63657775080802 72057594037928494 6 777.6704 361.413 172.9836 146.3636 512 424 
1.787699 -0.09237146 0.3859203 63657775080802 72057594037928494 8 942.942 301.4742 234.2542 125.9043 512 424 
1.472377 -0.3129397 -0.6278219 63657775080802 72057594037928494 15 781.0125 984.1539 174.8613 362.5616 512 424 
1.496044 0.01511875 -0.6381871 63657775080802 72057594037928494 19 1016.957 984.0105 256.9845 362.7208 512 424 
1.311044 -0.2858224 0.2098114 63657775080802 72057594037928494 6 777.6704 361.413 172.9836 146.3636 512 424 
1.787699 -0.09237146 0.3859203 63657775080802 72057594037928494 8 942.942 301.4742 234.2542 125.9043 512 424 
1.472377 -0.3129397 -0.6278219 63657775080802 72057594037928494 15 781.0125 984.1539 174.8613 362.5616 512 424 
1.496044 0.01511875 -0.6381871 63657775080802 72057594037928494 19 1016.957 984.0105 256.9845 362.7208 512 424 
1.313373 -0.2863572 0.2099899 63657775080900 72057594037928494 6 777.5732 361.5705 172.9762 146.4182 512 424 
1.78776 -0.092343 0.3858614 63657775080900 72057594037928494 8 942.9598 301.517 234.2607 125.9192 512 424 
1.496129 0.01512183 -0.6382713 63657775080900 72057594037928494 19 1016.957 984.0447 256.985 362.7326 512 424 
1.312763 -0.2865227 0.2101363 63657775080986 72057594037928494 6 777.3503 361.3733 172.8918 146.3493 512 424 
1.787877 -0.09229768 0.3858803 63657775080986 72057594037928494 8 942.9883 301.5208 234.2713 125.9205 512 424 
1.496083 0.01517544 -0.6382152 63657775080986 72057594037928494 19 1016.996 984.0187 256.9984 362.7236 512 424 
1.312295 -0.2866499 0.2101633 63657775081033 72057594037928494 6 777.1794 361.2911 172.8271 146.3205 512 424 
1.787996 -0.09221883 0.3858994 63657775081033 72057594037928494 8 943.0369 301.5244 234.2887 125.9219 512 424 
1.495974 0.01531087 -0.6384246 63657775081033 72057594037928494 19 1017.097 984.2006 257.0321 362.7866 512 424 
1.310512 -0.2872633 0.2099966 63657775081112 72057594037928494 6 776.4232 361.1964 172.5439 146.2861 512 424 
1.788159 -0.09198386 0.3857903 63657775081112 72057594037928494 8 943.1791 301.6101 234.3389 125.9518 512 424 
1.49583 0.01531709 -0.6385068 63657775081112 72057594037928494 19 1017.106 984.303 257.034 362.8221 512 424 
1.310512 -0.2872633 0.2099966 63657775081112 72057594037928494 6 776.4232 361.1964 172.5439 146.2861 512 424 
1.788159 -0.09198386 0.3857903 63657775081112 72057594037928494 8 943.1791 301.6101 234.3389 125.9518 512 424 
1.49583 0.01531709 -0.6385068 63657775081112 72057594037928494 19 1017.106 984.303 257.034 362.8221 512 424 
1.790793 -0.08908495 0.3834455 63657775081189 72057594037928494 8 944.9424 303.338 234.9629 126.5541 512 424 
1.472314 -0.3127489 -0.6276641 63657775081189 72057594037928494 15 781.1419 984.0591 174.9055 362.5292 512 424 
1.495661 0.01549874 -0.6384123 63657775081189 72057594037928494 19 1017.24 984.2868 257.0792 362.8165 512 424 
1.790793 -0.08908495 0.3834455 63657775081189 72057594037928494 8 944.9424 303.338 234.9629 126.5541 512 424 
1.472314 -0.3127489 -0.6276641 63657775081189 72057594037928494 15 781.1419 984.0591 174.9055 362.5292 512 424 
1.495661 0.01549874 -0.6384123 63657775081189 72057594037928494 19 1017.24 984.2868 257.0792 362.8165 512 424 
1.790793 -0.08908495 0.3834455 63657775081189 72057594037928494 8 944.9424 303.338 234.9629 126.5541 512 424 
1.472314 -0.3127489 -0.6276641 63657775081189 72057594037928494 15 781.1419 984.0591 174.9055 362.5292 512 424 
1.495661 0.01549874 -0.6384123 63657775081189 72057594037928494 19 1017.24 984.2868 257.0792 362.8165 512 424 
1.496062 0.01670626 -0.6382945 63657775081297 72057594037928494 19 1018.085 984.0803 257.3761 362.7453 512 424 
1.496062 0.01670626 -0.6382945 63657775081297 72057594037928494 19 1018.085 984.0803 257.3761 362.7453 512 424 
1.706882 -0.3229606 -0.0736382 63657775081913 72057594037928494 7 799.2513 577.1973 183.7273 221.1408 512 424 
1.706882 -0.3229606 -0.0736382 63657775081913 72057594037928494 7 799.2513 577.1973 183.7273 221.1408 512 424 
1.70751 -0.3246247 -0.07396924 63657775081998 72057594037928494 7 798.2781 577.3883 183.3931 221.2066 512 424 
1.708914 -0.3225868 -0.07495817 63657775082068 72057594037928494 7 799.6866 577.9614 183.8908 221.4056 512 424 
1.558708 -0.06771468 -0.1559169 63657775082068 72057594037928494 11 957.4905 637.2047 237.3212 241.9761 512 424 
1.708914 -0.3225868 -0.07495817 63657775082068 72057594037928494 7 799.6866 577.9614 183.8908 221.4056 512 424 
1.558708 -0.06771468 -0.1559169 63657775082068 72057594037928494 11 957.4905 637.2047 237.3212 241.9761 512 424 
1.708914 -0.3225868 -0.07495817 63657775082068 72057594037928494 7 799.6866 577.9614 183.8908 221.4056 512 424 
1.558708 -0.06771468 -0.1559169 63657775082068 72057594037928494 11 957.4905 637.2047 237.3212 241.9761 512 424 
1.686063 -0.3205958 -0.09205382 63657775082163 72057594037928494 7 798.7119 589.3543 183.3774 225.352 512 424 
1.557062 -0.06940703 -0.1574637 63657775082163 72057594037928494 11 956.3286 638.3739 236.9053 242.3802 512 424 
1.686063 -0.3205958 -0.09205382 63657775082163 72057594037928494 7 798.7119 589.3543 183.3774 225.352 512 424 
1.557062 -0.06940703 -0.1574637 63657775082163 72057594037928494 11 956.3286 638.3739 236.9053 242.3802 512 424 
1.686063 -0.3205958 -0.09205382 63657775082163 72057594037928494 7 798.7119 589.3543 183.3774 225.352 512 424 
1.557062 -0.06940703 -0.1574637 63657775082163 72057594037928494 11 956.3286 638.3739 236.9053 242.3802 512 424 
1.684859 -0.3193109 -0.093591 63657775082269 72057594037928494 7 799.4055 590.3623 183.6084 225.7014 512 424 
1.558994 -0.06867862 -0.1565241 63657775082269 72057594037928494 11 956.8365 637.6 237.0971 242.1126 512 424 
1.683563 -0.3182956 -0.09426183 63657775082321 72057594037928494 7 799.9187 590.8294 183.7769 225.8634 512 424 
1.557861 -0.06871197 -0.1577657 63657775082321 72057594037928494 11 956.809 638.5234 237.0773 242.4323 512 424 
1.682629 -0.3188338 -0.09553461 63657775082388 72057594037928494 7 799.489 591.666 183.6197 226.1531 512 424 
1.560082 -0.06856122 -0.1566009 63657775082388 72057594037928494 11 956.924 637.5777 237.136 242.1049 512 424 
1.682629 -0.3188338 -0.09553461 63657775082388 72057594037928494 7 799.489 591.666 183.6197 226.1531 512 424 
1.560082 -0.06856122 -0.1566009 63657775082388 72057594037928494 11 956.924 637.5777 237.136 242.1049 512 424 
1.682629 -0.3188338 -0.09553461 63657775082388 72057594037928494 7 799.489 591.666 183.6197 226.1531 512 424 
1.560082 -0.06856122 -0.1566009 63657775082388 72057594037928494 11 956.924 637.5777 237.136 242.1049 512 424 
1.680006 -0.3157642 -0.09829956 63657775082483 72057594037928494 7 801.1754 593.5027 184.1841 226.79 512 424 
1.560072 -0.06741343 -0.1568886 63657775082483 72057594037928494 11 957.7063 637.7722 237.4058 242.1727 512 424 
1.704499 -0.3160351 -0.08470678 63657775082532 72057594037928494 7 803.3604 584.143 185.1268 223.5482 512 424 
1.558453 -0.06790621 -0.1581714 63657775082532 72057594037928494 11 957.3632 638.7575 237.2731 242.5136 512 424 
1.707907 -0.3201676 -0.08119874 63657775082603 72057594037928494 7 801.1078 581.863 184.3711 222.7576 512 424 
1.559375 -0.06737448 -0.158527 63657775082603 72057594037928494 11 957.7322 638.9349 237.4076 242.5753 512 424 
1.707907 -0.3201676 -0.08119874 63657775082603 72057594037928494 7 801.1078 581.863 184.3711 222.7576 512 424 
1.559375 -0.06737448 -0.158527 63657775082603 72057594037928494 11 957.7322 638.9349 237.4076 242.5753 512 424 
1.707907 -0.3201676 -0.08119874 63657775082603 72057594037928494 7 801.1078 581.863 184.3711 222.7576 512 424 
1.559375 -0.06737448 -0.158527 63657775082603 72057594037928494 11 957.7322 638.9349 237.4076 242.5753 512 424 
1.693111 -0.3255887 -0.08802077 63657775082685 72057594037928494 7 796.2699 586.5908 182.5821 224.3937 512 424 
1.559577 -0.06692147 -0.1575398 63657775082685 72057594037928494 11 958.04 638.2484 237.5164 242.3378 512 424 
1.693111 -0.3255887 -0.08802077 63657775082685 72057594037928494 7 796.2699 586.5908 182.5821 224.3937 512 424 
1.559577 -0.06692147 -0.1575398 63657775082685 72057594037928494 11 958.04 638.2484 237.5164 242.3378 512 424 
1.704451 -0.3194481 -0.0837366 63657775082738 72057594037928494 7 801.2256 583.5452 184.3859 223.3403 512 424 
1.562234 -0.06682478 -0.1566025 63657775082738 72057594037928494 11 958.1193 637.4291 237.5661 242.0542 512 424 
1.704451 -0.3194481 -0.0837366 63657775082738 72057594037928494 7 801.2256 583.5452 184.3859 223.3403 512 424 
1.562234 -0.06682478 -0.1566025 63657775082738 72057594037928494 11 958.1193 637.4291 237.5661 242.0542 512 424 
1.700826 -0.3140519 -0.08832205 63657775082825 72057594037928494 7 804.2542 586.5105 185.4083 224.3685 512 424 
1.561483 -0.06684881 -0.1577743 63657775082825 72057594037928494 11 958.1011 638.2767 237.5527 242.3477 512 424 
1.700826 -0.3140519 -0.08832205 63657775082825 72057594037928494 7 804.2542 586.5105 185.4083 224.3685 512 424 
1.561483 -0.06684881 -0.1577743 63657775082825 72057594037928494 11 958.1011 638.2767 237.5527 242.3477 512 424 
1.69906 -0.312875 -0.09079456 63657775082896 72057594037928494 7 804.8266 588.1107 185.5924 224.9231 512 424 
1.560683 -0.06588174 -0.1578359 63657775082896 72057594037928494 11 958.7551 638.3721 237.7719 242.381 512 424 
1.69906 -0.312875 -0.09079456 63657775082896 72057594037928494 7 804.8266 588.1107 185.5924 224.9231 512 424 
1.560683 -0.06588174 -0.1578359 63657775082896 72057594037928494 11 958.7551 638.3721 237.7719 242.381 512 424 
1.704561 -0.3189955 -0.08448858 63657775082969 72057594037928494 7 801.5203 584.0093 184.4882 223.5012 512 424 
1.560206 -0.06701007 -0.1577999 63657775082969 72057594037928494 11 957.9839 638.3823 237.5019 242.3841 512 424 
1.704561 -0.3189955 -0.08448858 63657775082969 72057594037928494 7 801.5203 584.0093 184.4882 223.5012 512 424 
1.560206 -0.06701007 -0.1577999 63657775082969 72057594037928494 11 957.9839 638.3823 237.5019 242.3841 512 424 
1.706254 -0.3204057 -0.08247821 63657775083039 72057594037928494 7 800.8016 582.7084 184.2522 223.0503 512 424 
1.562404 -0.06602979 -0.156634 63657775083039 72057594037928494 11 958.6611 637.4376 237.7545 242.0575 512 424 
1.706307 -0.3205042 -0.08213421 63657775083098 72057594037928494 7 800.7445 582.4929 184.2331 222.9757 512 424 
1.563308 -0.06615657 -0.1569057 63657775083098 72057594037928494 11 958.5804 637.5607 237.7336 242.1001 512 424 
1.710068 -0.3213014 -0.08048057 63657775083127 72057594037928494 7 800.6114 581.3546 184.214 222.5814 512 424 
1.562414 -0.06538953 -0.1578372 63657775083127 72057594037928494 11 959.0994 638.2532 237.9047 242.3401 512 424 
1.710068 -0.3213014 -0.08048057 63657775083127 72057594037928494 7 800.6114 581.3546 184.214 222.5814 512 424 
1.562414 -0.06538953 -0.1578372 63657775083127 72057594037928494 11 959.0994 638.2532 237.9047 242.3401 512 424 
1.709343 -0.3211634 -0.08018381 63657775083193 72057594037928494 7 800.6258 581.1917 184.2145 222.5249 512 424 
1.561553 -0.0659555 -0.1575508 63657775083193 72057594037928494 11 958.709 638.1187 237.7633 242.2932 512 424 
1.68394 -0.3160947 -0.09957684 63657775083305 72057594037928494 7 801.3577 594.162 184.2734 227.0185 512 424 
1.579198 -0.06402527 -0.1473146 63657775083305 72057594037928494 11 960.0807 630.0395 238.3866 239.498 512 424 
1.68394 -0.3160947 -0.09957684 63657775083305 72057594037928494 7 801.3577 594.162 184.2734 227.0185 512 424 
1.579198 -0.06402527 -0.1473146 63657775083305 72057594037928494 11 960.0807 630.0395 238.3866 239.498 512 424 
1.686075 -0.3157693 -0.09970104 63657775083380 72057594037928494 7 801.7731 594.1597 184.4324 227.0178 512 424 
1.580824 -0.06527784 -0.1476531 63657775083380 72057594037928494 11 959.2468 630.1668 238.1112 239.5415 512 424 
1.686075 -0.3157693 -0.09970104 63657775083380 72057594037928494 7 801.7731 594.1597 184.4324 227.0178 512 424 
1.580824 -0.06527784 -0.1476531 63657775083380 72057594037928494 11 959.2468 630.1668 238.1112 239.5415 512 424 
