Z           X            Y     Timestamp     Body id     Joint type ColorPointX ColorPointY  DepthPointX DepthPointY  WidthOfDisplay  HeightOfDisplay
1.523003 -0.08259049 -0.1724131 63657775090322 72057594037928494 11 946.9201 651.2134 233.3591 246.8215 512 424 
1.523003 -0.08259049 -0.1724131 63657775090322 72057594037928494 11 946.9201 651.2134 233.3591 246.8215 512 424 
1.523003 -0.08259049 -0.1724131 63657775090322 72057594037928494 11 946.9201 651.2134 233.3591 246.8215 512 424 
1.523003 -0.08259049 -0.1724131 63657775090322 72057594037928494 11 946.9201 651.2134 233.3591 246.8215 512 424 
1.522459 -0.08222543 -0.1718446 63657775090463 72057594037928494 11 947.1664 650.8596 233.4402 246.699 512 424 
1.522459 -0.08222543 -0.1718446 63657775090463 72057594037928494 11 947.1664 650.8596 233.4402 246.699 512 424 
1.685166 -0.3140537 -0.1005457 63657775090551 72057594037928494 7 802.7676 594.7231 184.7707 227.2133 512 424 
1.523204 -0.08184832 -0.1717811 63657775090551 72057594037928494 11 947.4391 650.7561 233.5408 246.6633 512 424 
1.685166 -0.3140537 -0.1005457 63657775090551 72057594037928494 7 802.7676 594.7231 184.7707 227.2133 512 424 
1.523204 -0.08184832 -0.1717811 63657775090551 72057594037928494 11 947.4391 650.7561 233.5408 246.6633 512 424 
1.61721 -0.07842195 -0.6360195 63657775090836 72057594037928494 19 951.7697 948.6412 235.3595 350.4234 512 424 
1.61721 -0.07842195 -0.6360195 63657775090836 72057594037928494 19 951.7697 948.6412 235.3595 350.4234 512 424 
1.617876 -0.08061761 -0.6336779 63657775090921 72057594037928494 19 950.3299 946.9312 234.8662 349.8282 512 424 
1.617876 -0.08061761 -0.6336779 63657775090921 72057594037928494 19 950.3299 946.9312 234.8662 349.8282 512 424 
1.367418 -0.2461183 0.1593026 63657775091022 72057594037928494 6 816.5488 407.6292 187.0816 162.4565 512 424 
1.376031 -0.08354469 0.1654192 63657775091022 72057594037928494 10 943.1102 403.3444 230.9756 161.1747 512 424 
1.617999 -0.08041866 -0.6339693 63657775091022 72057594037928494 19 950.4624 947.0909 234.913 349.8838 512 424 
1.367418 -0.2461183 0.1593026 63657775091022 72057594037928494 6 816.5488 407.6292 187.0816 162.4565 512 424 
1.376031 -0.08354469 0.1654192 63657775091022 72057594037928494 10 943.1102 403.3444 230.9756 161.1747 512 424 
1.617999 -0.08041866 -0.6339693 63657775091022 72057594037928494 19 950.4624 947.0909 234.913 349.8838 512 424 
1.322819 -0.2796263 0.1561532 63657775091123 72057594037928494 6 784.537 406.0612 175.4805 161.8558 512 424 
1.616042 -0.08152729 -0.6334686 63657775091123 72057594037928494 19 949.7122 947.2673 234.6376 349.9449 512 424 
1.322819 -0.2796263 0.1561532 63657775091123 72057594037928494 6 784.537 406.0612 175.4805 161.8558 512 424 
1.616042 -0.08152729 -0.6334686 63657775091123 72057594037928494 19 949.7122 947.2673 234.6376 349.9449 512 424 
1.347325 -0.2852394 0.1674466 63657775091227 72057594037928494 6 783.3926 399.4321 175.3553 159.5577 512 424 
1.746804 -0.08066072 0.3592226 63657775091227 72057594037928494 8 949.5656 312.3571 236.2796 129.6884 512 424 
1.61573 -0.08201198 -0.6323468 63657775091227 72057594037928494 19 949.3879 946.6094 234.5233 349.716 512 424 
1.353467 -0.2861686 0.1702952 63657775091366 72057594037928494 6 783.4875 397.7929 175.455 158.9901 512 424 
1.747201 -0.08145802 0.3600722 63657775091366 72057594037928494 8 949.0821 311.8904 236.1155 129.5258 512 424 
1.615216 -0.0820311 -0.6324737 63657775091366 72057594037928494 19 949.3699 946.8257 234.513 349.7912 512 424 
1.353467 -0.2861686 0.1702952 63657775091366 72057594037928494 6 783.4875 397.7929 175.455 158.9901 512 424 
1.747201 -0.08145802 0.3600722 63657775091366 72057594037928494 8 949.0821 311.8904 236.1155 129.5258 512 424 
1.615216 -0.0820311 -0.6324737 63657775091366 72057594037928494 19 949.3699 946.8257 234.513 349.7912 512 424 
1.748571 -0.08183294 0.3603855 63657775091483 72057594037928494 8 948.8676 311.8721 236.0501 129.5191 512 424 
1.748571 -0.08183294 0.3603855 63657775091483 72057594037928494 8 948.8676 311.8721 236.0501 129.5191 512 424 
1.748571 -0.08183294 0.3603855 63657775091483 72057594037928494 8 948.8676 311.8721 236.0501 129.5191 512 424 
1.74928 -0.081764 0.3607012 63657775091607 72057594037928494 8 948.9163 311.7686 236.0715 129.4834 512 424 
1.613746 -0.07873422 -0.6358596 63657775091607 72057594037928494 19 951.5305 949.4344 235.2496 350.699 512 424 
1.74928 -0.081764 0.3607012 63657775091607 72057594037928494 8 948.9163 311.7686 236.0715 129.4834 512 424 
1.613746 -0.07873422 -0.6358596 63657775091607 72057594037928494 19 951.5305 949.4344 235.2496 350.699 512 424 
1.74928 -0.081764 0.3607012 63657775091607 72057594037928494 8 948.9163 311.7686 236.0715 129.4834 512 424 
1.613746 -0.07873422 -0.6358596 63657775091607 72057594037928494 19 951.5305 949.4344 235.2496 350.699 512 424 
1.750542 -0.08176624 0.3608525 63657775091743 72057594037928494 8 948.9278 311.8348 236.0835 129.5064 512 424 
1.750542 -0.08176624 0.3608525 63657775091743 72057594037928494 8 948.9278 311.8348 236.0835 129.5064 512 424 
1.750542 -0.08176624 0.3608525 63657775091743 72057594037928494 8 948.9278 311.8348 236.0835 129.5064 512 424 
1.750542 -0.08176624 0.3608525 63657775091743 72057594037928494 8 948.9278 311.8348 236.0835 129.5064 512 424 
1.750542 -0.08176624 0.3608525 63657775091743 72057594037928494 8 948.9278 311.8348 236.0835 129.5064 512 424 
1.752138 -0.08112794 0.3615733 63657775091979 72057594037928494 8 949.3306 311.5951 236.233 129.4239 512 424 
1.752685 -0.0813201 0.3616628 63657775092081 72057594037928494 8 949.2194 311.6096 236.198 129.4288 512 424 
1.753393 -0.08158828 0.3613067 63657775092183 72057594037928494 8 949.0647 311.9152 236.1487 129.5346 512 424 
1.610562 -0.07823141 -0.6376217 63657775092183 72057594037928494 19 951.8342 951.4266 235.329 351.3917 512 424 
1.753393 -0.08158828 0.3613067 63657775092183 72057594037928494 8 949.0647 311.9152 236.1487 129.5346 512 424 
1.610562 -0.07823141 -0.6376217 63657775092183 72057594037928494 19 951.8342 951.4266 235.329 351.3917 512 424 
1.753393 -0.08158828 0.3613067 63657775092183 72057594037928494 8 949.0647 311.9152 236.1487 129.5346 512 424 
1.610562 -0.07823141 -0.6376217 63657775092183 72057594037928494 19 951.8342 951.4266 235.329 351.3917 512 424 
1.753412 -0.08158145 0.3612924 63657775092333 72057594037928494 8 949.069 311.9263 236.1503 129.5384 512 424 
1.609671 -0.07986787 -0.6365368 63657775092333 72057594037928494 19 950.7433 950.9446 234.944 351.2237 512 424 
1.753412 -0.08158145 0.3612924 63657775092333 72057594037928494 8 949.069 311.9263 236.1503 129.5384 512 424 
1.609671 -0.07986787 -0.6365368 63657775092333 72057594037928494 19 950.7433 950.9446 234.944 351.2237 512 424 
1.753822 -0.08187293 0.3609802 63657775092452 72057594037928494 8 948.8972 312.1679 236.0933 129.6219 512 424 
1.612985 -0.08033013 -0.6348881 63657775092452 72057594037928494 19 950.47 948.9928 234.876 350.545 512 424 
1.753822 -0.08187293 0.3609802 63657775092452 72057594037928494 8 948.8972 312.1679 236.0933 129.6219 512 424 
1.612985 -0.08033013 -0.6348881 63657775092452 72057594037928494 19 950.47 948.9928 234.876 350.545 512 424 
1.754468 -0.08224635 0.3608565 63657775092588 72057594037928494 8 948.6778 312.3243 236.0215 129.6759 512 424 
1.754468 -0.08224635 0.3608565 63657775092588 72057594037928494 8 948.6778 312.3243 236.0215 129.6759 512 424 
1.754468 -0.08224635 0.3608565 63657775092588 72057594037928494 8 948.6778 312.3243 236.0215 129.6759 512 424 
1.754959 -0.08249888 0.3608339 63657775092694 72057594037928494 8 948.53 312.3999 235.9734 129.7019 512 424 
1.754959 -0.08249888 0.3608339 63657775092694 72057594037928494 8 948.53 312.3999 235.9734 129.7019 512 424 
1.755482 -0.08374634 0.3608436 63657775092799 72057594037928494 8 947.7794 312.4615 235.7173 129.7221 512 424 
1.755482 -0.08374634 0.3608436 63657775092799 72057594037928494 8 947.7794 312.4615 235.7173 129.7221 512 424 
1.755482 -0.08374634 0.3608436 63657775092799 72057594037928494 8 947.7794 312.4615 235.7173 129.7221 512 424 
1.755918 -0.08449521 0.3598481 63657775092932 72057594037928494 8 947.3327 313.1214 235.5651 129.9503 512 424 
1.756054 -0.08460243 0.3597909 63657775092987 72057594037928494 8 947.2694 313.1731 235.544 129.9682 512 424 
1.756071 -0.08510386 0.3597525 63657775093077 72057594037928494 8 946.9659 313.1995 235.4392 129.9769 512 424 
1.756071 -0.08510386 0.3597525 63657775093077 72057594037928494 8 946.9659 313.1995 235.4392 129.9769 512 424 
1.756071 -0.08510386 0.3597525 63657775093077 72057594037928494 8 946.9659 313.1995 235.4392 129.9769 512 424 
1.756627 -0.08558892 0.3591563 63657775093194 72057594037928494 8 946.6798 313.6312 235.3435 130.1262 512 424 
1.756627 -0.08558892 0.3591563 63657775093194 72057594037928494 8 946.6798 313.6312 235.3435 130.1262 512 424 
1.756739 -0.08582819 0.3591734 63657775093301 72057594037928494 8 946.5361 313.6351 235.2945 130.1273 512 424 
1.756739 -0.08582819 0.3591734 63657775093301 72057594037928494 8 946.5361 313.6351 235.2945 130.1273 512 424 
1.756739 -0.08582819 0.3591734 63657775093301 72057594037928494 8 946.5361 313.6351 235.2945 130.1273 512 424 
1.757009 -0.08623945 0.3587813 63657775093402 72057594037928494 8 946.2912 313.9071 235.2113 130.2213 512 424 
1.607626 -0.08103587 -0.6370849 63657775093402 72057594037928494 19 949.9514 951.8434 234.6525 351.5358 512 424 
1.757009 -0.08623945 0.3587813 63657775093402 72057594037928494 8 946.2912 313.9071 235.2113 130.2213 512 424 
1.607626 -0.08103587 -0.6370849 63657775093402 72057594037928494 19 949.9514 951.8434 234.6525 351.5358 512 424 
1.756741 -0.08597579 0.3590866 63657775093528 72057594037928494 8 946.447 313.6883 235.2637 130.1456 512 424 
1.608117 -0.08042908 -0.6370555 63657775093528 72057594037928494 19 950.3575 951.6946 234.7974 351.4843 512 424 
1.756741 -0.08597579 0.3590866 63657775093528 72057594037928494 8 946.447 313.6883 235.2637 130.1456 512 424 
1.608117 -0.08042908 -0.6370555 63657775093528 72057594037928494 19 950.3575 951.6946 234.7974 351.4843 512 424 
1.756741 -0.08597579 0.3590866 63657775093528 72057594037928494 8 946.447 313.6883 235.2637 130.1456 512 424 
1.608117 -0.08042908 -0.6370555 63657775093528 72057594037928494 19 950.3575 951.6946 234.7974 351.4843 512 424 
1.757 -0.08623417 0.3586409 63657775093632 72057594037928494 8 946.2946 313.9911 235.2124 130.2504 512 424 
1.609324 -0.08149501 -0.6353957 63657775093632 72057594037928494 19 949.6635 950.2823 234.5669 350.9931 512 424 
1.757 -0.08623417 0.3586409 63657775093632 72057594037928494 8 946.2946 313.9911 235.2124 130.2504 512 424 
1.609324 -0.08149501 -0.6353957 63657775093632 72057594037928494 19 949.6635 950.2823 234.5669 350.9931 512 424 
1.756737 -0.08597507 0.3589309 63657775093734 72057594037928494 8 946.4477 313.7822 235.2638 130.1782 512 424 
1.756637 -0.085795 0.3590299 63657775093809 72057594037928494 8 946.5555 313.7095 235.3005 130.1532 512 424 
1.756637 -0.085795 0.3590299 63657775093809 72057594037928494 8 946.5555 313.7095 235.3005 130.1532 512 424 
1.756334 -0.08552217 0.3591104 63657775093945 72057594037928494 8 946.717 313.6226 235.3545 130.1232 512 424 
1.756334 -0.08552217 0.3591104 63657775093945 72057594037928494 8 946.717 313.6226 235.3545 130.1232 512 424 
1.755581 -0.08459141 0.3594542 63657775094080 72057594037928494 8 947.2714 313.3188 235.5416 130.0187 512 424 
1.755581 -0.08459141 0.3594542 63657775094080 72057594037928494 8 947.2714 313.3188 235.5416 130.0187 512 424 
1.755229 -0.08415116 0.3592611 63657775094190 72057594037928494 8 947.5347 313.3913 235.6303 130.0443 512 424 
1.755128 -0.08406042 0.3592824 63657775094287 72057594037928494 8 947.5886 313.3658 235.6483 130.0355 512 424 
1.612668 -0.07690667 -0.6394525 63657775094287 72057594037928494 19 952.7306 952.0832 235.6555 351.6202 512 424 
1.755038 -0.08404075 0.3593628 63657775094379 72057594037928494 8 947.5992 313.3057 235.6515 130.0146 512 424 
1.755038 -0.08404075 0.3593628 63657775094379 72057594037928494 8 947.5992 313.3057 235.6515 130.0146 512 424 
1.755038 -0.08404075 0.3593628 63657775094379 72057594037928494 8 947.5992 313.3057 235.6515 130.0146 512 424 
1.754935 -0.0839512 0.3592473 63657775094486 72057594037928494 8 947.6528 313.3629 235.6692 130.0345 512 424 
1.754935 -0.0839512 0.3592473 63657775094486 72057594037928494 8 947.6528 313.3629 235.6692 130.0345 512 424 
1.755087 -0.08427057 0.3588535 63657775094631 72057594037928494 8 947.4616 313.6216 235.604 130.124 512 424 
1.61175 -0.0766902 -0.6398284 63657775094631 72057594037928494 19 952.8658 952.5717 235.6951 351.79 512 424 
1.755087 -0.08427057 0.3588535 63657775094631 72057594037928494 8 947.4616 313.6216 235.604 130.124 512 424 
1.61175 -0.0766902 -0.6398284 63657775094631 72057594037928494 19 952.8658 952.5717 235.6951 351.79 512 424 
1.755095 -0.0842284 0.3587705 63657775094739 72057594037928494 8 947.4875 313.6728 235.6129 130.1418 512 424 
1.612117 -0.07698384 -0.6394039 63657775094739 72057594037928494 19 952.6747 952.1956 235.6319 351.6593 512 424 
1.755095 -0.0842284 0.3587705 63657775094739 72057594037928494 8 947.4875 313.6728 235.6129 130.1418 512 424 
1.612117 -0.07698384 -0.6394039 63657775094739 72057594037928494 19 952.6747 952.1956 235.6319 351.6593 512 424 
1.755139 -0.08418159 0.3587268 63657775094844 72057594037928494 8 947.5165 313.7047 235.6232 130.1529 512 424 
1.612643 -0.07698384 -0.6391387 63657775094844 72057594037928494 19 952.679 951.8831 235.6376 351.5507 512 424 
1.755139 -0.08418159 0.3587268 63657775094844 72057594037928494 8 947.5165 313.7047 235.6232 130.1529 512 424 
1.612643 -0.07698384 -0.6391387 63657775094844 72057594037928494 19 952.679 951.8831 235.6376 351.5507 512 424 
1.755139 -0.08418159 0.3587268 63657775094844 72057594037928494 8 947.5165 313.7047 235.6232 130.1529 512 424 
1.612643 -0.07698384 -0.6391387 63657775094844 72057594037928494 19 952.679 951.8831 235.6376 351.5507 512 424 
1.755139 -0.08418159 0.3587268 63657775094844 72057594037928494 8 947.5165 313.7047 235.6232 130.1529 512 424 
1.612643 -0.07698384 -0.6391387 63657775094844 72057594037928494 19 952.679 951.8831 235.6376 351.5507 512 424 
1.755139 -0.08418159 0.3587268 63657775094844 72057594037928494 8 947.5165 313.7047 235.6232 130.1529 512 424 
1.612643 -0.07698384 -0.6391387 63657775094844 72057594037928494 19 952.679 951.8831 235.6376 351.5507 512 424 
1.755029 -0.08385459 0.3584423 63657775095013 72057594037928494 8 947.7142 313.8631 235.6906 130.2081 512 424 
1.755029 -0.08385459 0.3584423 63657775095013 72057594037928494 8 947.7142 313.8631 235.6906 130.2081 512 424 
1.754839 -0.08362396 0.3585917 63657775095135 72057594037928494 8 947.8515 313.7484 235.737 130.1686 512 424 
1.754839 -0.08362396 0.3585917 63657775095135 72057594037928494 8 947.8515 313.7484 235.737 130.1686 512 424 
1.754812 -0.08355501 0.3586774 63657775095229 72057594037928494 8 947.8929 313.6929 235.7512 130.1494 512 424 
1.754812 -0.08355501 0.3586774 63657775095229 72057594037928494 8 947.8929 313.6929 235.7512 130.1494 512 424 
1.754795 -0.08352076 0.358635 63657775095345 72057594037928494 8 947.9135 313.7163 235.7582 130.1576 512 424 
1.75472 -0.08329564 0.3587011 63657775095441 72057594037928494 8 948.049 313.6667 235.8046 130.1405 512 424 
1.606764 -0.07390295 -0.6441243 63657775095441 72057594037928494 19 954.6719 956.7249 236.2805 353.2338 512 424 
1.75472 -0.08329564 0.3587011 63657775095441 72057594037928494 8 948.049 313.6667 235.8046 130.1405 512 424 
1.606764 -0.07390295 -0.6441243 63657775095441 72057594037928494 19 954.6719 956.7249 236.2805 353.2338 512 424 
1.75472 -0.08329564 0.3587011 63657775095441 72057594037928494 8 948.049 313.6667 235.8046 130.1405 512 424 
1.606764 -0.07390295 -0.6441243 63657775095441 72057594037928494 19 954.6719 956.7249 236.2805 353.2338 512 424 
1.754748 -0.08331423 0.3585709 63657775095553 72057594037928494 8 948.0384 313.7492 235.801 130.1691 512 424 
1.60665 -0.07394317 -0.644287 63657775095553 72057594037928494 19 954.6447 956.8631 236.27 353.2818 512 424 
1.754748 -0.08331423 0.3585709 63657775095553 72057594037928494 8 948.0384 313.7492 235.801 130.1691 512 424 
1.60665 -0.07394317 -0.644287 63657775095553 72057594037928494 19 954.6447 956.8631 236.27 353.2818 512 424 
1.754748 -0.08331423 0.3585709 63657775095553 72057594037928494 8 948.0384 313.7492 235.801 130.1691 512 424 
1.60665 -0.07394317 -0.644287 63657775095553 72057594037928494 19 954.6447 956.8631 236.27 353.2818 512 424 
1.754614 -0.0786646 0.3576883 63657775095667 72057594037928494 8 950.8586 314.2597 236.7743 130.3504 512 424 
1.609563 -0.07630563 -0.6414088 63657775095667 72057594037928494 19 953.1028 954.1902 235.7592 352.3526 512 424 
1.754614 -0.0786646 0.3576883 63657775095667 72057594037928494 8 950.8586 314.2597 236.7743 130.3504 512 424 
1.609563 -0.07630563 -0.6414088 63657775095667 72057594037928494 19 953.1028 954.1902 235.7592 352.3526 512 424 
1.754614 -0.0786646 0.3576883 63657775095667 72057594037928494 8 950.8586 314.2597 236.7743 130.3504 512 424 
1.609563 -0.07630563 -0.6414088 63657775095667 72057594037928494 19 953.1028 954.1902 235.7592 352.3526 512 424 
1.610855 -0.07825717 -0.6390155 63657775095802 72057594037928494 19 951.8225 952.2709 235.3263 351.6851 512 424 
1.610855 -0.07825717 -0.6390155 63657775095802 72057594037928494 19 951.8225 952.2709 235.3263 351.6851 512 424 
1.610855 -0.07825717 -0.6390155 63657775095802 72057594037928494 19 951.8225 952.2709 235.3263 351.6851 512 424 
1.464989 -0.06018304 0.0768665 63657775095895 72057594037928494 11 961.7631 475.2961 238.1966 186.0552 512 424 
1.612426 -0.07913449 -0.6374952 63657775095895 72057594037928494 19 951.2568 950.8572 235.1431 351.1935 512 424 
1.588574 -0.05694032 -0.1493946 63657775096222 72057594037928494 11 964.8673 630.8328 240.1102 239.7756 512 424 
1.615177 -0.08045819 -0.6357965 63657775096222 72057594037928494 19 950.4103 949.0229 234.8717 350.5555 512 424 
1.587236 -0.05516259 -0.1503654 63657775096313 72057594037928494 11 966.0577 631.5633 240.5098 240.0291 512 424 
1.61753 -0.07656178 -0.6388071 63657775096313 72057594037928494 19 952.9999 950.3903 235.7873 351.0319 512 424 
1.587278 -0.05658966 -0.1519562 63657775096398 72057594037928494 11 965.1057 632.6265 240.1802 240.3965 512 424 
1.614145 -0.08021737 -0.6361375 63657775096605 72057594037928494 19 950.5587 949.5154 234.9149 350.7268 512 424 
1.614145 -0.08021737 -0.6361375 63657775096605 72057594037928494 19 950.5587 949.5154 234.9149 350.7268 512 424 
1.613664 -0.0802931 -0.6364041 63657775096735 72057594037928494 19 950.5043 949.8162 234.8921 350.8314 512 424 
1.613664 -0.0802931 -0.6364041 63657775096735 72057594037928494 19 950.5043 949.8162 234.8921 350.8314 512 424 
1.613479 -0.08061337 -0.6364414 63657775096853 72057594037928494 19 950.2915 949.889 234.8168 350.8566 512 424 
1.613479 -0.08061337 -0.6364414 63657775096853 72057594037928494 19 950.2915 949.889 234.8168 350.8566 512 424 
1.611562 -0.08184436 -0.6357102 63657775096973 72057594037928494 19 949.4583 949.9068 234.5129 350.8625 512 424 
1.611562 -0.08184436 -0.6357102 63657775096973 72057594037928494 19 949.4583 949.9068 234.5129 350.8625 512 424 
1.619542 -0.07620144 -0.6379285 63657775097329 72057594037928494 19 953.2525 949.2909 235.8912 350.6498 512 424 
1.618164 -0.07638235 -0.638481 63657775097402 72057594037928494 19 953.1227 950.0111 235.8351 350.9002 512 424 
1.618164 -0.07638235 -0.638481 63657775097402 72057594037928494 19 953.1227 950.0111 235.8351 350.9002 512 424 
1.618286 -0.07656623 -0.63827 63657775097522 72057594037928494 19 953.0027 949.8409 235.7945 350.8409 512 424 
1.608042 -0.0497966 -0.1439027 63657775097717 72057594037928494 11 969.6057 625.9879 241.8996 238.1025 512 424 
1.608042 -0.0497966 -0.1439027 63657775097717 72057594037928494 11 969.6057 625.9879 241.8996 238.1025 512 424 
1.606656 -0.05052162 -0.1442156 63657775097825 72057594037928494 11 969.1287 626.2777 241.7242 238.2025 512 424 
1.606656 -0.05052162 -0.1442156 63657775097825 72057594037928494 11 969.1287 626.2777 241.7242 238.2025 512 424 
1.606594 -0.05084446 -0.145329 63657775097933 72057594037928494 11 968.9176 627.0173 241.65 238.4582 512 424 
1.515049 2.117641E-05 -0.6454167 63657775097933 72057594037928494 19 1005.758 983.4052 253.2601 362.5073 512 424 
1.605231 -0.0500919 -0.1446492 63657775098015 72057594037928494 11 969.4158 626.6483 241.8121 238.3309 512 424 
1.605231 -0.0500919 -0.1446492 63657775098015 72057594037928494 11 969.4158 626.6483 241.8121 238.3309 512 424 
1.606004 -0.05028427 -0.1446539 63657775098125 72057594037928494 11 969.2875 626.6056 241.7737 238.316 512 424 
1.515437 0.0002914779 -0.6457467 63657775098125 72057594037928494 19 1005.938 983.5206 253.3259 362.5474 512 424 
1.605132 -0.05068924 -0.1449142 63657775098219 72057594037928494 11 969.021 626.8303 241.6749 238.3936 512 424 
1.515528 0.0003286693 -0.645797 63657775098219 72057594037928494 19 1005.962 983.5289 253.3349 362.5502 512 424 
1.605586 -0.05087951 -0.1452076 63657775098299 72057594037928494 11 968.8951 626.9975 241.6347 238.4513 512 424 
1.515573 0.0004556924 -0.645799 63657775098299 72057594037928494 19 1006.05 983.5167 253.3659 362.5461 512 424 
1.605586 -0.05087951 -0.1452076 63657775098299 72057594037928494 11 968.8951 626.9975 241.6347 238.4513 512 424 
1.515573 0.0004556924 -0.645799 63657775098299 72057594037928494 19 1006.05 983.5167 253.3659 362.5461 512 424 
1.605586 -0.05087951 -0.1452076 63657775098299 72057594037928494 11 968.8951 626.9975 241.6347 238.4513 512 424 
1.515573 0.0004556924 -0.645799 63657775098299 72057594037928494 19 1006.05 983.5167 253.3659 362.5461 512 424 
1.604736 -0.05030039 -0.1451892 63657775098411 72057594037928494 11 969.2795 627.0353 241.7609 238.4646 512 424 
