Z           X            Y     Timestamp     Body id     Joint type ColorPointX ColorPointY  DepthPointX DepthPointY  WidthOfDisplay  HeightOfDisplay
1.516412 -5.131774E-05 -0.6472033 63657775106572 72057594037928494 19 1005.676 984.2521 253.2424 362.8005 512 424 
1.516412 -5.131774E-05 -0.6472033 63657775106572 72057594037928494 19 1005.676 984.2521 253.2424 362.8005 512 424 
1.516521 0.0003246292 -0.6471679 63657775106684 72057594037928494 19 1005.937 984.1942 253.3339 362.7805 512 424 
1.516521 0.0003246292 -0.6471679 63657775106684 72057594037928494 19 1005.937 984.1942 253.3339 362.7805 512 424 
1.614507 -0.07699046 -0.6381311 63657775107079 72057594037928494 19 952.6897 950.7321 235.6566 351.1506 512 424 
1.614507 -0.07699046 -0.6381311 63657775107079 72057594037928494 19 952.6897 950.7321 235.6566 351.1506 512 424 
1.486299 -0.344447 0.2252345 63657775107182 72057594037928494 5 758.0422 370.4825 167.9117 149.4817 512 424 
1.614648 -0.07696028 -0.6383469 63657775107182 72057594037928494 19 952.7112 950.8374 235.665 351.1873 512 424 
1.486299 -0.344447 0.2252345 63657775107182 72057594037928494 5 758.0422 370.4825 167.9117 149.4817 512 424 
1.614648 -0.07696028 -0.6383469 63657775107182 72057594037928494 19 952.7112 950.8374 235.665 351.1873 512 424 
1.485369 -0.3430153 0.2228416 63657775107284 72057594037928494 5 758.9442 372.0936 168.2164 150.0421 512 424 
1.326597 -0.2417227 0.1766093 63657775107284 72057594037928494 6 815.372 389.949 186.2436 156.3275 512 424 
1.485369 -0.3430153 0.2228416 63657775107284 72057594037928494 5 758.9442 372.0936 168.2164 150.0421 512 424 
1.326597 -0.2417227 0.1766093 63657775107284 72057594037928494 6 815.372 389.949 186.2436 156.3275 512 424 
1.330878 -0.2468815 0.1830427 63657775107378 72057594037928494 6 811.7162 385.2711 185.0241 154.7001 512 424 
1.738702 -0.06870085 0.314964 63657775107378 72057594037928494 8 956.9014 338.4295 238.7387 138.7372 512 424 
1.600705 -0.06494073 -0.652031 63657775107378 72057594037928494 19 960.5878 963.5884 238.2822 355.6196 512 424 
1.330878 -0.2468815 0.1830427 63657775107378 72057594037928494 6 811.7162 385.2711 185.0241 154.7001 512 424 
1.738702 -0.06870085 0.314964 63657775107378 72057594037928494 8 956.9014 338.4295 238.7387 138.7372 512 424 
1.600705 -0.06494073 -0.652031 63657775107378 72057594037928494 19 960.5878 963.5884 238.2822 355.6196 512 424 
1.739228 -0.06879624 0.3179053 63657775107482 72057594037928494 8 956.8395 336.687 238.7223 138.1333 512 424 
1.318381 -0.2773085 0.1968815 63657775107649 72057594037928494 6 785.6439 372.7783 175.8332 150.3205 512 424 
1.318381 -0.2773085 0.1968815 63657775107649 72057594037928494 6 785.6439 372.7783 175.8332 150.3205 512 424 
1.50609 -0.3180288 0.2163676 63657775107758 72057594037928494 5 779.4813 378.8167 175.5359 152.4125 512 424 
1.604628 -0.07497165 -0.6414658 63657775107758 72057594037928494 19 953.9425 955.531 236.0121 352.8187 512 424 
1.50609 -0.3180288 0.2163676 63657775107758 72057594037928494 5 779.4813 378.8167 175.5359 152.4125 512 424 
1.604628 -0.07497165 -0.6414658 63657775107758 72057594037928494 19 953.9425 955.531 236.0121 352.8187 512 424 
1.506078 -0.316268 0.2162529 63657775107809 72057594037928494 5 780.7238 378.8939 175.9677 152.4415 512 424 
1.609874 -0.0775327 -0.6373972 63657775107809 72057594037928494 19 952.2883 951.458 235.4815 351.4028 512 424 
1.506078 -0.316268 0.2162529 63657775107809 72057594037928494 5 780.7238 378.8939 175.9677 152.4415 512 424 
1.609874 -0.0775327 -0.6373972 63657775107809 72057594037928494 19 952.2883 951.458 235.4815 351.4028 512 424 
1.506078 -0.316268 0.2162529 63657775107809 72057594037928494 5 780.7238 378.8939 175.9677 152.4415 512 424 
1.609874 -0.0775327 -0.6373972 63657775107809 72057594037928494 19 952.2883 951.458 235.4815 351.4028 512 424 
1.749181 -0.09413763 0.3816377 63657775108196 72057594037928494 8 941.3401 299.024 233.463 125.0507 512 424 
1.61183 -0.07961901 -0.6343127 63657775108196 72057594037928494 19 950.9255 948.9127 235.0257 350.5174 512 424 
1.749181 -0.09413763 0.3816377 63657775108196 72057594037928494 8 941.3401 299.024 233.463 125.0507 512 424 
1.61183 -0.07961901 -0.6343127 63657775108196 72057594037928494 19 950.9255 948.9127 235.0257 350.5174 512 424 
1.749181 -0.09413763 0.3816377 63657775108196 72057594037928494 8 941.3401 299.024 233.463 125.0507 512 424 
1.61183 -0.07961901 -0.6343127 63657775108196 72057594037928494 19 950.9255 948.9127 235.0257 350.5174 512 424 
1.749178 -0.09451797 0.3818772 63657775108341 72057594037928494 8 941.1081 298.8786 233.3829 124.9998 512 424 
1.612099 -0.08041932 -0.633216 63657775108341 72057594037928494 19 950.3987 948.1198 234.8456 350.2415 512 424 
1.749178 -0.09451797 0.3818772 63657775108341 72057594037928494 8 941.1081 298.8786 233.3829 124.9998 512 424 
1.612099 -0.08041932 -0.633216 63657775108341 72057594037928494 19 950.3987 948.1198 234.8456 350.2415 512 424 
1.749178 -0.09451797 0.3818772 63657775108341 72057594037928494 8 941.1081 298.8786 233.3829 124.9998 512 424 
1.612099 -0.08041932 -0.633216 63657775108341 72057594037928494 19 950.3987 948.1198 234.8456 350.2415 512 424 
1.285286 -0.2729192 0.205017 63657775108470 72057594037928494 6 784.5642 361.9563 175.0811 146.5636 512 424 
1.749474 -0.09515781 0.3822781 63657775108470 72057594037928494 8 940.7224 298.6747 233.2516 124.9286 512 424 
1.613145 -0.08040298 -0.6330962 63657775108470 72057594037928494 19 950.4203 947.7696 234.8613 350.1198 512 424 
1.613105 -0.08036027 -0.6331267 63657775108599 72057594037928494 19 950.4481 947.8002 234.8706 350.1304 512 424 
1.613105 -0.08036027 -0.6331267 63657775108599 72057594037928494 19 950.4481 947.8002 234.8706 350.1304 512 424 
1.75893 -0.09820908 0.38936 63657775108763 72057594037928494 8 939.0034 295.6401 232.7195 123.8732 512 424 
1.614954 -0.07966755 -0.6331518 63657775108763 72057594037928494 19 950.9233 947.338 235.05 349.9698 512 424 
1.281421 -0.274892 0.2068769 63657775108812 72057594037928494 6 782.3678 359.9048 174.2726 145.8477 512 424 
1.760351 -0.09859404 0.390289 63657775108812 72057594037928494 8 938.7913 295.2686 232.6555 123.7439 512 424 
1.281421 -0.274892 0.2068769 63657775108812 72057594037928494 6 782.3678 359.9048 174.2726 145.8477 512 424 
1.760351 -0.09859404 0.390289 63657775108812 72057594037928494 8 938.7913 295.2686 232.6555 123.7439 512 424 
1.76109 -0.09854898 0.3909698 63657775108931 72057594037928494 8 938.829 294.9557 232.6734 123.6354 512 424 
1.76109 -0.09854898 0.3909698 63657775108931 72057594037928494 8 938.829 294.9557 232.6734 123.6354 512 424 
1.762099 -0.099015 0.3914977 63657775109054 72057594037928494 8 938.5627 294.7725 232.5878 123.5715 512 424 
1.762099 -0.099015 0.3914977 63657775109054 72057594037928494 8 938.5627 294.7725 232.5878 123.5715 512 424 
1.763057 -0.09940858 0.3919219 63657775109158 72057594037928494 8 938.3398 294.6455 232.5168 123.527 512 424 
1.612219 -0.07926494 -0.6341361 63657775109158 72057594037928494 19 951.1625 948.6947 235.1111 350.4417 512 424 
1.763717 -0.09972441 0.3919117 63657775109253 72057594037928494 8 938.1601 294.7408 232.4587 123.5598 512 424 
1.612975 -0.07875004 -0.6338741 63657775109253 72057594037928494 19 951.5088 948.3252 235.2375 350.3134 512 424 
1.763242 -0.09976099 0.3916035 63657775109329 72057594037928494 8 938.131 294.8635 232.4455 123.6024 512 424 
1.61345 -0.07691093 -0.6355059 63657775109329 72057594037928494 19 952.7275 949.2765 235.6634 350.6445 512 424 
1.763242 -0.09976099 0.3916035 63657775109329 72057594037928494 8 938.131 294.8635 232.4455 123.6024 512 424 
1.61345 -0.07691093 -0.6355059 63657775109329 72057594037928494 19 952.7275 949.2765 235.6634 350.6445 512 424 
1.763242 -0.09976099 0.3916035 63657775109329 72057594037928494 8 938.131 294.8635 232.4455 123.6024 512 424 
1.61345 -0.07691093 -0.6355059 63657775109329 72057594037928494 19 952.7275 949.2765 235.6634 350.6445 512 424 
1.763242 -0.09976099 0.3916035 63657775109329 72057594037928494 8 938.131 294.8635 232.4455 123.6024 512 424 
1.61345 -0.07691093 -0.6355059 63657775109329 72057594037928494 19 952.7275 949.2765 235.6634 350.6445 512 424 
1.762019 -0.1000329 0.3913625 63657775109478 72057594037928494 8 937.947 294.8455 232.3743 123.5958 512 424 
1.610776 -0.07516816 -0.6382599 63657775109478 72057594037928494 19 953.858 951.7897 236.0332 351.5187 512 424 
1.760779 -0.1001729 0.3911267 63657775109549 72057594037928494 8 937.8422 294.822 232.3303 123.5874 512 424 
1.610599 -0.07546599 -0.6378937 63657775109549 72057594037928494 19 953.6594 951.5942 235.9631 351.4507 512 424 
1.760779 -0.1001729 0.3911267 63657775109549 72057594037928494 8 937.8422 294.822 232.3303 123.5874 512 424 
1.610599 -0.07546599 -0.6378937 63657775109549 72057594037928494 19 953.6594 951.5942 235.9631 351.4507 512 424 
1.759633 -0.1004355 0.3906536 63657775109657 72057594037928494 8 937.6652 294.955 232.2618 123.6333 512 424 
1.610673 -0.07522454 -0.638114 63657775109657 72057594037928494 19 953.8197 951.7203 236.0192 351.4946 512 424 
1.759633 -0.1004355 0.3906536 63657775109657 72057594037928494 8 937.6652 294.955 232.2618 123.6333 512 424 
1.610673 -0.07522454 -0.638114 63657775109657 72057594037928494 19 953.8197 951.7203 236.0192 351.4946 512 424 
1.759633 -0.1004355 0.3906536 63657775109657 72057594037928494 8 937.6652 294.955 232.2618 123.6333 512 424 
1.610673 -0.07522454 -0.638114 63657775109657 72057594037928494 19 953.8197 951.7203 236.0192 351.4946 512 424 
1.75844 -0.1004204 0.3901096 63657775109789 72057594037928494 8 937.6555 295.1243 232.2508 123.692 512 424 
1.610649 -0.07513608 -0.6382198 63657775109789 72057594037928494 19 953.8781 951.7964 236.0392 351.521 512 424 
1.756585 -0.09952461 0.3878298 63657775109885 72057594037928494 8 938.1721 296.2565 232.4169 124.0856 512 424 
1.610657 -0.07479779 -0.6385231 63657775109885 72057594037928494 19 954.1019 951.9944 236.1168 351.5899 512 424 
1.755884 -0.09934854 0.3873926 63657775109983 72057594037928494 8 938.2681 296.4277 232.4455 124.1452 512 424 
1.611683 -0.07475554 -0.6384342 63657775109983 72057594037928494 19 954.1378 951.667 236.1374 351.4761 512 424 
1.755368 -0.1002104 0.3880399 63657775110077 72057594037928494 8 937.7356 295.9671 232.2585 123.9845 512 424 
1.613984 -0.07430163 -0.6366506 63657775110077 72057594037928494 19 954.4522 949.8901 236.2658 350.8586 512 424 
1.755368 -0.1002104 0.3880399 63657775110077 72057594037928494 8 937.7356 295.9671 232.2585 123.9845 512 424 
1.613984 -0.07430163 -0.6366506 63657775110077 72057594037928494 19 954.4522 949.8901 236.2658 350.8586 512 424 
1.755368 -0.1002104 0.3880399 63657775110077 72057594037928494 8 937.7356 295.9671 232.2585 123.9845 512 424 
1.613984 -0.07430163 -0.6366506 63657775110077 72057594037928494 19 954.4522 949.8901 236.2658 350.8586 512 424 
1.755045 -0.1008928 0.3881298 63657775110188 72057594037928494 8 937.3163 295.8706 232.1115 123.9503 512 424 
1.613885 -0.0746713 -0.6364958 63657775110188 72057594037928494 19 954.2078 949.8141 236.1802 350.832 512 424 
1.755045 -0.1008928 0.3881298 63657775110188 72057594037928494 8 937.3163 295.8706 232.1115 123.9503 512 424 
1.613885 -0.0746713 -0.6364958 63657775110188 72057594037928494 19 954.2078 949.8141 236.1802 350.832 512 424 
1.754262 -0.1002135 0.3870759 63657775110336 72057594037928494 8 937.7173 296.4045 232.2448 124.1362 512 424 
1.613938 -0.07639366 -0.6360737 63657775110336 72057594037928494 19 953.0736 949.5236 235.7869 350.7306 512 424 
1.754262 -0.1002135 0.3870759 63657775110336 72057594037928494 8 937.7173 296.4045 232.2448 124.1362 512 424 
1.613938 -0.07639366 -0.6360737 63657775110336 72057594037928494 19 953.0736 949.5236 235.7869 350.7306 512 424 
1.754262 -0.1002135 0.3870759 63657775110336 72057594037928494 8 937.7173 296.4045 232.2448 124.1362 512 424 
1.613938 -0.07639366 -0.6360737 63657775110336 72057594037928494 19 953.0736 949.5236 235.7869 350.7306 512 424 
1.754014 -0.1018441 0.388215 63657775110501 72057594037928494 8 936.7214 295.6822 231.8995 123.8839 512 424 
1.321966 -0.2865489 0.2161977 63657775110589 72057594037928494 6 778.6304 357.6759 173.4422 145.0701 512 424 
1.754728 -0.102634 0.3892611 63657775110589 72057594037928494 8 936.2523 295.1441 231.7422 123.6965 512 424 
1.321966 -0.2865489 0.2161977 63657775110589 72057594037928494 6 778.6304 357.6759 173.4422 145.0701 512 424 
1.754728 -0.102634 0.3892611 63657775110589 72057594037928494 8 936.2523 295.1441 231.7422 123.6965 512 424 
1.321966 -0.2865489 0.2161977 63657775110589 72057594037928494 6 778.6304 357.6759 173.4422 145.0701 512 424 
1.754728 -0.102634 0.3892611 63657775110589 72057594037928494 8 936.2523 295.1441 231.7422 123.6965 512 424 
1.321966 -0.2865489 0.2161977 63657775110589 72057594037928494 6 778.6304 357.6759 173.4422 145.0701 512 424 
1.754728 -0.102634 0.3892611 63657775110589 72057594037928494 8 936.2523 295.1441 231.7422 123.6965 512 424 
1.754779 -0.1029697 0.3895797 63657775110789 72057594037928494 8 936.0489 294.9582 231.6724 123.6316 512 424 
1.754779 -0.1029697 0.3895797 63657775110789 72057594037928494 8 936.0489 294.9582 231.6724 123.6316 512 424 
1.754703 -0.1030495 0.3896746 63657775110896 72057594037928494 8 935.9989 294.8904 231.6547 123.608 512 424 
1.754703 -0.1030495 0.3896746 63657775110896 72057594037928494 8 935.9989 294.8904 231.6547 123.608 512 424 
1.754562 -0.1030288 0.3897916 63657775110998 72057594037928494 8 936.0087 294.8001 231.6572 123.5767 512 424 
1.754562 -0.1030288 0.3897916 63657775110998 72057594037928494 8 936.0087 294.8001 231.6572 123.5767 512 424 
1.283167 -0.2732618 0.209053 63657775111181 72057594037928494 6 783.9626 358.3299 174.8485 145.3047 512 424 
1.753582 -0.1017118 0.3884863 63657775111181 72057594037928494 8 936.7934 295.4589 231.9218 123.8066 512 424 
1.283167 -0.2732618 0.209053 63657775111181 72057594037928494 6 783.9626 358.3299 174.8485 145.3047 512 424 
1.753582 -0.1017118 0.3884863 63657775111181 72057594037928494 8 936.7934 295.4589 231.9218 123.8066 512 424 
1.283167 -0.2732618 0.209053 63657775111181 72057594037928494 6 783.9626 358.3299 174.8485 145.3047 512 424 
1.753582 -0.1017118 0.3884863 63657775111181 72057594037928494 8 936.7934 295.4589 231.9218 123.8066 512 424 
1.282437 -0.2725268 0.2083805 63657775111330 72057594037928494 6 784.4705 358.7883 175.0162 145.4646 512 424 
1.753499 -0.1022141 0.3889537 63657775111330 72057594037928494 8 936.486 295.1646 231.8153 123.7039 512 424 
1.282437 -0.2725268 0.2083805 63657775111330 72057594037928494 6 784.4705 358.7883 175.0162 145.4646 512 424 
1.753499 -0.1022141 0.3889537 63657775111330 72057594037928494 8 936.486 295.1646 231.8153 123.7039 512 424 
1.753535 -0.1026529 0.389299 63657775111441 72057594037928494 8 936.2195 294.9604 231.7235 123.6326 512 424 
1.753591 -0.1026901 0.3893606 63657775111499 72057594037928494 8 936.1979 294.9305 231.7164 123.6222 512 424 
1.753905 -0.1029409 0.3897346 63657775111667 72057594037928494 8 936.0504 294.7461 231.6676 123.558 512 424 
1.289597 -0.2719465 0.207641 63657775111732 72057594037928494 6 785.9681 360.355 175.6207 146.0112 512 424 
1.754219 -0.1030391 0.3897147 63657775111732 72057594037928494 8 935.9964 294.8007 231.6508 123.5769 512 424 
1.289597 -0.2719465 0.207641 63657775111732 72057594037928494 6 785.9681 360.355 175.6207 146.0112 512 424 
1.754219 -0.1030391 0.3897147 63657775111732 72057594037928494 8 935.9964 294.8007 231.6508 123.5769 512 424 
1.754639 -0.10298 0.3897859 63657775111838 72057594037928494 8 936.0397 294.814 231.6684 123.5816 512 424 
1.287765 -0.2716717 0.2079163 63657775111941 72057594037928494 6 785.9358 359.8839 175.588 145.8477 512 424 
1.755463 -0.1025787 0.3896417 63657775111941 72057594037928494 8 936.298 295.0118 231.7628 123.6507 512 424 
1.758477 -0.1010733 0.3881005 63657775112016 72057594037928494 8 937.2657 296.3483 232.1153 124.1161 512 424 
1.758477 -0.1010733 0.3881005 63657775112016 72057594037928494 8 937.2657 296.3483 232.1153 124.1161 512 424 
1.758477 -0.1010733 0.3881005 63657775112016 72057594037928494 8 937.2657 296.3483 232.1153 124.1161 512 424 
1.347042 -0.2876406 0.1273337 63657775112120 72057594037928494 6 781.5979 431.0669 174.708 170.5164 512 424 
1.347042 -0.2876406 0.1273337 63657775112120 72057594037928494 6 781.5979 431.0669 174.708 170.5164 512 424 
1.636297 -0.3204167 -0.1164185 63657775112830 72057594037928494 7 793.7632 606.928 181.2729 231.4414 512 424 
1.636297 -0.3204167 -0.1164185 63657775112830 72057594037928494 7 793.7632 606.928 181.2729 231.4414 512 424 
1.636297 -0.3204167 -0.1164185 63657775112830 72057594037928494 7 793.7632 606.928 181.2729 231.4414 512 424 
1.65704 -0.3374542 -0.09237968 63657775112970 72057594037928494 7 784.9499 590.6091 178.3889 225.7827 512 424 
1.65704 -0.3374542 -0.09237968 63657775112970 72057594037928494 7 784.9499 590.6091 178.3889 225.7827 512 424 
1.659035 -0.3408297 -0.09339331 63657775113084 72057594037928494 7 783.0093 591.1904 177.7272 225.9837 512 424 
1.641861 -0.3301227 -0.1049435 63657775113176 72057594037928494 7 788.041 599.2692 179.3386 228.7852 512 424 
1.641861 -0.3301227 -0.1049435 63657775113176 72057594037928494 7 788.041 599.2692 179.3386 228.7852 512 424 
1.656931 -0.3385301 -0.09605578 63657775113288 72057594037928494 7 784.257 592.9686 178.1428 226.6004 512 424 
1.656931 -0.3385301 -0.09605578 63657775113288 72057594037928494 7 784.257 592.9686 178.1428 226.6004 512 424 
1.656931 -0.3385301 -0.09605578 63657775113288 72057594037928494 7 784.257 592.9686 178.1428 226.6004 512 424 
1.656931 -0.3385301 -0.09605578 63657775113288 72057594037928494 7 784.257 592.9686 178.1428 226.6004 512 424 
1.656931 -0.3385301 -0.09605578 63657775113288 72057594037928494 7 784.257 592.9686 178.1428 226.6004 512 424 
1.656931 -0.3385301 -0.09605578 63657775113288 72057594037928494 7 784.257 592.9686 178.1428 226.6004 512 424 
1.63794 -0.3164462 -0.1183776 63657775113488 72057594037928494 7 796.5178 608.1152 182.2399 231.8534 512 424 
1.655483 -0.3374343 -0.09750674 63657775113627 72057594037928494 7 784.8039 593.9513 178.3208 226.9411 512 424 
1.6457 -0.3305125 -0.1068268 63657775113702 72057594037928494 7 788.2119 600.3247 179.4238 229.1512 512 424 
1.516999 -0.06882119 -0.174468 63657775113702 72057594037928494 11 956.4897 653.1047 236.6111 247.4813 512 424 
1.6457 -0.3305125 -0.1068268 63657775113702 72057594037928494 7 788.2119 600.3247 179.4238 229.1512 512 424 
1.516999 -0.06882119 -0.174468 63657775113702 72057594037928494 11 956.4897 653.1047 236.6111 247.4813 512 424 
1.6457 -0.3305125 -0.1068268 63657775113702 72057594037928494 7 788.2119 600.3247 179.4238 229.1512 512 424 
1.516999 -0.06882119 -0.174468 63657775113702 72057594037928494 11 956.4897 653.1047 236.6111 247.4813 512 424 
1.654002 -0.3275064 -0.09947851 63657775113938 72057594037928494 7 791.0239 595.2585 180.4703 227.3958 512 424 
1.660552 -0.3316731 -0.09250155 63657775114234 72057594037928494 7 789.0353 590.5529 179.8343 225.7643 512 424 
1.660552 -0.3316731 -0.09250155 63657775114234 72057594037928494 7 789.0353 590.5529 179.8343 225.7643 512 424 
1.655085 -0.3261048 -0.09975419 63657775114308 72057594037928494 7 792.0397 595.3912 180.831 227.442 512 424 
1.655085 -0.3261048 -0.09975419 63657775114308 72057594037928494 7 792.0397 595.3912 180.831 227.442 512 424 
1.656132 -0.3253656 -0.099264 63657775114484 72057594037928494 7 792.6237 595.0354 181.042 227.3188 512 424 
1.656132 -0.3253656 -0.099264 63657775114484 72057594037928494 7 792.6237 595.0354 181.042 227.3188 512 424 
1.656132 -0.3253656 -0.099264 63657775114484 72057594037928494 7 792.6237 595.0354 181.042 227.3188 512 424 
1.653979 -0.3246704 -0.1012542 63657775114740 72057594037928494 7 792.8478 596.3945 181.1021 227.7899 512 424 
1.662021 -0.3305324 -0.09640612 63657775114932 72057594037928494 7 789.9317 592.9913 180.1519 226.6097 512 424 
1.662021 -0.3305324 -0.09640612 63657775114932 72057594037928494 7 789.9317 592.9913 180.1519 226.6097 512 424 
1.66236 -0.3323526 -0.09418388 63657775115082 72057594037928494 7 788.7989 591.5628 179.763 226.1143 512 424 
1.66236 -0.3323526 -0.09418388 63657775115082 72057594037928494 7 788.7989 591.5628 179.763 226.1143 512 424 
1.66236 -0.3323526 -0.09418388 63657775115082 72057594037928494 7 788.7989 591.5628 179.763 226.1143 512 424 
