Z           X            Y     Timestamp     Body id     Joint type ColorPointX ColorPointY  DepthPointX DepthPointY  WidthOfDisplay  HeightOfDisplay
1.680876 -0.3051558 -0.1248331 63657775135072 72057594037928494 7 808.0301 610.2041 186.5404 232.5794 512 424 
1.608612 -0.05269628 -0.1582567 63657775135072 72057594037928494 11 967.7198 635.4283 241.2409 241.3681 512 424 
1.677172 -0.303587 -0.127383 63657775135120 72057594037928494 7 808.6786 611.9899 186.7365 233.1984 512 424 
1.606976 -0.05260083 -0.1585754 63657775135120 72057594037928494 11 967.784 635.7451 241.2504 241.4778 512 424 
1.676763 -0.3028243 -0.1254296 63657775135159 72057594037928494 7 809.1184 610.7727 186.8888 232.7766 512 424 
1.607955 -0.05273483 -0.1574369 63657775135159 72057594037928494 11 967.6926 634.9301 241.2273 241.1956 512 424 
1.676763 -0.3028243 -0.1254296 63657775135159 72057594037928494 7 809.1184 610.7727 186.8888 232.7766 512 424 
1.607955 -0.05273483 -0.1574369 63657775135159 72057594037928494 11 967.6926 634.9301 241.2273 241.1956 512 424 
1.676763 -0.3028243 -0.1254296 63657775135159 72057594037928494 7 809.1184 610.7727 186.8888 232.7766 512 424 
1.607955 -0.05273483 -0.1574369 63657775135159 72057594037928494 11 967.6926 634.9301 241.2273 241.1956 512 424 
1.376893 -0.02569117 0.1439869 63657775135697 72057594037928494 10 987.8715 419.8455 246.4117 166.9346 512 424 
1.372732 -0.3111929 0.1528352 63657775135786 72057594037928494 6 766.7415 413.2305 169.8247 164.313 512 424 
1.582306 -0.0235943 0.2409555 63657775135786 72057594037928494 9 986.3807 369.0804 247.781 149.3857 512 424 
1.372732 -0.3111929 0.1528352 63657775135786 72057594037928494 6 766.7415 413.2305 169.8247 164.313 512 424 
1.582306 -0.0235943 0.2409555 63657775135786 72057594037928494 9 986.3807 369.0804 247.781 149.3857 512 424 
1.582902 -0.02024276 0.2521773 63657775135873 72057594037928494 9 988.6 361.5881 248.5596 146.7952 512 424 
1.585818 -0.01325586 0.2580918 63657775135947 72057594037928494 9 993.2346 357.9145 250.1856 145.5291 512 424 
1.571105 -0.3165322 0.222668 63657775136166 72057594037928494 5 788.2528 380.8517 179.1204 153.1371 512 424 
1.792176 -0.06295009 0.3345118 63657775136166 72057594037928494 8 960.5835 332.5548 240.3492 136.7079 512 424 
1.571105 -0.3165322 0.222668 63657775136166 72057594037928494 5 788.2528 380.8517 179.1204 153.1371 512 424 
1.792176 -0.06295009 0.3345118 63657775136166 72057594037928494 8 960.5835 332.5548 240.3492 136.7079 512 424 
1.571105 -0.3165322 0.222668 63657775136166 72057594037928494 5 788.2528 380.8517 179.1204 153.1371 512 424 
1.792176 -0.06295009 0.3345118 63657775136166 72057594037928494 8 960.5835 332.5548 240.3492 136.7079 512 424 
1.571105 -0.3165322 0.222668 63657775136166 72057594037928494 5 788.2528 380.8517 179.1204 153.1371 512 424 
1.792176 -0.06295009 0.3345118 63657775136166 72057594037928494 8 960.5835 332.5548 240.3492 136.7079 512 424 
1.369984 -0.3289566 0.1855313 63657775136283 72057594037928494 6 752.4316 387.6444 164.8325 155.4176 512 424 
1.79244 -0.0630597 0.3345339 63657775136283 72057594037928494 8 960.5194 332.5712 240.3286 136.7135 512 424 
1.371327 -0.3280294 0.1832893 63657775136396 72057594037928494 6 753.3696 389.5223 165.1717 156.0706 512 424 
1.792473 -0.06300791 0.33426 63657775136396 72057594037928494 8 960.5508 332.7375 240.3396 136.7712 512 424 
1.371327 -0.3280294 0.1832893 63657775136396 72057594037928494 6 753.3696 389.5223 165.1717 156.0706 512 424 
1.792473 -0.06300791 0.33426 63657775136396 72057594037928494 8 960.5508 332.7375 240.3396 136.7712 512 424 
1.368741 -0.3108498 0.2098622 63657775136471 72057594037928494 6 766.2206 368.5732 169.6272 148.8287 512 424 
1.792457 -0.06302214 0.3341687 63657775136471 72057594037928494 8 960.5425 332.7901 240.3365 136.7894 512 424 
1.792424 -0.06300287 0.333774 63657775136549 72057594037928494 8 960.5546 333.0209 240.3403 136.8694 512 424 
1.792387 -0.06301213 0.3336933 63657775136706 72057594037928494 8 960.5492 333.0648 240.3382 136.8846 512 424 
1.792383 -0.06305435 0.3336219 63657775136809 72057594037928494 8 960.5243 333.1068 240.3295 136.8992 512 424 
1.792325 -0.06303278 0.3335253 63657775136881 72057594037928494 8 960.537 333.1579 240.3335 136.9169 512 424 
1.792325 -0.06303278 0.3335253 63657775136881 72057594037928494 8 960.537 333.1579 240.3335 136.9169 512 424 
1.792312 -0.06305558 0.3333633 63657775136960 72057594037928494 8 960.5238 333.2527 240.3288 136.9497 512 424 
1.792312 -0.06305558 0.3333633 63657775136960 72057594037928494 8 960.5238 333.2527 240.3288 136.9497 512 424 
1.792299 -0.06300476 0.3332288 63657775137044 72057594037928494 8 960.5543 333.3311 240.3391 136.9769 512 424 
1.792299 -0.06300476 0.3332288 63657775137044 72057594037928494 8 960.5543 333.3311 240.3391 136.9769 512 424 
1.792287 -0.06301299 0.3331231 63657775137124 72057594037928494 8 960.5495 333.3925 240.3374 136.9982 512 424 
1.792287 -0.06301299 0.3331231 63657775137124 72057594037928494 8 960.5495 333.3925 240.3374 136.9982 512 424 
1.572218 -0.3267877 0.2470072 63657775137217 72057594037928494 5 781.3674 364.5029 176.744 147.4559 512 424 
1.792249 -0.06304303 0.3330002 63657775137217 72057594037928494 8 960.5319 333.4615 240.3309 137.0221 512 424 
1.374004 -0.296835 0.1851544 63657775137307 72057594037928494 6 777.9285 388.3023 173.7434 155.6915 512 424 
1.792189 -0.06305913 0.3327837 63657775137307 72057594037928494 8 960.5225 333.5836 240.3273 137.0644 512 424 
1.374004 -0.296835 0.1851544 63657775137307 72057594037928494 6 777.9285 388.3023 173.7434 155.6915 512 424 
1.792189 -0.06305913 0.3327837 63657775137307 72057594037928494 8 960.5225 333.5836 240.3273 137.0644 512 424 
1.374212 -0.2959488 0.184353 63657775137381 72057594037928494 6 778.6459 388.9426 173.9947 155.9149 512 424 
1.79217 -0.06303158 0.3327388 63657775137381 72057594037928494 8 960.5389 333.6082 240.3328 137.0729 512 424 
1.578916 -0.3151335 0.2107549 63657775137453 72057594037928494 5 790.1169 389.6186 179.8252 156.1795 512 424 
1.792158 -0.06300879 0.3326946 63657775137453 72057594037928494 8 960.5524 333.6331 240.3374 137.0816 512 424 
1.579329 -0.3147288 0.2095169 63657775137500 72057594037928494 5 790.4396 390.4887 179.9401 156.4817 512 424 
1.792155 -0.06300119 0.3326959 63657775137500 72057594037928494 8 960.5569 333.6319 240.3389 137.0812 512 424 
1.349083 -0.3088814 0.2248121 63657775137567 72057594037928494 6 764.7847 354.4069 168.9264 143.9113 512 424 
1.792083 -0.06303845 0.3325122 63657775137567 72057594037928494 8 960.535 333.7332 240.3308 137.1162 512 424 
1.576681 -0.3244407 0.220231 63657775137660 72057594037928494 5 783.5588 383.0394 177.5321 153.887 512 424 
1.792098 -0.06297489 0.3323185 63657775137660 72057594037928494 8 960.5732 333.8498 240.3439 137.1567 512 424 
1.792091 -0.06299485 0.3322629 63657775137755 72057594037928494 8 960.5615 333.8821 240.3398 137.1679 512 424 
1.792091 -0.06299485 0.3322629 63657775137755 72057594037928494 8 960.5615 333.8821 240.3398 137.1679 512 424 
1.792091 -0.06299485 0.3322629 63657775137755 72057594037928494 8 960.5615 333.8821 240.3398 137.1679 512 424 
1.792059 -0.06300872 0.3322402 63657775137831 72057594037928494 8 960.5532 333.8921 240.3367 137.1713 512 424 
1.792094 -0.06302725 0.332178 63657775137903 72057594037928494 8 960.5424 333.9329 240.3332 137.1855 512 424 
1.37012 -0.3106149 0.2128291 63657775137977 72057594037928494 6 766.5946 366.4321 169.7727 148.0869 512 424 
1.792108 -0.06297358 0.3321471 63657775137977 72057594037928494 8 960.5745 333.9528 240.3443 137.1924 512 424 
1.37012 -0.3106149 0.2128291 63657775137977 72057594037928494 6 766.5946 366.4321 169.7727 148.0869 512 424 
1.792108 -0.06297358 0.3321471 63657775137977 72057594037928494 8 960.5745 333.9528 240.3443 137.1924 512 424 
1.792159 -0.06276793 0.3319241 63657775138088 72057594037928494 8 960.6971 334.0905 240.3869 137.2403 512 424 
1.792155 -0.06276252 0.3319137 63657775138179 72057594037928494 8 960.7003 334.0962 240.388 137.2423 512 424 
1.319495 -0.3152799 0.2083485 63657775138255 72057594037928494 6 755.1425 363.7315 165.2424 147.1259 512 424 
1.242655 -0.3102659 0.2099109 63657775138255 72057594037928494 7 746.2952 352.0259 161.2532 143.0439 512 424 
1.792139 -0.06274991 0.3318956 63657775138255 72057594037928494 8 960.7078 334.1053 240.3904 137.2454 512 424 
1.791708 -0.06211185 0.3315032 63657775138340 72057594037928494 8 961.0859 334.2899 240.5183 137.3099 512 424 
1.79182 -0.06230955 0.3315707 63657775138412 72057594037928494 8 960.9688 334.2625 240.4785 137.3002 512 424 
1.79182 -0.06230955 0.3315707 63657775138412 72057594037928494 8 960.9688 334.2625 240.4785 137.3002 512 424 
1.575509 -0.321245 0.2252753 63657775138483 72057594037928494 5 785.5643 379.5185 178.2215 152.6701 512 424 
1.369531 -0.310975 0.2116452 63657775138483 72057594037928494 6 766.2328 367.2818 169.6404 148.3809 512 424 
1.575509 -0.321245 0.2252753 63657775138483 72057594037928494 5 785.5643 379.5185 178.2215 152.6701 512 424 
1.369531 -0.310975 0.2116452 63657775138483 72057594037928494 6 766.2328 367.2818 169.6404 148.3809 512 424 
1.791312 -0.06277556 0.3317258 63657775138556 72057594037928494 8 960.6899 334.1153 240.3793 137.2488 512 424 
1.791312 -0.06277556 0.3317258 63657775138556 72057594037928494 8 960.6899 334.1153 240.3793 137.2488 512 424 
1.791312 -0.06277556 0.3317258 63657775138556 72057594037928494 8 960.6899 334.1153 240.3793 137.2488 512 424 
1.791292 -0.06279688 0.3317309 63657775138679 72057594037928494 8 960.6771 334.1101 240.3747 137.247 512 424 
1.791291 -0.06277631 0.3317198 63657775138751 72057594037928494 8 960.6893 334.1166 240.379 137.2493 512 424 
1.791291 -0.06277631 0.3317198 63657775138751 72057594037928494 8 960.6893 334.1166 240.379 137.2493 512 424 
1.791325 -0.0608904 0.3338656 63657775138958 72057594037928494 8 961.8051 332.8408 240.7657 136.8088 512 424 
1.791325 -0.0608904 0.3338656 63657775138958 72057594037928494 8 961.8051 332.8408 240.7657 136.8088 512 424 
1.369094 -0.3112198 0.2118712 63657775139048 72057594037928494 6 765.9775 367.0542 169.5471 148.3015 512 424 
1.369094 -0.3112198 0.2118712 63657775139048 72057594037928494 6 765.9775 367.0542 169.5471 148.3015 512 424 
1.369094 -0.3112198 0.2118712 63657775139048 72057594037928494 6 765.9775 367.0542 169.5471 148.3015 512 424 
1.369093 -0.311127 0.2118305 63657775139154 72057594037928494 6 766.0498 367.0856 169.5722 148.3125 512 424 
1.36898 -0.3110211 0.2119496 63657775139199 72057594037928494 6 766.1151 366.9792 169.5938 148.2757 512 424 
1.36898 -0.3110211 0.2119496 63657775139199 72057594037928494 6 766.1151 366.9792 169.5938 148.2757 512 424 
1.367338 -0.3106267 0.2116956 63657775139270 72057594037928494 6 766.1808 366.979 169.5995 148.2757 512 424 
1.360867 -0.3099191 0.2109938 63657775139347 72057594037928494 6 765.7794 366.7458 169.392 148.1937 512 424 
1.360867 -0.3099191 0.2109938 63657775139347 72057594037928494 6 765.7794 366.7458 169.392 148.1937 512 424 
1.560644 -0.3199469 0.2322084 63657775139500 72057594037928494 5 784.6955 373.3461 177.8045 150.528 512 424 
1.560644 -0.3199469 0.2322084 63657775139500 72057594037928494 5 784.6955 373.3461 177.8045 150.528 512 424 
1.560892 -0.3199978 0.2339569 63657775139569 72057594037928494 5 784.6845 372.1794 177.8032 150.1235 512 424 
1.355755 -0.3083698 0.2114095 63657775139569 72057594037928494 6 766.233 365.7967 169.496 147.8651 512 424 
1.562863 -0.3203576 0.2376625 63657775139668 72057594037928494 5 784.6586 369.8576 177.811 149.3185 512 424 
1.358208 -0.3070002 0.2118562 63657775139668 72057594037928494 6 767.6675 365.7432 170.021 147.8493 512 424 
1.796461 -0.06224741 0.3402334 63657775139668 72057594037928494 8 961.0034 329.6351 240.5229 135.6967 512 424 
1.562863 -0.3203576 0.2376625 63657775139668 72057594037928494 5 784.6586 369.8576 177.811 149.3185 512 424 
1.358208 -0.3070002 0.2118562 63657775139668 72057594037928494 6 767.6675 365.7432 170.021 147.8493 512 424 
1.796461 -0.06224741 0.3402334 63657775139668 72057594037928494 8 961.0034 329.6351 240.5229 135.6967 512 424 
1.562863 -0.3203576 0.2376625 63657775139668 72057594037928494 5 784.6586 369.8576 177.811 149.3185 512 424 
1.358208 -0.3070002 0.2118562 63657775139668 72057594037928494 6 767.6675 365.7432 170.021 147.8493 512 424 
1.796461 -0.06224741 0.3402334 63657775139668 72057594037928494 8 961.0034 329.6351 240.5229 135.6967 512 424 
1.562863 -0.3203576 0.2376625 63657775139668 72057594037928494 5 784.6586 369.8576 177.811 149.3185 512 424 
1.358208 -0.3070002 0.2118562 63657775139668 72057594037928494 6 767.6675 365.7432 170.021 147.8493 512 424 
1.796461 -0.06224741 0.3402334 63657775139668 72057594037928494 8 961.0034 329.6351 240.5229 135.6967 512 424 
1.563245 -0.3206541 0.2383184 63657775139762 72057594037928494 5 784.4996 369.4512 177.759 149.1773 512 424 
1.358718 -0.3065304 0.2118985 63657775139762 72057594037928494 6 768.1101 365.7713 170.1803 147.86 512 424 
1.795755 -0.06225028 0.3387247 63657775139762 72057594037928494 8 961.0025 330.4507 240.5175 135.9794 512 424 
1.563715 -0.3212887 0.2397555 63657775139842 72057594037928494 5 784.1185 368.5228 177.6307 148.8547 512 424 
1.359387 -0.306436 0.2121935 63657775139842 72057594037928494 6 768.2811 365.6218 170.2469 147.8084 512 424 
1.563715 -0.3212887 0.2397555 63657775139842 72057594037928494 5 784.1185 368.5228 177.6307 148.8547 512 424 
1.359387 -0.306436 0.2121935 63657775139842 72057594037928494 6 768.2811 365.6218 170.2469 147.8084 512 424 
1.563715 -0.3212887 0.2397555 63657775139842 72057594037928494 5 784.1185 368.5228 177.6307 148.8547 512 424 
1.359387 -0.306436 0.2121935 63657775139842 72057594037928494 6 768.2811 365.6218 170.2469 147.8084 512 424 
1.563715 -0.3212887 0.2397555 63657775139842 72057594037928494 5 784.1185 368.5228 177.6307 148.8547 512 424 
1.359387 -0.306436 0.2121935 63657775139842 72057594037928494 6 768.2811 365.6218 170.2469 147.8084 512 424 
1.563715 -0.3212887 0.2397555 63657775139842 72057594037928494 5 784.1185 368.5228 177.6307 148.8547 512 424 
1.359387 -0.306436 0.2121935 63657775139842 72057594037928494 6 768.2811 365.6218 170.2469 147.8084 512 424 
1.563095 -0.3258078 0.2423914 63657775139981 72057594037928494 5 780.9625 366.6708 176.5298 148.2065 512 424 
1.362992 -0.2810091 0.2159867 63657775139981 72057594037928494 6 788.6388 363.0542 177.3637 146.957 512 424 
1.573399 -0.343227 0.2429657 63657775140061 72057594037928494 5 770.4054 367.3862 172.9414 148.435 512 424 
1.371061 -0.3050792 0.161758 63657775140061 72057594037928494 6 771.2084 406.1572 171.3657 161.8688 512 424 
1.573399 -0.343227 0.2429657 63657775140061 72057594037928494 5 770.4054 367.3862 172.9414 148.435 512 424 
1.371061 -0.3050792 0.161758 63657775140061 72057594037928494 6 771.2084 406.1572 171.3657 161.8688 512 424 
1.573399 -0.343227 0.2429657 63657775140061 72057594037928494 5 770.4054 367.3862 172.9414 148.435 512 424 
1.371061 -0.3050792 0.161758 63657775140061 72057594037928494 6 771.2084 406.1572 171.3657 161.8688 512 424 
1.395946 -0.3268164 0.1472161 63657775140179 72057594037928494 6 758.1948 419.4952 167.0836 166.4715 512 424 
1.395946 -0.3268164 0.1472161 63657775140179 72057594037928494 6 758.1948 419.4952 167.0836 166.4715 512 424 
1.395946 -0.3268164 0.1472161 63657775140179 72057594037928494 6 758.1948 419.4952 167.0836 166.4715 512 424 
1.581923 -0.3467056 -0.05144655 63657775140676 72057594037928494 7 769.9733 565.9969 172.6618 217.2467 512 424 
1.614378 -0.3445404 -0.09032905 63657775140725 72057594037928494 7 775.4636 590.847 174.7771 225.8625 512 424 
1.594305 -0.06613395 -0.1567075 63657775140797 72057594037928494 11 958.7634 635.3559 238.0412 241.3374 512 424 
1.594305 -0.06613395 -0.1567075 63657775140797 72057594037928494 11 958.7634 635.3559 238.0412 241.3374 512 424 
1.594305 -0.06613395 -0.1567075 63657775140797 72057594037928494 11 958.7634 635.3559 238.0412 241.3374 512 424 
1.594252 -0.06568778 -0.1571244 63657775140911 72057594037928494 11 959.0615 635.6362 238.1433 241.4346 512 424 
1.602316 -0.06576385 -0.1528348 63657775140976 72057594037928494 11 959.0428 632.2685 238.2027 240.269 512 424 
1.601637 -0.06539013 -0.1540703 63657775141058 72057594037928494 11 959.29 633.1294 238.2817 240.5671 512 424 
1.601498 -0.0637961 -0.1542246 63657775141131 72057594037928494 11 960.3474 633.238 238.6455 240.6054 512 424 
1.601498 -0.0637961 -0.1542246 63657775141131 72057594037928494 11 960.3474 633.238 238.6455 240.6054 512 424 
1.598963 -0.05911461 -0.1575323 63657775141291 72057594037928494 11 963.4551 635.5882 239.6959 241.4207 512 424 
1.598963 -0.05911461 -0.1575323 63657775141291 72057594037928494 11 963.4551 635.5882 239.6959 241.4207 512 424 
1.598963 -0.05911461 -0.1575323 63657775141291 72057594037928494 11 963.4551 635.5882 239.6959 241.4207 512 424 
1.600757 -0.05948337 -0.1566632 63657775141404 72057594037928494 11 963.2127 634.8953 239.6267 241.1807 512 424 
1.598019 -0.06082926 -0.1569905 63657775141542 72057594037928494 11 962.3114 635.293 239.2943 241.3177 512 424 
1.602767 -0.05682219 -0.1556224 63657775141660 72057594037928494 11 964.98 634.0717 240.2531 240.8968 512 424 
1.596284 -0.05784833 -0.1583949 63657775141686 72057594037928494 11 964.2936 636.3353 239.964 241.6797 512 424 
1.595506 -0.05877071 -0.1589553 63657775141758 72057594037928494 11 963.6791 636.7609 239.7453 241.8267 512 424 
1.595506 -0.05877071 -0.1589553 63657775141758 72057594037928494 11 963.6791 636.7609 239.7453 241.8267 512 424 
1.605968 -0.0585569 -0.1524134 63657775141927 72057594037928494 11 963.8297 631.7484 239.8832 240.092 512 424 
1.605968 -0.0585569 -0.1524134 63657775141927 72057594037928494 11 963.8297 631.7484 239.8832 240.092 512 424 
1.605968 -0.0585569 -0.1524134 63657775141927 72057594037928494 11 963.8297 631.7484 239.8832 240.092 512 424 
1.610537 -0.05530174 -0.1515633 63657775142032 72057594037928494 11 965.9855 630.8971 240.6627 239.7989 512 424 
1.610537 -0.05530174 -0.1515633 63657775142032 72057594037928494 11 965.9855 630.8971 240.6627 239.7989 512 424 
1.597737 -0.0610701 -0.1582892 63657775142378 72057594037928494 11 962.1531 636.1743 239.2364 241.6227 512 424 
1.597737 -0.0610701 -0.1582892 63657775142378 72057594037928494 11 962.1531 636.1743 239.2364 241.6227 512 424 
1.597737 -0.0610701 -0.1582892 63657775142378 72057594037928494 11 962.1531 636.1743 239.2364 241.6227 512 424 
1.597737 -0.0610701 -0.1582892 63657775142378 72057594037928494 11 962.1531 636.1743 239.2364 241.6227 512 424 
1.597737 -0.0610701 -0.1582892 63657775142378 72057594037928494 11 962.1531 636.1743 239.2364 241.6227 512 424 
