Z           X            Y     Timestamp     Body id     Joint type ColorPointX ColorPointY  DepthPointX DepthPointY  WidthOfDisplay  HeightOfDisplay
1.669207 -0.3052905 -0.1137022 63657775165063 72057594037928494 7 806.8056 603.6831 186.0461 230.319 512 424 
1.669005 -0.3041199 -0.1157285 63657775165118 72057594037928494 7 807.536 604.9784 186.296 230.7681 512 424 
1.664179 -0.297336 -0.1265696 63657775165208 72057594037928494 7 811.4302 612.095 187.6011 233.2352 512 424 
1.664179 -0.297336 -0.1265696 63657775165208 72057594037928494 7 811.4302 612.095 187.6011 233.2352 512 424 
1.66542 -0.2976718 -0.12648 63657775165281 72057594037928494 7 811.3318 611.978 187.5759 233.1947 512 424 
1.605283 -0.06419637 -0.1483484 63657775165281 72057594037928494 11 960.086 629.1129 238.5894 239.1776 512 424 
1.66542 -0.2976718 -0.12648 63657775165281 72057594037928494 7 811.3318 611.978 187.5759 233.1947 512 424 
1.605283 -0.06419637 -0.1483484 63657775165281 72057594037928494 11 960.086 629.1129 238.5894 239.1776 512 424 
1.66542 -0.2976718 -0.12648 63657775165281 72057594037928494 7 811.3318 611.978 187.5759 233.1947 512 424 
1.605283 -0.06419637 -0.1483484 63657775165281 72057594037928494 11 960.086 629.1129 238.5894 239.1776 512 424 
1.66584 -0.2964453 -0.1288623 63657775165378 72057594037928494 7 812.1591 613.4731 187.8633 233.713 512 424 
1.66584 -0.2964453 -0.1288623 63657775165378 72057594037928494 7 812.1591 613.4731 187.8633 233.713 512 424 
1.66822 -0.2969068 -0.1268932 63657775165500 72057594037928494 7 812.0816 612.1038 187.8557 233.2384 512 424 
1.66822 -0.2969068 -0.1268932 63657775165500 72057594037928494 7 812.0816 612.1038 187.8557 233.2384 512 424 
1.672006 -0.3010424 -0.1206499 63657775165557 72057594037928494 7 809.79 607.9642 187.0942 231.8033 512 424 
1.674614 -0.3025398 -0.1188216 63657775165630 72057594037928494 7 809.0809 606.688 186.8685 231.3609 512 424 
1.674614 -0.3025398 -0.1188216 63657775165630 72057594037928494 7 809.0809 606.688 186.8685 231.3609 512 424 
1.674614 -0.3025398 -0.1188216 63657775165630 72057594037928494 7 809.0809 606.688 186.8685 231.3609 512 424 
1.67181 -0.3023184 -0.1199616 63657775165747 72057594037928494 7 808.959 607.5382 186.805 231.6555 512 424 
1.603414 -0.05214906 -0.1491862 63657775165747 72057594037928494 11 968.0644 629.7629 241.3281 239.4076 512 424 
1.67181 -0.3023184 -0.1199616 63657775165747 72057594037928494 7 808.959 607.5382 186.805 231.6555 512 424 
1.603414 -0.05214906 -0.1491862 63657775165747 72057594037928494 11 968.0644 629.7629 241.3281 239.4076 512 424 
1.67181 -0.3023184 -0.1199616 63657775165747 72057594037928494 7 808.959 607.5382 186.805 231.6555 512 424 
1.603414 -0.05214906 -0.1491862 63657775165747 72057594037928494 11 968.0644 629.7629 241.3281 239.4076 512 424 
1.618741 0.03972118 0.07009003 63657775166012 72057594037928494 10 1027.93 484.8383 262.248 189.4191 512 424 
1.568545 0.03878387 0.04325351 63657775166012 72057594037928494 11 1029.294 501.5431 262.3159 195.1825 512 424 
1.551475 0.03766108 0.04141184 63657775166012 72057594037928494 23 1029.211 502.4832 262.1504 195.5064 512 424 
1.546875 0.03824806 0.04265594 63657775166012 72057594037928494 24 1029.796 501.5431 262.3159 195.1825 512 424 
1.631008 0.09110543 0.2295337 63657775166034 72057594037928494 11 1060.665 381.124 273.7596 153.6276 512 424 
1.675122 -0.3768131 0.4744006 63657775166161 72057594037928494 7 760.3312 230.1529 170.2707 100.8123 512 424 
1.675122 -0.3768131 0.4744006 63657775166161 72057594037928494 7 760.3312 230.1529 170.2707 100.8123 512 424 
1.690057 -0.2910614 0.5034311 63657775166361 72057594037928494 7 816.0907 214.3517 189.7397 95.4294 512 424 
1.748194 -0.05048915 0.4898775 63657775166361 72057594037928494 11 967.6531 232.7555 242.618 102.0822 512 424 
1.691654 -0.2840563 0.5118148 63657775166440 72057594037928494 7 820.6172 209.3467 191.3247 93.70158 512 424 
1.745937 -0.05320349 0.4923171 63657775166440 72057594037928494 11 965.9929 230.8824 242.0312 101.4293 512 424 
1.691654 -0.2840563 0.5118148 63657775166440 72057594037928494 7 820.6172 209.3467 191.3247 93.70158 512 424 
1.745937 -0.05320349 0.4923171 63657775166440 72057594037928494 11 965.9929 230.8824 242.0312 101.4293 512 424 
1.691141 -0.2819295 0.5138029 63657775166637 72057594037928494 7 821.9055 207.9893 191.7692 93.23312 512 424 
1.744239 -0.05684019 0.4946 63657775166637 72057594037928494 11 963.7666 229.1994 241.2518 100.8414 512 424 
1.691141 -0.2819295 0.5138029 63657775166637 72057594037928494 7 821.9055 207.9893 191.7692 93.23312 512 424 
1.744239 -0.05684019 0.4946 63657775166637 72057594037928494 11 963.7666 229.1994 241.2518 100.8414 512 424 
1.694185 -0.2804402 0.5162379 63657775166766 72057594037928494 7 823.0961 207.0339 192.2037 92.90399 512 424 
1.694185 -0.2804402 0.5162379 63657775166766 72057594037928494 7 823.0961 207.0339 192.2037 92.90399 512 424 
1.694673 -0.2796074 0.5158688 63657775166900 72057594037928494 7 823.6619 207.3589 192.4031 93.01768 512 424 
1.740493 -0.05850029 0.4907947 63657775166900 72057594037928494 11 962.7521 230.886 240.875 101.4256 512 424 
1.739842 -0.06045818 0.4899861 63657775166973 72057594037928494 11 961.5542 231.2737 240.456 101.5585 512 424 
1.739842 -0.06045818 0.4899861 63657775166973 72057594037928494 11 961.5542 231.2737 240.456 101.5585 512 424 
1.736377 -0.06195387 0.4873036 63657775167137 72057594037928494 11 960.6317 232.3266 240.1135 101.9227 512 424 
1.736377 -0.06195387 0.4873036 63657775167137 72057594037928494 11 960.6317 232.3266 240.1135 101.9227 512 424 
1.736377 -0.06195387 0.4873036 63657775167137 72057594037928494 11 960.6317 232.3266 240.1135 101.9227 512 424 
1.699176 -0.296055 0.5130454 63657775167262 72057594037928494 7 813.7468 210.0209 188.9918 93.92361 512 424 
1.736378 -0.06255358 0.4871586 63657775167262 72057594037928494 11 960.2644 232.4172 239.9863 101.9536 512 424 
1.699176 -0.296055 0.5130454 63657775167262 72057594037928494 7 813.7468 210.0209 188.9918 93.92361 512 424 
1.736378 -0.06255358 0.4871586 63657775167262 72057594037928494 11 960.2644 232.4172 239.9863 101.9536 512 424 
1.678482 -0.2547517 0.5251718 63657775167402 72057594037928494 7 838.011 198.2625 197.2763 89.88758 512 424 
1.735375 -0.06132825 0.4870638 63657775167402 72057594037928494 11 961.0122 232.3 240.2387 101.914 512 424 
1.67827 -0.2568684 0.5244011 63657775167476 72057594037928494 7 836.6541 198.7145 196.8038 90.04202 512 424 
1.73738 -0.0625315 0.4878764 63657775167476 72057594037928494 11 960.2803 232.1487 239.9985 101.8605 512 424 
1.674562 -0.2577043 0.5222768 63657775167544 72057594037928494 7 835.8388 199.3332 196.4949 90.25499 512 424 
1.735976 -0.06207991 0.4879767 63657775167544 72057594037928494 11 960.5513 231.8438 240.0835 101.7549 512 424 
1.674562 -0.2577043 0.5222768 63657775167544 72057594037928494 7 835.8388 199.3332 196.4949 90.25499 512 424 
1.735976 -0.06207991 0.4879767 63657775167544 72057594037928494 11 960.5513 231.8438 240.0835 101.7549 512 424 
1.674562 -0.2577043 0.5222768 63657775167544 72057594037928494 7 835.8388 199.3332 196.4949 90.25499 512 424 
1.735976 -0.06207991 0.4879767 63657775167544 72057594037928494 11 960.5513 231.8438 240.0835 101.7549 512 424 
1.674562 -0.2577043 0.5222768 63657775167544 72057594037928494 7 835.8388 199.3332 196.4949 90.25499 512 424 
1.735976 -0.06207991 0.4879767 63657775167544 72057594037928494 11 960.5513 231.8438 240.0835 101.7549 512 424 
1.676152 -0.2591273 0.5234803 63657775167674 72057594037928494 7 835.0565 198.8839 196.2349 90.09795 512 424 
1.73369 -0.06147305 0.4864702 63657775167674 72057594037928494 11 960.9185 232.3745 240.1953 101.9397 512 424 
1.678591 -0.2585686 0.52551 63657775167741 72057594037928494 7 835.5975 198.0752 196.4401 89.81854 512 424 
1.731803 -0.06212597 0.486221 63657775167810 72057594037928494 11 960.5107 232.2032 240.0421 101.8796 512 424 
1.731803 -0.06212597 0.486221 63657775167810 72057594037928494 11 960.5107 232.2032 240.0421 101.8796 512 424 
1.731803 -0.06212597 0.486221 63657775167810 72057594037928494 11 960.5107 232.2032 240.0421 101.8796 512 424 
1.731803 -0.06212597 0.486221 63657775167810 72057594037928494 11 960.5107 232.2032 240.0421 101.8796 512 424 
1.729035 -0.06264777 0.4862089 63657775167994 72057594037928494 11 960.1785 231.7322 239.9097 101.7154 512 424 
1.731705 -0.063191 0.4870338 63657775168020 72057594037928494 11 959.8536 231.6874 239.8147 101.6994 512 424 
1.731705 -0.063191 0.4870338 63657775168020 72057594037928494 11 959.8536 231.6874 239.8147 101.6994 512 424 
1.681248 -0.3043309 0.4792479 63657775168113 72057594037928494 7 806.9677 228.0691 186.5038 100.1708 512 424 
1.73132 -0.06302925 0.4861376 63657775168113 72057594037928494 11 959.9536 232.173 239.8462 101.8682 512 424 
1.669329 -0.2547748 0.5283486 63657775168209 72057594037928494 7 837.276 194.3977 196.9609 88.54597 512 424 
1.735648 -0.06448524 0.488887 63657775168209 72057594037928494 11 959.0726 231.2319 239.5704 101.5402 512 424 
1.616 -0.226497 0.5288971 63657775168209 72057594037928494 22 851.603 182.8337 201.5537 84.55936 512 424 
1.669329 -0.2547748 0.5283486 63657775168209 72057594037928494 7 837.276 194.3977 196.9609 88.54597 512 424 
1.735648 -0.06448524 0.488887 63657775168209 72057594037928494 11 959.0726 231.2319 239.5704 101.5402 512 424 
1.616 -0.226497 0.5288971 63657775168209 72057594037928494 22 851.603 182.8337 201.5537 84.55936 512 424 
1.669329 -0.2547748 0.5283486 63657775168209 72057594037928494 7 837.276 194.3977 196.9609 88.54597 512 424 
1.735648 -0.06448524 0.488887 63657775168209 72057594037928494 11 959.0726 231.2319 239.5704 101.5402 512 424 
1.616 -0.226497 0.5288971 63657775168209 72057594037928494 22 851.603 182.8337 201.5537 84.55936 512 424 
1.682387 -0.3077951 0.4843842 63657775168319 72057594037928494 7 804.8689 225.0204 185.7854 99.10947 512 424 
1.733398 -0.06545258 0.4887517 63657775168319 72057594037928494 11 958.468 230.9268 239.3469 101.4333 512 424 
1.682387 -0.3077951 0.4843842 63657775168319 72057594037928494 7 804.8689 225.0204 185.7854 99.10947 512 424 
1.733398 -0.06545258 0.4887517 63657775168319 72057594037928494 11 958.468 230.9268 239.3469 101.4333 512 424 
1.681863 -0.3065831 0.4830334 63657775168408 72057594037928494 7 805.5894 225.7805 186.0313 99.3744 512 424 
1.732554 -0.0632987 0.486908 63657775168408 72057594037928494 11 959.7914 231.9124 239.7984 101.7775 512 424 
1.681863 -0.3065831 0.4830334 63657775168408 72057594037928494 7 805.5894 225.7805 186.0313 99.3744 512 424 
1.732554 -0.0632987 0.486908 63657775168408 72057594037928494 11 959.7914 231.9124 239.7984 101.7775 512 424 
1.732651 -0.06319571 0.4877529 63657775168498 72057594037928494 11 959.8532 231.4083 239.8209 101.6025 512 424 
1.732651 -0.06319571 0.4877529 63657775168498 72057594037928494 11 959.8532 231.4083 239.8209 101.6025 512 424 
1.680331 -0.3050897 0.4800981 63657775168565 72057594037928494 7 806.3967 227.3643 186.2997 99.92522 512 424 
1.731491 -0.06294441 0.4866304 63657775168565 72057594037928494 11 960.0052 231.8985 239.8655 101.773 512 424 
1.730142 -0.06291942 0.4874632 63657775168640 72057594037928494 11 960.0129 231.1505 239.8602 101.5132 512 424 
1.730142 -0.06291942 0.4874632 63657775168640 72057594037928494 11 960.0129 231.1505 239.8602 101.5132 512 424 
1.730142 -0.06291942 0.4874632 63657775168640 72057594037928494 11 960.0129 231.1505 239.8602 101.5132 512 424 
1.728242 -0.06467525 0.4857299 63657775168765 72057594037928494 11 958.9273 231.8946 239.4714 101.7699 512 424 
1.728242 -0.06467525 0.4857299 63657775168765 72057594037928494 11 958.9273 231.8946 239.4714 101.7699 512 424 
1.731945 -0.06226213 0.4874882 63657775168963 72057594037928494 11 960.4246 231.4469 240.014 101.6168 512 424 
1.668935 -0.2530748 0.5291069 63657775169020 72057594037928494 7 838.3275 193.8295 197.3232 88.35071 512 424 
1.730716 -0.06417938 0.4872074 63657775169020 72057594037928494 11 959.241 231.4109 239.5965 101.6025 512 424 
1.675965 -0.2815315 0.4604643 63657775169102 72057594037928494 7 820.9982 239.0399 191.329 104.0037 512 424 
1.729076 -0.06338038 0.4860563 63657775169102 72057594037928494 11 959.7278 231.835 239.7539 101.7504 512 424 
1.663427 -0.259093 0.5232584 63657775169170 72057594037928494 7 834.0646 196.4765 195.8039 89.26111 512 424 
1.728906 -0.06448103 0.4859799 63657775169170 72057594037928494 11 959.0496 231.8549 239.5181 101.7563 512 424 
1.668176 -0.2501308 0.5320914 63657775169254 72057594037928494 7 840.1387 191.7579 197.9478 87.63564 512 424 
1.729111 -0.06450737 0.4853909 63657775169254 72057594037928494 11 959.0358 232.2543 239.5142 101.895 512 424 
1.668176 -0.2501308 0.5320914 63657775169254 72057594037928494 7 840.1387 191.7579 197.9478 87.63564 512 424 
1.729111 -0.06450737 0.4853909 63657775169254 72057594037928494 11 959.0358 232.2543 239.5142 101.895 512 424 
1.729768 -0.06516229 0.485856 63657775169335 72057594037928494 11 958.6347 232.0824 239.3799 101.8347 512 424 
1.679841 -0.3074973 0.4817643 63657775169402 72057594037928494 7 804.8188 226.2201 185.7496 99.52538 512 424 
1.733231 -0.06361733 0.488364 63657775169402 72057594037928494 11 959.5953 231.133 239.7357 101.5066 512 424 
1.666692 -0.2582635 0.5223792 63657775169477 72057594037928494 7 834.8589 197.6967 196.1013 89.68558 512 424 
1.728969 -0.06366209 0.4836798 63657775169477 72057594037928494 11 959.5595 233.2847 239.6935 102.2537 512 424 
1.666692 -0.2582635 0.5223792 63657775169477 72057594037928494 7 834.8589 197.6967 196.1013 89.68558 512 424 
1.728969 -0.06366209 0.4836798 63657775169477 72057594037928494 11 959.5595 233.2847 239.6935 102.2537 512 424 
1.666692 -0.2582635 0.5223792 63657775169477 72057594037928494 7 834.8589 197.6967 196.1013 89.68558 512 424 
1.728969 -0.06366209 0.4836798 63657775169477 72057594037928494 11 959.5595 233.2847 239.6935 102.2537 512 424 
1.662398 -0.2560735 0.5233837 63657775169580 72057594037928494 7 835.9154 196.1831 196.4388 89.1625 512 424 
1.731186 -0.06356163 0.4850118 63657775169580 72057594037928494 11 959.6282 232.8454 239.7321 102.1013 512 424 
1.662398 -0.2560735 0.5233837 63657775169580 72057594037928494 7 835.9154 196.1831 196.4388 89.1625 512 424 
1.731186 -0.06356163 0.4850118 63657775169580 72057594037928494 11 959.6282 232.8454 239.7321 102.1013 512 424 
1.73041 -0.06229164 0.4839592 63657775169658 72057594037928494 11 960.4084 233.3582 239.9966 102.2805 512 424 
1.73041 -0.06229164 0.4839592 63657775169658 72057594037928494 11 960.4084 233.3582 239.9966 102.2805 512 424 
1.668799 -0.257314 0.524875 63657775169733 72057594037928494 7 835.6249 196.519 196.3828 89.27868 512 424 
1.731749 -0.06234158 0.4826058 63657775169733 72057594037928494 11 960.3863 234.4237 239.9965 102.6505 512 424 
1.609283 -0.2268132 0.5264651 63657775169733 72057594037928494 22 850.9169 182.991 201.2653 84.61256 512 424 
1.668799 -0.257314 0.524875 63657775169733 72057594037928494 7 835.6249 196.519 196.3828 89.27868 512 424 
1.731749 -0.06234158 0.4826058 63657775169733 72057594037928494 11 960.3863 234.4237 239.9965 102.6505 512 424 
1.609283 -0.2268132 0.5264651 63657775169733 72057594037928494 22 850.9169 182.991 201.2653 84.61256 512 424 
1.668799 -0.257314 0.524875 63657775169733 72057594037928494 7 835.6249 196.519 196.3828 89.27868 512 424 
1.731749 -0.06234158 0.4826058 63657775169733 72057594037928494 11 960.3863 234.4237 239.9965 102.6505 512 424 
1.609283 -0.2268132 0.5264651 63657775169733 72057594037928494 22 850.9169 182.991 201.2653 84.61256 512 424 
1.675255 -0.2661867 0.5205973 63657775169906 72057594037928494 7 830.5075 200.5563 194.6496 90.66994 512 424 
1.690893 -0.2826965 0.5166026 63657775169976 72057594037928494 7 821.3927 206.1741 191.5911 92.60275 512 424 
1.605849 -0.3642187 0.2639625 63657775170250 72057594037928494 6 760.4176 356.8126 169.7243 144.7502 512 424 
1.589518 -0.3662614 0.2653528 63657775170250 72057594037928494 7 756.9184 354.0926 168.3834 143.7993 512 424 
1.601558 0.006351878 0.1799906 63657775170250 72057594037928494 11 1006.18 411.4649 254.7096 164.0655 512 424 
1.605849 -0.3642187 0.2639625 63657775170250 72057594037928494 6 760.4176 356.8126 169.7243 144.7502 512 424 
1.589518 -0.3662614 0.2653528 63657775170250 72057594037928494 7 756.9184 354.0926 168.3834 143.7993 512 424 
1.601558 0.006351878 0.1799906 63657775170250 72057594037928494 11 1006.18 411.4649 254.7096 164.0655 512 424 
1.587271 -0.02693815 0.04421672 63657775170322 72057594037928494 11 984.5297 501.3703 247.0358 195.0797 512 424 
1.587271 -0.02693815 0.04421672 63657775170322 72057594037928494 11 984.5297 501.3703 247.0358 195.0797 512 424 
1.587271 -0.02693815 0.04421672 63657775170322 72057594037928494 11 984.5297 501.3703 247.0358 195.0797 512 424 
1.580138 -0.07925245 -0.1567785 63657775170688 72057594037928494 11 949.8649 636.3604 234.8585 241.6799 512 424 
1.580138 -0.07925245 -0.1567785 63657775170688 72057594037928494 11 949.8649 636.3604 234.8585 241.6799 512 424 
1.581035 -0.07929638 -0.1564424 63657775170775 72057594037928494 11 949.8445 636.0751 234.8588 241.5811 512 424 
1.581035 -0.07929638 -0.1564424 63657775170775 72057594037928494 11 949.8445 636.0751 234.8588 241.5811 512 424 
1.581035 -0.07929638 -0.1564424 63657775170775 72057594037928494 11 949.8445 636.0751 234.8588 241.5811 512 424 
1.584321 -0.07825425 -0.1565351 63657775170880 72057594037928494 11 950.5799 635.9174 235.1384 241.527 512 424 
1.598562 -0.07053144 -0.146229 63657775171156 72057594037928494 11 955.8397 628.1287 237.0742 238.8344 512 424 
1.588587 -0.07643429 -0.1537454 63657775171328 72057594037928494 11 951.8359 633.7692 235.608 240.7841 512 424 
1.588587 -0.07643429 -0.1537454 63657775171328 72057594037928494 11 951.8359 633.7692 235.608 240.7841 512 424 
1.588484 -0.07615563 -0.1537571 63657775171405 72057594037928494 11 952.0213 633.7833 235.6712 240.7891 512 424 
1.588484 -0.07615563 -0.1537571 63657775171405 72057594037928494 11 952.0213 633.7833 235.6712 240.7891 512 424 
1.588484 -0.07615563 -0.1537571 63657775171405 72057594037928494 11 952.0213 633.7833 235.6712 240.7891 512 424 
1.588484 -0.07615563 -0.1537571 63657775171405 72057594037928494 11 952.0213 633.7833 235.6712 240.7891 512 424 
1.588484 -0.07615563 -0.1537571 63657775171405 72057594037928494 11 952.0213 633.7833 235.6712 240.7891 512 424 
1.589492 -0.07604885 -0.1532804 63657775171541 72057594037928494 11 952.1014 633.3995 235.7071 240.6563 512 424 
1.595148 -0.07045838 -0.1496777 63657775171749 72057594037928494 11 955.8715 630.6309 237.0558 239.7003 512 424 
1.592357 -0.07188334 -0.1512977 63657775171840 72057594037928494 11 954.9041 631.8874 236.6988 240.1346 512 424 
1.594219 -0.07133202 -0.1502505 63657775171910 72057594037928494 11 955.2839 631.0717 236.8452 239.8525 512 424 
1.594219 -0.07133202 -0.1502505 63657775171910 72057594037928494 11 955.2839 631.0717 236.8452 239.8525 512 424 
1.592309 -0.07135233 -0.1531824 63657775172123 72057594037928494 11 955.2624 633.1456 236.8203 240.5703 512 424 
1.592309 -0.07135233 -0.1531824 63657775172123 72057594037928494 11 955.2624 633.1456 236.8203 240.5703 512 424 
1.602307 -0.06961354 -0.1453857 63657775172557 72057594037928494 11 956.4733 627.3415 237.3223 238.5625 512 424 
1.602307 -0.06961354 -0.1453857 63657775172557 72057594037928494 11 956.4733 627.3415 237.3223 238.5625 512 424 
1.603128 -0.07020004 -0.1450852 63657775172640 72057594037928494 11 956.0894 627.0942 237.1963 238.4767 512 424 
1.603128 -0.07020004 -0.1450852 63657775172640 72057594037928494 11 956.0894 627.0942 237.1963 238.4767 512 424 
1.643578 -0.05601756 -0.1223858 63657775172727 72057594037928494 11 965.4863 610.0488 240.7595 232.5875 512 424 
1.643578 -0.05601756 -0.1223858 63657775172727 72057594037928494 11 965.4863 610.0488 240.7595 232.5875 512 424 
1.58031 -0.07141253 -0.1539422 63657775172951 72057594037928494 11 955.1326 634.432 236.6812 241.0153 512 424 
1.58031 -0.07141253 -0.1539422 63657775172951 72057594037928494 11 955.1326 634.432 236.6812 241.0153 512 424 
