Z           X            Y     Timestamp     Body id     Joint type ColorPointX ColorPointY  DepthPointX DepthPointY  WidthOfDisplay  HeightOfDisplay
1.455607 -0.2741474 0.1877077 63657775210959 72057594037928494 6 805.1192 394.4045 183.9858 157.8595 512 424 
1.393634 -0.259735 0.2072351 63657775211059 72057594037928494 6 808.8365 373.3947 184.6905 150.5823 512 424 
1.369982 -0.2950113 0.2382081 63657775211131 72057594037928494 6 778.5994 346.6729 173.9545 141.2564 512 424 
1.772241 -0.06770428 0.3301671 63657775211131 72057594037928494 8 957.6633 332.9402 239.2183 136.8369 512 424 
1.771613 -0.06778577 0.3296762 63657775211234 72057594037928494 8 957.6119 333.1651 239.1965 136.9147 512 424 
1.771613 -0.06778577 0.3296762 63657775211234 72057594037928494 8 957.6119 333.1651 239.1965 136.9147 512 424 
1.770856 -0.06774198 0.328729 63657775211338 72057594037928494 8 957.6362 333.6501 239.1997 137.0828 512 424 
1.770856 -0.06774198 0.328729 63657775211338 72057594037928494 8 957.6362 333.6501 239.1997 137.0828 512 424 
1.771523 -0.06822047 0.3287401 63657775211512 72057594037928494 8 957.3524 333.7186 239.1058 137.1062 512 424 
1.7709 -0.06815092 0.3271402 63657775211634 72057594037928494 8 957.3942 334.6113 239.1155 137.4156 512 424 
1.7709 -0.06815092 0.3271402 63657775211634 72057594037928494 8 957.3942 334.6113 239.1155 137.4156 512 424 
1.400856 -0.3029603 0.1319231 63657775214721 72057594037928494 7 777.0899 431.4509 173.6977 170.6449 512 424 
1.437586 -0.07616393 0.1007554 63657775214721 72057594037928494 11 949.7767 456.6118 233.8296 179.5905 512 424 
1.400856 -0.3029603 0.1319231 63657775214721 72057594037928494 7 777.0899 431.4509 173.6977 170.6449 512 424 
1.437586 -0.07616393 0.1007554 63657775214721 72057594037928494 11 949.7767 456.6118 233.8296 179.5905 512 424 
1.614517 -0.05693241 -0.1280567 63657775216044 72057594037928494 11 964.8647 615.202 240.3259 234.3686 512 424 
1.614517 -0.05693241 -0.1280567 63657775216044 72057594037928494 11 964.8647 615.202 240.3259 234.3686 512 424 
