Z           X            Y     Timestamp     Body id     Joint type ColorPointX ColorPointY  DepthPointX DepthPointY  WidthOfDisplay  HeightOfDisplay
1.394924 -0.103394 -0.7084241 63656388883865 72057594037929977 19 930.4088 1070.722 225.9453 392.405 512 424 
1.394924 -0.103394 -0.7084241 63656388883865 72057594037929977 19 930.4088 1070.722 225.9453 392.405 512 424 
1.39489 -0.1033482 -0.7085018 63656388883948 72057594037929977 19 930.4428 1070.795 225.9568 392.4297 512 424 
1.394606 -0.1032669 -0.7081015 63656388884031 72057594037929977 19 930.4965 1070.599 225.9725 392.3633 512 424 
1.394682 -0.1033012 -0.7082716 63656388884087 72057594037929977 19 930.4727 1070.7 225.965 392.3974 512 424 
1.394227 -0.1045843 -0.7083147 63656388884180 72057594037929977 19 929.4828 1070.91 225.6174 392.4674 512 424 
1.394227 -0.1045843 -0.7083147 63656388884180 72057594037929977 19 929.4828 1070.91 225.6174 392.4674 512 424 
1.394227 -0.1045843 -0.7083147 63656388884180 72057594037929977 19 929.4828 1070.91 225.6174 392.4674 512 424 
1.394271 -0.1045667 -0.7082739 63656388884285 72057594037929977 19 929.4974 1070.862 225.6229 392.4511 512 424 
1.394271 -0.1045667 -0.7082739 63656388884285 72057594037929977 19 929.4974 1070.862 225.6229 392.4511 512 424 
1.394261 -0.1045889 -0.7082735 63656388884395 72057594037929977 19 929.4802 1070.866 225.6168 392.4523 512 424 
1.394061 -0.1052808 -0.7083504 63656388884544 72057594037929977 19 928.9475 1071.003 225.4302 392.498 512 424 
1.394061 -0.1052808 -0.7083504 63656388884544 72057594037929977 19 928.9475 1071.003 225.4302 392.498 512 424 
1.394061 -0.1052808 -0.7083504 63656388884544 72057594037929977 19 928.9475 1071.003 225.4302 392.498 512 424 
1.394215 -0.1048545 -0.7083489 63656388884669 72057594037929977 19 929.2767 1070.941 225.5458 392.4777 512 424 
1.394215 -0.1048545 -0.7083489 63656388884669 72057594037929977 19 929.2767 1070.941 225.5458 392.4777 512 424 
1.394215 -0.1048545 -0.7083489 63656388884669 72057594037929977 19 929.2767 1070.941 225.5458 392.4777 512 424 
1.394153 -0.1045405 -0.7082705 63656388884772 72057594037929977 19 929.5141 1070.906 225.6275 392.4659 512 424 
1.394318 -0.1043165 -0.7085089 63656388884989 72057594037929977 19 929.6898 1071.024 225.69 392.506 512 424 
1.394318 -0.1043165 -0.7085089 63656388884989 72057594037929977 19 929.6898 1071.024 225.69 392.506 512 424 
1.394318 -0.1043165 -0.7085089 63656388884989 72057594037929977 19 929.6898 1071.024 225.69 392.506 512 424 
1.394318 -0.1043165 -0.7085089 63656388884989 72057594037929977 19 929.6898 1071.024 225.69 392.506 512 424 
1.367707 -0.2168162 -0.7095699 63656388885175 72057594037929977 15 841.56 1082.508 194.9241 396.1859 512 424 
1.394495 -0.1042792 -0.7086751 63656388885175 72057594037929977 19 929.7233 1071.082 225.7034 392.5258 512 424 
1.394199 -0.1040202 -0.7083504 63656388885224 72057594037929977 19 929.912 1070.948 225.7659 392.4808 512 424 
1.39406 -0.1038823 -0.7082762 63656388885299 72057594037929977 19 930.0134 1070.945 225.7996 392.4799 512 424 
1.367645 -0.2168068 -0.7091976 63656388885411 72057594037929977 15 841.5609 1082.243 194.9232 396.0967 512 424 
1.394015 -0.1038545 -0.7083078 63656388885411 72057594037929977 19 930.0333 1070.987 225.8061 392.4942 512 424 
1.367645 -0.2168068 -0.7091976 63656388885411 72057594037929977 15 841.5609 1082.243 194.9232 396.0967 512 424 
1.394015 -0.1038545 -0.7083078 63656388885411 72057594037929977 19 930.0333 1070.987 225.8061 392.4942 512 424 
1.367645 -0.2168068 -0.7091976 63656388885411 72057594037929977 15 841.5609 1082.243 194.9232 396.0967 512 424 
1.394015 -0.1038545 -0.7083078 63656388885411 72057594037929977 19 930.0333 1070.987 225.8061 392.4942 512 424 
1.367645 -0.2168068 -0.7091976 63656388885411 72057594037929977 15 841.5609 1082.243 194.9232 396.0967 512 424 
1.394015 -0.1038545 -0.7083078 63656388885411 72057594037929977 19 930.0333 1070.987 225.8061 392.4942 512 424 
1.317941 -0.2352148 0.07718975 63656388885649 72057594037929977 6 819.9619 469.1913 187.684 183.7696 512 424 
1.393953 -0.103666 -0.708131 63656388885649 72057594037929977 19 930.175 1070.875 225.8545 392.4566 512 424 
1.317941 -0.2352148 0.07718975 63656388885649 72057594037929977 6 819.9619 469.1913 187.684 183.7696 512 424 
1.393953 -0.103666 -0.708131 63656388885649 72057594037929977 19 930.175 1070.875 225.8545 392.4566 512 424 
1.317941 -0.2352148 0.07718975 63656388885649 72057594037929977 6 819.9619 469.1913 187.684 183.7696 512 424 
1.393953 -0.103666 -0.708131 63656388885649 72057594037929977 19 930.175 1070.875 225.8545 392.4566 512 424 
1.317941 -0.2352148 0.07718975 63656388885649 72057594037929977 6 819.9619 469.1913 187.684 183.7696 512 424 
1.393953 -0.103666 -0.708131 63656388885649 72057594037929977 19 930.175 1070.875 225.8545 392.4566 512 424 
1.326614 -0.2361686 0.07113934 63656388885822 72057594037929977 6 820.1804 474.4415 187.8517 185.5869 512 424 
1.394421 -0.1031758 -0.7082975 63656388885822 72057594037929977 19 930.5615 1070.821 225.9932 392.4384 512 424 
1.326614 -0.2361686 0.07113934 63656388885822 72057594037929977 6 820.1804 474.4415 187.8517 185.5869 512 424 
1.394421 -0.1031758 -0.7082975 63656388885822 72057594037929977 19 930.5615 1070.821 225.9932 392.4384 512 424 
1.327975 -0.234573 0.06719857 63656388885872 72057594037929977 6 821.6212 477.6486 188.3636 186.6983 512 424 
1.394746 -0.1026372 -0.7082223 63656388885872 72057594037929977 19 930.9802 1070.636 226.1416 392.3766 512 424 
1.327975 -0.234573 0.06719857 63656388885872 72057594037929977 6 821.6212 477.6486 188.3636 186.6983 512 424 
1.394746 -0.1026372 -0.7082223 63656388885872 72057594037929977 19 930.9802 1070.636 226.1416 392.3766 512 424 
1.328189 -0.2345041 0.06721198 63656388885986 72057594037929977 6 821.6997 477.6463 188.3932 186.6976 512 424 
1.394933 -0.102133 -0.7081594 63656388885986 72057594037929977 19 931.3691 1070.515 226.2782 392.3361 512 424 
1.328189 -0.2345041 0.06721198 63656388885986 72057594037929977 6 821.6997 477.6463 188.3932 186.6976 512 424 
1.394933 -0.102133 -0.7081594 63656388885986 72057594037929977 19 931.3691 1070.515 226.2782 392.3361 512 424 
1.587421 -0.2831723 0.1183457 63656388886137 72057594037929977 5 812.7408 452.21 187.7065 177.8933 512 424 
1.32792 -0.2346649 0.06575557 63656388886137 72057594037929977 6 821.5463 478.8007 188.3358 187.0968 512 424 
1.587212 -0.283263 0.1183446 63656388886223 72057594037929977 5 812.6597 452.2005 187.6768 177.8899 512 424 
1.327768 -0.2345658 0.06564692 63656388886223 72057594037929977 6 821.6094 478.8815 188.356 187.1248 512 424 
1.394587 -0.1015848 -0.7078839 63656388886223 72057594037929977 19 931.7773 1070.439 226.4162 392.3106 512 424 
1.587212 -0.283263 0.1183446 63656388886223 72057594037929977 5 812.6597 452.2005 187.6768 177.8899 512 424 
1.327768 -0.2345658 0.06564692 63656388886223 72057594037929977 6 821.6094 478.8815 188.356 187.1248 512 424 
1.394587 -0.1015848 -0.7078839 63656388886223 72057594037929977 19 931.7773 1070.439 226.4162 392.3106 512 424 
1.587237 -0.2834031 0.1169214 63656388886350 72057594037929977 5 812.5723 453.1547 187.6458 178.22 512 424 
1.328663 -0.2347877 0.06438148 63656388886350 72057594037929977 6 821.534 479.9286 188.3387 187.487 512 424 
1.394405 -0.1015012 -0.707727 63656388886350 72057594037929977 19 931.836 1070.389 226.4348 392.2939 512 424 
1.587306 -0.2834794 0.1163047 63656388886435 72057594037929977 5 812.5297 453.571 187.6312 178.364 512 424 
1.329266 -0.2347007 0.06369378 63656388886435 72057594037929977 6 821.6718 480.501 188.3926 187.6853 512 424 
1.394548 -0.1014248 -0.7077978 63656388886435 72057594037929977 19 931.8981 1070.388 226.4577 392.2935 512 424 
1.587352 -0.2836737 0.1163172 63656388886544 72057594037929977 5 812.4039 453.5651 187.5879 178.3618 512 424 
1.329743 -0.234792 0.06364928 63656388886544 72057594037929977 6 821.6512 480.5548 188.3907 187.7039 512 424 
1.394629 -0.1011243 -0.7077273 63656388886544 72057594037929977 19 932.1289 1070.302 226.5385 392.2648 512 424 
1.587354 -0.2836321 0.1158918 63656388886620 72057594037929977 5 812.4331 453.8499 187.5979 178.4604 512 424 
1.330082 -0.234653 0.06330279 63656388886620 72057594037929977 6 821.8007 480.844 188.4459 187.8042 512 424 
1.394565 -0.1010238 -0.7075757 63656388886620 72057594037929977 19 932.2036 1070.211 226.5637 392.234 512 424 
1.587354 -0.2836321 0.1158918 63656388886620 72057594037929977 5 812.4331 453.8499 187.5979 178.4604 512 424 
1.330082 -0.234653 0.06330279 63656388886620 72057594037929977 6 821.8007 480.844 188.4459 187.8042 512 424 
1.394565 -0.1010238 -0.7075757 63656388886620 72057594037929977 19 932.2036 1070.211 226.5637 392.234 512 424 
1.32941 -0.2342236 0.06412492 63656388886800 72057594037929977 6 822.0677 480.1612 188.5319 187.5682 512 424 
1.394707 -0.1008446 -0.70779 63656388886800 72057594037929977 19 932.3441 1070.32 226.6139 392.271 512 424 
1.328099 -0.23324 0.06587625 63656388886871 72057594037929977 6 822.7061 478.7086 188.7404 187.0663 512 424 
1.368995 -0.2134195 -0.7098117 63656388886871 72057594037929977 15 844.3151 1082.172 195.8887 396.0819 512 424 
1.394757 -0.100853 -0.7077235 63656388886871 72057594037929977 19 932.3389 1070.249 226.6126 392.2472 512 424 
1.328099 -0.23324 0.06587625 63656388886871 72057594037929977 6 822.7061 478.7086 188.7404 187.0663 512 424 
1.368995 -0.2134195 -0.7098117 63656388886871 72057594037929977 15 844.3151 1082.172 195.8887 396.0819 512 424 
1.394757 -0.100853 -0.7077235 63656388886871 72057594037929977 19 932.3389 1070.249 226.6126 392.2472 512 424 
1.328099 -0.23324 0.06587625 63656388886871 72057594037929977 6 822.7061 478.7086 188.7404 187.0663 512 424 
1.368995 -0.2134195 -0.7098117 63656388886871 72057594037929977 15 844.3151 1082.172 195.8887 396.0819 512 424 
1.394757 -0.100853 -0.7077235 63656388886871 72057594037929977 19 932.3389 1070.249 226.6126 392.2472 512 424 
1.328258 -0.2332625 0.06608944 63656388887005 72057594037929977 6 822.7047 478.5444 188.7419 187.0096 512 424 
1.394949 -0.1005313 -0.7077444 63656388887005 72057594037929977 19 932.5887 1070.19 226.7011 392.2275 512 424 
1.328258 -0.2332625 0.06608944 63656388887005 72057594037929977 6 822.7047 478.5444 188.7419 187.0096 512 424 
1.394949 -0.1005313 -0.7077444 63656388887005 72057594037929977 19 932.5887 1070.19 226.7011 392.2275 512 424 
1.328258 -0.2332625 0.06608944 63656388887005 72057594037929977 6 822.7047 478.5444 188.7419 187.0096 512 424 
1.394949 -0.1005313 -0.7077444 63656388887005 72057594037929977 19 932.5887 1070.19 226.7011 392.2275 512 424 
1.328258 -0.2332625 0.06608944 63656388887005 72057594037929977 6 822.7047 478.5444 188.7419 187.0096 512 424 
1.394949 -0.1005313 -0.7077444 63656388887005 72057594037929977 19 932.5887 1070.19 226.7011 392.2275 512 424 
1.328398 -0.233203 0.06628684 63656388887141 72057594037929977 6 822.7669 478.392 188.7651 186.9569 512 424 
1.394967 -0.100462 -0.7077355 63656388887141 72057594037929977 19 932.6419 1070.177 226.7197 392.223 512 424 
1.328743 -0.2330543 0.06635287 63656388887210 72057594037929977 6 822.9232 478.3525 188.8232 186.9435 512 424 
1.39501 -0.1005345 -0.7077869 63656388887210 72057594037929977 19 932.5879 1070.199 226.7014 392.2306 512 424 
1.328859 -0.2330422 0.06644957 63656388887291 72057594037929977 6 822.9452 478.2798 188.8322 186.9183 512 424 
1.394997 -0.1004274 -0.7077368 63656388887291 72057594037929977 19 932.6691 1070.166 226.7294 392.2194 512 424 
1.329094 -0.2331165 0.06696343 63656388887407 72057594037929977 6 822.9096 477.8787 188.8228 186.7795 512 424 
1.395044 -0.1001805 -0.7076319 63656388887407 72057594037929977 19 932.8582 1070.067 226.7954 392.1862 512 424 
1.329094 -0.2331165 0.06696343 63656388887407 72057594037929977 6 822.9096 477.8787 188.8228 186.7795 512 424 
1.395044 -0.1001805 -0.7076319 63656388887407 72057594037929977 19 932.8582 1070.067 226.7954 392.1862 512 424 
1.329094 -0.2331165 0.06696343 63656388887407 72057594037929977 6 822.9096 477.8787 188.8228 186.7795 512 424 
1.395044 -0.1001805 -0.7076319 63656388887407 72057594037929977 19 932.8582 1070.067 226.7954 392.1862 512 424 
1.329094 -0.2331165 0.06696343 63656388887407 72057594037929977 6 822.9096 477.8787 188.8228 186.7795 512 424 
1.395044 -0.1001805 -0.7076319 63656388887407 72057594037929977 19 932.8582 1070.067 226.7954 392.1862 512 424 
1.329514 -0.2330135 0.06743445 63656388887543 72057594037929977 6 823.036 477.519 188.8717 186.6552 512 424 
1.395311 -0.1000658 -0.7078722 63656388887543 72057594037929977 19 932.9526 1070.147 226.8308 392.2135 512 424 
1.328934 -0.2322166 0.07155229 63656388887636 72057594037929977 6 823.5973 474.2027 189.0633 185.5086 512 424 
1.3949 -0.09997584 -0.7075421 63656388887636 72057594037929977 19 933.0103 1070.054 226.8467 392.182 512 424 
1.328934 -0.2322166 0.07155229 63656388887636 72057594037929977 6 823.5973 474.2027 189.0633 185.5086 512 424 
1.3949 -0.09997584 -0.7075421 63656388887636 72057594037929977 19 933.0103 1070.054 226.8467 392.182 512 424 
1.329075 -0.2321759 0.07184143 63656388887730 72057594037929977 6 823.644 473.9776 189.0813 185.4308 512 424 
1.395128 -0.09965649 -0.7077327 63656388887730 72057594037929977 19 933.2595 1070.111 226.9354 392.2016 512 424 
1.329075 -0.2321759 0.07184143 63656388887730 72057594037929977 6 823.644 473.9776 189.0813 185.4308 512 424 
1.395128 -0.09965649 -0.7077327 63656388887730 72057594037929977 19 933.2595 1070.111 226.9354 392.2016 512 424 
1.329075 -0.2321759 0.07184143 63656388887730 72057594037929977 6 823.644 473.9776 189.0813 185.4308 512 424 
1.395128 -0.09965649 -0.7077327 63656388887730 72057594037929977 19 933.2595 1070.111 226.9354 392.2016 512 424 
1.3295 -0.2324232 0.07078673 63656388887839 72057594037929977 6 823.4955 474.8389 189.0336 185.7286 512 424 
1.368377 -0.2133699 -0.7082507 63656388887839 72057594037929977 15 844.2951 1081.205 195.8736 395.7567 512 424 
1.395155 -0.09987433 -0.7081248 63656388887839 72057594037929977 19 933.0951 1070.401 226.8786 392.2996 512 424 
1.590044 -0.2804704 0.1217256 63656388887985 72057594037929977 5 814.7931 450.077 188.4408 177.1581 512 424 
1.330295 -0.2325689 0.06980354 63656388887985 72057594037929977 6 823.4682 475.6578 189.0321 186.0119 512 424 
1.39513 -0.0999469 -0.7081459 63656388887985 72057594037929977 19 933.0392 1070.427 226.859 392.3083 512 424 
1.330234 -0.2322775 0.07037044 63656388888069 72057594037929977 6 823.6927 475.202 189.1098 185.8545 512 424 
1.39476 -0.1000135 -0.7077746 63656388888069 72057594037929977 19 932.9786 1070.287 226.8343 392.2606 512 424 
1.330234 -0.2322775 0.07037044 63656388888069 72057594037929977 6 823.6927 475.202 189.1098 185.8545 512 424 
1.39476 -0.1000135 -0.7077746 63656388888069 72057594037929977 19 932.9786 1070.287 226.8343 392.2606 512 424 
1.330234 -0.2322775 0.07037044 63656388888069 72057594037929977 6 823.6927 475.202 189.1098 185.8545 512 424 
1.39476 -0.1000135 -0.7077746 63656388888069 72057594037929977 19 932.9786 1070.287 226.8343 392.2606 512 424 
1.330234 -0.2322775 0.07037044 63656388888069 72057594037929977 6 823.6927 475.202 189.1098 185.8545 512 424 
1.39476 -0.1000135 -0.7077746 63656388888069 72057594037929977 19 932.9786 1070.287 226.8343 392.2606 512 424 
