Z           X            Y     Timestamp     Body id     Joint type ColorPointX ColorPointY  DepthPointX DepthPointY  WidthOfDisplay  HeightOfDisplay
1.447318 -0.07021388 -0.7162643 63656388939739 72057594037930210 19 956.1257 1056.864 235.3709 387.7261 512 424 
1.447318 -0.07021388 -0.7162643 63656388939739 72057594037930210 19 956.1257 1056.864 235.3709 387.7261 512 424 
1.446898 -0.0717757 -0.716114 63656388939916 72057594037930210 19 954.975 1056.907 234.9678 387.7399 512 424 
1.446635 -0.07176836 -0.7158206 63656388939987 72057594037930210 19 954.9776 1056.787 234.9663 387.6989 512 424 
1.446401 -0.07206543 -0.7157314 63656388940085 72057594037930210 19 954.7572 1056.807 234.8877 387.7055 512 424 
1.446401 -0.07206543 -0.7157314 63656388940085 72057594037930210 19 954.7572 1056.807 234.8877 387.7055 512 424 
1.446222 -0.07219586 -0.7156919 63656388940186 72057594037930210 19 954.6598 1056.843 234.8522 387.7178 512 424 
1.446222 -0.07219586 -0.7156919 63656388940186 72057594037930210 19 954.6598 1056.843 234.8522 387.7178 512 424 
1.446222 -0.07219586 -0.7156919 63656388940186 72057594037930210 19 954.6598 1056.843 234.8522 387.7178 512 424 
1.446105 -0.07232532 -0.7156404 63656388940293 72057594037930210 19 954.5635 1056.848 234.8177 387.7192 512 424 
1.446105 -0.07232532 -0.7156404 63656388940293 72057594037930210 19 954.5635 1056.848 234.8177 387.7192 512 424 
1.446105 -0.07232532 -0.7156404 63656388940293 72057594037930210 19 954.5635 1056.848 234.8177 387.7192 512 424 
1.446105 -0.07232532 -0.7156404 63656388940293 72057594037930210 19 954.5635 1056.848 234.8177 387.7192 512 424 
1.446242 -0.0726523 -0.7160015 63656388940500 72057594037930210 19 954.3251 1057.064 234.7362 387.7928 512 424 
1.446332 -0.07266262 -0.7163037 63656388940573 72057594037930210 19 954.319 1057.254 234.7348 387.8574 512 424 
1.446332 -0.07266262 -0.7163037 63656388940573 72057594037930210 19 954.319 1057.254 234.7348 387.8574 512 424 
1.446188 -0.07248724 -0.716163 63656388940652 72057594037930210 19 954.4462 1057.203 234.7776 387.8402 512 424 
1.446188 -0.07248724 -0.716163 63656388940652 72057594037930210 19 954.4462 1057.203 234.7776 387.8402 512 424 
1.446215 -0.07287478 -0.7164062 63656388940836 72057594037930210 19 954.1622 1057.373 234.6793 387.8976 512 424 
1.446215 -0.07287478 -0.7164062 63656388940836 72057594037930210 19 954.1622 1057.373 234.6793 387.8976 512 424 
1.446215 -0.07287478 -0.7164062 63656388940836 72057594037930210 19 954.1622 1057.373 234.6793 387.8976 512 424 
1.446381 -0.07172453 -0.7164817 63656388940957 72057594037930210 19 955.009 1057.367 234.9746 387.8964 512 424 
1.446381 -0.07172453 -0.7164817 63656388940957 72057594037930210 19 955.009 1057.367 234.9746 387.8964 512 424 
1.446434 -0.07151242 -0.7168388 63656388941061 72057594037930210 19 955.166 1057.611 235.0294 387.9796 512 424 
1.446434 -0.07151242 -0.7168388 63656388941061 72057594037930210 19 955.166 1057.611 235.0294 387.9796 512 424 
1.446434 -0.07151242 -0.7168388 63656388941061 72057594037930210 19 955.166 1057.611 235.0294 387.9796 512 424 
1.446434 -0.07151242 -0.7168388 63656388941061 72057594037930210 19 955.166 1057.611 235.0294 387.9796 512 424 
1.44648 -0.07144003 -0.7168996 63656388941187 72057594037930210 19 955.2197 1057.639 235.0485 387.9891 512 424 
1.446508 -0.0713802 -0.7169072 63656388941258 72057594037930210 19 955.2639 1057.634 235.0641 387.9875 512 424 
1.446508 -0.0713802 -0.7169072 63656388941258 72057594037930210 19 955.2639 1057.634 235.0641 387.9875 512 424 
1.446508 -0.0713802 -0.7169072 63656388941258 72057594037930210 19 955.2639 1057.634 235.0641 387.9875 512 424 
1.446538 -0.07110819 -0.7169404 63656388941423 72057594037930210 19 955.464 1057.647 235.1337 387.9923 512 424 
1.446538 -0.07110819 -0.7169404 63656388941423 72057594037930210 19 955.464 1057.647 235.1337 387.9923 512 424 
1.44647 -0.07080883 -0.7168589 63656388941471 72057594037930210 19 955.6832 1057.612 235.2092 387.9804 512 424 
1.446365 -0.07046917 -0.7165019 63656388941570 72057594037930210 19 955.9312 1057.387 235.2943 387.904 512 424 
1.446365 -0.07046917 -0.7165019 63656388941570 72057594037930210 19 955.9312 1057.387 235.2943 387.904 512 424 
1.446365 -0.07046917 -0.7165019 63656388941570 72057594037930210 19 955.9312 1057.387 235.2943 387.904 512 424 
1.445805 -0.07184252 -0.7161157 63656388941688 72057594037930210 19 954.9165 1057.307 234.9372 387.8761 512 424 
1.445805 -0.07184252 -0.7161157 63656388941688 72057594037930210 19 954.9165 1057.307 234.9372 387.8761 512 424 
1.445805 -0.07184252 -0.7161157 63656388941688 72057594037930210 19 954.9165 1057.307 234.9372 387.8761 512 424 
1.445811 -0.07193335 -0.7159305 63656388941796 72057594037930210 19 954.8495 1057.169 234.914 387.8289 512 424 
1.445811 -0.07193335 -0.7159305 63656388941796 72057594037930210 19 954.8495 1057.169 234.914 387.8289 512 424 
1.445811 -0.07193335 -0.7159305 63656388941796 72057594037930210 19 954.8495 1057.169 234.914 387.8289 512 424 
1.445811 -0.07193335 -0.7159305 63656388941796 72057594037930210 19 954.8495 1057.169 234.914 387.8289 512 424 
1.446093 -0.0728188 -0.7160253 63656388941991 72057594037930210 19 954.2015 1057.136 234.6919 387.8172 512 424 
1.446093 -0.0728188 -0.7160253 63656388941991 72057594037930210 19 954.2015 1057.136 234.6919 387.8172 512 424 
1.446093 -0.0728188 -0.7160253 63656388941991 72057594037930210 19 954.2015 1057.136 234.6919 387.8172 512 424 
1.446093 -0.0728188 -0.7160253 63656388941991 72057594037930210 19 954.2015 1057.136 234.6919 387.8172 512 424 
1.446079 -0.07307433 -0.7160353 63656388942148 72057594037930210 19 954.0137 1057.149 234.6266 387.8213 512 424 
1.446052 -0.07320657 -0.7160093 63656388942206 72057594037930210 19 953.916 1057.14 234.5925 387.8181 512 424 
1.445878 -0.07321625 -0.7157702 63656388942282 72057594037930210 19 953.9067 1057.027 234.5878 387.7798 512 424 
1.445878 -0.07321625 -0.7157702 63656388942282 72057594037930210 19 953.9067 1057.027 234.5878 387.7798 512 424 
1.445878 -0.07321625 -0.7157702 63656388942282 72057594037930210 19 953.9067 1057.027 234.5878 387.7798 512 424 
1.445987 -0.07326515 -0.7158553 63656388942406 72057594037930210 19 953.8721 1057.05 234.5767 387.7876 512 424 
1.445987 -0.07326515 -0.7158553 63656388942406 72057594037930210 19 953.8721 1057.05 234.5767 387.7876 512 424 
1.445714 -0.07330483 -0.7155485 63656388942537 72057594037930210 19 953.8397 1056.923 234.563 387.7444 512 424 
1.445697 -0.07346822 -0.7155604 63656388942608 72057594037930210 19 953.7195 1056.938 234.5211 387.7495 512 424 
1.445486 -0.07369477 -0.7155595 63656388942688 72057594037930210 19 953.551 1057.015 234.4607 387.7754 512 424 
1.44516 -0.07355709 -0.7152882 63656388942782 72057594037930210 19 953.6485 1056.934 234.4915 387.7478 512 424 
