Z           X            Y     Timestamp     Body id     Joint type ColorPointX ColorPointY  DepthPointX DepthPointY  WidthOfDisplay  HeightOfDisplay
1.688331 -0.2147275 -0.1424405 63657774766163 72057594037928444 7 865.6833 620.7917 206.5667 236.2587 512 424 
1.687168 -0.2144078 -0.145649 63657774766238 72057594037928444 7 865.8217 622.8708 206.603 236.9788 512 424 
1.687168 -0.2144078 -0.145649 63657774766238 72057594037928444 7 865.8217 622.8708 206.603 236.9788 512 424 
1.686431 -0.2134173 -0.1458678 63657774766323 72057594037928444 7 866.402 623.0473 206.7985 237.0401 512 424 
1.686431 -0.2134173 -0.1458678 63657774766323 72057594037928444 7 866.402 623.0473 206.7985 237.0401 512 424 
1.688429 -0.2140585 -0.1435498 63657774766500 72057594037928444 7 866.1126 621.4825 206.7148 236.4981 512 424 
1.687042 -0.21283 -0.1435755 63657774766566 72057594037928444 7 866.8033 621.5715 206.9443 236.529 512 424 
1.687042 -0.21283 -0.1435755 63657774766566 72057594037928444 7 866.8033 621.5715 206.9443 236.529 512 424 
1.688046 -0.2134892 -0.1427852 63657774766651 72057594037928444 7 866.4464 621.0218 206.8285 236.3385 512 424 
1.688046 -0.2134892 -0.1427852 63657774766651 72057594037928444 7 866.4464 621.0218 206.8285 236.3385 512 424 
1.687742 -0.2131523 -0.1438383 63657774766705 72057594037928444 7 866.6426 621.6995 206.8932 236.5733 512 424 
1.687742 -0.2131523 -0.1438383 63657774766705 72057594037928444 7 866.6426 621.6995 206.8932 236.5733 512 424 
1.68793 -0.2176117 -0.150385 63657774766865 72057594037928444 7 863.8611 625.811 205.9239 237.9968 512 424 
1.68793 -0.2176117 -0.150385 63657774766865 72057594037928444 7 863.8611 625.811 205.9239 237.9968 512 424 
1.688514 -0.2165753 -0.1501877 63657774766935 72057594037928444 7 864.5486 625.6527 206.1663 237.9422 512 424 
1.688514 -0.2165753 -0.1501877 63657774766935 72057594037928444 7 864.5486 625.6527 206.1663 237.9422 512 424 
1.688205 -0.2163588 -0.1448125 63657774767009 72057594037928444 7 864.6542 622.2916 206.2067 236.7779 512 424 
1.688205 -0.2163588 -0.1448125 63657774767009 72057594037928444 7 864.6542 622.2916 206.2067 236.7779 512 424 
1.688291 -0.2150892 -0.1435712 63657774767090 72057594037928444 7 865.4557 621.505 206.4863 236.5056 512 424 
1.688291 -0.2150892 -0.1435712 63657774767090 72057594037928444 7 865.4557 621.505 206.4863 236.5056 512 424 
1.686919 -0.2141521 -0.1467725 63657774767232 72057594037928444 7 865.9703 623.5907 206.6514 237.2282 512 424 
1.686919 -0.2141521 -0.1467725 63657774767232 72057594037928444 7 865.9703 623.5907 206.6514 237.2282 512 424 
1.686919 -0.2141521 -0.1467725 63657774767232 72057594037928444 7 865.9703 623.5907 206.6514 237.2282 512 424 
1.686854 -0.2143964 -0.1473886 63657774767327 72057594037928444 7 865.8138 623.9822 206.5961 237.3638 512 424 
1.686854 -0.2143964 -0.1473886 63657774767327 72057594037928444 7 865.8138 623.9822 206.5961 237.3638 512 424 
1.688572 -0.214854 -0.1429154 63657774767410 72057594037928444 7 865.6193 621.0775 206.5456 236.3576 512 424 
1.688572 -0.214854 -0.1429154 63657774767410 72057594037928444 7 865.6193 621.0775 206.5456 236.3576 512 424 
1.687169 -0.2130603 -0.1431337 63657774767474 72057594037928444 7 866.6649 621.2871 206.8977 236.4305 512 424 
1.687721 -0.2129717 -0.1424886 63657774767540 72057594037928444 7 866.7521 620.8518 206.9325 236.2798 512 424 
1.689304 -0.2140741 -0.1440459 63657774767587 72057594037928444 7 866.1563 621.7473 206.7354 236.5898 512 424 
1.687514 -0.2137185 -0.1434232 63657774767627 72057594037928444 7 866.2717 621.4517 206.7636 236.4874 512 424 
1.687514 -0.2137185 -0.1434232 63657774767627 72057594037928444 7 866.2717 621.4517 206.7636 236.4874 512 424 
1.687939 -0.2136781 -0.1438266 63657774767698 72057594037928444 7 866.3234 621.6824 206.784 236.5673 512 424 
1.687939 -0.2136781 -0.1438266 63657774767698 72057594037928444 7 866.3234 621.6824 206.784 236.5673 512 424 
1.687175 -0.213535 -0.146864 63657774767772 72057594037928444 7 866.3745 623.6333 206.7931 237.2431 512 424 
1.687175 -0.213535 -0.146864 63657774767772 72057594037928444 7 866.3745 623.6333 206.7931 237.2431 512 424 
1.685655 -0.2130244 -0.1466979 63657774767863 72057594037928444 7 866.6049 623.6116 206.8625 237.2356 512 424 
1.685655 -0.2130244 -0.1466979 63657774767863 72057594037928444 7 866.6049 623.6116 206.8625 237.2356 512 424 
1.684717 -0.2123696 -0.1479651 63657774767933 72057594037928444 7 866.9647 624.4603 206.9792 237.5296 512 424 
1.68434 -0.2128468 -0.1506069 63657774767981 72057594037928444 7 866.6471 626.1461 206.8636 238.1135 512 424 
1.68434 -0.2128468 -0.1506069 63657774767981 72057594037928444 7 866.6471 626.1461 206.8636 238.1135 512 424 
1.683625 -0.2114449 -0.1504069 63657774768094 72057594037928444 7 867.4886 626.0583 207.1503 238.0833 512 424 
1.687365 -0.2140853 -0.1432567 63657774768154 72057594037928444 7 866.0314 621.3555 206.6796 236.454 512 424 
1.68644 -0.212523 -0.1460688 63657774768221 72057594037928444 7 866.9664 623.172 206.9938 237.0834 512 424 
1.686503 -0.212163 -0.1424345 63657774768300 72057594037928444 7 867.1888 620.8817 207.0754 236.2902 512 424 
1.68709 -0.2122818 -0.1428137 63657774768359 72057594037928444 7 867.1497 621.0891 207.0654 236.362 512 424 
1.68709 -0.2122818 -0.1428137 63657774768359 72057594037928444 7 867.1497 621.0891 207.0654 236.362 512 424 
1.688117 -0.214092 -0.1431028 63657774768438 72057594037928444 7 866.0718 621.2185 206.699 236.4066 512 424 
1.686404 -0.2119772 -0.1420415 63657774768511 72057594037928444 7 867.2993 620.6393 207.1133 236.2063 512 424 
1.687757 -0.2133098 -0.1435268 63657774768561 72057594037928444 7 866.5437 621.5031 206.8594 236.5053 512 424 
1.687757 -0.2133098 -0.1435268 63657774768561 72057594037928444 7 866.5437 621.5031 206.8594 236.5053 512 424 
1.68733 -0.2167534 -0.1495346 63657774768663 72057594037928444 7 864.363 625.3087 206.0945 237.823 512 424 
1.687908 -0.2155802 -0.1458201 63657774768727 72057594037928444 7 865.1287 622.9398 206.3678 237.0026 512 424 
1.687908 -0.2155802 -0.1458201 63657774768727 72057594037928444 7 865.1287 622.9398 206.3678 237.0026 512 424 
1.683749 -0.2135065 -0.149715 63657774768833 72057594037928444 7 866.1935 625.6183 206.7034 237.9306 512 424 
1.69245 -0.2267894 -0.1558557 63657774768899 72057594037928444 7 858.3875 629.0001 204.0528 239.1008 512 424 
1.69245 -0.2267894 -0.1558557 63657774768899 72057594037928444 7 858.3875 629.0001 204.0528 239.1008 512 424 
1.688923 -0.2150878 -0.1435778 63657774769023 72057594037928444 7 865.4947 621.4752 206.5042 236.4954 512 424 
1.690638 -0.2199867 -0.1493972 63657774769339 72057594037928444 7 862.5319 625.0425 205.4834 237.7304 512 424 
1.689156 -0.2186747 -0.148582 63657774769389 72057594037928444 7 863.2635 624.6111 205.7274 237.5811 512 424 
1.687269 -0.2159805 -0.1502381 63657774769742 72057594037928444 7 864.8475 625.7534 206.2611 237.9771 512 424 
1.687894 -0.2155176 -0.1437788 63657774769873 72057594037928444 7 865.1626 621.6573 206.3818 236.5584 512 424 
1.687894 -0.2155176 -0.1437788 63657774769873 72057594037928444 7 865.1626 621.6573 206.3818 236.5584 512 424 
1.688082 -0.2151537 -0.1468642 63657774769966 72057594037928444 7 865.4099 623.5859 206.4653 237.2264 512 424 
1.687578 -0.2146876 -0.1436744 63657774770037 72057594037928444 7 865.6658 621.6074 206.554 236.5412 512 424 
1.688423 -0.214807 -0.1435951 63657774770100 72057594037928444 7 865.6414 621.5125 206.5515 236.5083 512 424 
1.688491 -0.2155349 -0.1452893 63657774770167 72057594037928444 7 865.1911 622.5745 206.3941 236.876 512 424 
1.687373 -0.2145069 -0.1433335 63657774770232 72057594037928444 7 865.7665 621.4039 206.5878 236.4707 512 424 
1.686321 -0.2124938 -0.1473878 63657774770372 72057594037928444 7 866.9805 624.0084 206.9965 237.3731 512 424 
1.687274 -0.2138323 -0.1438315 63657774770435 72057594037928444 7 866.1865 621.7213 206.7321 236.5808 512 424 
1.687562 -0.2139289 -0.1467578 63657774770486 72057594037928444 7 866.1494 623.5459 206.7179 237.2127 512 424 
1.687562 -0.2139289 -0.1467578 63657774770486 72057594037928444 7 866.1494 623.5459 206.7179 237.2127 512 424 
1.684741 -0.2124969 -0.1498016 63657774770612 72057594037928444 7 866.89 625.6157 206.9514 237.9298 512 424 
1.684729 -0.2124341 -0.1498288 63657774770669 72057594037928444 7 866.929 625.6334 206.9648 237.936 512 424 
1.684729 -0.2124341 -0.1498288 63657774770669 72057594037928444 7 866.929 625.6334 206.9648 237.936 512 424 
1.688287 -0.2139454 -0.1446567 63657774770769 72057594037928444 7 866.1777 622.1857 206.7351 236.7416 512 424 
1.686881 -0.2129504 -0.1479706 63657774770827 72057594037928444 7 866.7275 624.3447 206.9121 237.4895 512 424 
1.685632 -0.2138343 -0.14691 63657774770959 72057594037928444 7 866.0936 623.7475 206.685 237.2826 512 424 
1.685632 -0.2138343 -0.14691 63657774770959 72057594037928444 7 866.0936 623.7475 206.685 237.2826 512 424 
1.688584 -0.2147292 -0.1439018 63657774771050 72057594037928444 7 865.7007 621.6964 206.5728 236.572 512 424 
1.686469 -0.2136713 -0.1459326 63657774771154 72057594037928444 7 866.2443 623.0864 206.7441 237.0536 512 424 
1.686469 -0.2136713 -0.1459326 63657774771154 72057594037928444 7 866.2443 623.0864 206.7441 237.0536 512 424 
1.686363 -0.2161165 -0.1513551 63657774771217 72057594037928444 7 864.7093 626.5074 206.2057 238.2383 512 424 
1.685246 -0.2154649 -0.1525926 63657774771300 72057594037928444 7 865.0549 627.3488 206.3162 238.5298 512 424 
1.688056 -0.2157587 -0.1457487 63657774771362 72057594037928444 7 865.025 622.8871 206.3331 236.9843 512 424 
1.68783 -0.2152987 -0.1460743 63657774771420 72057594037928444 7 865.3016 623.1035 206.4269 237.0593 512 424 
1.68783 -0.2152987 -0.1460743 63657774771420 72057594037928444 7 865.3016 623.1035 206.4269 237.0593 512 424 
1.686561 -0.2174325 -0.152934 63657774771500 72057594037928444 7 863.8959 627.4911 205.9235 238.5789 512 424 
1.688346 -0.2147939 -0.1440765 63657774771566 72057594037928444 7 865.6459 621.8191 206.552 236.6145 512 424 
1.688346 -0.2147939 -0.1440765 63657774771566 72057594037928444 7 865.6459 621.8191 206.552 236.6145 512 424 
1.686578 -0.213078 -0.1426304 63657774771694 72057594037928444 7 866.6173 621.0022 206.8777 236.3318 512 424 
1.686584 -0.2130068 -0.143719 63657774771757 72057594037928444 7 866.6649 621.6865 206.8931 236.5688 512 424 
1.686641 -0.2180058 -0.1522884 63657774771848 72057594037928444 7 863.5381 627.0813 205.8009 238.4369 512 424 
1.685295 -0.2163441 -0.151999 63657774771897 72057594037928444 7 864.5024 626.9734 206.1259 238.3997 512 424 
1.685466 -0.2162863 -0.1524431 63657774771952 72057594037928444 7 864.5502 627.2433 206.1431 238.4932 512 424 
1.685466 -0.2162863 -0.1524431 63657774771952 72057594037928444 7 864.5502 627.2433 206.1431 238.4932 512 424 
1.688737 -0.2193252 -0.1495342 63657774772030 72057594037928444 7 862.8304 625.2336 205.5735 237.7966 512 424 
1.68893 -0.2191021 -0.1513994 63657774772142 72057594037928444 7 862.9869 626.3942 205.6269 238.1987 512 424 
1.68893 -0.2191021 -0.1513994 63657774772142 72057594037928444 7 862.9869 626.3942 205.6269 238.1987 512 424 
1.68893 -0.2191021 -0.1513994 63657774772142 72057594037928444 7 862.9869 626.3942 205.6269 238.1987 512 424 
1.687714 -0.2188718 -0.1556511 63657774772290 72057594037928444 7 863.0662 629.1354 205.6411 239.1484 512 424 
1.685959 -0.2162643 -0.1540605 63657774772348 72057594037928444 7 864.5976 628.2328 206.1612 238.836 512 424 
1.686276 -0.2128388 -0.1436547 63657774772423 72057594037928444 7 866.7523 621.6624 206.9212 236.5605 512 424 
1.686624 -0.2134837 -0.1470089 63657774772487 72057594037928444 7 866.3741 623.7547 206.789 237.2851 512 424 
1.686624 -0.2134837 -0.1470089 63657774772487 72057594037928444 7 866.3741 623.7547 206.789 237.2851 512 424 
1.690718 -0.2193296 -0.1494793 63657774772579 72057594037928444 7 862.95 625.0886 205.6286 237.7464 512 424 
1.687151 -0.2168467 -0.149656 63657774772633 72057594037928444 7 864.2936 625.3952 206.0691 237.8529 512 424 
1.687637 -0.2161073 -0.1501425 63657774772724 72057594037928444 7 864.7898 625.6727 206.2438 237.9492 512 424 
1.686249 -0.2139013 -0.1432984 63657774772790 72057594037928444 7 866.0804 621.4412 206.6888 236.4837 512 424 
1.686623 -0.2137701 -0.1459452 63657774772853 72057594037928444 7 866.1913 623.0859 206.7269 237.0534 512 424 
1.685096 -0.2129961 -0.1473245 63657774772906 72057594037928444 7 866.5909 624.0369 206.8531 237.3829 512 424 
1.685096 -0.2129961 -0.1473245 63657774772906 72057594037928444 7 866.5909 624.0369 206.8531 237.3829 512 424 
1.684864 -0.2131418 -0.150548 63657774772968 72057594037928444 7 866.4922 626.0798 206.8137 238.0905 512 424 
1.684809 -0.213211 -0.1499806 63657774773057 72057594037928444 7 866.4442 625.7256 206.7973 237.9678 512 424 
1.682769 -0.2127664 -0.1511262 63657774773117 72057594037928444 7 866.6052 626.5623 206.8376 238.2577 512 424 
1.682769 -0.2127664 -0.1511262 63657774773117 72057594037928444 7 866.6052 626.5623 206.8376 238.2577 512 424 
1.684864 -0.2124199 -0.1512635 63657774773200 72057594037928444 7 866.949 626.5294 206.9711 238.2464 512 424 
1.684696 -0.2125165 -0.1517013 63657774773274 72057594037928444 7 866.8791 626.8147 206.9452 238.3452 512 424 
1.684696 -0.2125165 -0.1517013 63657774773274 72057594037928444 7 866.8791 626.8147 206.9452 238.3452 512 424 
1.6847 -0.2128183 -0.1517936 63657774773331 72057594037928444 7 866.6892 626.873 206.8793 238.3654 512 424 
1.6847 -0.2128183 -0.1517936 63657774773331 72057594037928444 7 866.6892 626.873 206.8793 238.3654 512 424 
1.684345 -0.2124031 -0.1522456 63657774773414 72057594037928444 7 866.931 627.1774 206.9601 238.4708 512 424 
1.684345 -0.2124031 -0.1522456 63657774773414 72057594037928444 7 866.931 627.1774 206.9601 238.4708 512 424 
1.683683 -0.2127943 -0.1513893 63657774773488 72057594037928444 7 866.6428 626.6761 206.8567 238.2971 512 424 
1.683683 -0.2127943 -0.1513893 63657774773488 72057594037928444 7 866.6428 626.6761 206.8567 238.2971 512 424 
1.683171 -0.2134846 -0.1529311 63657774773558 72057594037928444 7 866.1798 627.6781 206.691 238.6441 512 424 
1.683171 -0.2134846 -0.1529311 63657774773558 72057594037928444 7 866.1798 627.6781 206.691 238.6441 512 424 
1.687855 -0.2171568 -0.1536748 63657774773629 72057594037928444 7 864.1501 627.8826 206.0198 238.7146 512 424 
1.687996 -0.2161715 -0.1454652 63657774773714 72057594037928444 7 864.7608 622.7128 206.2415 236.9239 512 424 
1.688092 -0.2154726 -0.1453082 63657774773765 72057594037928444 7 865.2062 622.6079 206.3966 236.8876 512 424 
1.688092 -0.2154726 -0.1453082 63657774773765 72057594037928444 7 865.2062 622.6079 206.3966 236.8876 512 424 
1.688092 -0.2154726 -0.1453082 63657774773765 72057594037928444 7 865.2062 622.6079 206.3966 236.8876 512 424 
1.687309 -0.2143797 -0.1470943 63657774773863 72057594037928444 7 865.8511 623.772 206.6125 237.291 512 424 
1.687309 -0.2143797 -0.1470943 63657774773863 72057594037928444 7 865.8511 623.772 206.6125 237.291 512 424 
1.685607 -0.214275 -0.1483083 63657774773936 72057594037928444 7 865.8174 624.6298 206.5876 237.5881 512 424 
1.685607 -0.214275 -0.1483083 63657774773936 72057594037928444 7 865.8174 624.6298 206.5876 237.5881 512 424 
1.685607 -0.214275 -0.1483083 63657774773936 72057594037928444 7 865.8174 624.6298 206.5876 237.5881 512 424 
1.685633 -0.2141123 -0.1501468 63657774774099 72057594037928444 7 865.9255 625.7853 206.6232 237.9884 512 424 
1.685633 -0.2141123 -0.1501468 63657774774099 72057594037928444 7 865.9255 625.7853 206.6232 237.9884 512 424 
1.685061 -0.2137216 -0.1506632 63657774774174 72057594037928444 7 866.1386 626.1421 206.6925 238.112 512 424 
1.685287 -0.2138945 -0.1512415 63657774774245 72057594037928444 7 866.0444 626.4935 206.6608 238.2338 512 424 
1.685287 -0.2138945 -0.1512415 63657774774245 72057594037928444 7 866.0444 626.4935 206.6608 238.2338 512 424 
1.685287 -0.2138945 -0.1512415 63657774774245 72057594037928444 7 866.0444 626.4935 206.6608 238.2338 512 424 
1.685161 -0.2141566 -0.1509472 63657774774314 72057594037928444 7 865.8711 626.3158 206.6002 238.1721 512 424 
1.685568 -0.2132856 -0.1518015 63657774774387 72057594037928444 7 866.4464 626.8293 206.8013 238.3501 512 424 
1.687254 -0.2124896 -0.1444705 63657774774440 72057594037928444 7 867.0322 622.1224 207.0241 236.7199 512 424 
1.687254 -0.2124896 -0.1444705 63657774774440 72057594037928444 7 867.0322 622.1224 207.0241 236.7199 512 424 
1.68707 -0.2124007 -0.1441787 63657774774527 72057594037928444 7 867.0767 621.9486 207.0385 236.6597 512 424 
1.68707 -0.2124007 -0.1441787 63657774774527 72057594037928444 7 867.0767 621.9486 207.0385 236.6597 512 424 
1.686839 -0.2118523 -0.1436887 63657774774574 72057594037928444 7 867.4072 621.6522 207.1519 236.5571 512 424 
1.686839 -0.2118523 -0.1436887 63657774774574 72057594037928444 7 867.4072 621.6522 207.1519 236.5571 512 424 
1.686839 -0.2118523 -0.1436887 63657774774574 72057594037928444 7 867.4072 621.6522 207.1519 236.5571 512 424 
1.691421 -0.2192197 -0.1489279 63657774774701 72057594037928444 7 863.0612 624.7035 205.6726 237.613 512 424 
1.689567 -0.2182419 -0.1489488 63657774774749 72057594037928444 7 863.5618 624.818 205.8332 237.6528 512 424 
1.690163 -0.2213811 -0.1544161 63657774774839 72057594037928444 7 861.6369 628.2215 205.1644 238.8315 512 424 
1.690163 -0.2213811 -0.1544161 63657774774839 72057594037928444 7 861.6369 628.2215 205.1644 238.8315 512 424 
1.689301 -0.2183229 -0.1526794 63657774774907 72057594037928444 7 863.5027 627.176 205.8067 238.4697 512 424 
1.689301 -0.2183229 -0.1526794 63657774774907 72057594037928444 7 863.5027 627.176 205.8067 238.4697 512 424 
1.687428 -0.2174291 -0.1527828 63657774774983 72057594037928444 7 863.9506 627.3466 205.9487 238.5288 512 424 
1.687428 -0.2174291 -0.1527828 63657774774983 72057594037928444 7 863.9506 627.3466 205.9487 238.5288 512 424 
1.686581 -0.216264 -0.1533621 63657774775056 72057594037928444 7 864.634 627.7578 206.1789 238.6714 512 424 
1.688829 -0.2194599 -0.1547035 63657774775111 72057594037928444 7 862.7629 628.4761 205.5449 238.92 512 424 
1.688829 -0.2194599 -0.1547035 63657774775111 72057594037928444 7 862.7629 628.4761 205.5449 238.92 512 424 
1.688829 -0.2194599 -0.1547035 63657774775111 72057594037928444 7 862.7629 628.4761 205.5449 238.92 512 424 
1.688973 -0.2163285 -0.146089 63657774775247 72057594037928444 7 864.7227 623.0518 206.2344 237.0413 512 424 
1.688973 -0.2163285 -0.146089 63657774775247 72057594037928444 7 864.7227 623.0518 206.2344 237.0413 512 424 
1.687267 -0.2163769 -0.1502924 63657774775331 72057594037928444 7 864.598 625.7882 206.1746 237.9891 512 424 
1.687267 -0.2163769 -0.1502924 63657774775331 72057594037928444 7 864.598 625.7882 206.1746 237.9891 512 424 
1.687634 -0.2143175 -0.1446533 63657774775395 72057594037928444 7 865.9044 622.2194 206.6359 236.7532 512 424 
1.687239 -0.2139424 -0.1459525 63657774775455 72057594037928444 7 866.1197 623.0572 206.7063 237.0435 512 424 
1.687239 -0.2139424 -0.1459525 63657774775455 72057594037928444 7 866.1197 623.0572 206.7063 237.0435 512 424 
1.689871 -0.2189146 -0.1511225 63657774775507 72057594037928444 7 863.1623 626.1669 205.6945 238.12 512 424 
1.687674 -0.2173726 -0.1500217 63657774775560 72057594037928444 7 863.9952 625.5967 205.969 237.9226 512 424 
1.687674 -0.2173726 -0.1500217 63657774775560 72057594037928444 7 863.9952 625.5967 205.969 237.9226 512 424 
