Z           X            Y     Timestamp     Body id     Joint type ColorPointX ColorPointY  DepthPointX DepthPointY  WidthOfDisplay  HeightOfDisplay
1.68892 -0.2187946 -0.1536808 63657774803967 72057594037928444 7 863.1848 627.8275 205.6928 238.6953 512 424 
1.689599 -0.2165371 -0.1464551 63657774805176 72057594037928444 7 864.6304 623.2479 206.2063 237.1092 512 424 
1.689247 -0.2161165 -0.1467919 63657774805589 72057594037928444 7 864.8741 623.4781 206.2879 237.189 512 424 
1.689247 -0.2161165 -0.1467919 63657774805589 72057594037928444 7 864.8741 623.4781 206.2879 237.189 512 424 
1.689247 -0.2161165 -0.1467919 63657774805589 72057594037928444 7 864.8741 623.4781 206.2879 237.189 512 424 
1.698497 -0.2367085 -0.1234697 63657774805861 72057594037928444 7 852.4981 608.4347 202.0901 231.9759 512 424 
1.698497 -0.2367085 -0.1234697 63657774805861 72057594037928444 7 852.4981 608.4347 202.0901 231.9759 512 424 
1.688514 -0.2150906 -0.146353 63657774806391 72057594037928444 7 865.4744 623.241 206.4912 237.107 512 424 
1.688514 -0.2150906 -0.146353 63657774806391 72057594037928444 7 865.4744 623.241 206.4912 237.107 512 424 
1.688514 -0.2150906 -0.146353 63657774806391 72057594037928444 7 865.4744 623.241 206.4912 237.107 512 424 
1.688514 -0.2150906 -0.146353 63657774806391 72057594037928444 7 865.4744 623.241 206.4912 237.107 512 424 
1.688598 -0.210892 -0.1315403 63657774806591 72057594037928444 7 868.0888 613.9229 207.4133 233.8807 512 424 
1.699248 -0.2377478 -0.1233393 63657774809315 72057594037928444 7 851.8986 608.3204 201.8876 231.9362 512 424 
