Z           X            Y     Timestamp     Body id     Joint type ColorPointX ColorPointY  DepthPointX DepthPointY  WidthOfDisplay  HeightOfDisplay
1.514931 0.02429162 -0.6497754 63657774826333 72057594037928494 19 1022.798 986.4866 259.1726 363.5798 512 424 
1.514931 0.02429162 -0.6497754 63657774826333 72057594037928494 19 1022.798 986.4866 259.1726 363.5798 512 424 
1.514931 0.02429162 -0.6497754 63657774826333 72057594037928494 19 1022.798 986.4866 259.1726 363.5798 512 424 
1.51495 0.02430558 -0.6498096 63657774826422 72057594037928494 19 1022.807 986.5048 259.1759 363.5861 512 424 
1.515003 0.02431868 -0.649883 63657774826569 72057594037928494 19 1022.814 986.5403 259.1789 363.5984 512 424 
1.515003 0.02431868 -0.649883 63657774826569 72057594037928494 19 1022.814 986.5403 259.1789 363.5984 512 424 
1.514987 0.02432781 -0.6499074 63657774826648 72057594037928494 19 1022.822 986.5625 259.1812 363.606 512 424 
1.514987 0.02432781 -0.6499074 63657774826648 72057594037928494 19 1022.822 986.5625 259.1812 363.606 512 424 
1.514975 0.02435652 -0.6498982 63657774826728 72057594037928494 19 1022.842 986.5596 259.1882 363.605 512 424 
1.514977 0.0244028 -0.6499604 63657774826770 72057594037928494 19 1022.875 986.6028 259.1995 363.62 512 424 
1.51498 0.02439805 -0.6500397 63657774826810 72057594037928494 19 1022.871 986.6575 259.1983 363.6389 512 424 
1.515013 0.02439401 -0.6500823 63657774826878 72057594037928494 19 1022.867 986.6776 259.1972 363.6459 512 424 
1.515026 0.02439743 -0.6500726 63657774826950 72057594037928494 19 1022.869 986.6669 259.198 363.6422 512 424 
1.515026 0.02439743 -0.6500726 63657774826950 72057594037928494 19 1022.869 986.6669 259.198 363.6422 512 424 
1.515038 0.02439101 -0.6500779 63657774827027 72057594037928494 19 1022.864 986.6667 259.1964 363.6421 512 424 
1.5151 0.02423815 -0.6499966 63657774827169 72057594037928494 19 1022.755 986.5912 259.1589 363.6159 512 424 
1.515133 0.02421693 -0.6499507 63657774827218 72057594037928494 19 1022.738 986.5491 259.1536 363.6013 512 424 
1.51508 0.02425047 -0.649999 63657774827391 72057594037928494 19 1022.764 986.5988 259.162 363.6186 512 424 
1.51508 0.02425047 -0.649999 63657774827391 72057594037928494 19 1022.764 986.5988 259.162 363.6186 512 424 
1.51508 0.02425047 -0.649999 63657774827391 72057594037928494 19 1022.764 986.5988 259.162 363.6186 512 424 
1.515012 0.02428783 -0.650027 63657774827474 72057594037928494 19 1022.793 986.6391 259.1714 363.6325 512 424 
1.514943 0.02426698 -0.6499787 63657774827639 72057594037928494 19 1022.78 986.6257 259.1665 363.6279 512 424 
1.514941 0.02427657 -0.6499783 63657774827714 72057594037928494 19 1022.787 986.6263 259.1689 363.6281 512 424 
1.514941 0.02427657 -0.6499783 63657774827714 72057594037928494 19 1022.787 986.6263 259.1689 363.6281 512 424 
1.514938 0.02427261 -0.6499643 63657774827801 72057594037928494 19 1022.785 986.6174 259.1679 363.625 512 424 
1.514938 0.02427261 -0.6499643 63657774827801 72057594037928494 19 1022.785 986.6174 259.1679 363.625 512 424 
1.514938 0.02427261 -0.6499643 63657774827801 72057594037928494 19 1022.785 986.6174 259.1679 363.625 512 424 
1.514984 0.02419225 -0.6499065 63657774827912 72057594037928494 19 1022.727 986.5628 259.1482 363.6061 512 424 
1.514978 0.02417397 -0.6499386 63657774828002 72057594037928494 19 1022.714 986.5872 259.1437 363.6146 512 424 
1.514978 0.02417397 -0.6499386 63657774828002 72057594037928494 19 1022.714 986.5872 259.1437 363.6146 512 424 
1.515076 0.02427756 -0.6499964 63657774828075 72057594037928494 19 1022.783 986.5981 259.1686 363.6183 512 424 
1.514956 0.02425277 -0.649891 63657774828156 72057594037928494 19 1022.77 986.5604 259.163 363.6053 512 424 
1.514914 0.02423369 -0.64987 63657774828276 72057594037928494 19 1022.758 986.5582 259.1585 363.6045 512 424 
1.514914 0.02423369 -0.64987 63657774828276 72057594037928494 19 1022.758 986.5582 259.1585 363.6045 512 424 
1.514922 0.02422699 -0.6498576 63657774828346 72057594037928494 19 1022.753 986.5471 259.1569 363.6007 512 424 
1.514922 0.02422699 -0.6498576 63657774828346 72057594037928494 19 1022.753 986.5471 259.1569 363.6007 512 424 
1.514881 0.024217 -0.649866 63657774828501 72057594037928494 19 1022.747 986.5654 259.1546 363.607 512 424 
1.514881 0.024217 -0.649866 63657774828501 72057594037928494 19 1022.747 986.5654 259.1546 363.607 512 424 
1.515157 0.02422676 -0.649989 63657774828618 72057594037928494 19 1022.745 986.5686 259.1559 363.6082 512 424 
1.515157 0.02422676 -0.649989 63657774828618 72057594037928494 19 1022.745 986.5686 259.1559 363.6082 512 424 
1.515157 0.02422676 -0.649989 63657774828618 72057594037928494 19 1022.745 986.5686 259.1559 363.6082 512 424 
1.51514 0.02427148 -0.6500913 63657774828764 72057594037928494 19 1022.777 986.6458 259.1669 363.6348 512 424 
1.515082 0.02434015 -0.650089 63657774828835 72057594037928494 19 1022.827 986.6615 259.1838 363.6403 512 424 
1.51506 0.02434384 -0.6501102 63657774828912 72057594037928494 19 1022.831 986.6831 259.1848 363.6478 512 424 
1.515023 0.02440218 -0.6501542 63657774828995 72057594037928494 19 1022.873 986.7249 259.1992 363.6623 512 424 
1.51499 0.0244043 -0.6501766 63657774829068 72057594037928494 19 1022.876 986.7507 259.1998 363.6712 512 424 
1.51499 0.0244043 -0.6501766 63657774829068 72057594037928494 19 1022.876 986.7507 259.1998 363.6712 512 424 
1.514978 0.02441189 -0.6502199 63657774829156 72057594037928494 19 1022.881 986.7847 259.2017 363.6829 512 424 
1.514978 0.02441189 -0.6502199 63657774829156 72057594037928494 19 1022.881 986.7847 259.2017 363.6829 512 424 
1.514978 0.02441189 -0.6502199 63657774829156 72057594037928494 19 1022.881 986.7847 259.2017 363.6829 512 424 
1.514903 0.02443401 -0.6501846 63657774829278 72057594037928494 19 1022.9 986.7826 259.2074 363.6822 512 424 
1.51489 0.02442249 -0.6501381 63657774829328 72057594037928494 19 1022.892 986.754 259.2046 363.6723 512 424 
1.51489 0.02442249 -0.6501381 63657774829328 72057594037928494 19 1022.892 986.754 259.2046 363.6723 512 424 
1.51489 0.02442249 -0.6501381 63657774829328 72057594037928494 19 1022.892 986.754 259.2046 363.6723 512 424 
1.51489 0.02442249 -0.6501381 63657774829328 72057594037928494 19 1022.892 986.754 259.2046 363.6723 512 424 
1.514878 0.02440149 -0.6501961 63657774829455 72057594037928494 19 1022.878 986.7982 259.1996 363.6876 512 424 
1.514868 0.0244134 -0.6502228 63657774829541 72057594037928494 19 1022.887 986.8202 259.2025 363.6952 512 424 
1.514868 0.0244134 -0.6502228 63657774829541 72057594037928494 19 1022.887 986.8202 259.2025 363.6952 512 424 
