Z           X            Y     Timestamp     Body id     Joint type ColorPointX ColorPointY  DepthPointX DepthPointY  WidthOfDisplay  HeightOfDisplay
1.536507 -0.1771516 0.1564213 63657774847070 72057594037928494 6 880.8763 423.0812 210.9296 167.9154 512 424 
1.536507 -0.1771516 0.1564213 63657774847070 72057594037928494 6 880.8763 423.0812 210.9296 167.9154 512 424 
1.536507 -0.1771516 0.1564213 63657774847070 72057594037928494 6 880.8763 423.0812 210.9296 167.9154 512 424 
1.571913 -0.1323124 0.2504409 63657774847173 72057594037928494 7 912.9115 361.8089 222.3354 146.7634 512 424 
1.568658 -0.1294044 0.2205925 63657774847247 72057594037928494 6 914.848 381.6998 222.9647 153.6529 512 424 
1.5724 -0.1120077 0.2850877 63657774847247 72057594037928494 7 926.5744 338.3638 227.0789 138.6632 512 424 
1.568658 -0.1294044 0.2205925 63657774847247 72057594037928494 6 914.848 381.6998 222.9647 153.6529 512 424 
1.5724 -0.1120077 0.2850877 63657774847247 72057594037928494 7 926.5744 338.3638 227.0789 138.6632 512 424 
1.569232 -0.1285717 0.2202028 63657774847313 72057594037928494 6 915.4326 382.017 223.171 153.7636 512 424 
1.573448 -0.1092273 0.2846434 63657774847313 72057594037928494 7 928.4825 338.7873 227.7463 138.813 512 424 
1.574165 -0.125921 0.2176425 63657774847417 72057594037928494 6 917.3926 384.2094 223.8855 154.5255 512 424 
1.578135 -0.1069758 0.2814609 63657774847417 72057594037928494 7 930.1238 341.5016 228.3482 139.7564 512 424 
1.593356 0.02392995 -0.189729 63657774847417 72057594037928494 11 1018.905 657.2718 258.7644 248.9702 512 424 
1.574165 -0.125921 0.2176425 63657774847417 72057594037928494 6 917.3926 384.2094 223.8855 154.5255 512 424 
1.578135 -0.1069758 0.2814609 63657774847417 72057594037928494 7 930.1238 341.5016 228.3482 139.7564 512 424 
1.593356 0.02392995 -0.189729 63657774847417 72057594037928494 11 1018.905 657.2718 258.7644 248.9702 512 424 
1.574165 -0.125921 0.2176425 63657774847417 72057594037928494 6 917.3926 384.2094 223.8855 154.5255 512 424 
1.578135 -0.1069758 0.2814609 63657774847417 72057594037928494 7 930.1238 341.5016 228.3482 139.7564 512 424 
1.593356 0.02392995 -0.189729 63657774847417 72057594037928494 11 1018.905 657.2718 258.7644 248.9702 512 424 
1.574165 -0.125921 0.2176425 63657774847417 72057594037928494 6 917.3926 384.2094 223.8855 154.5255 512 424 
1.578135 -0.1069758 0.2814609 63657774847417 72057594037928494 7 930.1238 341.5016 228.3482 139.7564 512 424 
1.593356 0.02392995 -0.189729 63657774847417 72057594037928494 11 1018.905 657.2718 258.7644 248.9702 512 424 
1.575486 -0.1255875 0.2615603 63657774847697 72057594037928494 7 917.5463 354.6675 223.9706 144.2976 512 424 
1.575486 -0.1255875 0.2615603 63657774847697 72057594037928494 7 917.5463 354.6675 223.9706 144.2976 512 424 
1.578077 -0.1238681 0.2596719 63657774847783 72057594037928494 7 918.7917 356.2276 224.4203 144.8401 512 424 
1.578077 -0.1238681 0.2596719 63657774847783 72057594037928494 7 918.7917 356.2276 224.4203 144.8401 512 424 
1.568507 -0.1577027 0.1839917 63657774847857 72057594037928494 6 895.7518 406.5586 216.3445 162.2245 512 424 
1.583144 -0.1243323 0.2543107 63657774847857 72057594037928494 7 918.649 360.393 224.4073 146.2827 512 424 
1.576624 -0.1278494 0.2529579 63657774847936 72057594037928494 7 916.0785 360.6071 223.468 146.3525 512 424 
1.576624 -0.1278494 0.2529579 63657774847936 72057594037928494 7 916.0785 360.6071 223.468 146.3525 512 424 
1.572282 -0.1318075 0.254658 63657774848021 72057594037928494 7 913.2548 358.9929 222.459 145.7887 512 424 
1.572282 -0.1318075 0.254658 63657774848021 72057594037928494 7 913.2548 358.9929 222.459 145.7887 512 424 
1.572282 -0.1318075 0.254658 63657774848021 72057594037928494 7 913.2548 358.9929 222.459 145.7887 512 424 
1.555059 -0.1239907 0.233496 63657774848235 72057594037928494 6 918.0582 371.554 223.9733 150.1454 512 424 
1.565879 -0.1102277 0.2944727 63657774848235 72057594037928494 7 927.5895 331.1742 227.3835 136.1727 512 424 
1.555059 -0.1239907 0.233496 63657774848235 72057594037928494 6 918.0582 371.554 223.9733 150.1454 512 424 
1.565879 -0.1102277 0.2944727 63657774848235 72057594037928494 7 927.5895 331.1742 227.3835 136.1727 512 424 
1.555059 -0.1239907 0.233496 63657774848235 72057594037928494 6 918.0582 371.554 223.9733 150.1454 512 424 
1.565879 -0.1102277 0.2944727 63657774848235 72057594037928494 7 927.5895 331.1742 227.3835 136.1727 512 424 
1.560084 -0.1260188 0.231117 63657774848349 72057594037928494 6 916.8404 373.6945 223.5911 150.8848 512 424 
1.565825 -0.1078047 0.2927088 63657774848349 72057594037928494 7 929.2391 332.3622 227.9524 136.5871 512 424 
1.560236 -0.1259446 0.2291256 63657774848399 72057594037928494 6 916.9011 375.0677 223.6123 151.3602 512 424 
1.564058 -0.1093587 0.2907398 63657774848399 72057594037928494 7 928.144 333.4816 227.5591 136.9732 512 424 
1.559169 -0.1257736 0.2289631 63657774848425 72057594037928494 6 916.9836 375.0717 223.6323 151.3616 512 424 
1.560033 -0.1112021 0.291233 63657774848425 72057594037928494 7 926.7845 332.6383 227.0577 136.6786 512 424 
1.559169 -0.1257736 0.2289631 63657774848425 72057594037928494 6 916.9836 375.0717 223.6323 151.3616 512 424 
1.560033 -0.1112021 0.291233 63657774848425 72057594037928494 7 926.7845 332.6383 227.0577 136.6786 512 424 
1.558017 -0.1251748 0.2287868 63657774848516 72057594037928494 6 917.3557 375.0755 223.7516 151.3635 512 424 
1.561413 -0.1132186 0.2907379 63657774848516 72057594037928494 7 925.4478 333.1556 226.6062 136.8558 512 424 
1.558017 -0.1251748 0.2287868 63657774848516 72057594037928494 6 917.3557 375.0755 223.7516 151.3635 512 424 
1.561413 -0.1132186 0.2907379 63657774848516 72057594037928494 7 925.4478 333.1556 226.6062 136.8558 512 424 
1.558017 -0.1251748 0.2287868 63657774848516 72057594037928494 6 917.3557 375.0755 223.7516 151.3635 512 424 
1.561413 -0.1132186 0.2907379 63657774848516 72057594037928494 7 925.4478 333.1556 226.6062 136.8558 512 424 
1.557877 -0.1251985 0.2289689 63657774848656 72057594037928494 6 917.3345 374.9371 223.7433 151.3156 512 424 
1.561481 -0.1113436 0.2886764 63657774848656 72057594037928494 7 926.7325 334.5666 227.0498 137.3469 512 424 
1.558176 -0.1249315 0.2278964 63657774848711 72057594037928494 6 917.5292 375.699 223.8124 151.5796 512 424 
1.563383 -0.1097696 0.2848282 63657774848711 72057594037928494 7 927.863 337.4238 227.4536 138.3391 512 424 
1.558176 -0.1249315 0.2278964 63657774848711 72057594037928494 6 917.5292 375.699 223.8124 151.5796 512 424 
1.563383 -0.1097696 0.2848282 63657774848711 72057594037928494 7 927.863 337.4238 227.4536 138.3391 512 424 
1.559714 -0.1290442 0.2226866 63657774848818 72057594037928494 6 914.7873 379.4142 222.8744 152.8614 512 424 
1.573674 -0.1125444 0.2729459 63657774848818 72057594037928494 7 926.2759 346.7362 226.9795 141.5639 512 424 
1.559714 -0.1290442 0.2226866 63657774848818 72057594037928494 6 914.7873 379.4142 222.8744 152.8614 512 424 
1.573674 -0.1125444 0.2729459 63657774848818 72057594037928494 7 926.2759 346.7362 226.9795 141.5639 512 424 
1.559714 -0.1290442 0.2226866 63657774848818 72057594037928494 6 914.7873 379.4142 222.8744 152.8614 512 424 
1.573674 -0.1125444 0.2729459 63657774848818 72057594037928494 7 926.2759 346.7362 226.9795 141.5639 512 424 
1.569167 -0.117449 0.1848521 63657774848887 72057594037928494 7 923.0591 405.9524 225.7864 162.0554 512 424 
1.576342 -0.1516594 0.12255 63657774848972 72057594037928494 6 900.3416 448.6003 217.9582 176.7659 512 424 
1.648942 -0.1422158 0.1591707 63657774848972 72057594037928494 7 909.2891 428.6052 221.6098 169.8699 512 424 
1.576342 -0.1516594 0.12255 63657774848972 72057594037928494 6 900.3416 448.6003 217.9582 176.7659 512 424 
1.648942 -0.1422158 0.1591707 63657774848972 72057594037928494 7 909.2891 428.6052 221.6098 169.8699 512 424 
