First JointType Second JointType  Angle   IsImportant?(%)
3 20 2.03969030390655 66.6666666666667
2 1 0.0336176784212085 63.3333333333333
2 8 4.41948818436218 90
2 4 6.04752090910635 83.3333333333333
20 0 0.0677593832294724 63.3333333333333
1 16 0.844017302175676 66.6666666666667
1 12 0.868513624847536 66.6666666666667
20 9 11.3845362845207 96.6666666666667
20 5 22.5772989571201 93.3333333333333
0 17 14.698155810017 66.6666666666667
0 13 11.5144985705793 70
8 10 18.7786917032394 83.3333333333333
9 11 66.4807290003956 80
9 24 13.2147841606297 73.3333333333333
10 23 66.8842740550727 80
4 6 37.6992208824248 86.6666666666667
5 7 79.6252641425556 63.3333333333333
5 22 39.0396900327972 90
6 21 77.2986385464442 66.6666666666667
16 18 7.88706724368485 66.6666666666667
17 19 72.0295347015212 63.3333333333333
12 14 11.648823391904 70
13 15 43.6594108539674 93.3333333333333
3 20 2.03687799706599 66.6666666666667
2 1 0.032367865823707 63.3333333333333
2 8 4.23592813971708 90
2 4 6.07365990807538 83.3333333333333
20 0 0.0687585292042335 66.6666666666667
1 16 0.852971581335089 66.6666666666667
1 12 0.880233433134342 66.6666666666667
20 9 10.9194183061354 96.6666666666667
20 5 22.5989971340255 93.3333333333333
0 17 14.6977933262961 66.6666666666667
0 13 11.5339324864882 70
8 10 18.1157406833063 83.3333333333333
9 11 67.1227387202032 80
9 24 13.4130762166528 76.6666666666667
10 23 67.0997228019096 80
4 6 37.6877646594076 86.6666666666667
5 7 79.6453670652724 63.3333333333333
5 22 39.1523848125111 90
6 21 77.14496713855 66.6666666666667
16 18 7.88378742280168 66.6666666666667
17 19 73.6373176060856 63.3333333333333
12 14 11.6681407690248 70
13 15 43.6582126883489 93.3333333333333
3 20 2.06400010439882 66.6666666666667
2 1 0.0327395409935739 63.3333333333333
2 8 4.24606695679361 90
2 4 6.08105662218314 83.3333333333333
20 0 0.0800544260590455 66.6666666666667
1 16 0.861197005272612 66.6666666666667
1 12 0.887940369191636 66.6666666666667
20 9 10.9354701496424 96.6666666666667
20 5 22.6005213584232 93.3333333333333
0 17 14.677264053006 66.6666666666667
0 13 11.5537047989276 70
8 10 18.1879119374264 83.3333333333333
9 11 73.6052903036492 73.3333333333333
9 24 14.428507524336 73.3333333333333
10 23 73.0843043060003 73.3333333333333
4 6 38.0752105028804 86.6666666666667
5 7 80.0713531534282 63.3333333333333
5 22 38.1076728472082 93.3333333333333
6 21 77.1609403690912 66.6666666666667
16 18 7.8743495520652 66.6666666666667
17 19 73.5770217372244 63.3333333333333
12 14 11.6776078073584 70
13 15 43.6648708819634 93.3333333333333
3 20 2.05081414893688 66.6666666666667
2 1 0.0366618629768483 60
2 8 4.53457145391876 90
2 4 6.06145658708067 83.3333333333333
20 0 0.0795434014878034 66.6666666666667
1 16 0.821233690838626 66.6666666666667
1 12 0.846778292931646 66.6666666666667
20 9 11.5269539145488 96.6666666666667
20 5 22.6574100722811 93.3333333333333
0 17 14.6871053192062 66.6666666666667
0 13 11.514158626727 70
8 10 18.9591617651514 83.3333333333333
9 11 71.1654517480044 76.6666666666667
9 24 15.9973464329991 70
10 23 69.3561058001633 76.6666666666667
4 6 37.5971883261559 86.6666666666667
5 7 79.1367375850788 60
5 22 39.6443798392172 86.6666666666667
6 21 76.6472816813199 66.6666666666667
16 18 7.87594207717507 66.6666666666667
17 19 76.3791389514335 56.6666666666667
12 14 11.680777078238 70
13 15 43.6730800226174 93.3333333333333
3 20 2.02051210321695 70
2 1 0.0404625027698458 73.3333333333333
2 8 4.51015006480037 90
2 4 6.10308595258718 83.3333333333333
20 0 0.0831027563825824 66.6666666666667
1 16 0.813473722417479 66.6666666666667
1 12 0.833349406764966 66.6666666666667
20 9 11.4651783816425 96.6666666666667
20 5 22.8031863849889 93.3333333333333
0 17 14.645152528635 66.6666666666667
0 13 11.555630918741 70
8 10 19.0065104771221 83.3333333333333
9 11 70.7413524895619 76.6666666666667
9 24 15.2335358903491 73.3333333333333
10 23 70.7052573180356 76.6666666666667
4 6 37.9531305570265 86.6666666666667
5 7 76.5497592244753 70
5 22 40.611058752671 86.6666666666667
6 21 72.3071579340194 73.3333333333333
16 18 7.86830078973428 66.6666666666667
17 19 72.9326498196714 70
12 14 11.6719210162459 70
13 15 52.1664093649006 90
3 20 1.99508169660672 73.3333333333333
2 1 0.0372269929181561 66.6666666666667
2 8 4.69537392654793 90
2 4 6.1244195730797 83.3333333333333
20 0 0.083434730983686 70
1 16 0.811157190603304 66.6666666666667
1 12 0.826992046599265 66.6666666666667
20 9 11.3680442234096 96.6666666666667
20 5 22.858519072812 93.3333333333333
0 17 14.6409057559211 66.6666666666667
0 13 11.5684922670916 70
8 10 18.4497420177389 83.3333333333333
9 11 62.2820496044691 83.3333333333333
9 24 17.0316278733432 76.6666666666667
10 23 62.4401855552828 83.3333333333333
4 6 39.9057367773513 83.3333333333333
5 7 72.8549815617876 73.3333333333333
5 22 42.7446402961806 83.3333333333333
6 21 65.0445913072004 80
16 18 7.86960180473424 66.6666666666667
17 19 70.5585920572509 73.3333333333333
12 14 11.7422484443406 70
13 15 52.1891352088056 90
3 20 1.93398450838712 76.6666666666667
2 1 0.0366747581097155 76.6666666666667
2 8 4.7035551625708 90
2 4 6.08881586418916 83.3333333333333
20 0 0.0954904996066511 70
1 16 0.819074604417541 66.6666666666667
1 12 0.837332444003698 66.6666666666667
20 9 11.7785047403226 93.3333333333333
20 5 12.6434245141009 80
0 17 14.620212898223 66.6666666666667
0 13 11.5625089152137 70
8 10 24.423748533451 80
9 11 69.7465651858511 76.6666666666667
9 24 19.5502179291174 80
10 23 69.9019991039013 76.6666666666667
4 6 33.8852075354801 83.3333333333333
5 7 74.7630384046879 70
5 22 33.4953014592373 86.6666666666667
6 21 70.310098440532 73.3333333333333
16 18 7.88031119986379 70
17 19 74.2684558348938 63.3333333333333
12 14 11.7391769323792 70
13 15 52.1867755895752 90
3 20 1.93929285692716 73.3333333333333
2 1 0.0456202832738511 70
2 8 4.78966605162189 90
2 4 6.07159200058147 83.3333333333333
20 0 0.113440927109878 63.3333333333333
1 16 0.819866634328937 66.6666666666667
1 12 0.836589163606668 66.6666666666667
20 9 11.8635205389844 93.3333333333333
20 5 25.013724463566 93.3333333333333
0 17 14.5714141019214 66.6666666666667
0 13 11.5432904798373 70
8 10 24.6219440296782 80
9 11 62.0706689671721 83.3333333333333
9 24 20.4662439725553 83.3333333333333
10 23 62.1081240360978 83.3333333333333
4 6 40.793489378087 83.3333333333333
5 7 78.3308302065929 63.3333333333333
5 22 40.6710858847727 86.6666666666667
6 21 70.9196569223887 66.6666666666667
16 18 7.86606622426261 70
17 19 73.4567245537703 60
12 14 11.7144570673103 70
13 15 43.6779157920223 93.3333333333333
3 20 1.92264425459251 70
2 1 0.0649001461571877 86.6666666666667
2 8 4.90218906668773 86.6666666666667
2 4 6.28152402976203 80
20 0 0.177088423660378 93.3333333333333
1 16 0.813887394243901 70
1 12 0.804559345589295 70
20 9 14.3103287487535 93.3333333333333
20 5 26.8299716437185 83.3333333333333
0 17 14.5043875519678 66.6666666666667
0 13 11.5188838420872 70
8 10 37.2090815560103 86.6666666666667
9 11 56.9941301179247 86.6666666666667
9 24 40.8041993982978 90
10 23 56.7230639111276 86.6666666666667
4 6 47.725205449895 80
5 7 79.1586888517468 66.6666666666667
5 22 45.6782813192025 90
6 21 75.5455186105322 66.6666666666667
16 18 7.83242562084807 70
17 19 71.1832698933124 73.3333333333333
12 14 11.7217812804937 70
13 15 43.7153898341069 93.3333333333333
3 20 1.88467022137125 73.3333333333333
2 1 0.165459606574989 96.6666666666667
2 8 4.97824354068849 90
2 4 6.48624810104359 80
20 0 0.229829668605352 86.6666666666667
1 16 0.835055086650287 66.6666666666667
1 12 0.818826390249497 70
20 9 16.0052940519195 93.3333333333333
20 5 16.2248250841263 73.3333333333333
0 17 14.4524076066724 66.6666666666667
0 13 11.5024295386469 70
8 10 37.4716532751636 80
9 11 56.7071693349111 86.6666666666667
9 24 39.5400669663923 93.3333333333333
10 23 56.2899513221346 86.6666666666667
4 6 46.456843720689 83.3333333333333
5 7 76.9456774269892 70
5 22 46.2366400167755 86.6666666666667
6 21 76.1521019996783 63.3333333333333
16 18 7.81762744792144 70
17 19 74.9785718055835 66.6666666666667
12 14 11.695410283207 70
13 15 43.7101516238538 93.3333333333333
3 20 1.80549473458184 76.6666666666667
2 1 0.163670612894879 96.6666666666667
2 8 5.09617134757303 90
2 4 6.45529844015523 80
20 0 0.222365351337503 86.6666666666667
1 16 0.838728391966095 66.6666666666667
1 12 0.810020459343413 70
20 9 15.9284875870816 93.3333333333333
20 5 17.8175731338476 70
0 17 14.2413018358024 66.6666666666667
0 13 11.5148108997991 70
8 10 37.9638997540008 73.3333333333333
9 11 61.9529090134883 83.3333333333333
9 24 37.182278514632 93.3333333333333
10 23 61.4510809470177 83.3333333333333
4 6 45.2062011437716 73.3333333333333
5 7 74.2768769839508 73.3333333333333
5 22 39.9224630998744 90
6 21 70.6776552004222 73.3333333333333
16 18 7.71720454534608 76.6666666666667
17 19 75.1782959780057 66.6666666666667
12 14 11.6760573990788 70
13 15 43.720834938625 93.3333333333333
3 20 1.82629653970512 66.6666666666667
2 1 0.169676698805379 90
2 8 6.66242931287855 86.6666666666667
2 4 7.43916923755406 80
20 0 0.255906658858789 76.6666666666667
1 16 1.00799592700845 56.6666666666667
1 12 0.93496563928173 63.3333333333333
20 9 13.9181407125689 93.3333333333333
20 5 32.3993488412058 76.6666666666667
0 17 13.8380357633737 66.6666666666667
0 13 11.5195423340548 70
8 10 39.5071211298644 66.6666666666667
9 11 61.163960965377 80
9 24 45.8391712585022 86.6666666666667
10 23 61.5022513773522 80
4 6 53.7777264671682 73.3333333333333
5 7 77.2691374894101 60
5 22 52.3702067099012 83.3333333333333
6 21 74.823131072489 56.6666666666667
16 18 7.70598419429766 76.6666666666667
17 19 78.444321535893 46.6666666666667
12 14 11.6436461555984 70
13 15 52.2175916004711 90
3 20 1.93010002873525 66.6666666666667
2 1 0.157170919803355 83.3333333333333
2 8 6.84869981545661 86.6666666666667
2 4 7.49329779414293 80
20 0 0.300146833465742 80
1 16 1.04214099003486 60
1 12 0.929140207325793 63.3333333333333
20 9 14.8974156810331 86.6666666666667
20 5 33.4186353427986 76.6666666666667
0 17 13.6675674445816 66.6666666666667
0 13 11.5591051248974 66.6666666666667
8 10 36.413549235815 66.6666666666667
9 11 56.9918767459394 83.3333333333333
9 24 41.1087981447923 86.6666666666667
10 23 59.792097157509 80
4 6 52.5377724667732 73.3333333333333
5 7 76.2801768969394 66.6666666666667
5 22 50.9161383346879 83.3333333333333
6 21 73.4706501855459 70
16 18 7.67451422713589 76.6666666666667
17 19 79.3848506634739 40
12 14 11.6469979133738 70
13 15 52.1873218232973 90
3 20 2.08008012147631 56.6666666666667
2 1 0.151827326126293 83.3333333333333
2 8 19.1163240504381 96.6666666666667
2 4 7.52366867015395 80
20 0 0.332924021817323 83.3333333333333
1 16 1.1370299241011 63.3333333333333
1 12 0.988276966421504 63.3333333333333
20 9 28.241427709595 83.3333333333333
20 5 32.1976612596001 80
0 17 13.3578567620042 66.6666666666667
0 13 11.6807803821731 70
8 10 49.1912547099873 66.6666666666667
9 11 53.2226334718874 86.6666666666667
9 24 38.6007166250262 90
10 23 58.6334915564151 80
4 6 58.9445556472084 76.6666666666667
5 7 77.7848572937832 56.6666666666667
5 22 58.7874308025565 76.6666666666667
6 21 74.266079342989 43.3333333333333
16 18 7.68761782232604 80
17 19 78.75770646006 46.6666666666667
12 14 11.6588638860247 70
13 15 52.2257012077879 90
3 20 2.21207457787897 63.3333333333333
2 1 0.131312114926595 83.3333333333333
2 8 25.5347911976696 93.3333333333333
2 4 7.57268891654925 83.3333333333333
20 0 0.321521500376667 86.6666666666667
1 16 1.142365107515 63.3333333333333
1 12 0.972346724144124 60
20 9 35.2457198128997 83.3333333333333
20 5 32.2889908738422 73.3333333333333
0 17 13.0556489903485 66.6666666666667
0 13 11.7930775240368 66.6666666666667
8 10 57.9157774060979 70
9 11 59.865019658283 83.3333333333333
9 24 48.2229294874678 86.6666666666667
10 23 63.8232224050496 80
4 6 58.0259117948738 73.3333333333333
5 7 76.7432998286457 43.3333333333333
5 22 59.5181390587104 76.6666666666667
6 21 72.8251087548434 43.3333333333333
16 18 7.62296718313522 80
17 19 78.0680170247239 43.3333333333333
12 14 11.6614252702926 66.6666666666667
13 15 43.6837661527642 93.3333333333333
3 20 2.39429760341415 60
2 1 0.127176259403873 86.6666666666667
2 8 30.4178206360699 90
2 4 7.66063921657671 83.3333333333333
20 0 0.293375264227793 86.6666666666667
1 16 1.31278748130714 60
1 12 1.11268905630173 63.3333333333333
20 9 44.987196465492 76.6666666666667
20 5 33.1612567345661 80
0 17 12.5234861040635 63.3333333333333
0 13 12.0380789263094 66.6666666666667
8 10 60.8470646935674 70
9 11 60.4814019569674 83.3333333333333
9 24 50.4874608909469 86.6666666666667
10 23 61.5265065590882 80
4 6 63.732462895224 70
5 7 78.8590226990424 26.6666666666667
5 22 68.1571032749658 60
6 21 74.5750117644005 40
16 18 7.61541598841794 80
17 19 77.7912881060828 50
12 14 11.7077866146496 66.6666666666667
13 15 43.6609869162341 93.3333333333333
3 20 2.44993295184156 63.3333333333333
2 1 0.125414135151367 83.3333333333333
2 8 30.4229861138865 90
2 4 7.67791098269796 83.3333333333333
20 0 0.277038812856886 86.6666666666667
1 16 1.33496978967625 63.3333333333333
1 12 1.12677048428886 63.3333333333333
20 9 44.9323800722808 76.6666666666667
20 5 40.4903723512248 80
0 17 12.3544483841345 63.3333333333333
0 13 12.118301913068 66.6666666666667
8 10 63.0170872539486 66.6666666666667
9 11 73.5696115421139 73.3333333333333
9 24 55.6204204250455 83.3333333333333
10 23 72.1601258125702 73.3333333333333
4 6 63.5384668488863 70
5 7 79.8739127597677 70
5 22 68.3400068943296 66.6666666666667
6 21 76.6095100084958 33.3333333333333
16 18 7.59481411485035 80
17 19 77.8778083163228 53.3333333333333
12 14 11.7393465453171 66.6666666666667
13 15 43.6550667309774 93.3333333333333
3 20 2.94205553961062 63.3333333333333
2 1 0.166839265751773 86.6666666666667
2 8 34.1786908960084 86.6666666666667
2 4 7.85265639458177 83.3333333333333
20 0 0.379159713243461 83.3333333333333
1 16 1.33099074716395 63.3333333333333
1 12 1.1380786636944 63.3333333333333
20 9 47.7856723844929 76.6666666666667
20 5 40.9434447150675 76.6666666666667
0 17 11.9970165139549 63.3333333333333
0 13 12.2929057597987 66.6666666666667
8 10 60.8513206356809 66.6666666666667
9 11 62.9774052796562 83.3333333333333
9 24 37.2435011694722 90
10 23 69.4079244557814 60
4 6 55.3455808184318 80
5 7 77.8750712020986 50
5 22 60.2203762156843 76.6666666666667
6 21 74.1364109623455 56.6666666666667
16 18 7.62697891183335 80
17 19 74.8280776175973 66.6666666666667
12 14 11.7700586933775 66.6666666666667
13 15 43.6570706785703 93.3333333333333
3 20 3.42557775981612 76.6666666666667
2 1 0.165053362342655 86.6666666666667
2 8 30.8843409881511 90
2 4 8.02754938799658 76.6666666666667
20 0 0.400449996544713 86.6666666666667
1 16 1.55137521343285 70
1 12 1.24266326750374 70
20 9 44.3850119100182 76.6666666666667
20 5 34.3502065883745 76.6666666666667
0 17 11.8378620210211 66.6666666666667
0 13 12.4688658359647 63.3333333333333
8 10 62.215887350585 66.6666666666667
9 11 66.7066941689849 80
9 24 45.730084239957 86.6666666666667
10 23 72.9412844469898 70
4 6 59.2835927885177 76.6666666666667
5 7 79.6548767690197 33.3333333333333
5 22 63.0624757745124 70
6 21 76.6079928624629 30
16 18 7.66069713787714 80
17 19 74.5598999012393 66.6666666666667
12 14 11.8739211670927 70
13 15 43.5696191817634 93.3333333333333
3 20 3.87978327266599 83.3333333333333
2 1 0.158565349501309 83.3333333333333
2 8 37.5622161437086 83.3333333333333
2 4 8.52470107724989 73.3333333333333
20 0 0.405579535867537 86.6666666666667
1 16 1.58605202901848 66.6666666666667
1 12 1.28470369646378 70
20 9 48.690889063597 73.3333333333333
20 5 38.3868756278134 80
0 17 11.6869442146567 70
0 13 12.5804611847046 63.3333333333333
8 10 62.7684288664271 66.6666666666667
9 11 52.9028026822323 86.6666666666667
9 24 29.5664562604654 86.6666666666667
10 23 68.4480706910034 73.3333333333333
4 6 65.1568087107593 56.6666666666667
5 7 80.7140517295504 23.3333333333333
5 22 67.4144824488423 60
6 21 74.9218553809051 40
16 18 7.70268772390703 80
17 19 76.6674734160349 60
12 14 11.9470815067821 70
13 15 43.5714565460662 93.3333333333333
3 20 4.21221926002687 80
2 1 0.158564287163815 83.3333333333333
2 8 37.5133434519545 83.3333333333333
2 4 8.57082249496107 73.3333333333333
20 0 0.402460094957636 86.6666666666667
1 16 1.6423506629739 70
1 12 1.33240696449986 73.3333333333333
20 9 48.6736835615943 73.3333333333333
20 5 48.2846428886277 76.6666666666667
0 17 11.6288695076253 70
0 13 12.6071507422699 66.6666666666667
8 10 62.832066629991 66.6666666666667
9 11 45.8917142232028 86.6666666666667
9 24 29.5257461207772 80
10 23 65.4325390202999 70
4 6 64.0819178704706 60
5 7 79.9081851646179 66.6666666666667
5 22 65.5121739277762 63.3333333333333
6 21 72.2111811320828 46.6666666666667
16 18 7.70720252461981 80
17 19 76.5012447629236 60
12 14 11.9217329146677 70
13 15 43.5546021844236 93.3333333333333
3 20 4.31247083094641 86.6666666666667
2 1 0.1469750226866 83.3333333333333
2 8 27.8834009347336 86.6666666666667
2 4 9.42195949743806 73.3333333333333
20 0 0.382521580549216 86.6666666666667
1 16 1.78297217146084 70
1 12 1.4317003403277 66.6666666666667
20 9 35.6287620429037 83.3333333333333
20 5 51.6920494909185 73.3333333333333
0 17 11.6633667737242 70
0 13 12.456342446716 63.3333333333333
8 10 56.2528089451157 73.3333333333333
9 11 62.1616016822501 83.3333333333333
9 24 47.0691471748366 86.6666666666667
10 23 72.6907092970714 60
4 6 64.4444723963534 60
5 7 81.067100189751 66.6666666666667
5 22 67.3582659817495 70
6 21 74.107949378678 30
16 18 7.69187510807737 80
17 19 74.7443977585982 66.6666666666667
12 14 11.8868041940626 70
13 15 43.4918028627294 93.3333333333333
3 20 4.40230986248097 86.6666666666667
2 1 0.12336939972549 73.3333333333333
2 8 32.4486399525085 86.6666666666667
2 4 9.81199401120827 73.3333333333333
20 0 0.371228069241548 86.6666666666667
1 16 1.86146472319396 76.6666666666667
1 12 1.52588152501517 70
20 9 40.933960340406 80
20 5 51.7426382751778 73.3333333333333
0 17 11.6375000189468 70
0 13 12.4940920965652 63.3333333333333
8 10 56.9277317910832 70
9 11 66.2042703929555 80
9 24 41.0909309575526 86.6666666666667
10 23 74.7585386917241 56.6666666666667
4 6 60.6151561255047 63.3333333333333
5 7 79.8314788276983 26.6666666666667
5 22 63.3782202722168 76.6666666666667
6 21 71.5119055068992 43.3333333333333
16 18 7.68342216292923 83.3333333333333
17 19 75.7516496190947 66.6666666666667
12 14 11.886941974623 70
13 15 43.5010790774353 93.3333333333333
3 20 4.41202664876158 86.6666666666667
2 1 0.109963704729908 70
2 8 32.463320218742 86.6666666666667
2 4 10.1258554728357 70
20 0 0.366043693106147 86.6666666666667
1 16 1.92013811691511 76.6666666666667
1 12 1.5772798533173 70
20 9 42.7419109159336 76.6666666666667
20 5 39.4104634020973 80
0 17 11.2963581614772 70
0 13 12.536607954563 66.6666666666667
8 10 56.456806389521 73.3333333333333
9 11 58.8047975986979 83.3333333333333
9 24 43.0780100158351 86.6666666666667
10 23 72.1074637692436 73.3333333333333
4 6 57.9939550506087 73.3333333333333
5 7 78.2050747231992 33.3333333333333
5 22 60.6362108460152 76.6666666666667
6 21 72.7285736515358 36.6666666666667
16 18 7.62660072914316 80
17 19 76.6737497579075 60
12 14 11.8315104538427 70
13 15 52.0055249056868 90
3 20 4.34773133354533 73.3333333333333
2 1 0.100991684687681 73.3333333333333
2 8 28.1538178004406 86.6666666666667
2 4 10.393934890958 66.6666666666667
20 0 0.351753729375191 86.6666666666667
1 16 2.01446313811285 70
1 12 1.64599911658028 70
20 9 37.8775403566895 80
20 5 39.80123230017 83.3333333333333
0 17 11.3298467571813 66.6666666666667
0 13 12.5722976978004 66.6666666666667
8 10 51.1521687681786 63.3333333333333
9 11 54.6498949776491 86.6666666666667
9 24 40.960579192153 83.3333333333333
10 23 70.616078271 73.3333333333333
4 6 59.3737923988011 66.6666666666667
5 7 80.012488491818 36.6666666666667
5 22 64.1113762007604 73.3333333333333
6 21 69.4662206562598 43.3333333333333
16 18 7.63660559122106 80
17 19 77.1508176745228 60
12 14 11.8072470068693 70
13 15 43.4971533090511 93.3333333333333
3 20 4.38129384413793 76.6666666666667
2 1 0.0884706089032482 66.6666666666667
2 8 28.1803786385629 86.6666666666667
2 4 10.3401627124941 66.6666666666667
20 0 0.330463995239154 90
1 16 2.07044258065068 73.3333333333333
1 12 1.71756831553634 66.6666666666667
20 9 37.5237403265068 80
20 5 32.55400767873 80
0 17 11.1568190326471 63.3333333333333
0 13 12.6156522058494 66.6666666666667
8 10 50.8948026665731 66.6666666666667
9 11 58.1489179210269 83.3333333333333
9 24 47.8796890792708 86.6666666666667
10 23 70.0732433015625 73.3333333333333
4 6 54.8845702442705 73.3333333333333
5 7 75.077254225737 63.3333333333333
5 22 56.1270842149222 73.3333333333333
6 21 68.1908184892087 50
16 18 7.61646750787607 80
17 19 76.5790224634572 46.6666666666667
12 14 11.7882130384313 70
13 15 43.4937834283693 93.3333333333333
3 20 4.49869302455213 86.6666666666667
2 1 0.0889734426286582 76.6666666666667
2 8 28.4401497339937 83.3333333333333
2 4 10.5087594097353 66.6666666666667
20 0 0.324370887629944 90
1 16 2.16839482433478 70
1 12 1.81557310190336 63.3333333333333
20 9 37.5068708209311 80
20 5 40.2656684134158 80
0 17 11.2871529175207 66.6666666666667
0 13 12.6371754749741 66.6666666666667
8 10 51.3905675066858 63.3333333333333
9 11 53.5662253865577 86.6666666666667
9 24 40.1914817005218 90
10 23 65.9485914421029 76.6666666666667
4 6 57.3717272694483 60
5 7 78.3413250702077 33.3333333333333
5 22 59.8229475575291 70
6 21 69.8008777263846 46.6666666666667
16 18 7.62829770310944 80
17 19 75.674258285418 46.6666666666667
12 14 11.8186924771027 70
13 15 52.0376022215219 90
3 20 4.53750270488949 86.6666666666667
2 1 0.0844155503301814 70
2 8 28.9163271643879 80
2 4 10.5571483886286 66.6666666666667
20 0 0.31627173230307 86.6666666666667
1 16 2.26546751554326 70
1 12 1.86268318790087 70
20 9 38.1180292432996 76.6666666666667
20 5 40.0877104203258 83.3333333333333
0 17 11.301933971005 66.6666666666667
0 13 12.6634807118533 66.6666666666667
8 10 49.9757420816021 63.3333333333333
9 11 52.9990746777278 86.6666666666667
9 24 43.4984618600401 86.6666666666667
10 23 67.0140156032038 76.6666666666667
4 6 54.7849348674042 70
5 7 77.0351506688169 46.6666666666667
5 22 55.4067879246496 73.3333333333333
6 21 68.4362859902638 50
16 18 7.6223762458792 80
17 19 74.8150564807488 43.3333333333333
12 14 11.8335173351765 70
13 15 52.0355629266956 90
3 20 4.48008399419724 86.6666666666667
2 1 0.0821701604929449 63.3333333333333
2 8 28.7591816871903 76.6666666666667
2 4 10.5498226762337 66.6666666666667
20 0 0.298896026694644 86.6666666666667
1 16 2.25110486508417 70
1 12 1.87813333887048 66.6666666666667
20 9 38.1304469784669 76.6666666666667
20 5 32.8852783372913 80
0 17 11.3046917381619 66.6666666666667
0 13 12.6524874273831 66.6666666666667
8 10 51.1435776388565 63.3333333333333
9 11 61.5964949179894 83.3333333333333
9 24 34.607734120013 93.3333333333333
10 23 70.7510519248035 70
4 6 54.473088704447 70
5 7 78.7728155228834 40
5 22 55.5182058452571 76.6666666666667
6 21 72.3147283050029 33.3333333333333
16 18 7.63063904547907 80
17 19 75.9267702279142 56.6666666666667
12 14 11.8162025558553 70
13 15 52.0613135296146 90
3 20 4.50212957279885 86.6666666666667
2 1 0.0851425214698399 66.6666666666667
2 8 28.7541211936038 76.6666666666667
2 4 10.6230149942208 66.6666666666667
20 0 0.294226359038455 86.6666666666667
1 16 2.25311757311012 70
1 12 1.88215265102386 66.6666666666667
20 9 38.8031233241863 76.6666666666667
20 5 32.6820380418245 86.6666666666667
0 17 11.2720536600598 70
0 13 12.6451664028591 66.6666666666667
8 10 52.0489878107212 63.3333333333333
9 11 62.0097079550772 83.3333333333333
9 24 21.4142622442277 73.3333333333333
10 23 71.1084725261016 63.3333333333333
4 6 54.7282051536804 66.6666666666667
5 7 80.5999395233793 30
5 22 55.0498370923263 80
6 21 75.4735967988793 30
16 18 7.62927270429522 80
17 19 76.6915088339307 60
12 14 11.8123948844531 73.3333333333333
13 15 52.073980765828 90
3 20 4.53536761734234 86.6666666666667
2 1 0.0818137107793227 66.6666666666667
2 8 32.7851167093316 83.3333333333333
2 4 10.6098211496246 66.6666666666667
20 0 0.289820908091603 83.3333333333333
1 16 2.30560523739466 70
1 12 1.95277438905563 73.3333333333333
20 9 43.4584117059277 76.6666666666667
20 5 40.1423783611011 83.3333333333333
0 17 11.2694436939738 70
0 13 12.6564841893486 66.6666666666667
8 10 55.9523287199035 66.6666666666667
9 11 61.6942129944422 83.3333333333333
9 24 29.8951015781366 73.3333333333333
10 23 73.5595668455509 60
4 6 56.2055173875678 73.3333333333333
5 7 78.9547275092715 53.3333333333333
5 22 58.9599548231801 80
6 21 73.4320316930204 36.6666666666667
16 18 7.61558910889439 76.6666666666667
17 19 79.0532733130247 40
12 14 11.786192626022 73.3333333333333
13 15 43.5324569869214 93.3333333333333
3 20 4.36581802695727 83.3333333333333
2 1 0.0822941332216934 66.6666666666667
2 8 32.7522774180207 83.3333333333333
2 4 10.6862855290749 66.6666666666667
20 0 0.278152023267633 86.6666666666667
1 16 2.3009509850323 70
1 12 1.95009490150155 73.3333333333333
20 9 43.4097899535873 76.6666666666667
20 5 40.1608938517489 83.3333333333333
0 17 11.2579170396628 70
0 13 12.6422811013779 66.6666666666667
8 10 56.0003381971018 66.6666666666667
9 11 61.6219861762577 83.3333333333333
9 24 30.9751180932806 73.3333333333333
10 23 72.5975073949522 66.6666666666667
4 6 56.267746832963 73.3333333333333
5 7 78.8146942441056 53.3333333333333
5 22 58.2959347508429 80
6 21 73.9520939522067 36.6666666666667
16 18 7.62706208467099 76.6666666666667
17 19 78.4692183937944 36.6666666666667
12 14 11.7623497570474 73.3333333333333
13 15 43.536218904842 93.3333333333333
3 20 4.36318859753079 70
2 1 0.0863696200118005 63.3333333333333
2 8 32.7465193592202 83.3333333333333
2 4 10.7536599964526 63.3333333333333
20 0 0.27877200030665 86.6666666666667
1 16 2.31601655123861 70
1 12 1.96258362139371 73.3333333333333
20 9 43.4404350111521 76.6666666666667
20 5 40.1559218831007 83.3333333333333
0 17 11.237909023567 70
0 13 12.6595168585814 66.6666666666667
8 10 55.977811270866 66.6666666666667
9 11 61.5009068539103 83.3333333333333
9 24 30.7267430884864 73.3333333333333
10 23 71.1585426036747 66.6666666666667
4 6 56.0550941138997 73.3333333333333
5 7 78.9786323828922 50
5 22 59.232955807609 80
6 21 74.552275373736 33.3333333333333
16 18 7.59607562096793 76.6666666666667
17 19 76.8362508772806 53.3333333333333
12 14 11.7583984112261 73.3333333333333
13 15 43.5334774482024 93.3333333333333
3 20 4.40264420811096 76.6666666666667
2 1 0.0801226286551688 60
2 8 32.7110788066316 83.3333333333333
2 4 11.0506682144328 63.3333333333333
20 0 0.256682974966472 83.3333333333333
1 16 2.34155919295821 70
1 12 1.99942406545899 70
20 9 44.7161062351409 73.3333333333333
20 5 40.3791534715338 80
0 17 11.2281477860192 70
0 13 12.6802385384742 63.3333333333333
8 10 56.3046992145543 63.3333333333333
9 11 58.3083579749356 83.3333333333333
9 24 32.7960458919779 70
10 23 70.7712362526042 70
4 6 56.1141573884846 73.3333333333333
5 7 79.6481918906568 56.6666666666667
5 22 59.3737024673136 80
6 21 75.6210761818308 30
16 18 7.59378332648309 76.6666666666667
17 19 76.484167032064 50
12 14 11.7323798375721 73.3333333333333
13 15 43.5085327970873 93.3333333333333
3 20 4.40229778353911 76.6666666666667
2 1 0.076195565673997 66.6666666666667
2 8 32.6914541482355 83.3333333333333
2 4 11.142174757345 63.3333333333333
20 0 0.242971511725888 80
1 16 2.36653583497449 70
1 12 2.04779772697492 70
20 9 44.3785065432428 73.3333333333333
20 5 39.7308000290255 83.3333333333333
0 17 11.2505381213342 70
0 13 12.6896418683255 63.3333333333333
8 10 56.2389850955582 63.3333333333333
9 11 62.6689106349736 80
9 24 31.4354852135088 73.3333333333333
10 23 75.139446395676 56.6666666666667
4 6 55.9655083417782 73.3333333333333
5 7 79.833464808309 26.6666666666667
5 22 59.7610946652843 73.3333333333333
6 21 74.1247234347486 33.3333333333333
16 18 7.61312181063438 76.6666666666667
17 19 74.9637408382532 50
12 14 11.7101463573837 73.3333333333333
13 15 43.468778039993 93.3333333333333
3 20 4.47642439416435 83.3333333333333
2 1 0.0745616618047961 63.3333333333333
2 8 32.7042543463329 83.3333333333333
2 4 11.2896099882534 60
20 0 0.239795275594567 83.3333333333333
1 16 2.37418081508864 70
1 12 2.06016926267913 70
20 9 44.3716226236818 73.3333333333333
20 5 39.7402538238061 83.3333333333333
0 17 11.2596865055662 70
0 13 12.6860146535672 63.3333333333333
8 10 56.3366580465971 63.3333333333333
9 11 66.9167735850941 80
9 24 30.4098148810239 83.3333333333333
10 23 76.242339554822 53.3333333333333
4 6 56.0483520365787 73.3333333333333
5 7 79.2011276641563 46.6666666666667
5 22 60.4423203677746 73.3333333333333
6 21 72.1760280003177 40
16 18 7.59252658176333 76.6666666666667
17 19 77.2322065684819 33.3333333333333
12 14 11.6967921944849 73.3333333333333
13 15 43.4691098513151 93.3333333333333
3 20 32.0048163017083 96.6666666666667
2 1 32.4758540664087 96.6666666666667
2 8 36.3869441836156 80
2 4 21.5082827411798 86.6666666666667
20 0 32.4483745783027 96.6666666666667
1 16 16.5166662832722 96.6666666666667
1 12 16.4555018997837 96.6666666666667
20 9 48.1729871931883 70
20 5 41.0518622260937 80
0 17 19.7342179236175 86.6666666666667
0 13 25.6299434805643 96.6666666666667
8 10 58.4536606846327 70
9 11 69.9374595076463 76.6666666666667
9 24 39.330227826209 90
10 23 77.1543276290637 46.6666666666667
4 6 57.2191382761116 73.3333333333333
5 7 77.4412644364493 66.6666666666667
5 22 63.478057084179 73.3333333333333
6 21 73.4033839084953 56.6666666666667
16 18 31.7868122663279 96.6666666666667
17 19 76.4740938439899 40
12 14 29.5078622385696 86.6666666666667
13 15 51.9124852460817 90
3 20 4.46505550647233 73.3333333333333
2 1 0.0778192269860698 66.6666666666667
2 8 28.7362140130008 76.6666666666667
2 4 11.8313362120368 60
20 0 0.241665897604271 73.3333333333333
1 16 2.46182160104049 70
1 12 2.16312378821079 70
20 9 40.0482766919676 70
20 5 33.040078210722 83.3333333333333
0 17 11.3062336138516 70
0 13 12.714626336131 66.6666666666667
8 10 52.9741588405845 66.6666666666667
9 11 61.9300801542468 83.3333333333333
9 24 30.9281508322325 80
10 23 74.770429803426 70
4 6 51.6725019812379 76.6666666666667
5 7 78.8906122567735 60
5 22 57.0501140433253 76.6666666666667
6 21 73.2301474407544 40
16 18 7.59563281059979 76.6666666666667
17 19 75.4157407164026 53.3333333333333
12 14 11.7020426032613 73.3333333333333
13 15 51.9169267289793 90
3 20 4.4612513716481 76.6666666666667
2 1 0.0751432559658559 60
2 8 28.7979667210093 76.6666666666667
2 4 12.0067487391658 56.6666666666667
20 0 0.233555873290321 76.6666666666667
1 16 2.49553310996532 70
1 12 2.18696541698455 70
20 9 40.4424643235492 70
20 5 40.0753308911889 83.3333333333333
0 17 11.3490475217878 73.3333333333333
0 13 12.7016640116418 66.6666666666667
8 10 52.9670206566677 63.3333333333333
9 11 61.6488195222731 83.3333333333333
9 24 31.3229528999438 80
10 23 74.8449289941367 66.6666666666667
4 6 57.726213524715 70
5 7 80.6686154282875 70
5 22 63.4801009856101 73.3333333333333
6 21 74.3573547962317 30
16 18 7.61215126787081 76.6666666666667
17 19 74.9003478283587 60
12 14 11.6888100062482 73.3333333333333
13 15 51.902698303483 90
3 20 4.52571582186688 76.6666666666667
2 1 0.0713263051833635 63.3333333333333
2 8 32.8092947140563 80
2 4 12.1016962477545 56.6666666666667
20 0 0.233541059635847 80
1 16 2.51752486900061 73.3333333333333
1 12 2.22174734012842 70
20 9 44.5545949292358 73.3333333333333
20 5 40.3183916249505 80
0 17 11.3981131830476 70
0 13 12.7030564245174 66.6666666666667
8 10 56.3408920508154 70
9 11 61.9725554670336 83.3333333333333
9 24 28.9772381292954 83.3333333333333
10 23 75.6227214489392 66.6666666666667
4 6 59.2182703756092 63.3333333333333
5 7 80.8265289060485 70
5 22 65.5925123583445 70
6 21 75.7523449598629 70
16 18 7.60891987186355 76.6666666666667
17 19 75.3258034943266 53.3333333333333
12 14 11.6764235129569 73.3333333333333
13 15 51.8815875519714 90
3 20 4.53135702291457 76.6666666666667
2 1 0.0737503828411993 63.3333333333333
2 8 36.20673288123 76.6666666666667
2 4 12.1726601433016 56.6666666666667
20 0 0.225914403699418 73.3333333333333
1 16 2.55301811706154 73.3333333333333
1 12 2.26810122756843 70
20 9 48.1573832822442 70
20 5 40.4917138658172 83.3333333333333
0 17 11.3908098840926 70
0 13 12.7166326877989 66.6666666666667
8 10 59.2725620386675 70
9 11 56.6288148648746 86.6666666666667
9 24 29.0249296032024 83.3333333333333
10 23 71.8094508789138 73.3333333333333
4 6 59.0711233891692 63.3333333333333
5 7 79.4321452171263 66.6666666666667
5 22 67.7609640934916 63.3333333333333
6 21 76.521558581306 30
16 18 7.63363882120603 73.3333333333333
17 19 72.7776133313139 63.3333333333333
12 14 11.6585070519375 73.3333333333333
13 15 51.8751329488664 90
3 20 31.9484104706957 96.6666666666667
2 1 32.4783531614782 96.6666666666667
2 8 42.0638040737282 70
2 4 22.0077649443796 86.6666666666667
20 0 32.4522345176489 96.6666666666667
1 16 2.55210977761606 73.3333333333333
1 12 2.26902658542843 73.3333333333333
20 9 54.6959708451034 63.3333333333333
20 5 50.9285198374565 86.6666666666667
0 17 11.4024850404682 70
0 13 12.692848049605 66.6666666666667
8 10 62.139323113374 66.6666666666667
9 11 61.6539981713538 83.3333333333333
9 24 38.0726309145536 90
10 23 74.5262636374494 63.3333333333333
4 6 60.1257980877068 60
5 7 80.2146457453147 66.6666666666667
5 22 68.6684625045251 63.3333333333333
6 21 76.0668039309552 70
16 18 7.6471134575672 73.3333333333333
17 19 74.9377824569258 43.3333333333333
12 14 11.6414401280288 73.3333333333333
13 15 51.870423237395 90
3 20 4.52810612425874 76.6666666666667
2 1 0.0611473592445151 63.3333333333333
2 8 39.4335388606988 73.3333333333333
2 4 12.4462744128386 56.6666666666667
20 0 0.205716702915414 80
1 16 2.57038146488428 76.6666666666667
1 12 2.30295992954107 73.3333333333333
20 9 51.6052701392279 66.6666666666667
20 5 49.9883088621435 86.6666666666667
0 17 11.3993153377878 70
0 13 12.7327830167454 66.6666666666667
8 10 62.1565063582944 66.6666666666667
9 11 56.392929969626 86.6666666666667
9 24 28.1934712206174 73.3333333333333
10 23 68.376855894842 76.6666666666667
4 6 58.0888353354802 63.3333333333333
5 7 80.0298973816591 66.6666666666667
5 22 64.9226249194557 73.3333333333333
6 21 75.5606562324365 30
16 18 7.65460376877024 73.3333333333333
17 19 70.4191846807216 63.3333333333333
12 14 11.6459585575666 73.3333333333333
13 15 51.8721196428608 90
3 20 31.9495502130028 96.6666666666667
2 1 32.4764115189715 96.6666666666667
2 8 36.3868128171024 76.6666666666667
2 4 22.1256538323804 90
20 0 32.4523417979196 96.6666666666667
1 16 16.5112395083237 96.6666666666667
1 12 16.4923131352612 96.6666666666667
20 9 48.2690841621113 70
20 5 50.3814452706957 86.6666666666667
0 17 19.9638145335989 83.3333333333333
0 13 25.6933110823562 96.6666666666667
8 10 60.0080443826795 66.6666666666667
9 11 56.4472752266819 86.6666666666667
9 24 42.0677281344249 93.3333333333333
10 23 70.2376281472687 73.3333333333333
4 6 55.6639064375038 66.6666666666667
5 7 79.4453831976162 23.3333333333333
5 22 62.8765122978226 70
6 21 73.5164823903599 33.3333333333333
16 18 31.7311524137546 96.6666666666667
17 19 72.2668662995863 53.3333333333333
12 14 29.636484795897 86.6666666666667
13 15 58.6638293910957 86.6666666666667
3 20 32.3066609130174 93.3333333333333
2 1 32.7978277342226 93.3333333333333
2 8 36.7960462376292 73.3333333333333
2 4 17.939215880719 76.6666666666667
20 0 NaN 0
1 16 NaN 0
1 12 NaN 0
20 9 48.7358677156978 66.6666666666667
20 5 42.3285664068945 83.3333333333333
0 17 11.3787545709426 73.3333333333333
0 13 12.8758181088428 66.6666666666667
8 10 59.2347925348421 66.6666666666667
9 11 62.4589730806874 80
9 24 33.5356843653044 86.6666666666667
10 23 72.4465235486012 63.3333333333333
4 6 54.1579372986268 73.3333333333333
5 7 80.2931689468394 20
5 22 60.1148177283911 73.3333333333333
6 21 75.0273597276855 26.6666666666667
16 18 7.43722656989012 76.6666666666667
17 19 65.4790211963434 73.3333333333333
12 14 11.7917640938733 70
13 15 44.0838962172235 90
3 20 4.72798410456317 73.3333333333333
2 1 0.0539798216967842 60
2 8 36.7055876656657 73.3333333333333
2 4 12.2757726643701 56.6666666666667
20 0 0.197573926942029 80
1 16 2.62738846771671 73.3333333333333
1 12 2.37728346075395 73.3333333333333
20 9 48.7098300672839 66.6666666666667
20 5 45.8131165021647 86.6666666666667
0 17 11.3603852205226 73.3333333333333
0 13 12.8983594538589 66.6666666666667
8 10 59.1116886229782 66.6666666666667
9 11 66.7492504516764 76.6666666666667
9 24 28.4940910237695 80
10 23 74.6189142244262 53.3333333333333
4 6 54.2245857805176 73.3333333333333
5 7 81.3023090415306 20
5 22 60.3042305910157 76.6666666666667
6 21 74.062099877234 30
16 18 7.45313309911522 76.6666666666667
17 19 63.5339115743072 76.6666666666667
12 14 11.7928868323482 70
13 15 44.0807033460994 90
3 20 4.70927240810859 66.6666666666667
2 1 0.0547459063640728 60
2 8 33.2554092625066 76.6666666666667
2 4 12.4049542816573 56.6666666666667
20 0 0.190045575640379 80
1 16 2.6461256784489 73.3333333333333
1 12 2.40911357105451 73.3333333333333
20 9 44.8117147182179 70
20 5 40.4034407650901 86.6666666666667
0 17 11.3717805968987 73.3333333333333
0 13 12.9208349193524 66.6666666666667
8 10 56.0814173422767 73.3333333333333
9 11 66.7412064471958 76.6666666666667
9 24 25.70990720251 76.6666666666667
10 23 73.3006001615826 66.6666666666667
4 6 49.2567700030071 73.3333333333333
5 7 80.2552260788124 53.3333333333333
5 22 52.0126966282286 73.3333333333333
6 21 73.2443147303438 33.3333333333333
16 18 7.44218362146284 76.6666666666667
17 19 68.1573535454158 66.6666666666667
12 14 11.7868519133315 70
13 15 32.3873406648031 93.3333333333333
3 20 4.80235296590239 73.3333333333333
2 1 0.0559000531820681 56.6666666666667
2 8 33.2403651470399 76.6666666666667
2 4 12.4897587946993 56.6666666666667
20 0 0.192407966370804 80
1 16 2.65437705389216 73.3333333333333
1 12 2.41785190151753 73.3333333333333
20 9 44.766436499049 70
20 5 39.9406250780476 86.6666666666667
0 17 11.354876226758 73.3333333333333
0 13 12.9292769554802 66.6666666666667
8 10 55.994086710231 73.3333333333333
9 11 66.3368779047961 76.6666666666667
9 24 25.0890919483662 80
10 23 73.1179073975252 63.3333333333333
4 6 54.2307179861888 73.3333333333333
5 7 82.5941842714424 46.6666666666667
5 22 60.005089076439 73.3333333333333
6 21 75.3760178244994 30
16 18 7.44169367154966 76.6666666666667
17 19 69.9058553777572 63.3333333333333
12 14 11.7918101468741 70
13 15 32.3833840109484 93.3333333333333
3 20 4.83848803987483 73.3333333333333
2 1 0.0615634317373924 60
2 8 36.6469856438037 73.3333333333333
2 4 12.4034310996951 53.3333333333333
20 0 0.192611176420527 80
1 16 2.65965674994141 76.6666666666667
1 12 2.44404340908591 73.3333333333333
20 9 48.418250927217 66.6666666666667
20 5 19.2107593553623 53.3333333333333
0 17 11.365136818953 73.3333333333333
0 13 12.9386823590074 66.6666666666667
8 10 58.7128296968016 70
9 11 66.1234490859894 76.6666666666667
9 24 26.2366144839606 76.6666666666667
10 23 75.2939115774638 60
4 6 48.5414241661425 73.3333333333333
5 7 79.7025134837959 43.3333333333333
5 22 57.9300031625571 76.6666666666667
6 21 73.3101138486647 43.3333333333333
16 18 7.42230980893515 80
17 19 67.9656887113542 70
12 14 11.796327630257 70
13 15 32.3755230523697 93.3333333333333
3 20 4.8476231263255 73.3333333333333
2 1 0.0589672980525229 60
2 8 36.6416436114029 73.3333333333333
2 4 12.4085668758478 53.3333333333333
20 0 0.191728293906445 83.3333333333333
1 16 2.65968799194058 76.6666666666667
1 12 2.44378487228587 73.3333333333333
20 9 48.3118958493224 66.6666666666667
20 5 19.3863702836261 56.6666666666667
0 17 11.2559672900849 73.3333333333333
0 13 12.9291599364748 66.6666666666667
8 10 58.6581007095529 70
9 11 66.1032846287792 76.6666666666667
9 24 28.1821218469736 80
10 23 74.3787339012104 60
4 6 44.7405199845365 60
5 7 73.6800363663062 70
5 22 53.9423449505369 76.6666666666667
6 21 70.9380508761362 70
16 18 7.37552118573321 83.3333333333333
17 19 67.2483131234837 70
12 14 11.7849904133947 70
13 15 44.1597673293007 90
3 20 4.90930584589608 73.3333333333333
2 1 0.0594804277285828 63.3333333333333
2 8 36.6229788223097 73.3333333333333
2 4 12.3933978466692 53.3333333333333
20 0 0.191394100262207 83.3333333333333
1 16 2.6576263664496 76.6666666666667
1 12 2.44982272886646 76.6666666666667
20 9 48.3050279231093 66.6666666666667
20 5 19.6034157539597 60
0 17 11.2596501426129 73.3333333333333
0 13 12.9037031552386 66.6666666666667
8 10 58.6433796061375 70
9 11 66.0475372265913 76.6666666666667
9 24 27.8041960079011 80
10 23 74.6979673540662 66.6666666666667
4 6 47.9898314212037 73.3333333333333
5 7 75.9188346685402 66.6666666666667
5 22 54.0016345089272 76.6666666666667
6 21 72.5326974192453 56.6666666666667
16 18 7.36964932213011 83.3333333333333
17 19 70.8429166008323 66.6666666666667
12 14 11.7513829850681 70
13 15 44.1420220944768 90
3 20 5.00888256150538 73.3333333333333
2 1 0.0640238070157517 60
2 8 36.6162904396133 73.3333333333333
2 4 12.5387740447184 53.3333333333333
20 0 0.18125532711894 80
1 16 2.6703588152874 76.6666666666667
1 12 2.47457135849937 76.6666666666667
20 9 48.0950467288083 66.6666666666667
20 5 31.6018655844298 86.6666666666667
0 17 11.2527129935849 73.3333333333333
0 13 12.9127757406885 66.6666666666667
8 10 59.068995292928 66.6666666666667
9 11 62.3040299550946 80
9 24 31.2741653776092 90
10 23 70.4490803275092 66.6666666666667
4 6 57.5733996025627 66.6666666666667
5 7 82.4771112910583 33.3333333333333
5 22 61.3067650685016 76.6666666666667
6 21 75.691468577488 30
16 18 7.39073398551395 83.3333333333333
17 19 72.4333044970074 50
12 14 11.7454000791742 70
13 15 44.1335205059838 90
3 20 5.05192571914988 73.3333333333333
2 1 0.0545770198879953 60
2 8 36.6125952708352 73.3333333333333
2 4 12.5967040625513 53.3333333333333
20 0 0.179657169810665 83.3333333333333
1 16 2.66891278753949 76.6666666666667
1 12 2.49368052376524 76.6666666666667
20 9 48.1490121415872 66.6666666666667
20 5 19.6588686890972 56.6666666666667
0 17 11.2474719748771 73.3333333333333
0 13 12.915370565664 66.6666666666667
8 10 59.0894938755333 66.6666666666667
9 11 67.0485301506093 76.6666666666667
9 24 32.7594789870051 83.3333333333333
10 23 73.0161358934696 56.6666666666667
4 6 55.4199939867222 73.3333333333333
5 7 79.039806709372 46.6666666666667
5 22 59.8086417206906 76.6666666666667
6 21 74.0396103022105 40
16 18 7.37759322716485 83.3333333333333
17 19 67.8103081009888 66.6666666666667
12 14 11.7268789038289 70
13 15 32.360868006401 93.3333333333333
3 20 5.07693851675586 76.6666666666667
2 1 0.0523249982637672 60
2 8 36.6160503866436 73.3333333333333
2 4 12.5816467689317 53.3333333333333
20 0 0.177273029129283 83.3333333333333
1 16 2.67719502436505 76.6666666666667
1 12 2.50881826536847 76.6666666666667
20 9 48.1413917226822 66.6666666666667
20 5 19.7671916249255 56.6666666666667
0 17 11.2862961785015 73.3333333333333
0 13 12.9018034908077 66.6666666666667
8 10 59.2313611379815 66.6666666666667
9 11 67.2820984817958 76.6666666666667
9 24 32.8837370941077 86.6666666666667
10 23 72.3625198307143 56.6666666666667
4 6 48.9955359815214 80
5 7 77.4136629605913 63.3333333333333
5 22 56.028367980844 76.6666666666667
6 21 73.2956683819359 50
16 18 7.39589480048324 83.3333333333333
17 19 70.2307385646583 66.6666666666667
12 14 11.7050156647049 70
13 15 32.3601614597607 93.3333333333333
3 20 5.09959493816559 76.6666666666667
2 1 0.0509994404618031 60
2 8 36.6329361166627 73.3333333333333
2 4 12.5987765252274 53.3333333333333
20 0 0.176507560083888 83.3333333333333
1 16 2.67576654925456 76.6666666666667
1 12 2.51309042894903 76.6666666666667
20 9 48.1555852438838 66.6666666666667
20 5 18.9369671849809 56.6666666666667
0 17 11.3023422171806 73.3333333333333
0 13 12.906581136895 66.6666666666667
8 10 58.5689530787742 70
9 11 67.1024847236041 76.6666666666667
9 24 29.5639746335434 80
10 23 73.5335421782357 53.3333333333333
4 6 48.0653633154327 73.3333333333333
5 7 77.540247964804 63.3333333333333
5 22 54.5223131400842 80
6 21 73.6498059441897 46.6666666666667
16 18 7.40034723805542 80
17 19 70.2948218329291 66.6666666666667
12 14 11.718383546418 70
13 15 32.3612191676053 93.3333333333333
3 20 5.01937599837986 76.6666666666667
2 1 0.054843421013886 53.3333333333333
2 8 36.6013335856127 73.3333333333333
2 4 12.560321234311 53.3333333333333
20 0 0.180796579864709 83.3333333333333
1 16 2.67615054575276 76.6666666666667
1 12 2.51975220484652 76.6666666666667
20 9 48.1814488457287 66.6666666666667
20 5 18.5478907249493 56.6666666666667
0 17 11.328324931362 73.3333333333333
0 13 12.8978856533549 66.6666666666667
8 10 58.5183730064842 70
9 11 67.3438762379964 76.6666666666667
9 24 28.277897635814 83.3333333333333
10 23 74.1833745328825 53.3333333333333
4 6 55.2159546166849 73.3333333333333
5 7 80.2871964919641 36.6666666666667
5 22 59.5442702343843 76.6666666666667
6 21 76.1840565152187 26.6666666666667
16 18 7.40926522472991 80
17 19 72.8006908463051 53.3333333333333
12 14 11.7084989955534 70
13 15 32.3639308178694 93.3333333333333
3 20 4.98222451773688 76.6666666666667
2 1 0.0553447312632799 53.3333333333333
2 8 36.6160665883415 73.3333333333333
2 4 12.6875224637258 53.3333333333333
20 0 0.180896248348967 83.3333333333333
1 16 2.68246273299932 76.6666666666667
1 12 2.52669403190337 73.3333333333333
20 9 48.1841456518143 66.6666666666667
20 5 18.7301783494201 53.3333333333333
0 17 11.3172157664757 73.3333333333333
0 13 12.9014464281911 66.6666666666667
8 10 58.5139586991172 70
9 11 66.9252458248733 76.6666666666667
9 24 26.9992126244355 80
10 23 72.7225833938572 56.6666666666667
4 6 53.068250557955 76.6666666666667
5 7 76.8699253878448 43.3333333333333
5 22 58.8296236851644 73.3333333333333
6 21 73.030154701192 40
16 18 7.40894135996612 80
17 19 71.6687562544322 63.3333333333333
12 14 11.704576508 70
13 15 32.3681805819496 93.3333333333333
3 20 5.00054171953382 76.6666666666667
2 1 0.0539320354106436 50
2 8 36.6281746945473 73.3333333333333
2 4 12.7394967428699 53.3333333333333
20 0 0.176825898286072 83.3333333333333
1 16 2.68122712650402 76.6666666666667
1 12 2.52744230015028 73.3333333333333
20 9 48.2034619588525 66.6666666666667
20 5 19.0263281895021 53.3333333333333
0 17 11.3279340271576 73.3333333333333
0 13 12.8900610484443 66.6666666666667
8 10 58.6376808769082 70
9 11 66.8157945678669 76.6666666666667
9 24 26.8278626523253 80
10 23 71.9412231620518 56.6666666666667
4 6 53.8770386647953 70
5 7 75.6204601508988 60
5 22 60.5533434779812 76.6666666666667
6 21 72.2950373395145 50
16 18 7.40815549541745 80
17 19 64.3564779303336 73.3333333333333
12 14 11.7054955728602 70
13 15 32.3689257512631 93.3333333333333
3 20 5.03179692397401 73.3333333333333
2 1 0.0545025441537447 50
2 8 37.1575815633526 70
2 4 12.657852236958 50
20 0 0.17124451191023 80
1 16 2.71236342153892 73.3333333333333
1 12 2.56455706368479 73.3333333333333
20 9 48.9363915115058 63.3333333333333
20 5 40.1358134585459 86.6666666666667
0 17 11.370190704654 70
0 13 12.7810471099645 66.6666666666667
8 10 58.0127484326666 70
9 11 66.9008871159212 73.3333333333333
9 24 30.4017906470655 70
10 23 73.7675579258975 43.3333333333333
4 6 52.9889719129135 66.6666666666667
5 7 78.1970830413814 43.3333333333333
5 22 57.3357584586684 73.3333333333333
6 21 70.8297280924456 50
16 18 7.24754392650462 83.3333333333333
17 19 67.9799676962892 60
12 14 11.6953738647737 70
13 15 32.8420519921968 90
3 20 5.04357455583124 70
2 1 0.0516287703754773 60
2 8 33.8256118945813 70
2 4 12.8432127098637 50
20 0 0.166895971669013 73.3333333333333
1 16 2.76456587883699 70
1 12 2.62250000019492 70
20 9 45.5078276623604 63.3333333333333
20 5 46.8685126885379 80
0 17 11.5785508431705 66.6666666666667
0 13 12.9860135116482 63.3333333333333
8 10 57.2000201175496 63.3333333333333
9 11 63.9117142223118 73.3333333333333
9 24 30.9329581727277 66.6666666666667
10 23 73.1738535775774 43.3333333333333
4 6 54.9241382242329 60
5 7 78.3338844396898 36.6666666666667
5 22 59.6241823678691 70
6 21 72.1881983316895 33.3333333333333
16 18 7.39663283211992 80
17 19 69.4399800852565 63.3333333333333
12 14 11.8526860289504 66.6666666666667
13 15 33.4684406921917 86.6666666666667
3 20 5.08109695973972 70
2 1 0.0496058646893644 60
2 8 33.832353514889 70
2 4 12.8394565422225 53.3333333333333
20 0 0.157582611661811 73.3333333333333
1 16 2.77418521550617 70
1 12 2.63153697721259 70
20 9 45.5618858512831 63.3333333333333
20 5 40.1142032122434 76.6666666666667
0 17 11.566063335311 66.6666666666667
0 13 12.9982165729113 63.3333333333333
8 10 57.5155501154763 60
9 11 64.7789102976695 73.3333333333333
9 24 27.4398257513423 66.6666666666667
10 23 74.1228982770607 46.6666666666667
4 6 50.7653473369682 63.3333333333333
5 7 77.436823268143 40
5 22 65.0381120311845 63.3333333333333
6 21 72.7398719839231 36.6666666666667
16 18 7.39236758506341 80
17 19 73.1586848778244 53.3333333333333
12 14 11.8632653336705 66.6666666666667
13 15 33.4708740378312 86.6666666666667
3 20 5.17627439580331 70
2 1 0.0433837916467343 53.3333333333333
2 8 38.290233904354 63.3333333333333
2 4 12.9628346881635 50
20 0 0.160938175986264 76.6666666666667
1 16 2.8097030088574 66.6666666666667
1 12 2.67434738972983 66.6666666666667
20 9 50.5563628908824 56.6666666666667
20 5 33.3297918082958 80
0 17 11.7807567701085 63.3333333333333
0 13 13.2207937425599 60
8 10 59.9007258506233 56.6666666666667
9 11 65.3823651787813 70
9 24 34.1614448184608 73.3333333333333
10 23 72.1729446194654 50
4 6 52.1435320593568 63.3333333333333
5 7 80.4795386485045 26.6666666666667
5 22 65.2522954705304 66.6666666666667
6 21 71.8989298350978 33.3333333333333
16 18 7.447825148093 76.6666666666667
17 19 75.0944334040932 50
12 14 11.9663238164183 63.3333333333333
13 15 34.124772553111 83.3333333333333
3 20 5.18665620957791 70
2 1 0.0471423910762176 56.6666666666667
2 8 38.290191579377 63.3333333333333
2 4 12.8593398258627 46.6666666666667
20 0 0.162473235566301 73.3333333333333
1 16 2.80334079582814 66.6666666666667
1 12 2.66635281485217 66.6666666666667
20 9 50.4930257954661 56.6666666666667
20 5 33.2935194820139 80
0 17 11.7878844491464 63.3333333333333
0 13 13.2207198253915 60
8 10 59.991714779094 56.6666666666667
9 11 65.4736585802509 70
9 24 34.3548878060272 73.3333333333333
10 23 71.0337286456058 50
4 6 52.2819768181189 63.3333333333333
5 7 80.3988177125997 26.6666666666667
5 22 63.8519442418704 66.6666666666667
6 21 71.9756832737873 30
16 18 7.4486333851342 76.6666666666667
17 19 76.1407258680438 50
12 14 11.9652911470048 63.3333333333333
13 15 34.1225235774186 83.3333333333333
