First JointType Second JointType  Angel
3 20 177.468785741127
2 1 179.939828388774
2 8 99.7103314685834
2 4 99.5226261099028
20 0 179.88496085039
1 16 90.230742953062
1 12 89.7925580717136
20 9 116.923814262989
20 5 116.544580553691
0 17 94.6850131888949
0 13 122.409505651119
8 10 149.483503333322
9 11 127.348706171095
9 24 159.749230033783
10 23 130.896370591316
4 6 129.844601812864
5 7 100.562266902021
5 22 130.666058330214
6 21 104.625809880809
16 18 169.041027342639
17 19 104.859521917035
12 14 150.667186493822
13 15 164.651802779725
3 20 177.47245525881
2 1 179.938784155177
2 8 99.8119706918569
2 4 99.5161903979477
20 0 179.885004200913
1 16 90.2368238801229
1 12 89.786069033742
20 9 116.892774010308
20 5 116.561396327428
0 17 94.686800428252
0 13 122.401926353065
8 10 149.398692812281
9 11 128.911965875512
9 24 157.744965522972
10 23 131.756283403653
4 6 129.798182251607
5 7 100.654723185209
5 22 130.628543982155
6 21 104.505498557433
16 18 169.025405027737
17 19 104.324924068579
12 14 150.675344208947
13 15 164.654809204452
3 20 177.447235578707
2 1 179.936213269395
2 8 99.777360740782
2 4 99.5306035787236
20 0 179.881451056556
1 16 90.2361750000225
1 12 89.781140642177
20 9 116.854071733252
20 5 116.606684946386
0 17 94.6698731886866
0 13 122.397279274881
8 10 149.889219282672
9 11 115.870298134125
9 24 158.180475149444
10 23 117.553983096182
4 6 130.97025157833
5 7 101.868587643205
5 22 131.907408105918
6 21 104.699455349423
16 18 169.024173659362
17 19 104.220031699144
12 14 150.688646140823
13 15 164.668662119625
3 20 177.471903719825
2 1 179.933644880227
2 8 99.6744520698347
2 4 99.4816248118433
20 0 179.878860050863
1 16 90.2124541023903
1 12 89.7994083668463
20 9 116.943562188309
20 5 116.683171195566
0 17 94.6471143865635
0 13 122.42292674993
8 10 149.715147169823
9 11 123.900042397117
9 24 156.729116597788
10 23 121.684163888324
4 6 129.560539027196
5 7 100.045773341502
5 22 131.868961440356
6 21 103.942082898353
16 18 169.030194774347
17 19 100.411256649724
12 14 150.686331696101
13 15 164.678082354956
3 20 177.550560086833
2 1 179.934564490617
2 8 99.6691872606677
2 4 99.4990108312644
20 0 179.87935054081
1 16 90.2144784421959
1 12 89.7978345290477
20 9 117.028194563935
20 5 117.371585863512
0 17 94.6358838515122
0 13 122.479971239451
8 10 149.478423526297
9 11 122.696365576301
9 24 157.467339221051
10 23 125.372056752007
4 6 130.099587434662
5 7 112.997688658448
5 22 132.03799876958
6 21 115.152897556677
16 18 169.048062520502
17 19 110.861304670858
12 14 150.605931925407
13 15 158.701124677348
3 20 177.584388082127
2 1 179.936497967183
2 8 99.6612679857027
2 4 99.5170118084878
20 0 179.878970767555
1 16 90.2110662819534
1 12 89.8005467789306
20 9 117.055462432231
20 5 117.592742054922
0 17 94.643353323897
0 13 122.501045194211
8 10 149.307953317088
9 11 133.120777648804
9 24 156.894569460524
10 23 136.757590433294
4 6 128.048636156755
5 7 121.323652847351
5 22 131.638944850616
6 21 124.62918513929
16 18 169.067585638517
17 19 116.227669252733
12 14 150.589986037765
13 15 158.842103915426
3 20 177.742670569933
2 1 179.939187596051
2 8 99.6545221348016
2 4 99.5433722062556
20 0 179.880836480486
1 16 90.2234176721883
1 12 89.7804936525774
20 9 118.431097816774
20 5 122.898666953459
0 17 94.6024199128085
0 13 122.478554041379
8 10 145.201954584501
9 11 118.429178872333
9 24 154.742482013581
10 23 123.668118840332
4 6 126.956770621119
5 7 109.301929695521
5 22 134.97754548906
6 21 110.010551678611
16 18 169.115583817584
17 19 104.929561977056
12 14 150.587268353481
13 15 158.677580989791
3 20 177.776298368485
2 1 179.934735512475
2 8 99.7314800527211
2 4 99.6449799104176
20 0 179.866655126582
1 16 90.2226723724334
1 12 89.7788317821886
20 9 119.160851176777
20 5 121.538961430209
0 17 94.5629032008705
0 13 122.431314583822
8 10 144.742024974179
9 11 128.091923704057
9 24 154.61247464483
10 23 135.46612672449
4 6 119.728652319409
5 7 98.5349397315376
5 22 129.101439445747
6 21 103.760597463757
16 18 169.178900601555
17 19 103.869569989622
12 14 150.627943719608
13 15 164.591294439989
3 20 177.761887054193
2 1 179.923796644517
2 8 99.5920804911133
2 4 99.4136199163306
20 0 179.83024279697
1 16 90.2632769745314
1 12 89.711095219199
20 9 120.642473566709
20 5 123.83593862484
0 17 94.511953063096
0 13 122.387175655088
8 10 137.813958053235
9 11 133.786295483736
9 24 146.195900367193
10 23 138.612144474725
4 6 117.050163827689
5 7 108.790689492246
5 22 130.290442663668
6 21 102.305162076586
16 18 169.249134796449
17 19 117.009226691086
12 14 150.659657646227
13 15 164.983064456021
3 20 177.743526106217
2 1 179.904078136676
2 8 99.3297544136105
2 4 99.3537516257491
20 0 179.792109780544
1 16 90.2687580935198
1 12 89.7097903907684
20 9 121.387525601137
20 5 127.029354853305
0 17 94.4473712403793
0 13 122.389901406216
8 10 136.006054806185
9 11 137.850650939661
9 24 144.408880565649
10 23 139.480618439961
4 6 121.488368155896
5 7 113.449433838757
5 22 128.42560693513
6 21 101.997569916894
16 18 169.313795472513
17 19 105.408519562733
12 14 150.672851701649
13 15 164.940104428916
3 20 177.888369307779
2 1 179.897250017664
2 8 99.0491443229792
2 4 99.378069026866
20 0 179.776784963052
1 16 90.2403890859252
1 12 89.7256268685151
20 9 121.702005967899
20 5 129.05706698503
0 17 94.2501307918363
0 13 122.421617189634
8 10 133.642410755496
9 11 132.298959464428
9 24 143.294580746974
10 23 133.157010824392
4 6 123.508430884454
5 7 118.920190712774
5 22 133.752225061283
6 21 110.895720994199
16 18 169.452382694231
17 19 106.180034463877
12 14 150.675906159802
13 15 164.957091224523
3 20 177.843974377794
2 1 179.868728631231
2 8 97.7620426010774
2 4 99.3055061468803
20 0 179.730882960535
1 16 90.1710315306328
1 12 89.7411257554211
20 9 120.656071592942
20 5 127.714158807015
0 17 93.8431894466349
0 13 122.521867914075
8 10 130.399348815492
9 11 127.483184767266
9 24 136.490778934102
10 23 125.089361313352
4 6 111.792963377676
5 7 97.0143332750237
5 22 118.025838956663
6 21 100.79083301203
16 18 169.682339044508
17 19 96.6663948126803
12 14 150.656716777692
13 15 158.934765697111
3 20 177.753717604069
2 1 179.867256466077
2 8 97.7223706498106
2 4 99.4790900781228
20 0 179.719701986067
1 16 90.1468335837353
1 12 89.7494596033222
20 9 121.059514905683
20 5 128.887508616907
0 17 93.6638830727134
0 13 122.58537120691
8 10 129.955504678661
9 11 133.067247252313
9 24 139.832407460844
10 23 129.440204818728
4 6 116.902811677456
5 7 103.912130990222
5 22 121.281514140878
6 21 107.693509567103
16 18 169.793966577338
17 19 91.8476970469423
12 14 150.636183590633
13 15 158.850962847045
3 20 177.527125426268
2 1 179.866965329378
2 8 94.3996696584687
2 4 99.7200648357818
20 0 179.705072974625
1 16 90.0743975878546
1 12 89.8076312629025
20 9 117.753316488978
20 5 128.482156008868
0 17 93.3560491608811
0 13 122.742112033267
8 10 121.613234956078
9 11 143.130975107809
9 24 141.070299317215
10 23 129.650715505047
4 6 114.991611379773
5 7 95.8708640901952
5 22 110.146633169127
6 21 92.2338249292098
16 18 170.000310321471
17 19 97.5731975193385
12 14 150.607493630933
13 15 158.926796347913
3 20 177.497128045971
2 1 179.878539581394
2 8 90.6791778939545
2 4 99.7822270570513
20 0 179.712832889202
1 16 89.991164452362
1 12 89.8591271620475
20 9 113.957898332361
20 5 128.793229564249
0 17 93.0932345460925
0 13 122.855166250122
8 10 116.007158502842
9 11 134.765647788448
9 24 134.387868933215
10 23 122.420191484656
4 6 108.734291872895
5 7 88.5363966220367
5 22 107.616596364996
6 21 89.7906695588004
16 18 170.11116425214
17 19 90.4137112984255
12 14 150.588176582987
13 15 164.788060910518
3 20 177.30276980069
2 1 179.886713695805
2 8 86.7402928174007
2 4 99.9410056346076
20 0 179.717785947485
1 16 89.8898435848082
1 12 89.9390916019791
20 9 105.507309668861
20 5 132.82240620607
0 17 92.6267494034485
0 13 123.12176427599
8 10 112.304917899014
9 11 128.721827775667
9 24 132.641279219359
10 23 125.139191389854
4 6 92.7662181717307
5 7 79.3577431614715
5 22 93.672365940652
6 21 85.5891230404759
16 18 170.428721839844
17 19 96.2843173467371
12 14 150.505330434101
13 15 164.7432647193
3 20 177.204932039363
2 1 179.884029687275
2 8 86.7078344097863
2 4 99.9955144571998
20 0 179.734093506392
1 16 89.8688679286387
1 12 89.9524430691631
20 9 105.309167829333
20 5 127.5061904374
0 17 92.4811862595373
0 13 123.215843813947
8 10 105.71501192499
9 11 115.040318303519
9 24 128.724415180075
10 23 107.85021676898
4 6 91.8621008731638
5 7 77.482533246591
5 22 97.042049532062
6 21 88.6347979633756
16 18 170.512965808977
17 19 96.4443653063734
12 14 150.471616999671
13 15 164.724075106041
3 20 176.709088062724
2 1 179.854432326081
2 8 82.2975493808423
2 4 100.610505476612
20 0 179.67529768276
1 16 89.7810946738589
1 12 90.061959474166
20 9 99.370221627483
20 5 127.826283440814
0 17 92.0475683137779
0 13 123.528438502362
8 10 107.155217175727
9 11 125.474448613394
9 24 140.56345246504
10 23 104.598982205367
4 6 102.454290985423
5 7 92.8386327215
5 22 107.106699006037
6 21 98.6865015147696
16 18 170.759311535207
17 19 106.751771570117
12 14 150.368374701682
13 15 164.698754222486
3 20 176.499962665294
2 1 179.845827683516
2 8 84.2131338165014
2 4 100.859582999652
20 0 179.680539858602
1 16 89.6135553641108
1 12 90.2055094724212
20 9 101.200478717885
20 5 129.561881864844
0 17 91.7666264566165
0 13 123.788199225527
8 10 105.325183647973
9 11 120.784079052401
9 24 135.529649362201
10 23 105.273134159525
4 6 100.370902233906
5 7 88.4877944617882
5 22 100.942542269574
6 21 87.9040762145972
16 18 170.847990958476
17 19 106.446381182669
12 14 150.301411659308
13 15 164.428964274027
3 20 175.898628744697
2 1 179.843413354362
2 8 78.7524686492294
2 4 101.356190323022
20 0 179.650060750103
1 16 89.57930358715
1 12 90.2403283788272
20 9 98.3164037962364
20 5 124.660711247963
0 17 91.4788965458542
0 13 124.038631484347
8 10 105.029112956921
9 11 139.671265639543
9 24 145.021043985555
10 23 113.903217998312
4 6 86.9266608481894
5 7 81.6619135183164
5 22 92.5354249777533
6 21 92.8906186803292
16 18 170.966642507255
17 19 101.601862715964
12 14 150.214468630524
13 15 164.429736912914
3 20 175.715323965481
2 1 179.83903344802
2 8 78.7756578573229
2 4 101.384146200901
20 0 179.647823060174
1 16 89.5552093907432
1 12 90.2668947941976
20 9 98.3806918774833
20 5 113.563958330657
0 17 91.3735975220871
0 13 124.128565120933
8 10 104.996166427485
9 11 144.669517188972
9 24 144.554548380805
10 23 118.4227887873
4 6 87.8151132868013
5 7 76.2517317088095
5 22 96.0109927159323
6 21 95.3450238604803
16 18 170.996577405663
17 19 101.715548465487
12 14 150.193495351531
13 15 164.362977338821
3 20 175.808973593946
2 1 179.851257980205
2 8 91.0807014392812
2 4 100.837013446495
20 0 179.666394940749
1 16 89.9129565906504
1 12 89.9839981310949
20 9 109.997107242376
20 5 108.441568289378
0 17 91.5723888631665
0 13 123.857832406594
8 10 107.558489466985
9 11 126.649871661839
9 24 133.978057709864
10 23 100.452251405579
4 6 83.8230137681691
5 7 73.3364233771587
5 22 96.4867235976262
6 21 84.1476376505082
16 18 171.084848332045
17 19 106.90876786775
12 14 150.235137151744
13 15 164.189031745387
3 20 175.664813972731
2 1 179.859572339718
2 8 88.2332311304173
2 4 100.900110448544
20 0 179.65419829479
1 16 89.9312223076767
1 12 89.9662593170564
20 9 106.798906279454
20 5 108.377567751591
0 17 91.5231300327191
0 13 123.920025492639
8 10 106.506761692411
9 11 120.7765535048
9 24 140.105237505749
10 23 97.984236173668
4 6 88.0777616992156
5 7 81.6276441821201
5 22 111.241119754049
6 21 93.2556630614588
16 18 171.087200641609
17 19 108.361577055228
12 14 150.199444280365
13 15 164.186770352253
3 20 175.593683327849
2 1 179.867657492981
2 8 88.0573917703594
2 4 100.64627836172
20 0 179.663140345585
1 16 89.9055025358412
1 12 89.9675984511037
20 9 107.740659444468
20 5 126.225561179367
0 17 91.2702900902554
0 13 123.952254320599
8 10 108.090524588
9 11 126.19784403265
9 24 137.798623661837
10 23 109.790003662169
4 6 95.0702892048158
5 7 82.713665690176
5 22 114.033785053243
6 21 88.7511127166314
16 18 171.250915299067
17 19 101.933042391196
12 14 150.23996760002
13 15 158.371580757445
3 20 175.538680501757
2 1 179.873782836893
2 8 90.7011899392855
2 4 100.451438345142
20 0 179.669477282573
1 16 89.9664307313147
1 12 89.9413091481499
20 9 110.572564777384
20 5 126.242346441491
0 17 91.2824820209248
0 13 123.961476260068
8 10 114.961952626447
9 11 132.448980267783
9 24 137.644007876791
10 23 113.613924678978
4 6 90.5514142336473
5 7 88.6253251887532
5 22 105.524503193064
6 21 90.7384045671651
16 18 171.204054580655
17 19 102.487174487724
12 14 150.231254220463
13 15 164.17351440294
3 20 175.55511731472
2 1 179.886412716924
2 8 90.682987084726
2 4 100.54684734548
20 0 179.668527077908
1 16 89.9965243657926
1 12 89.9360896800157
20 9 110.728342566813
20 5 131.403839102614
0 17 91.1053114715597
0 13 124.026523030989
8 10 114.790061462001
9 11 126.31902130742
9 24 132.836898863418
10 23 112.484656631026
4 6 95.2585105059929
5 7 101.284268207578
5 22 113.076085048141
6 21 95.0978948092234
16 18 171.314246625119
17 19 94.3124408921329
12 14 150.198985261669
13 15 164.141359830315
3 20 175.49383611217
2 1 179.889465345389
2 8 90.9853032381581
2 4 100.596451636691
20 0 179.673806660853
1 16 90.0885428417928
1 12 89.8325914367744
20 9 109.863063251099
20 5 126.514379313368
0 17 91.2448104727185
0 13 123.883408358593
8 10 114.721573736601
9 11 130.198636507358
9 24 139.974983795334
10 23 113.966105481612
4 6 88.7676336371898
5 7 86.9761111724989
5 22 111.759714191092
6 21 89.7958920105452
16 18 171.294986260228
17 19 92.9693761487018
12 14 150.240355274115
13 15 158.444338770511
3 20 175.541031026547
2 1 179.885176291951
2 8 90.5386002185315
2 4 100.731290163214
20 0 179.677206081383
1 16 90.0537904116096
1 12 89.8260819711481
20 9 109.322116617593
20 5 126.928416844438
0 17 91.2051380854041
0 13 123.913881890759
8 10 116.328430172242
9 11 130.604494109167
9 24 139.796298401447
10 23 114.311613024716
4 6 92.5054787664127
5 7 92.0185086554516
5 22 113.020408141515
6 21 95.1001978283337
16 18 171.268101151658
17 19 92.0256733100584
12 14 150.22350191405
13 15 158.440267594201
3 20 175.536335108892
2 1 179.887643540536
2 8 90.6183357967628
2 4 100.825053872736
20 0 179.69871854229
1 16 90.0665086017509
1 12 89.8213467777653
20 9 109.420118441358
20 5 132.751288099917
0 17 91.1905619761643
0 13 123.918520148104
8 10 114.41564856682
9 11 126.503368272875
9 24 144.746644964426
10 23 107.702100402431
4 6 92.6110264709444
5 7 87.7408940371508
5 22 111.1997849303
6 21 86.4751390148388
16 18 171.277338285146
17 19 100.240895386878
12 14 150.237068250094
13 15 158.506288980206
3 20 175.508750673258
2 1 179.893879903733
2 8 90.2107388634858
2 4 100.741915124981
20 0 179.708138384831
1 16 90.058492375431
1 12 89.8261991457229
20 9 109.822177501567
20 5 133.108483721907
0 17 91.1292026585519
0 13 123.926965241318
8 10 112.487682846401
9 11 130.91501269336
9 24 148.528406124003
10 23 103.568282907019
4 6 90.1868131245581
5 7 84.3325650190671
5 22 111.655617921344
6 21 85.6267907668669
16 18 171.269990823241
17 19 101.606675464631
12 14 150.23625509374
13 15 158.533845252398
3 20 175.52060758752
2 1 179.894242376936
2 8 87.9625346043716
2 4 100.833353157473
20 0 179.706093853695
1 16 90.0033673598332
1 12 89.8783153703376
20 9 107.144728740072
20 5 128.884741986449
0 17 91.0376689908144
0 13 124.016963643106
8 10 109.659417737163
9 11 128.791983923834
9 24 143.272367842833
10 23 100.950034300498
4 6 93.5872870648863
5 7 93.1565555954316
5 22 110.647198069368
6 21 89.9737788865755
16 18 171.227686416747
17 19 91.5529784052789
12 14 150.214649063384
13 15 164.315580808167
3 20 175.609151342062
2 1 179.895184748223
2 8 87.9177092156379
2 4 100.749677398075
20 0 179.721432027732
1 16 90.0110383767891
1 12 89.8665366640736
20 9 107.122706810984
20 5 129.005233750889
0 17 91.0363973229111
0 13 123.977989260231
8 10 109.651750231174
9 11 128.683374275989
9 24 142.721865500219
10 23 103.033149146303
4 6 93.6225791219742
5 7 92.9534397390895
5 22 109.75041163582
6 21 90.7762259259915
16 18 171.244015242931
17 19 85.0291513739383
12 14 150.237379605223
13 15 164.317075826867
3 20 175.524701367459
2 1 179.895049452079
2 8 87.9154609217288
2 4 100.783571949723
20 0 179.718671186173
1 16 90.0036623000506
1 12 89.8732892682018
20 9 107.19184287878
20 5 129.009928892858
0 17 90.987583942028
0 13 124.020920207421
8 10 109.77032116767
9 11 128.227890833442
9 24 142.452142172215
10 23 105.557640467264
4 6 94.016291934474
5 7 93.0994082672066
5 22 109.975495471536
6 21 85.2774829266524
16 18 171.217950373545
17 19 95.3547232862539
12 14 150.218784989703
13 15 164.310231904072
3 20 175.440887061704
2 1 179.89893515058
2 8 87.7790955131352
2 4 100.581318634588
20 0 179.724207490407
1 16 90.020259091851
1 12 89.8617353310588
20 9 108.317308789117
20 5 129.281188106738
0 17 90.9814937931808
0 13 124.038725557339
8 10 109.220812500555
9 11 133.654332612827
9 24 141.868873491121
10 23 109.620851470826
4 6 94.0989919331638
5 7 93.8493349696756
5 22 108.988505888015
6 21 86.6449429547552
16 18 171.204836851865
17 19 94.5121405039675
12 14 150.195015998673
13 15 164.172402207338
3 20 175.321506502042
2 1 179.900919857554
2 8 87.6635540735942
2 4 100.646268725062
20 0 179.737167793381
1 16 89.9930752248271
1 12 89.8912237420843
20 9 107.899691083053
20 5 128.45123689246
0 17 90.9200166660221
0 13 124.130344033198
8 10 109.270606626651
9 11 127.430050178763
9 24 142.181935076788
10 23 101.012106986546
4 6 93.866290156244
5 7 86.9828569239313
5 22 110.50772688085
6 21 84.6638830255099
16 18 171.196413969656
17 19 92.3001508919126
12 14 150.14842804842
13 15 163.994384550911
3 20 175.357896165009
2 1 179.909934249376
2 8 87.6240592404214
2 4 100.564917702771
20 0 179.750331547682
1 16 90.0098605860074
1 12 89.8819263923071
20 9 107.938024803419
20 5 128.481778237362
0 17 90.9056013710564
0 13 124.14045800063
8 10 109.051039975396
9 11 122.634676491585
9 24 143.732568137024
10 23 95.3066283820998
4 6 94.6047587444855
5 7 92.7804113789693
5 22 107.899495210294
6 21 87.9053074548266
16 18 171.155929126918
17 19 83.9568965138528
12 14 150.153549612832
13 15 163.98692139845
3 20 169.337965393166
2 1 173.674845679647
2 8 84.3391711552315
2 4 97.40161276245
20 0 173.517465516592
1 16 86.9212707907375
1 12 86.7166233448742
20 9 103.481796780482
20 5 126.258365708765
0 17 88.4027168351077
0 13 120.440054075442
8 10 103.467653103812
9 11 117.132051313247
9 24 139.280863668284
10 23 89.3738414979719
4 6 92.9715547348896
5 7 101.190040930222
5 22 105.919170311077
6 21 97.2919245733532
16 18 165.612077955816
17 19 89.4091246057512
12 14 144.42877438702
13 15 157.974958844552
3 20 175.235147065948
2 1 179.908073301284
2 8 89.7160408463739
2 4 100.465668630793
20 0 179.745533736563
1 16 90.0798455502085
1 12 89.841763206762
20 9 109.970056700289
20 5 130.262569514108
0 17 90.9354282136266
0 13 124.267844352957
8 10 111.604116761942
9 11 128.8741372451
9 24 145.175906162561
10 23 103.39598967413
4 6 98.1390788677315
5 7 95.7395912953868
5 22 114.69135857276
6 21 89.2755176814608
16 18 171.157951379314
17 19 94.9418197755898
12 14 150.024855461646
13 15 157.988942842176
3 20 175.160265427508
2 1 179.911657144367
2 8 89.5931260886544
2 4 100.516359199217
20 0 179.750004668345
1 16 90.0872972845457
1 12 89.8404282111665
20 9 110.131830734527
20 5 125.146626330088
0 17 90.9567224918847
0 13 124.247226194032
8 10 111.251738300698
9 11 127.841280010393
9 24 142.524359765146
10 23 103.623077384868
4 6 90.6930084179949
5 7 78.7104158724376
5 22 108.236666460446
6 21 78.6606108317992
16 18 171.167288681404
17 19 101.544220729469
12 14 150.048198173665
13 15 157.957530475097
3 20 175.12004305844
2 1 179.917071279251
2 8 87.5599328892996
2 4 100.562146039709
20 0 179.756498756995
1 16 90.1016908545304
1 12 89.8338697926402
20 9 107.673911069672
20 5 125.536637264173
0 17 90.9790327272259
0 13 124.245889566719
8 10 109.474697721983
9 11 129.047198311941
9 24 143.468589291891
10 23 105.380874840869
4 6 85.3900738726511
5 7 73.3138664724895
5 22 105.750908733599
6 21 69.7335625647946
16 18 171.140788786737
17 19 94.8026869780954
12 14 150.044545779984
13 15 157.881548119418
3 20 175.103420698138
2 1 179.914972186029
2 8 85.4696411918407
2 4 100.634803969977
20 0 179.761157031916
1 16 90.0890983909335
1 12 89.8527690059393
20 9 105.294956504514
20 5 126.786052013253
0 17 90.9764194475062
0 13 124.270585461439
8 10 106.801394368667
9 11 137.757759192064
9 24 143.970857430737
10 23 110.87715586057
4 6 85.9373808199019
5 7 76.2151402853348
5 22 103.394838172101
6 21 81.9855307173569
16 18 171.163632397132
17 19 103.164252288958
12 14 150.041894233817
13 15 157.854652055462
3 20 168.973423086226
2 1 173.688558686316
2 8 79.3903059741514
2 4 97.2487086766603
20 0 173.538714605432
1 16 90.0818581076215
1 12 89.8603227277098
20 9 98.377530197995
20 5 120.375328300179
0 17 90.9695910466505
0 13 124.266896207148
8 10 104.322079777783
9 11 132.465921925268
9 24 137.824253158783
10 23 99.2343783421577
4 6 84.9489915066135
5 7 70.1710388730151
5 22 96.5283179524436
6 21 65.8134502365802
16 18 171.176865621529
17 19 92.3147960756802
12 14 150.046862630882
13 15 157.845198613189
3 20 175.118948769551
2 1 179.921649993371
2 8 82.9271294676484
2 4 100.636453733339
20 0 179.77788887541
1 16 90.0979628202222
1 12 89.8529981321283
20 9 102.503478959789
20 5 118.386689834616
0 17 91.0098882325459
0 13 124.245638730224
8 10 104.371435778033
9 11 137.855568519358
9 24 145.67996176251
10 23 111.391046749033
4 6 86.9908803831219
5 7 75.2028544441266
5 22 107.572832181394
6 21 80.1806994383966
16 18 171.200024972527
17 19 99.7523292399547
12 14 150.060994862342
13 15 157.847528618968
3 20 168.95370306399
2 1 173.677836186652
2 8 83.9934986265132
2 4 97.329401218622
20 0 173.540010033211
1 16 86.8365387426821
1 12 86.8393277574025
20 9 103.671167609952
20 5 119.608383948948
0 17 87.8019612816613
0 13 119.784525621778
8 10 103.724578808796
9 11 137.450964793802
9 24 139.321770960672
10 23 109.910351933052
4 6 89.4972239660707
5 7 79.5140884402337
5 22 105.102300398847
6 21 82.9457536740912
16 18 165.030184205543
17 19 95.2010849509226
12 14 145.128573846959
13 15 152.220672033342
3 20 168.793643399036
2 1 173.493681693343
2 8 85.6101348932702
2 4 103.743498625431
20 0 NaN
1 16 NaN
1 12 NaN
20 9 104.389314555801
20 5 124.375017279639
0 17 91.4163382589629
0 13 124.649895521415
8 10 104.18143555064
9 11 131.419905853019
9 24 144.871473335541
10 23 100.919918993454
4 6 97.0270408196244
5 7 82.7402464424552
5 22 113.843606155512
6 21 81.8619380458764
16 18 171.639673860356
17 19 115.742397290301
12 14 149.805072699654
13 15 163.446905549208
3 20 175.096867901926
2 1 179.917322699204
2 8 84.8675521091974
2 4 100.079602829111
20 0 179.783821890941
1 16 90.0742121587742
1 12 89.885021708811
20 9 104.298530103189
20 5 123.175125151125
0 17 91.382449476877
0 13 124.676026564058
8 10 104.128475917614
9 11 125.464248697954
9 24 145.171952928008
10 23 94.6798827094459
4 6 95.839108236501
5 7 84.7552528208662
5 22 116.817520935245
6 21 86.2183297933315
16 18 171.666754293096
17 19 123.163616507038
12 14 149.78921912576
13 15 163.443608651598
3 20 175.079226804835
2 1 179.919889932729
2 8 86.9988111000193
2 4 99.9700627447906
20 0 179.788899744275
1 16 90.0812164105987
1 12 89.8796792300941
20 9 107.094240459312
20 5 130.048553754371
0 17 91.396958288989
0 13 124.66263013357
8 10 106.095533369139
9 11 131.391842976018
9 24 147.496334454754
10 23 101.86959898788
4 6 100.585303742294
5 7 97.1461648858523
5 22 121.047214056031
6 21 92.0465366312437
16 18 171.665561676962
17 19 105.773098245747
12 14 149.798153959417
13 15 169.655504330667
3 20 175.052268311591
2 1 179.920033762951
2 8 86.9734325558921
2 4 99.9866467732199
20 0 179.787929332059
1 16 90.0910698694992
1 12 89.8685681939721
20 9 107.019156424668
20 5 129.591563404013
0 17 91.3957680869781
0 13 124.644322585816
8 10 106.14168220283
9 11 130.897050837542
9 24 147.82276566108
10 23 100.730930757186
4 6 94.5105472060317
5 7 94.8763090282745
5 22 114.890262751134
6 21 89.4214722167205
16 18 171.680337397998
17 19 99.5862472379783
12 14 149.808493461924
13 15 169.656154866747
3 20 175.039020715561
2 1 179.923046005783
2 8 84.8562266798983
2 4 99.8240271217921
20 0 179.795863544629
1 16 90.1001133220431
1 12 89.8695855593287
20 9 104.208084775676
20 5 139.346744614841
0 17 91.4410352978162
0 13 124.611918729876
8 10 104.187902842213
9 11 128.166453358192
9 24 146.980045295827
10 23 99.5201728310037
4 6 100.868596459618
5 7 96.4586990829436
5 22 120.891271357405
6 21 94.2447846755213
16 18 171.654528125919
17 19 105.515488293694
12 14 149.836735946932
13 15 169.658606190462
3 20 174.99424210826
2 1 179.929795284461
2 8 84.8340690760558
2 4 99.8318503553911
20 0 179.801527204247
1 16 90.0934945220705
1 12 89.8703545052233
20 9 104.111800677678
20 5 139.258007327423
0 17 91.356823535683
0 13 124.649764303904
8 10 104.2083597866
9 11 128.020492993198
9 24 145.792331695825
10 23 100.10076388438
4 6 104.305616321934
5 7 111.865734781461
5 22 126.271643544927
6 21 107.886933268261
16 18 171.701839911515
17 19 104.415589286412
12 14 149.814197628688
13 15 163.809661631403
3 20 174.97544550499
2 1 179.932032277159
2 8 84.793105546093
2 4 99.8500901442285
20 0 179.808455592337
1 16 90.0901762874143
1 12 89.8778369806762
20 9 104.066965146379
20 5 139.371554794341
0 17 91.3321208303074
0 13 124.676459878321
8 10 104.189802514472
9 11 128.097629105283
9 24 143.405076355815
10 23 102.889811272191
4 6 102.925818168207
5 7 109.43514670811
5 22 125.574586659824
6 21 101.224044100892
16 18 171.683541996956
17 19 101.646319220478
12 14 149.798564353761
13 15 163.743012222021
3 20 174.987168549649
2 1 179.92588596657
2 8 84.8370430942747
2 4 99.8106581412214
20 0 179.809925966772
1 16 90.1002281793354
1 12 89.8607938436669
20 9 103.867599885985
20 5 133.284225036553
0 17 91.3511120617881
0 13 124.631518660115
8 10 103.651793794701
9 11 137.869625148824
9 24 144.984788220659
10 23 107.166072766886
4 6 91.2161356456459
5 7 87.8821385803451
5 22 118.027137405222
6 21 84.0960818280425
16 18 171.711204694723
17 19 95.6575277499047
12 14 149.819195543841
13 15 163.70382723254
3 20 174.955998131993
2 1 179.929072082796
2 8 84.7782370303362
2 4 99.7757782638739
20 0 179.818276617644
1 16 90.0956946364307
1 12 89.8742183953894
20 9 103.878877693327
20 5 139.120667473993
0 17 91.3673690326841
0 13 124.650432212205
8 10 103.671652785347
9 11 133.130090644861
9 24 142.487263965257
10 23 101.390785382891
4 6 94.5369121768982
5 7 95.3284719175795
5 22 117.104122871252
6 21 88.7188886053054
16 18 171.733504590131
17 19 105.56397212194
12 14 149.809069679372
13 15 169.544285251358
3 20 174.945845296429
2 1 179.931280709019
2 8 84.7831670628519
2 4 99.7182727094583
20 0 179.82014345665
1 16 90.0989328737821
1 12 89.8732839671229
20 9 103.872810362939
20 5 139.080212726095
0 17 91.3741638006643
0 13 124.649793529302
8 10 103.738419671713
9 11 133.636600354108
9 24 143.158804316608
10 23 100.799535365829
4 6 103.325778857021
5 7 100.557658312415
5 22 118.71849803831
6 21 93.3187034187426
16 18 171.728441240216
17 19 105.655747109973
12 14 149.80818430854
13 15 169.558158577621
3 20 174.942662809025
2 1 179.929606567297
2 8 84.7905230628819
2 4 99.7777328502469
20 0 179.81937720778
1 16 90.0992863876619
1 12 89.8720038626426
20 9 103.849853994835
20 5 138.5507187341
0 17 91.3797724057856
0 13 124.631705911268
8 10 104.431526193308
9 11 132.584250985266
9 24 144.211961267376
10 23 99.2626246953548
4 6 102.349554886333
5 7 100.646312325582
5 22 120.276935829289
6 21 93.7552989877779
16 18 171.723161076515
17 19 105.702572932014
12 14 149.82188768977
13 15 169.585699082712
3 20 174.904509651225
2 1 179.921213448132
2 8 84.7086185311529
2 4 99.7218675779627
20 0 179.821762463447
1 16 90.1093354837618
1 12 89.8673080651259
20 9 103.854714262863
20 5 138.127243501828
0 17 91.3830002070366
0 13 124.638935598938
8 10 104.464922661306
9 11 132.842935180423
9 24 144.5494967119
10 23 98.2270629577823
4 6 94.564046045882
5 7 89.6940116538555
5 22 115.452495928989
6 21 84.5278745244393
16 18 171.714891612093
17 19 96.3040545109169
12 14 149.818317732272
13 15 169.580567168122
3 20 175.006309840269
2 1 179.923514083745
2 8 84.7126176140839
2 4 99.7703851383093
20 0 179.823864657847
1 16 90.1019214812707
1 12 89.8711551425931
20 9 103.82152410032
20 5 138.218636582132
0 17 91.3850747901765
0 13 124.621567202323
8 10 104.589925692678
9 11 131.552666348468
9 24 143.071072098022
10 23 99.192622490883
4 6 103.040790804396
5 7 91.8700206840821
5 22 117.622002815358
6 21 86.7396405309299
16 18 171.73341265767
17 19 102.711514057211
12 14 149.82607752414
13 15 169.558270177531
3 20 175.002777060138
2 1 179.925939415255
2 8 84.7077210353644
2 4 99.7547223941169
20 0 179.824674693896
1 16 90.1019524629437
1 12 89.8730416522647
20 9 103.847971099316
20 5 138.388402551819
0 17 91.3944624912922
0 13 124.614621635463
8 10 104.720985879916
9 11 131.336660409982
9 24 144.738768431455
10 23 99.6547402479318
4 6 103.208916031905
5 7 99.4426417299861
5 22 118.726850009052
6 21 92.6603230059735
16 18 171.737313280369
17 19 110.117854241066
12 14 149.8376077268
13 15 169.565066597984
3 20 174.974083931237
2 1 179.930580294588
2 8 84.0886755612235
2 4 99.5149346213034
20 0 179.822872050896
1 16 90.0684463868867
1 12 89.9076465353738
20 9 103.148983889495
20 5 128.025192835658
0 17 91.7586104499313
0 13 125.230903426458
8 10 101.614426824003
9 11 127.073566522289
9 24 138.613203374536
10 23 97.2745116339791
4 6 99.5606831008299
5 7 92.5719963997971
5 22 117.247217644391
6 21 93.9429487538681
16 18 172.175635231673
17 19 103.496110233074
12 14 149.37559181477
13 15 169.238441427409
3 20 174.887096048222
2 1 179.931835067183
2 8 86.7626777573906
2 4 99.5359019580573
20 0 179.827129395688
1 16 90.0523231768141
1 12 89.9253034351032
20 9 106.050753838103
20 5 121.746050244219
0 17 91.8407366312817
0 13 125.11671296896
8 10 101.305490992461
9 11 126.223097455115
9 24 141.303348759873
10 23 92.9985010414515
4 6 92.1044373612591
5 7 89.0770975794598
5 22 116.204187994693
6 21 86.0786730646899
16 18 172.154925419873
17 19 108.107153126122
12 14 149.54349691817
13 15 169.527349953578
3 20 174.901155471129
2 1 179.933568126488
2 8 86.7382577836351
2 4 99.5684637278854
20 0 179.836015556351
1 16 90.0445262836484
1 12 89.9346659601972
20 9 106.025734226671
20 5 126.572528477319
0 17 91.8401456429193
0 13 125.103459841019
8 10 100.925130011965
9 11 128.903882429617
9 24 142.068406603658
10 23 94.9423245094145
4 6 95.1674700275075
5 7 93.1141800657585
5 22 107.165406705921
6 21 87.1005736650208
16 18 172.166589435688
17 19 96.5991147488263
12 14 149.559199170631
13 15 169.561740461911
3 20 174.783159533331
2 1 179.938788361703
2 8 82.7636352185978
2 4 99.6494753094374
20 0 179.838611050625
1 16 89.9889172513882
1 12 89.9972339673599
20 9 102.003317324914
20 5 135.523811062503
0 17 91.9323665898396
0 13 124.927890928807
8 10 98.413958325969
9 11 129.240351634322
9 24 141.449389908969
10 23 93.6263436875708
4 6 95.304485699658
5 7 88.8723027178728
5 22 109.062395274001
6 21 82.844409544717
16 18 171.968164868916
17 19 96.3062119124844
12 14 149.848536645401
13 15 169.872194882102
3 20 174.800554403144
2 1 179.938636856545
2 8 82.8211685686607
2 4 99.7973467460557
20 0 179.83239977023
1 16 89.9708646371577
1 12 90.0161049194325
20 9 102.605344347736
20 5 135.382738180852
0 17 91.9407971861187
0 13 124.917792392083
8 10 98.0849784494092
9 11 129.398114566154
9 24 142.305444160397
10 23 99.4499053337703
4 6 95.3807398392648
5 7 88.6541698754883
5 22 111.10771214915
6 21 82.525714018075
16 18 171.96624238603
17 19 97.5062462232368
12 14 149.850385993432
13 15 169.847093046629
