Z           X            Y     Timestamp     Body id     Joint type ColorPointX ColorPointY  DepthPointX DepthPointY  WidthOfDisplay  HeightOfDisplay
1.657021 -0.1337299 -0.6978057 63656388823113 72057594037929651 15 916.7925 978.3124 223.4704 360.7038 512 424 
1.65678 -0.1335382 -0.6979981 63656388823256 72057594037929651 15 916.9086 978.5009 223.5089 360.7691 512 424 
1.753921 -0.06620694 -0.7226791 63656388823256 72057594037929651 19 960.5316 968.5828 239.3236 357.354 512 424 
1.656552 -0.1334262 -0.6977069 63656388823423 72057594037929651 15 916.9728 978.3754 223.5297 360.7257 512 424 
1.753756 -0.06452882 -0.7235175 63656388823423 72057594037929651 19 961.5492 969.1317 239.6755 357.5448 512 424 
1.656552 -0.1334262 -0.6977069 63656388823423 72057594037929651 15 916.9728 978.3754 223.5297 360.7257 512 424 
1.753756 -0.06452882 -0.7235175 63656388823423 72057594037929651 19 961.5492 969.1317 239.6755 357.5448 512 424 
1.656512 -0.1334118 -0.6978055 63656388823504 72057594037929651 15 916.9811 978.4497 223.5322 360.7514 512 424 
1.753669 -0.06478877 -0.7234099 63656388823504 72057594037929651 19 961.3912 969.0882 239.6201 357.5297 512 424 
1.656512 -0.1334118 -0.6978055 63656388823504 72057594037929651 15 916.9811 978.4497 223.5322 360.7514 512 424 
1.753669 -0.06478877 -0.7234099 63656388823504 72057594037929651 19 961.3912 969.0882 239.6201 357.5297 512 424 
1.656433 -0.1334612 -0.6976811 63656388823622 72057594037929651 15 916.9467 978.3912 223.5197 360.7312 512 424 
1.754545 -0.06589634 -0.7227672 63656388823622 72057594037929651 19 960.7224 968.48 239.3939 357.3184 512 424 
1.656433 -0.1334612 -0.6976811 63656388823622 72057594037929651 15 916.9467 978.3912 223.5197 360.7312 512 424 
1.754545 -0.06589634 -0.7227672 63656388823622 72057594037929651 19 960.7224 968.48 239.3939 357.3184 512 424 
1.656372 -0.1333367 -0.6976773 63656388823708 72057594037929651 15 917.0248 978.405 223.5464 360.736 512 424 
1.75441 -0.06625844 -0.7225727 63656388823708 72057594037929651 19 960.5023 968.396 239.3167 357.2892 512 424 
1.656372 -0.1333367 -0.6976773 63656388823708 72057594037929651 15 917.0248 978.405 223.5464 360.736 512 424 
1.75441 -0.06625844 -0.7225727 63656388823708 72057594037929651 19 960.5023 968.396 239.3167 357.2892 512 424 
1.656372 -0.1333367 -0.6976773 63656388823708 72057594037929651 15 917.0248 978.405 223.5464 360.736 512 424 
1.75441 -0.06625844 -0.7225727 63656388823708 72057594037929651 19 960.5023 968.396 239.3167 357.2892 512 424 
1.656019 -0.1331208 -0.6965003 63656388823817 72057594037929651 15 917.1505 977.7439 223.5881 360.5072 512 424 
1.754421 -0.06638765 -0.7224862 63656388823817 72057594037929651 19 960.424 968.3409 239.2896 357.2701 512 424 
1.656019 -0.1331208 -0.6965003 63656388823817 72057594037929651 15 917.1505 977.7439 223.5881 360.5072 512 424 
1.754421 -0.06638765 -0.7224862 63656388823817 72057594037929651 19 960.424 968.3409 239.2896 357.2701 512 424 
1.655998 -0.1330843 -0.6964945 63656388823923 72057594037929651 15 917.1732 977.7457 223.5959 360.5078 512 424 
1.752928 -0.07004456 -0.7204225 63656388823923 72057594037929651 19 958.1976 967.4642 238.5078 356.9649 512 424 
1.655998 -0.1330843 -0.6964945 63656388823923 72057594037929651 15 917.1732 977.7457 223.5959 360.5078 512 424 
1.752928 -0.07004456 -0.7204225 63656388823923 72057594037929651 19 958.1976 967.4642 238.5078 356.9649 512 424 
1.655998 -0.1330843 -0.6964945 63656388823923 72057594037929651 15 917.1732 977.7457 223.5959 360.5078 512 424 
1.752928 -0.07004456 -0.7204225 63656388823923 72057594037929651 19 958.1976 967.4642 238.5078 356.9649 512 424 
1.656036 -0.1330091 -0.6965213 63656388824027 72057594037929651 15 917.2227 977.7529 223.6133 360.5103 512 424 
1.752914 -0.07000266 -0.720409 63656388824027 72057594037929651 19 958.223 967.4592 238.5165 356.9632 512 424 
1.656036 -0.1330091 -0.6965213 63656388824027 72057594037929651 15 917.2227 977.7529 223.6133 360.5103 512 424 
1.752914 -0.07000266 -0.720409 63656388824027 72057594037929651 19 958.223 967.4592 238.5165 356.9632 512 424 
1.656036 -0.1330091 -0.6965213 63656388824027 72057594037929651 15 917.2227 977.7529 223.6133 360.5103 512 424 
1.752914 -0.07000266 -0.720409 63656388824027 72057594037929651 19 958.223 967.4592 238.5165 356.9632 512 424 
1.656036 -0.1330091 -0.6965213 63656388824027 72057594037929651 15 917.2227 977.7529 223.6133 360.5103 512 424 
1.752914 -0.07000266 -0.720409 63656388824027 72057594037929651 19 958.223 967.4592 238.5165 356.9632 512 424 
1.656486 -0.1329768 -0.6964535 63656388824347 72057594037929651 15 917.2569 977.5875 223.6285 360.4531 512 424 
1.752119 -0.06835444 -0.7207067 63656388824347 72057594037929651 19 959.2189 967.8375 238.857 357.0948 512 424 
1.656486 -0.1329768 -0.6964535 63656388824347 72057594037929651 15 917.2569 977.5875 223.6285 360.4531 512 424 
1.752119 -0.06835444 -0.7207067 63656388824347 72057594037929651 19 959.2189 967.8375 238.857 357.0948 512 424 
1.656547 -0.1331433 -0.6961904 63656388824475 72057594037929651 15 917.1514 977.4022 223.5925 360.3889 512 424 
1.752254 -0.06639865 -0.7216806 63656388824475 72057594037929651 19 960.4072 968.3938 239.27 357.2884 512 424 
1.656547 -0.1331433 -0.6961904 63656388824475 72057594037929651 15 917.1514 977.4022 223.5925 360.3889 512 424 
1.752254 -0.06639865 -0.7216806 63656388824475 72057594037929651 19 960.4072 968.3938 239.27 357.2884 512 424 
1.656547 -0.1331433 -0.6961904 63656388824475 72057594037929651 15 917.1514 977.4022 223.5925 360.3889 512 424 
1.752254 -0.06639865 -0.7216806 63656388824475 72057594037929651 19 960.4072 968.3938 239.27 357.2884 512 424 
1.656445 -0.1330565 -0.6959202 63656388824602 72057594037929651 15 917.2036 977.2561 223.61 360.3383 512 424 
1.753246 -0.0657794 -0.7218027 63656388824602 72057594037929651 19 960.7867 968.2194 239.4083 357.228 512 424 
1.656445 -0.1330565 -0.6959202 63656388824602 72057594037929651 15 917.2036 977.2561 223.61 360.3383 512 424 
1.753246 -0.0657794 -0.7218027 63656388824602 72057594037929651 19 960.7867 968.2194 239.4083 357.228 512 424 
1.656445 -0.1330565 -0.6959202 63656388824602 72057594037929651 15 917.2036 977.2561 223.61 360.3383 512 424 
1.753246 -0.0657794 -0.7218027 63656388824602 72057594037929651 19 960.7867 968.2194 239.4083 357.228 512 424 
1.656445 -0.1330389 -0.6959214 63656388824725 72057594037929651 15 917.2149 977.2568 223.6139 360.3386 512 424 
1.753375 -0.06604218 -0.7216678 63656388824725 72057594037929651 19 960.6276 968.1053 239.354 357.1884 512 424 
1.656445 -0.1330389 -0.6959214 63656388824725 72057594037929651 15 917.2149 977.2568 223.6139 360.3386 512 424 
1.753375 -0.06604218 -0.7216678 63656388824725 72057594037929651 19 960.6276 968.1053 239.354 357.1884 512 424 
1.656594 -0.1330439 -0.696282 63656388824843 72057594037929651 15 917.2169 977.4482 223.6155 360.4048 512 424 
1.753379 -0.06768195 -0.7214348 63656388824843 72057594037929651 19 959.6335 967.9644 239.0089 357.139 512 424 
1.656594 -0.1330439 -0.696282 63656388824843 72057594037929651 15 917.2169 977.4482 223.6155 360.4048 512 424 
1.753379 -0.06768195 -0.7214348 63656388824843 72057594037929651 19 959.6335 967.9644 239.0089 357.139 512 424 
1.656322 -0.1329554 -0.6963696 63656388825003 72057594037929651 15 917.2656 977.5778 223.6304 360.4497 512 424 
1.753403 -0.0675194 -0.72144 63656388825003 72057594037929651 19 959.7322 967.9613 239.0433 357.138 512 424 
1.656322 -0.1329554 -0.6963696 63656388825003 72057594037929651 15 917.2656 977.5778 223.6304 360.4497 512 424 
1.753403 -0.0675194 -0.72144 63656388825003 72057594037929651 19 959.7322 967.9613 239.0433 357.138 512 424 
1.656322 -0.1329554 -0.6963696 63656388825003 72057594037929651 15 917.2656 977.5778 223.6304 360.4497 512 424 
1.753403 -0.0675194 -0.72144 63656388825003 72057594037929651 19 959.7322 967.9613 239.0433 357.138 512 424 
1.656237 -0.1327408 -0.6963098 63656388825124 72057594037929651 15 917.4006 977.5623 223.6767 360.4445 512 424 
1.656237 -0.1327408 -0.6963098 63656388825124 72057594037929651 15 917.4006 977.5623 223.6767 360.4445 512 424 
1.656237 -0.1327408 -0.6963098 63656388825124 72057594037929651 15 917.4006 977.5623 223.6767 360.4445 512 424 
1.656237 -0.1327408 -0.6963098 63656388825124 72057594037929651 15 917.4006 977.5623 223.6767 360.4445 512 424 
1.656222 -0.1325669 -0.6965119 63656388825255 72057594037929651 15 917.512 977.6961 223.7152 360.4908 512 424 
1.656123 -0.1325189 -0.6964633 63656388825325 72057594037929651 15 917.5397 977.6914 223.7241 360.4893 512 424 
1.753172 -0.06785704 -0.7212876 63656388825325 72057594037929651 19 959.5262 967.9269 238.9703 357.126 512 424 
1.656123 -0.1325189 -0.6964633 63656388825325 72057594037929651 15 917.5397 977.6914 223.7241 360.4893 512 424 
1.753172 -0.06785704 -0.7212876 63656388825325 72057594037929651 19 959.5262 967.9269 238.9703 357.126 512 424 
1.656123 -0.1325189 -0.6964633 63656388825325 72057594037929651 15 917.5397 977.6914 223.7241 360.4893 512 424 
1.753172 -0.06785704 -0.7212876 63656388825325 72057594037929651 19 959.5262 967.9269 238.9703 357.126 512 424 
1.656123 -0.1325189 -0.6964633 63656388825325 72057594037929651 15 917.5397 977.6914 223.7241 360.4893 512 424 
1.753172 -0.06785704 -0.7212876 63656388825325 72057594037929651 19 959.5262 967.9269 238.9703 357.126 512 424 
1.656117 -0.1325137 -0.6964447 63656388825516 72057594037929651 15 917.5427 977.6812 223.7251 360.4857 512 424 
1.753369 -0.06813656 -0.7209895 63656388825516 72057594037929651 19 959.3572 967.6967 238.9131 357.0461 512 424 
1.655983 -0.1326903 -0.696458 63656388825617 72057594037929651 15 917.4255 977.7261 223.6834 360.5012 512 424 
1.754385 -0.07340921 -0.7174339 63656388825617 72057594037929651 19 956.1625 965.2906 237.8123 356.2098 512 424 
1.867647 0.01645357 -0.257512 63656388825696 72057594037929651 11 1007.185 677.2461 256.4879 255.8871 512 424 
1.655751 -0.1323567 -0.6970203 63656388825696 72057594037929651 15 917.6335 978.1501 223.7536 360.6481 512 424 
1.867647 0.01645357 -0.257512 63656388825696 72057594037929651 11 1007.185 677.2461 256.4879 255.8871 512 424 
1.655751 -0.1323567 -0.6970203 63656388825696 72057594037929651 15 917.6335 978.1501 223.7536 360.6481 512 424 
1.867647 0.01645357 -0.257512 63656388825696 72057594037929651 11 1007.185 677.2461 256.4879 255.8871 512 424 
1.655751 -0.1323567 -0.6970203 63656388825696 72057594037929651 15 917.6335 978.1501 223.7536 360.6481 512 424 
1.867647 0.01645357 -0.257512 63656388825696 72057594037929651 11 1007.185 677.2461 256.4879 255.8871 512 424 
1.655751 -0.1323567 -0.6970203 63656388825696 72057594037929651 15 917.6335 978.1501 223.7536 360.6481 512 424 
1.867647 0.01645357 -0.257512 63656388825696 72057594037929651 11 1007.185 677.2461 256.4879 255.8871 512 424 
1.655751 -0.1323567 -0.6970203 63656388825696 72057594037929651 15 917.6335 978.1501 223.7536 360.6481 512 424 
1.867647 0.01645357 -0.257512 63656388825696 72057594037929651 11 1007.185 677.2461 256.4879 255.8871 512 424 
1.655751 -0.1323567 -0.6970203 63656388825696 72057594037929651 15 917.6335 978.1501 223.7536 360.6481 512 424 
1.867647 0.01645357 -0.257512 63656388825696 72057594037929651 11 1007.185 677.2461 256.4879 255.8871 512 424 
1.655751 -0.1323567 -0.6970203 63656388825696 72057594037929651 15 917.6335 978.1501 223.7536 360.6481 512 424 
1.913648 0.02959641 -0.2435291 63656388825980 72057594037929651 11 1013.501 665.9569 258.9294 251.9798 512 424 
1.654832 -0.131689 -0.6968188 63656388825980 72057594037929651 15 918.0342 978.2687 223.8862 360.6893 512 424 
1.755937 -0.07496371 -0.7183824 63656388825980 72057594037929651 19 955.2332 965.4819 237.4992 356.2758 512 424 
1.913648 0.02959641 -0.2435291 63656388825980 72057594037929651 11 1013.501 665.9569 258.9294 251.9798 512 424 
1.654832 -0.131689 -0.6968188 63656388825980 72057594037929651 15 918.0342 978.2687 223.8862 360.6893 512 424 
1.755937 -0.07496371 -0.7183824 63656388825980 72057594037929651 19 955.2332 965.4819 237.4992 356.2758 512 424 
1.915569 0.02751857 -0.2335958 63656388826078 72057594037929651 11 1012.285 660.3204 258.5252 250.0257 512 424 
1.65481 -0.1314277 -0.6968956 63656388826078 72057594037929651 15 918.2015 978.324 223.9441 360.7086 512 424 
1.915569 0.02751857 -0.2335958 63656388826078 72057594037929651 11 1012.285 660.3204 258.5252 250.0257 512 424 
1.65481 -0.1314277 -0.6968956 63656388826078 72057594037929651 15 918.2015 978.324 223.9441 360.7086 512 424 
1.915569 0.02751857 -0.2335958 63656388826078 72057594037929651 11 1012.285 660.3204 258.5252 250.0257 512 424 
1.65481 -0.1314277 -0.6968956 63656388826078 72057594037929651 15 918.2015 978.324 223.9441 360.7086 512 424 
1.915569 0.02751857 -0.2335958 63656388826078 72057594037929651 11 1012.285 660.3204 258.5252 250.0257 512 424 
1.65481 -0.1314277 -0.6968956 63656388826078 72057594037929651 15 918.2015 978.324 223.9441 360.7086 512 424 
1.654181 -0.1318172 -0.6965356 63656388826470 72057594037929651 15 917.9319 978.2631 223.846 360.6873 512 424 
1.754327 -0.07423072 -0.7180892 63656388826470 72057594037929651 19 955.6656 965.7031 237.6389 356.3528 512 424 
1.654181 -0.1318172 -0.6965356 63656388826470 72057594037929651 15 917.9319 978.2631 223.846 360.6873 512 424 
1.754327 -0.07423072 -0.7180892 63656388826470 72057594037929651 19 955.6656 965.7031 237.6389 356.3528 512 424 
1.654196 -0.1318412 -0.6965187 63656388826543 72057594037929651 15 917.9169 978.248 223.8409 360.6822 512 424 
1.754981 -0.07650916 -0.7159157 63656388826543 72057594037929651 19 954.2868 964.2245 237.1656 355.839 512 424 
1.654196 -0.1318412 -0.6965187 63656388826543 72057594037929651 15 917.9169 978.248 223.8409 360.6822 512 424 
1.754981 -0.07650916 -0.7159157 63656388826543 72057594037929651 19 954.2868 964.2245 237.1656 355.839 512 424 
1.915855 0.0304742 -0.2384271 63656388826618 72057594037929651 11 1013.926 662.9738 259.0907 250.9465 512 424 
1.653954 -0.1318755 -0.6962912 63656388826618 72057594037929651 15 917.8873 978.1672 223.829 360.6542 512 424 
1.915855 0.0304742 -0.2384271 63656388826618 72057594037929651 11 1013.926 662.9738 259.0907 250.9465 512 424 
1.653954 -0.1318755 -0.6962912 63656388826618 72057594037929651 15 917.8873 978.1672 223.829 360.6542 512 424 
1.917667 0.03143861 -0.2386492 63656388826685 72057594037929651 11 1014.417 662.9707 259.2697 250.9459 512 424 
1.653962 -0.1319218 -0.6963156 63656388826685 72057594037929651 15 917.8578 978.181 223.8188 360.6589 512 424 
1.75473 -0.07510422 -0.7171499 63656388826685 72057594037929651 19 955.1378 965.0339 237.4588 356.1203 512 424 
1.917667 0.03143861 -0.2386492 63656388826685 72057594037929651 11 1014.417 662.9707 259.2697 250.9459 512 424 
1.653962 -0.1319218 -0.6963156 63656388826685 72057594037929651 15 917.8578 978.181 223.8188 360.6589 512 424 
1.75473 -0.07510422 -0.7171499 63656388826685 72057594037929651 19 955.1378 965.0339 237.4588 356.1203 512 424 
1.653986 -0.1318759 -0.6962709 63656388826759 72057594037929651 15 917.8879 978.1458 223.8294 360.6467 512 424 
1.754831 -0.07525738 -0.7169249 63656388826759 72057594037929651 19 955.0453 964.8726 237.4275 356.0643 512 424 
1.653959 -0.1319297 -0.6962077 63656388826837 72057594037929651 15 917.8525 978.1123 223.8169 360.6351 512 424 
1.755165 -0.07389162 -0.7177193 63656388826837 72057594037929651 19 955.8759 965.2706 237.7177 356.2028 512 424 
1.653959 -0.1319297 -0.6962077 63656388826837 72057594037929651 15 917.8525 978.1123 223.8169 360.6351 512 424 
1.755165 -0.07389162 -0.7177193 63656388826837 72057594037929651 19 955.8759 965.2706 237.7177 356.2028 512 424 
1.909397 0.0237734 -0.230325 63656388826910 72057594037929651 11 1010.34 658.9254 257.8225 249.5406 512 424 
1.654025 -0.1319071 -0.6962441 63656388826910 72057594037929651 15 917.869 978.1179 223.8232 360.637 512 424 
1.755564 -0.07284729 -0.7181082 63656388826910 72057594037929651 19 956.5112 965.4067 237.9408 356.2502 512 424 
1.909397 0.0237734 -0.230325 63656388826910 72057594037929651 11 1010.34 658.9254 257.8225 249.5406 512 424 
1.654025 -0.1319071 -0.6962441 63656388826910 72057594037929651 15 917.869 978.1179 223.8232 360.637 512 424 
1.755564 -0.07284729 -0.7181082 63656388826910 72057594037929651 19 956.5112 965.4067 237.9408 356.2502 512 424 
1.654032 -0.1319122 -0.696263 63656388826995 72057594037929651 15 917.8661 978.1281 223.8222 360.6406 512 424 
1.756037 -0.06958495 -0.7196488 63656388826995 72057594037929651 19 958.4907 966.2203 238.6305 356.5334 512 424 
1.654032 -0.1319122 -0.696263 63656388826995 72057594037929651 15 917.8661 978.1281 223.8222 360.6406 512 424 
1.756037 -0.06958495 -0.7196488 63656388826995 72057594037929651 19 958.4907 966.2203 238.6305 356.5334 512 424 
1.913833 0.03109662 -0.2385481 63656388827048 72057594037929651 11 1014.322 663.1796 259.2162 251.0181 512 424 
1.653698 -0.1317579 -0.6964216 63656388827048 72057594037929651 15 917.9554 978.3204 223.8507 360.7072 512 424 
1.653678 -0.1318102 -0.6963794 63656388827095 72057594037929651 15 917.9212 978.299 223.8386 360.6998 512 424 
1.755042 -0.07345165 -0.7176257 63656388827095 72057594037929651 19 956.1412 965.2441 237.8091 356.1936 512 424 
1.653678 -0.1318102 -0.6963794 63656388827095 72057594037929651 15 917.9212 978.299 223.8386 360.6998 512 424 
1.755042 -0.07345165 -0.7176257 63656388827095 72057594037929651 19 956.1412 965.2441 237.8091 356.1936 512 424 
1.914156 0.03224859 -0.2417244 63656388827178 72057594037929651 11 1014.959 664.917 259.4362 251.6208 512 424 
1.653447 -0.1320243 -0.6960363 63656388827178 72057594037929651 15 917.7761 978.1411 223.7867 360.645 512 424 
1.755071 -0.07360812 -0.7175966 63656388827178 72057594037929651 19 956.0466 965.2191 237.7765 356.1849 512 424 
1.914156 0.03224859 -0.2417244 63656388827178 72057594037929651 11 1014.959 664.917 259.4362 251.6208 512 424 
1.653447 -0.1320243 -0.6960363 63656388827178 72057594037929651 15 917.7761 978.1411 223.7867 360.645 512 424 
1.755071 -0.07360812 -0.7175966 63656388827178 72057594037929651 19 956.0466 965.2191 237.7765 356.1849 512 424 
1.653436 -0.1320535 -0.6959966 63656388827258 72057594037929651 15 917.757 978.1182 223.78 360.6371 512 424 
1.756786 -0.07530105 -0.7157782 63656388827258 72057594037929651 19 955.0308 963.6943 237.436 355.6553 512 424 
1.653436 -0.1320535 -0.6959966 63656388827258 72057594037929651 15 917.757 978.1182 223.78 360.6371 512 424 
1.756786 -0.07530105 -0.7157782 63656388827258 72057594037929651 19 955.0308 963.6943 237.436 355.6553 512 424 
1.653436 -0.1320535 -0.6959966 63656388827258 72057594037929651 15 917.757 978.1182 223.78 360.6371 512 424 
1.756786 -0.07530105 -0.7157782 63656388827258 72057594037929651 19 955.0308 963.6943 237.436 355.6553 512 424 
1.653436 -0.1320535 -0.6959966 63656388827258 72057594037929651 15 917.757 978.1182 223.78 360.6371 512 424 
1.756786 -0.07530105 -0.7157782 63656388827258 72057594037929651 19 955.0308 963.6943 237.436 355.6553 512 424 
1.653436 -0.1320535 -0.6959966 63656388827258 72057594037929651 15 917.757 978.1182 223.78 360.6371 512 424 
1.756786 -0.07530105 -0.7157782 63656388827258 72057594037929651 19 955.0308 963.6943 237.436 355.6553 512 424 
