First JointType Second JointType  Angle   IsImportant?(%)
<<<<<<< HEAD
3 20 52.5328396335603 90
2 1 53.9495237709467 90
2 8 25.5254322161208 90
2 4 22.194135630454 90
20 0 42.244618567933 90
1 16 11.5838648406209 90
1 12 11.5450808344539 90
20 9 44.9117652390419 80
20 5 24.7143229088427 90
0 17 1.67122104047288 80
0 13 26.7353422249295 90
8 10 58.7216403713769 80
9 11 74.2736002663874 70
9 24 52.9179752500697 70
10 23 74.5566696758219 70
4 6 4.75537862853246 80
5 7 8.41947834279034 80
5 22 20.17645177357 70
6 21 7.98923969743852 60
16 18 87.5418010939186 60
17 19 83.6565995905808 50
12 14 80.883801021188 70
13 15 83.680702469929 60
3 20 4.02795556300361 70
2 1 0.0655534938299896 60
2 8 3.41584546636518 80
2 4 3.6954288386627 60
20 0 0.100352990681981 90
1 16 1.68904549096115 70
1 12 1.70713613131581 70
20 9 35.8002355284498 90
20 5 5.92629195190684 60
0 17 1.56146357719767 60
0 13 5.28603499748825 60
8 10 51.801934533985 90
9 11 73.2148249802283 70
9 24 53.0562961460477 70
10 23 74.5436729979341 70
4 6 2.29716411984239 60
5 7 8.3767745910004 70
5 22 19.8102083081176 50
6 21 8.16519952170848 70
16 18 87.5401624908318 60
17 19 83.6597600186608 50
12 14 81.9137324716381 70
13 15 83.6708054675455 60
3 20 3.53106903533951 80
2 1 0.120109003867695 90
2 8 3.33927443138165 80
2 4 3.0554710405602 50
20 0 0.164931553050098 90
1 16 1.95802590104538 80
1 12 1.9871484327211 80
20 9 46.869439583168 80
20 5 6.18108366895822 50
0 17 1.51268530413694 80
0 13 7.72315145872899 80
8 10 69.4197001361602 80
9 11 64.1030683503131 80
9 24 62.0777290743947 70
10 23 65.0140795050529 80
4 6 2.34451690074212 60
5 7 7.89786899239277 70
5 22 22.5512016259319 50
6 21 9.70876776742223 50
16 18 87.2355211300239 60
17 19 83.6929732571095 50
12 14 81.9201341594128 70
13 15 83.6168760894289 60
3 20 3.68771445313 90
2 1 0.0693665126445902 50
2 8 3.27043237155056 80
2 4 2.24739516434957 40
20 0 0.0798715278288785 70
1 16 2.04367766030629 80
1 12 2.60405313908643 80
20 9 3.31287211766854 50
20 5 5.29582710026716 50
0 17 1.96474957786658 80
0 13 6.3521401508264 50
8 10 2.96313260064069 60
9 11 9.3617658253891 70
9 24 22.8658030844659 50
10 23 9.26646431033926 60
4 6 3.41137311899796 60
5 7 8.36996198191996 70
5 22 16.6487807324605 60
6 21 10.2724393120434 50
16 18 81.629617821113 70
17 19 83.7149437026424 50
12 14 82.2699053257837 70
13 15 83.5961027644005 60
3 20 3.70651931995502 90
2 1 0.0762746273828796 50
2 8 3.28467288643094 80
2 4 2.21512252138548 40
20 0 0.0914669916573592 70
1 16 2.04265075468962 80
1 12 2.31619179453936 80
20 9 3.24237185122473 50
20 5 5.28879973752437 50
0 17 1.98283734055867 80
0 13 6.22721556360814 50
8 10 2.87934344192796 70
9 11 10.421943960823 70
9 24 23.8463855760668 50
10 23 10.2263748858565 70
4 6 3.40428111714614 60
5 7 9.18800274086504 60
5 22 15.9532607789046 50
6 21 10.155123022735 80
16 18 81.5196428280501 70
17 19 84.1844721722506 50
12 14 82.3071049315125 70
13 15 83.4924789715873 60
3 20 3.71705623404129 90
2 1 0.0760085712658955 50
2 8 3.28541981196199 80
2 4 2.21486562425204 40
20 0 0.0907249431875203 70
1 16 2.04198474242892 80
1 12 2.31514653696151 80
20 9 3.2442270193363 50
20 5 5.27893035584542 50
0 17 1.99178358529592 80
0 13 6.24608034820599 50
8 10 2.88430276120447 70
9 11 10.4195930898486 60
9 24 23.81494353664 50
10 23 10.3276542473872 70
4 6 3.35854199774166 60
5 7 9.10261646279935 60
5 22 16.7299253046825 60
6 21 9.78248445103611 80
16 18 81.518725492981 70
17 19 84.2509228074522 50
12 14 82.3103886316884 70
13 15 83.9911311777481 50
3 20 3.66178459397791 90
2 1 0.0629725237458965 50
2 8 3.24599753432609 80
2 4 2.19775263757217 50
20 0 0.0705998548388133 90
1 16 1.82225021287757 70
1 12 1.9698534593669 70
20 9 2.99037055559031 70
20 5 4.86586083028278 60
0 17 2.51196300352538 70
0 13 6.47439656140923 50
8 10 3.66057203296057 60
9 11 8.17252211439595 60
9 24 17.9195882943875 70
10 23 8.68450799484485 60
4 6 3.17324037840288 80
5 7 8.82688840802098 60
5 22 20.1383042774456 60
6 21 9.33921775038713 80
16 18 81.7396241864309 70
17 19 83.5064309601945 50
12 14 82.2647079891444 70
13 15 83.4284964671279 50
3 20 3.77235988351033 90
2 1 0.0678319882523409 50
2 8 2.99480803602046 80
2 4 2.2420799954192 60
20 0 0.0541700911716198 70
1 16 1.95762823077735 70
1 12 2.08541074470529 80
20 9 3.01391303969059 70
20 5 4.99317158878753 60
0 17 2.64514232123549 70
0 13 6.4863032675237 50
8 10 3.57632571348794 60
9 11 7.35715087037994 60
9 24 18.9497455526151 70
10 23 7.60250011773459 60
4 6 2.89022536721133 60
5 7 9.74899936538405 60
5 22 22.9555399386628 60
6 21 10.9833849078737 70
16 18 81.7853306844926 70
17 19 83.7439988247395 50
12 14 82.3173971508447 70
13 15 83.3911070005765 50
3 20 3.58111353922836 90
2 1 0.0781253395947988 40
2 8 3.02020379885796 80
2 4 2.20675706664329 60
20 0 0.0582950108433023 70
1 16 1.93929293570164 70
1 12 2.06835903504234 70
20 9 4.04188458505817 80
20 5 5.44800377086535 60
0 17 4.09372885320443 80
0 13 6.97220751185545 40
8 10 3.54865868337871 50
9 11 8.14950963309987 70
9 24 21.7508735830881 60
10 23 8.51060358547942 60
4 6 2.66758566141064 50
5 7 8.88897532909337 70
5 22 21.9018811299386 70
6 21 8.28233680522398 60
16 18 80.5700074060638 70
17 19 82.7373860143753 50
12 14 82.0289799964321 70
13 15 83.3664513053472 50
3 20 3.60994327449994 90
2 1 0.0950002965001056 70
2 8 3.01431855111152 80
2 4 2.46596970554896 70
20 0 0.0788356460670543 70
1 16 1.52036406194363 80
1 12 1.51975938322931 80
20 9 4.37545591860765 90
20 5 5.92013726299252 50
0 17 2.44934757630587 60
0 13 6.52793901321329 40
8 10 3.9640319691137 60
9 11 7.85093152008104 60
9 24 19.6930990715393 40
10 23 8.26671951280895 60
4 6 2.14270969228686 40
5 7 7.95013450851799 50
5 22 23.787170440823 60
6 21 8.90765164524783 60
16 18 82.0444305848115 70
17 19 83.8380202466004 50
12 14 82.1296618471865 70
13 15 83.3457830336876 50
3 20 3.67116145118587 90
2 1 0.099048041505946 60
2 8 2.89410613277884 80
2 4 2.48437278449699 70
20 0 0.0805062003268451 70
1 16 1.51896252027795 80
1 12 1.51338935182447 80
20 9 4.49361964425069 90
20 5 5.91801728980549 50
0 17 2.6314602325114 50
0 13 6.46862066023349 40
8 10 3.9111235548777 40
9 11 7.58654421147454 60
9 24 65.0212626041907 80
10 23 9.41986110804973 50
4 6 2.13493186815022 40
5 7 8.28728270705654 40
5 22 22.7973266252511 60
6 21 8.95836774447977 60
16 18 81.6465064663752 70
17 19 84.8363637380396 60
12 14 81.9638769529679 70
13 15 83.4924711336587 50
3 20 3.71642753222026 90
2 1 0.0983758410028994 60
2 8 2.89007822086568 80
2 4 2.41394671695754 70
20 0 0.0820423953642705 60
1 16 1.48738289915014 80
1 12 1.46923580747517 80
20 9 4.50747769694171 90
20 5 5.95118562106645 60
0 17 2.66771905928196 50
0 13 6.13594219401327 50
8 10 3.68538097986904 50
9 11 7.87969970171102 70
9 24 20.645387993399 50
10 23 10.0018465353736 60
4 6 2.33228382654472 50
5 7 7.70448126569322 50
5 22 20.3894620692498 70
6 21 9.39797952137021 60
16 18 81.6465064663752 70
17 19 84.8363637380396 60
12 14 81.9638769529679 70
13 15 83.4924711336587 50
3 20 3.6957879399192 90
2 1 0.103735376687712 70
2 8 2.80176621913464 80
2 4 2.50839851347664 70
20 0 0.093138887664061 80
1 16 1.37402628584297 80
1 12 1.36365237548064 80
20 9 3.75657368586383 80
20 5 5.78692783578265 50
0 17 2.89234382576109 60
0 13 6.00132850101595 50
8 10 3.40375767407558 60
9 11 6.1922393300095 60
9 24 14.4197144829709 60
10 23 8.03375510767997 70
4 6 2.2686389469095 60
5 7 7.17073314492772 50
5 22 18.9046086692009 60
6 21 9.17159038575745 60
16 18 81.650724907878 70
17 19 85.4673432438975 60
12 14 81.8218179211981 70
13 15 82.202144379992 60
3 20 3.79940991465111 90
2 1 0.105678222882059 60
2 8 2.82146945499006 80
2 4 2.56737004780362 70
20 0 0.0867957479435005 80
1 16 1.4517788491881 60
1 12 1.4443141809437 80
20 9 3.64968364247248 80
20 5 5.31134104929495 50
0 17 2.80481295500138 60
0 13 6.02134878822199 60
8 10 3.36728440936817 50
9 11 6.47898457139839 60
9 24 13.8359033026826 60
10 23 8.44200024225413 70
4 6 1.85637624642541 50
5 7 6.19401283954751 50
5 22 19.5454491034134 70
6 21 9.51924960059582 60
16 18 81.6112564168765 70
17 19 85.3780108350841 60
12 14 81.877475972177 70
13 15 82.1808818203886 60
3 20 3.55538509856248 90
2 1 0.108732847920335 70
2 8 2.75051418618255 80
2 4 2.63368632192415 70
20 0 0.0912881752684784 70
1 16 1.36689483869643 70
1 12 1.37629251275012 70
20 9 3.30660890306095 80
20 5 5.06053065806697 50
0 17 2.97903096062669 70
0 13 5.70987470260934 70
8 10 3.47786213315252 40
9 11 6.300591962441 70
9 24 14.5326581001294 50
10 23 6.89406692930821 80
4 6 1.57875879350117 60
5 7 5.91197756774253 40
5 22 20.1483763364792 70
6 21 6.99957099890304 60
16 18 80.6456000513957 70
17 19 84.7477924731701 60
12 14 81.7769292432322 70
13 15 82.234181394413 60
3 20 3.53811503308977 90
2 1 0.109947013442975 70
2 8 2.73791266367745 80
2 4 2.64814976560479 70
20 0 0.0900534441747381 70
1 16 1.33218000590485 60
1 12 1.34829948154493 70
20 9 3.17848915018542 70
20 5 5.32516836287264 50
0 17 2.97018664808178 70
0 13 5.76407353462085 70
8 10 3.57931881992424 40
9 11 6.27984640911372 50
9 24 15.0738146297846 50
10 23 6.93855781752109 70
4 6 5.40379228445198 90
5 7 4.89898444158864 60
5 22 18.0992132094243 60
6 21 7.29354873130504 60
16 18 80.6811718850043 70
17 19 84.8153790612153 60
12 14 81.9485707282761 70
13 15 82.4783409798307 60
3 20 3.3105317922488 90
2 1 0.110366260785704 70
2 8 2.65208450820795 80
2 4 2.70733359118295 70
20 0 0.0834992570922236 70
1 16 1.3190836921529 60
1 12 1.34591266839441 70
20 9 2.78140269091252 70
20 5 5.34950306146175 50
0 17 2.59956260021025 70
0 13 5.62386662887398 60
8 10 3.78661639752574 60
9 11 6.42322136767623 50
9 24 13.0995420766199 60
10 23 6.84843429134873 80
4 6 5.39223122897231 90
5 7 5.57952961854301 70
5 22 22.1637002698673 60
6 21 7.4511026625889 60
16 18 81.1401194219775 70
17 19 85.0443785804844 60
12 14 82.0193892339988 70
13 15 82.6429096829283 60
3 20 3.27148538569558 90
2 1 0.109221885128623 70
2 8 2.59517957509386 80
2 4 2.75660307712636 60
20 0 0.0822632554058494 70
1 16 1.31905529125537 60
1 12 1.3461381543978 60
20 9 2.74841639017078 70
20 5 5.41632124125522 50
0 17 2.61816068786505 70
0 13 5.66781236865706 60
8 10 3.96947737895177 50
9 11 6.74364801143618 40
9 24 10.7183689055749 70
10 23 7.30594819677842 70
4 6 5.27056681967829 90
5 7 5.8074628968175 60
5 22 24.1478221390939 60
6 21 7.46038151979432 60
16 18 81.134527070945 70
17 19 85.0964972286477 60
12 14 82.0886817650997 70
13 15 82.8683305540739 60
3 20 3.16058825273187 90
2 1 0.103296976246079 80
2 8 2.55994702143654 80
2 4 2.87845967871499 60
20 0 0.0870356134936641 60
1 16 1.35144633423076 60
1 12 1.3848250114817 60
20 9 2.37250686604606 60
20 5 5.63706311806608 50
0 17 2.62442448991262 80
0 13 5.67330995044488 60
8 10 4.17813673189395 40
9 11 6.02685094354785 50
9 24 13.6425490023835 60
10 23 7.8262618660929 60
4 6 5.22397073577206 90
5 7 7.6173088671462 50
5 22 20.7811130200308 70
6 21 7.18440152946431 70
16 18 81.5630148957718 70
17 19 85.2060964236379 60
12 14 82.1342753939991 70
13 15 82.9538387913253 60
3 20 3.43469645192557 80
2 1 0.111699540121359 80
2 8 2.75434239382284 80
2 4 2.83786648552547 60
20 0 0.079284769426076 80
1 16 1.36649191091369 60
1 12 1.39531569421128 70
20 9 2.35446195117087 60
20 5 6.4629721529974 50
0 17 2.60147181151296 80
0 13 5.64387765617551 60
8 10 3.79086278863161 60
9 11 6.1965094235335 50
9 24 14.16303846853 70
10 23 7.97326334078384 60
4 6 9.84223798094195 90
5 7 7.53705049052641 40
5 22 19.4170003276519 70
6 21 5.96592069745215 80
16 18 81.5406284974218 70
17 19 85.3519952931116 60
12 14 82.1001247537356 70
13 15 83.1450922816217 60
3 20 3.24582576581806 80
2 1 0.105300903429944 70
2 8 2.72208567473545 80
2 4 2.84847481199396 60
20 0 0.0659313404170571 80
1 16 1.36338325315771 70
1 12 1.3866414131198 70
20 9 2.45260173449607 60
20 5 6.43806357964852 50
0 17 2.59194008249475 80
0 13 5.73594929042995 60
8 10 3.85638978407859 60
9 11 6.53442911691901 60
9 24 14.8744891444016 60
10 23 7.73625130753268 70
4 6 9.74812237854448 90
5 7 7.00701411000061 40
5 22 21.084610366833 60
6 21 4.42985607301336 50
16 18 81.5975013886281 70
17 19 85.4484714846546 60
12 14 82.092280142714 70
13 15 83.0250965978372 60
3 20 3.27120041686759 80
2 1 0.103299959697372 80
2 8 2.58926741120669 80
2 4 2.76247678989067 60
20 0 0.065879639824723 80
1 16 1.36637863865237 60
1 12 1.38973982245721 70
20 9 2.50764357669099 50
20 5 10.1627542253278 70
0 17 2.54146480636405 80
0 13 5.73980815174073 60
8 10 4.14181564461191 50
9 11 6.60577306749661 50
9 24 14.6981366346274 60
10 23 7.98218438491054 70
4 6 21.7364469585486 90
5 7 8.01239274880676 40
5 22 22.3985529868289 70
6 21 6.80636928962167 60
16 18 81.6219542782241 70
17 19 85.4069476997461 60
12 14 81.9458356188216 70
13 15 82.9376285038139 60
3 20 3.1317476208725 80
2 1 0.100388810726429 80
2 8 2.5231733838554 80
2 4 2.77600533987265 60
20 0 0.0653834628246078 80
1 16 1.39733151941754 70
1 12 1.41976897342707 70
20 9 2.47374202680704 50
20 5 10.2612838443626 70
0 17 2.52110949596926 70
0 13 5.72476221857935 60
8 10 4.09883980359871 50
9 11 5.17415906846459 40
9 24 16.2904436872441 80
10 23 5.52309253026297 50
4 6 21.6855210762631 90
5 7 7.46985048533424 40
5 22 19.2170803857297 60
6 21 7.17571900611657 60
16 18 81.6435683678996 70
17 19 85.3655157248403 60
12 14 81.9543065434487 70
13 15 82.9873382507947 60
3 20 3.05240913971745 70
2 1 0.098486082049211 80
2 8 2.50559949658828 80
2 4 2.65933334435961 60
20 0 0.0619417760271731 80
1 16 1.35689647650416 70
1 12 1.3717509022677 70
20 9 2.56679731934397 50
20 5 10.6385009677083 70
0 17 4.05284199691104 70
0 13 5.71378080550495 60
8 10 3.76726996258728 50
9 11 4.42572935087071 70
9 24 17.7703395667358 80
10 23 4.04411210713582 60
4 6 25.9628165358622 90
5 7 8.14018695656122 60
5 22 14.9090291098279 70
6 21 6.98533098830399 50
16 18 80.6030467456243 70
17 19 84.2692558444719 50
12 14 81.8655880049523 70
13 15 82.9079982224126 60
3 20 3.11514883915684 70
2 1 0.0940583708905575 80
2 8 2.45003624409708 80
2 4 2.63476156429737 50
20 0 0.0625222708578802 60
1 16 1.38801636865596 70
1 12 1.38838626377015 70
20 9 2.39726962048959 60
20 5 10.6703907583076 70
0 17 4.44803554728187 60
0 13 5.60316035373565 60
8 10 3.43335951768176 50
9 11 4.16618497251492 70
9 24 24.4572948470194 80
10 23 3.43536370623851 60
4 6 25.9768897045327 90
5 7 7.30845603356441 50
5 22 16.8497390989496 50
6 21 7.32421988382961 60
16 18 80.6413208966248 70
17 19 83.83519798623 50
12 14 81.7957432539963 70
13 15 82.9972680697553 60
3 20 3.08437612407696 70
2 1 0.0954925166233689 70
2 8 2.39801996184413 80
2 4 2.57676803573175 60
20 0 0.0645751849843816 70
1 16 1.41889222411955 70
1 12 1.42484451364763 70
20 9 2.18817132200501 70
20 5 10.7686109700097 70
0 17 4.44919257061917 60
0 13 5.58434710892619 60
8 10 3.55516769874177 50
9 11 4.00515298455807 70
9 24 20.9468135838066 80
10 23 3.23565659780784 80
4 6 26.4057230768323 90
5 7 7.87094801048174 60
5 22 17.1367780397293 70
6 21 9.4042848600293 70
16 18 80.6960268681884 70
17 19 83.7636640355371 50
12 14 81.7599187857503 70
13 15 82.7607335243872 60
3 20 3.04184104193477 70
2 1 0.0917876273272337 80
2 8 2.26471054515927 80
2 4 2.61073038454511 60
20 0 0.0608527240836461 60
1 16 1.42179413812878 70
1 12 1.42339824147713 70
20 9 2.11216222009673 70
20 5 10.7215356865509 70
0 17 4.09503117872184 60
0 13 5.57484894549556 60
8 10 3.54318922953257 50
9 11 4.26817681817803 60
9 24 20.621053537879 80
10 23 3.28633153699395 80
4 6 25.4492382076641 90
5 7 7.66672026612256 60
5 22 18.4014602520075 70
6 21 9.26006254880244 70
16 18 80.8758983415988 70
17 19 83.9157602363486 50
12 14 81.7727398444894 70
13 15 82.7669142203576 60
3 20 2.91542958409751 60
2 1 0.0916140999394235 80
2 8 2.29289770319208 80
2 4 2.59981445193212 60
20 0 0.0574015000251817 70
1 16 1.434857125574 70
1 12 1.4433833280528 70
20 9 2.19441440658557 70
20 5 10.6954930124436 70
0 17 4.0653681820123 60
0 13 5.6007092092009 60
8 10 3.41583235451467 50
9 11 4.37816741889601 60
9 24 24.0844059248874 80
10 23 3.66607758274425 60
4 6 25.4137550903428 90
5 7 7.12775030005036 50
5 22 17.9225932797108 70
6 21 10.0828266094527 70
16 18 80.9575502184477 70
17 19 83.8249903771377 50
12 14 81.7014610652417 70
13 15 82.8410352267398 60
3 20 2.88429984683906 60
2 1 0.0884162362822993 80
2 8 2.3003511737026 80
2 4 2.62696377787542 60
20 0 0.0543879042645648 70
1 16 1.44212294276357 70
1 12 1.4484994455829 70
20 9 2.06862069726782 70
20 5 10.4089876265574 60
0 17 4.09469634166971 60
0 13 5.56102462914688 60
8 10 3.58711897180962 60
9 11 4.68828660959888 50
9 24 25.39554460737 80
10 23 4.00990914763305 60
4 6 15.8860889275833 90
5 7 9.21670766099625 70
5 22 18.3068594827768 50
6 21 9.97661507703922 70
16 18 80.965211597866 70
17 19 83.9734949757811 40
12 14 81.6772644974164 70
13 15 82.8579104873428 60
3 20 2.85441905917149 80
2 1 0.0661929026248771 70
2 8 2.24176704092899 80
2 4 2.61750621080096 60
20 0 0.0537894262706884 50
1 16 1.45094858329673 70
1 12 1.45559740323252 70
20 9 1.95391437308765 60
20 5 10.348538132731 60
0 17 2.96825602055081 60
0 13 5.54206742990591 60
8 10 3.54328498978635 60
9 11 4.69985352598517 40
9 24 25.3636700049465 80
10 23 4.71123322720018 50
4 6 15.9530789147574 90
5 7 8.84954002069138 80
5 22 19.6854074634242 50
6 21 8.70641650470007 70
16 18 81.9478779620714 70
17 19 85.0576287264228 60
12 14 81.6241876695918 70
13 15 82.7319947234609 60
3 20 2.83390178096725 70
2 1 0.0640682793056648 70
2 8 2.22139932390997 80
2 4 2.6312810837769 60
20 0 0.0483547909277567 50
1 16 1.41965200302956 70
1 12 1.41198971725934 70
20 9 1.86664426555 70
20 5 9.6350427523353 60
0 17 2.93822159213291 60
0 13 5.5120822732238 60
8 10 3.57397220713632 60
9 11 4.51719680627878 60
9 24 25.5580379952697 80
10 23 4.88713658024612 40
4 6 7.87615180739183 90
5 7 7.52037284562423 40
5 22 19.7759892091963 60
6 21 7.75481952917465 60
16 18 81.9793506009164 70
17 19 85.0561711816637 60
12 14 81.6089425891451 70
13 15 82.7647228327831 60
3 20 2.83965943402151 70
2 1 0.0691219691543358 60
2 8 2.26781143973412 80
2 4 2.6566465039704 70
20 0 0.0408415309980631 70
1 16 1.41580709499745 70
1 12 1.40731284487675 70
20 9 1.80497893253206 70
20 5 9.66154481189595 60
0 17 2.86854693575889 60
0 13 5.46993851909919 60
8 10 3.59776287083764 60
9 11 4.50957744633426 60
9 24 24.3132389026208 80
10 23 5.03345710804327 40
4 6 8.04022894077515 90
5 7 7.98571034529762 60
5 22 18.4762461520926 60
6 21 7.84639447936849 60
16 18 81.9913729942137 70
17 19 85.0559509421764 60
12 14 81.6148496019632 70
13 15 82.7636569356494 60
3 20 2.93606277407158 70
2 1 0.0673837930933124 40
2 8 2.21945746204712 80
2 4 2.6956526597116 60
20 0 0.0399096848465462 70
1 16 1.40378168030059 70
1 12 1.38360183220391 70
20 9 1.77566839002364 70
20 5 9.84850076287527 50
0 17 2.85287907813389 60
0 13 5.46198484899916 60
8 10 3.82296881353125 60
9 11 4.21401261138954 60
9 24 25.0863792157483 80
10 23 4.42107843197265 70
4 6 7.87312211928565 90
5 7 8.3368616175768 40
5 22 17.6418763630469 40
6 21 7.93143233938293 70
16 18 81.8521384734472 70
17 19 84.5823387501965 60
12 14 81.5962647057539 70
13 15 82.7488723447135 60
3 20 2.90592039729603 70
2 1 0.0656484393616316 40
2 8 2.21987278854874 80
2 4 2.70862401103333 60
20 0 0.0423786497157045 60
1 16 1.39713584469783 70
1 12 1.37900669634194 70
20 9 1.7791871623803 70
20 5 9.83728541157091 50
0 17 2.83652684479583 70
0 13 5.50827867016026 60
8 10 3.81726913202157 60
9 11 4.19725043376393 60
9 24 25.7529368110833 80
10 23 4.62903655456384 50
4 6 7.92490037513975 90
5 7 7.98339809248915 60
5 22 17.0873073746647 60
6 21 7.93012197314613 60
16 18 81.847152973961 70
17 19 84.4058504602815 60
12 14 81.6286064935581 70
13 15 82.8016172504575 60
3 20 2.89922666826841 60
2 1 0.066422908876828 50
2 8 2.18739294758667 90
2 4 2.69294802001547 60
20 0 0.0451690035362507 60
1 16 1.42656995384421 70
1 12 1.40481242571185 60
20 9 1.79149714906382 70
20 5 9.85502432774831 50
0 17 2.9158016363775 60
0 13 5.40845332655911 60
8 10 3.67324681579468 60
9 11 3.7293703441782 60
9 24 28.7611507140657 80
10 23 4.22444861380091 60
4 6 7.93539278825422 90
5 7 8.11088328571685 60
5 22 18.9364955975344 60
6 21 6.69162710196154 50
16 18 81.8157941613487 70
17 19 84.2328401477559 50
12 14 81.5371654993419 70
13 15 82.6488717256993 60
3 20 2.85845478971856 70
2 1 0.0684558009195455 50
2 8 2.19378397098155 90
2 4 2.68873081041153 60
20 0 0.0484055597955078 60
1 16 1.42272545213383 70
1 12 1.40728278896296 60
20 9 1.7970509204612 70
20 5 8.00397243422522 50
0 17 2.92729283545432 60
0 13 5.41295188716078 60
8 10 3.66818846579448 60
9 11 3.97539998132332 50
9 24 27.2791689570641 80
10 23 4.58608192893375 70
4 6 2.68657568420692 70
5 7 6.58311921049565 50
5 22 26.420301241815 60
6 21 5.15248765544518 60
16 18 81.7951465620535 70
17 19 84.1598677412824 50
12 14 81.5303977082386 70
13 15 82.7178020615544 60
3 20 2.81736279278386 60
2 1 0.0720750616028879 50
2 8 2.21114327601122 90
2 4 2.85450243321688 70
20 0 0.0535018236631982 60
1 16 1.40980429396697 70
1 12 1.38514356748541 70
20 9 1.82868311011689 70
20 5 7.95731294719065 50
0 17 2.91388223148979 70
0 13 5.44095758558678 60
8 10 3.85036982920922 60
9 11 4.47971438338096 80
9 24 29.7647027374015 80
10 23 4.4500957976603 60
4 6 1.82050354911704 60
5 7 6.66552853571617 50
5 22 25.4967513298322 60
6 21 6.23122341940808 60
16 18 81.7677423649137 70
17 19 84.1767192207239 50
12 14 81.5453467771404 70
13 15 82.653934937979 60
3 20 2.80765375116874 60
2 1 0.0712452074961394 50
2 8 2.20985108433004 90
2 4 2.85522234940144 70
20 0 0.0571851030564448 60
1 16 1.4142622009887 70
1 12 1.39337200956708 70
20 9 1.80217335543265 70
20 5 7.78798327168497 50
0 17 2.92002837361332 70
0 13 5.42201505781928 60
8 10 3.88839125121964 60
9 11 3.7750807421762 70
9 24 29.4282439544257 80
10 23 4.97806705315821 50
4 6 1.86022573049019 50
5 7 6.62052803333851 50
5 22 24.5732407306561 60
6 21 6.76019468931404 50
16 18 81.7714710349895 70
17 19 84.1722034128745 50
12 14 81.5532925329577 70
13 15 82.6591535893964 60
3 20 2.79481406368873 60
2 1 0.0699615194389359 50
2 8 2.19583830853282 90
2 4 2.91660874036951 60
20 0 0.06081913072371 80
1 16 1.40737612982848 70
1 12 1.39254590050023 60
20 9 1.7571942795728 70
20 5 7.6988367358227 50
0 17 2.96562349615165 70
0 13 5.37016488959724 60
8 10 3.86353613785889 60
9 11 4.47928218294904 80
9 24 30.0931314160423 80
10 23 4.49608755560077 50
4 6 1.7652132405988 60
5 7 6.94561340042242 60
5 22 23.615677325534 60
6 21 5.89759138315036 60
16 18 81.7574356748448 70
17 19 84.0893516354057 50
12 14 81.5728220365727 70
13 15 82.6135809656909 60
3 20 2.79780163422048 60
2 1 0.0715906267372071 60
2 8 2.2110560155524 90
2 4 2.89230137341543 60
20 0 0.0661084909780352 70
1 16 1.40604871096856 70
1 12 1.39206893501845 60
20 9 1.71481431241078 50
20 5 7.65901697995979 50
0 17 2.96261732588054 70
0 13 5.37595435128241 60
8 10 3.91089480338351 60
9 11 4.26435452161586 80
9 24 7.28058431035744 70
10 23 4.37190714336453 50
4 6 1.80029874893158 60
5 7 6.84029885325548 50
5 22 24.956760539468 60
6 21 5.83809664852838 60
16 18 81.7731954916321 70
17 19 84.0928423960779 50
12 14 81.5771984144969 70
13 15 82.6621535998223 60
3 20 4.67292421067746 80
2 1 0.0687986198305941 60
2 8 2.22724204096354 90
2 4 2.95616841400728 50
20 0 0.0640008244994877 70
1 16 1.65978244196199 50
1 12 1.64662228673622 50
20 9 1.74860791271206 60
20 5 7.28935632832456 50
0 17 3.60992765531157 60
0 13 5.42030822609186 60
8 10 3.94885693998024 60
9 11 4.74573726956249 70
9 24 8.48563418765787 70
10 23 4.3417673514607 70
4 6 1.98180022757268 50
5 7 6.88928868129182 50
5 22 23.6164037085955 70
6 21 5.60767385539894 70
16 18 86.7507865218544 60
17 19 83.702645638354 50
12 14 81.5186693825743 70
13 15 82.5846571867697 60
3 20 4.0656335139923 80
2 1 0.0736218758216214 50
2 8 2.26833688575123 90
2 4 2.93633858432014 60
20 0 0.0677825287437986 60
1 16 1.6260462884286 60
1 12 1.64311632130025 60
20 9 1.87430944546525 60
20 5 7.01924918064535 50
0 17 3.44549181041886 60
0 13 5.40613180281063 60
8 10 3.68566989519554 60
9 11 5.11166704751061 70
9 24 9.2661049106708 60
10 23 3.85376765479736 70
4 6 2.19365181649471 70
5 7 5.94605215167441 60
5 22 23.9962085371414 50
6 21 6.34563124308042 60
16 18 87.1342055698632 60
17 19 83.8748178872877 50
12 14 81.5414579485188 70
13 15 82.5910697284207 60
3 20 5.18649307069369 80
2 1 0.0725303136355709 60
2 8 2.26963567601145 90
2 4 3.03031604807855 50
20 0 0.0709319953236521 60
1 16 1.66110229703375 60
1 12 1.67989490956253 60
20 9 2.19375186475517 60
20 5 6.94831873831537 50
0 17 4.12283095233089 60
0 13 5.38804250236445 60
8 10 4.00273233119321 60
9 11 4.82429587394162 70
9 24 8.78617218683521 70
10 23 3.97094396007821 80
4 6 3.30791935316877 80
5 7 5.46261396207961 50
5 22 25.1055195848717 40
6 21 6.37059234837185 70
16 18 87.1385844300382 60
17 19 83.8891954383252 50
12 14 81.7585053785033 70
13 15 82.5749434857296 60
3 20 4.82831694235028 80
2 1 0.0724958265467126 60
2 8 2.28632359929343 90
2 4 3.36624907999156 60
20 0 0.0658939728540171 70
1 16 1.87667526234688 60
1 12 1.89144176289277 60
20 9 3.23990202626997 80
20 5 7.35069710322806 50
0 17 4.5304854559588 70
0 13 5.51916676360139 60
8 10 4.66683055010218 70
9 11 4.81028479562878 70
9 24 10.1841848813093 60
10 23 4.78243179860935 40
4 6 5.09891384549588 90
5 7 6.26990760455264 50
5 22 26.5015446134056 40
6 21 6.30091716831312 70
16 18 87.2465785056181 60
17 19 83.7844256938378 50
12 14 81.8895578925274 70
13 15 82.640719942697 60
3 20 4.80877487562981 80
2 1 0.0730686175760312 60
2 8 2.28140321256996 90
2 4 3.3687274919824 60
20 0 0.0657877009083738 80
1 16 1.87438860170559 60
1 12 1.90077369661177 60
20 9 3.31474592662851 70
20 5 7.36609665298621 50
0 17 4.52436221692778 70
0 13 5.6141733675255 60
8 10 4.69251794749104 70
9 11 4.74003153874826 70
9 24 7.64441339044222 80
10 23 5.01916393235853 50
4 6 5.11613060916445 90
5 7 5.6930389736676 70
5 22 21.8126729177252 50
6 21 5.30560560736964 50
16 18 87.2410746405564 60
17 19 83.8113374841314 50
12 14 81.9619134308891 70
13 15 82.9235560301993 60
3 20 4.82158199208981 80
2 1 0.0706020922107255 60
2 8 2.29131616324588 90
2 4 3.40507357815039 60
20 0 0.0669837529563667 80
1 16 1.89696006293905 60
1 12 1.91220528814139 60
20 9 3.34084120104755 70
20 5 7.38880520711761 50
0 17 4.54160964265325 70
0 13 5.58990897211667 60
8 10 4.76209775664116 70
9 11 4.84854156032448 70
9 24 9.0304934146764 70
10 23 5.4577468665918 60
4 6 5.10465786677979 90
5 7 5.11855166932321 70
5 22 18.7425022249547 60
6 21 4.45406329702508 50
16 18 87.2908530406012 60
17 19 83.8146189180517 50
12 14 81.9914626240788 70
13 15 83.0924811801425 60
3 20 4.74140036510553 80
2 1 0.0691658660877758 60
2 8 2.24757695552894 90
2 4 4.30238208616902 60
20 0 0.064009925528359 80
1 16 1.98106811460509 60
1 12 1.99849477197581 60
20 9 4.51912344977471 90
20 5 8.47380578449896 50
0 17 28.5095151261303 90
0 13 5.76232617596191 60
8 10 5.76987762345954 80
9 11 4.88961481209645 70
9 24 9.68329323030062 80
10 23 5.19904425987078 60
4 6 6.41111547995742 90
5 7 5.1283132147471 70
5 22 19.8628936348026 60
6 21 3.81146966604836 60
16 18 87.2889864725251 60
17 19 83.8159727262962 50
12 14 87.6097014955275 60
13 15 83.0984174024658 60
3 20 4.74671601844971 80
2 1 0.0702024058156514 60
2 8 2.25727003371788 90
2 4 4.34915555941996 60
20 0 0.0642544545037413 80
1 16 1.97933898203902 60
1 12 2.00325166902972 60
20 9 4.54810978748314 80
20 5 8.5231472803811 50
0 17 28.5088881713348 90
0 13 5.8325328784326 60
8 10 5.81295812748653 80
9 11 4.89401912105698 70
9 24 10.9575227311408 60
10 23 5.30683680147704 50
4 6 6.42003361700275 90
5 7 4.93843840641238 70
5 22 18.6285627249235 50
6 21 3.77111879086211 70
16 18 87.7196442529101 60
17 19 83.0551656583926 50
12 14 87.6976786146942 60
13 15 83.2959300041029 60
3 20 4.27246866257556 80
2 1 0.064086874120235 50
2 8 2.35609126316842 90
2 4 3.91913375983438 60
20 0 0.0704895175526626 70
1 16 1.90684762390346 60
1 12 1.94748311524836 60
20 9 6.61404601358811 90
20 5 7.71510043841987 50
0 17 28.6646051478682 90
0 13 5.88456813959062 60
8 10 6.39513456730501 80
9 11 5.00479180905914 80
9 24 6.68715237783415 80
10 23 5.77683951187842 60
4 6 7.08394476362252 90
5 7 5.79022005464956 70
5 22 25.7059943253789 50
6 21 4.524315017764 40
16 18 86.6869986508442 60
17 19 83.7775935700777 50
12 14 87.7253076452709 60
13 15 83.2645945049358 60
3 20 3.68740796077939 70
2 1 0.065554003489896 50
2 8 2.25297594392885 90
2 4 3.75996269827211 60
20 0 0.07737329517793 70
1 16 2.13836143575898 70
1 12 2.16952900805723 70
20 9 7.785661555652 90
20 5 6.85718382898308 60
0 17 28.5516656507 90
0 13 27.889799466945 90
8 10 6.93678427410751 90
9 11 3.78100821953008 70
9 24 7.04408739611846 80
10 23 6.50014809136973 50
4 6 6.36300407773833 90
5 7 5.49597792399679 50
5 22 25.4616236882459 50
6 21 5.63111971911254 50
16 18 87.1288844471559 60
17 19 83.9854759283489 50
12 14 87.7343717727592 60
13 15 83.2087676602269 60
3 20 3.48455101647967 60
2 1 0.0663332304417022 50
2 8 2.31297970880452 90
2 4 4.98671927242793 60
20 0 0.089996555470396 70
1 16 2.15891272618115 70
1 12 2.1845270992218 70
20 9 9.50955739651653 90
20 5 6.49660815244219 60
0 17 28.5497787589277 90
0 13 27.8909215973869 90
8 10 7.54056108332098 90
9 11 24.3999044509939 90
9 24 24.9111309370899 90
10 23 52.2012955366807 90
4 6 10.0582731834922 90
5 7 6.05860125114985 50
5 22 23.6129910219256 50
6 21 5.42591589073812 40
16 18 87.1290044866745 60
17 19 83.9911658422223 50
12 14 87.7356252972722 60
13 15 83.2293371224579 60
3 20 3.59774725518265 60
2 1 0.0657950961236524 60
2 8 2.40945465447747 90
2 4 4.92663114330832 60
20 0 0.0927461674107292 80
1 16 2.15150129875188 70
1 12 2.16705645977065 70
20 9 9.59845917022868 90
20 5 6.33351475671485 60
0 17 28.5142150039347 90
0 13 27.8892377295039 90
8 10 7.59588436287593 90
9 11 24.6852541087111 90
9 24 26.9639004496047 90
10 23 52.3041792915556 90
4 6 10.0717573199897 90
5 7 6.24115836522231 60
5 22 17.4969007998956 60
6 21 4.86824073715614 60
16 18 87.2885651841042 60
17 19 84.0978147175589 50
12 14 87.7552307601283 60
13 15 83.0678656975693 60
3 20 3.56249984249676 60
2 1 0.0660387310127887 50
2 8 2.41742366968314 90
2 4 4.92691888308551 60
20 0 0.101873453247128 80
1 16 2.15291068459202 70
1 12 2.16498344046045 70
20 9 9.58591768956011 90
20 5 6.33876220762997 60
0 17 28.6618760503824 90
0 13 27.8823437862671 90
8 10 7.58822273101582 90
9 11 24.6796380621134 90
9 24 26.7826230034372 90
10 23 52.3048277155419 90
4 6 10.0662029324007 90
5 7 6.25239058935209 50
5 22 17.3595268430762 60
6 21 4.91684626274116 60
16 18 86.8073502044664 60
17 19 83.8440689263048 50
12 14 87.7585797091647 60
13 15 83.0686655920522 60
3 20 3.57028513380471 60
2 1 0.0685479458691753 50
2 8 2.39411868072253 90
2 4 4.91083681025606 60
20 0 0.10151649793845 80
1 16 2.17822234042876 70
1 12 2.17431261202416 70
20 9 9.63146762310756 90
20 5 6.26719720380938 60
0 17 28.7073812990947 90
0 13 27.863021734455 90
8 10 7.56904131661694 90
9 11 24.4891855840067 90
9 24 24.3987570504781 90
10 23 52.392201392757 90
4 6 10.0339467999013 90
5 7 6.03484272408558 70
5 22 35.4277951524754 70
6 21 5.26283829500041 60
16 18 86.7718040481085 60
17 19 83.7869085280728 50
12 14 87.8132011008453 60
13 15 83.2504390039161 60
3 20 4.25490194083592 70
2 1 0.0728329135516669 60
2 8 3.20269767931133 80
2 4 5.50263789782986 70
20 0 0.0917540572048652 80
1 16 1.87174270652054 60
1 12 1.83114549319989 60
20 9 10.5739696242475 90
20 5 7.56039397164565 80
0 17 28.6990685818845 90
0 13 27.869111606414 90
8 10 52.8775141960745 90
9 11 51.0818239872573 90
9 24 48.3844416129324 90
10 23 52.4018883303743 90
4 6 8.30566371175476 90
5 7 6.13623579198583 40
5 22 22.8034751244407 50
6 21 6.06664189299646 70
16 18 86.8070677363824 60
17 19 83.8140278036966 50
12 14 87.8019606957711 60
13 15 83.4051786603439 60
3 20 4.59270197219298 50
2 1 0.074752786015368 60
2 8 3.24888309393169 70
2 4 5.76649546779902 80
20 0 0.0560984758992947 80
1 16 1.79758218025677 60
1 12 1.72545945203983 60
20 9 10.828871970489 80
20 5 6.44299293714572 60
0 17 30.1896462886665 80
0 13 28.7603288622021 80
8 10 55.6109158952379 80
9 11 53.6613924607062 80
9 24 51.092509396581 80
10 23 54.886664506719 80
4 6 8.69888322953594 80
5 7 6.90295972330417 30
5 22 16.7105046633496 70
6 21 6.16409392808344 60
16 18 83.6488109735689 60
17 19 80.579855046761 60
12 14 84.4545546001692 60
13 15 80.2449560223185 60
3 20 4.58887945550548 50
2 1 0.0788465879546781 60
2 8 3.2544920329359 70
2 4 5.75666241654479 80
20 0 0.0559522940526971 80
1 16 1.79753577126603 60
1 12 1.72466753514057 60
20 9 10.7991612811901 80
20 5 6.41214485410535 60
0 17 30.1839035416159 80
0 13 28.7522042579285 80
8 10 55.6519544648502 80
9 11 53.6614686142822 80
9 24 51.192124612564 80
10 23 54.7701084629959 80
4 6 8.69806550576369 80
5 7 7.76283521603505 60
5 22 19.6049821364921 60
6 21 7.29255811079286 50
16 18 83.6813335588969 60
17 19 80.5897582759946 60
12 14 84.5154469915212 60
13 15 80.4506258238879 60
3 20 3.59963039865381 50
2 1 0.157176847632143 80
2 8 2.67693200751229 70
2 4 7.81110090430106 80
20 0 0.0586728429308461 80
1 16 1.77432036370645 60
1 12 1.57856380846462 60
20 9 37.2412461394698 80
20 5 6.75276276174011 60
0 17 30.1830852180876 80
0 13 28.7516523105855 80
8 10 55.656812094802 80
9 11 53.6934612766746 80
9 24 51.382424361548 80
10 23 55.0136406544227 80
4 6 55.9398548783452 80
5 7 53.4911995151002 80
5 22 45.5969911042664 80
6 21 53.603381378904 80
16 18 83.6767251474409 60
17 19 80.4209227302324 60
12 14 84.5557044256039 60
13 15 80.251063836016 60
3 20 3.54372491917367 50
2 1 0.159903802307594 80
2 8 2.70833376264725 70
2 4 7.80689081411644 80
20 0 0.0601943324480444 80
1 16 1.7850848076613 60
1 12 1.58798024079041 60
20 9 37.2451489496905 80
20 5 6.69841359957748 60
0 17 30.2160181656896 80
0 13 28.7501492968386 80
8 10 55.6649580764557 80
9 11 53.6418859165689 80
9 24 51.1684126167048 80
10 23 55.1741811230976 80
4 6 55.9621476116653 80
5 7 53.1149198032886 80
5 22 45.1441044021633 70
6 21 53.5302024060924 80
16 18 83.5894452016311 60
17 19 80.4360576532584 60
12 14 74.423808302286 70
13 15 80.1565618843357 60
3 20 3.21329743837499 50
2 1 0.151702592275816 80
2 8 5.0028307491167 80
2 4 2.69018874265501 40
20 0 56.9264442738066 80
1 16 28.9045425711774 80
1 12 28.3974079150657 80
20 9 37.2513791305003 80
20 5 37.1576227085139 80
0 17 30.2206707120348 80
0 13 28.7525507017249 80
8 10 55.6723325977266 80
9 11 53.5872266854259 80
9 24 49.7420911371201 80
10 23 55.205470857947 80
4 6 55.965243156754 80
5 7 53.0418656373548 80
5 22 48.7451337875912 60
6 21 53.6647414398563 80
16 18 83.6729776224132 60
17 19 79.7218655326012 60
12 14 74.3823311442332 70
13 15 80.199111636815 60
3 20 3.19473474697753 70
2 1 56.9057334100033 80
2 8 5.63015322885442 80
2 4 4.46678650537618 70
20 0 56.9264327694763 80
1 16 28.9018036725749 80
1 12 28.4009683596487 80
20 9 37.2726978121181 80
20 5 37.1672583127839 80
0 17 30.2204654977717 80
0 13 28.7520035248415 80
8 10 55.6792319263126 80
9 11 53.6656653028773 80
9 24 51.8857854088184 80
10 23 55.3902881235007 80
4 6 55.996797382477 80
5 7 53.1555249032512 80
5 22 45.1991998211805 70
6 21 8.46556088790709 40
16 18 83.5519734869066 60
17 19 80.4452462208296 60
12 14 74.3808037512814 70
13 15 80.4466022189414 60
3 20 3.21797962560569 60
2 1 56.9050360649363 80
2 8 5.63169873385697 80
2 4 4.46365282000076 70
20 0 56.9265424036053 80
1 16 28.8796644572993 80
1 12 28.4094248844638 80
20 9 37.2709702793842 80
20 5 37.1565559411745 80
0 17 30.2133079129334 80
0 13 28.7619956044928 80
8 10 55.6858052160861 80
9 11 53.4366607017953 80
9 24 52.1419791866371 80
10 23 55.5052541463987 80
4 6 56.0127922542611 80
5 7 53.19944733434 80
5 22 45.8468600983599 70
6 21 8.46255980100987 40
16 18 83.5034414071983 60
17 19 80.4049242102141 60
12 14 74.3836575686054 70
13 15 80.4369122424268 60
3 20 3.22766418361433 60
2 1 56.9049113547505 80
2 8 5.63312589974056 80
2 4 4.45474739282017 70
20 0 56.9267056849483 80
1 16 28.8921495731124 80
1 12 28.4058802781974 80
20 9 37.2720736762099 80
20 5 37.1541247064732 80
0 17 30.245082689972 80
0 13 28.7518660279601 80
8 10 55.6922024795956 80
9 11 53.313762500787 80
9 24 52.0675831930856 80
10 23 55.5468710554223 80
4 6 56.011484748876 80
5 7 53.0845555696789 80
5 22 46.4638815683268 70
6 21 8.30603163539139 50
16 18 83.4481837002892 60
17 19 80.366109348633 60
12 14 74.3845820509033 70
13 15 80.441523394461 60
3 20 3.30427510943019 60
2 1 56.9062224687539 80
2 8 5.64833287456252 80
2 4 4.44702784869846 70
20 0 56.9226013855328 80
1 16 28.9148257733198 80
1 12 28.3926198564531 80
20 9 37.2873253702479 80
20 5 37.1554132770321 80
0 17 30.2515312538515 80
0 13 28.7441713322204 80
8 10 55.732750579242 80
9 11 53.2828625655514 80
9 24 52.2262912675295 80
10 23 55.4833252241008 80
4 6 55.9867972757144 80
5 7 53.1723499729056 80
5 22 47.4219671605721 70
6 21 8.21892282326434 50
16 18 83.4550914456754 60
17 19 80.4502920455975 60
12 14 74.3598526182075 70
13 15 80.6913227962611 60
3 20 3.23661021200791 60
2 1 56.906027592342 80
2 8 5.65420820719195 80
2 4 4.29031419433461 80
20 0 56.92149311145 80
1 16 28.9073464956904 80
1 12 28.4016485485465 80
20 9 37.2911039232456 80
20 5 37.0069426923137 80
0 17 30.2463238424501 80
0 13 28.7351567743285 80
8 10 55.7447423219858 80
9 11 53.3150774817587 80
9 24 52.1733720842334 80
10 23 55.4351104720615 80
4 6 56.0153316129563 80
5 7 53.2896861924473 80
5 22 45.8300934713836 70
6 21 7.8425172058908 50
16 18 83.4536681594453 60
17 19 80.4463213396211 60
12 14 74.3459358509316 70
13 15 80.6958240605202 60
=======
3 20 4.51625238882012 83.3333333333333
2 1 0.0711361304844389 66.6666666666667
2 8 2.36196363650256 66.6666666666667
2 4 1.84249062915623 66.6666666666667
20 0 0.0615836781888202 83.3333333333333
1 16 1.31615617778955 66.6666666666667
1 12 1.5216138016712 66.6666666666667
20 9 3.06423998698509 83.3333333333333
20 5 3.29507067328512 83.3333333333333
0 17 1.42507704957 50
0 13 4.75337317194156 66.6666666666667
8 10 2.3833113753672 66.6666666666667
9 11 57.8083549325511 83.3333333333333
9 24 18.9740218023631 50
10 23 59.7272703554922 83.3333333333333
4 6 1.87506367100721 83.3333333333333
5 7 6.49866106410496 66.6666666666667
5 22 18.0190665153996 66.6666666666667
6 21 9.59319222979487 66.6666666666667
16 18 2.65502459561682 50
17 19 6.74948135959781 50
12 14 2.44193749540249 83.3333333333333
13 15 3.68161408422648 50
3 20 4.48224381145132 83.3333333333333
2 1 0.0744472628745063 66.6666666666667
2 8 2.40032013056231 66.6666666666667
2 4 1.83495022724356 66.6666666666667
20 0 0.0614244827546754 83.3333333333333
1 16 1.35117044974283 66.6666666666667
1 12 1.50355248848389 66.6666666666667
20 9 3.06286206561233 83.3333333333333
20 5 3.26953784247081 83.3333333333333
0 17 1.35976551563773 50
0 13 4.74218414331579 66.6666666666667
8 10 2.45873582036115 66.6666666666667
9 11 57.9055768110497 83.3333333333333
9 24 17.1904863870968 50
10 23 59.7438972587929 83.3333333333333
4 6 1.87584158714034 83.3333333333333
5 7 6.39180970500352 66.6666666666667
5 22 19.3506254905543 50
6 21 10.1086231724319 66.6666666666667
16 18 2.58694969590234 50
17 19 6.75610907783317 50
12 14 2.42693677827909 83.3333333333333
13 15 3.30468272732281 50
3 20 4.47896848319048 83.3333333333333
2 1 0.0756679998115007 66.6666666666667
2 8 2.41560206572458 66.6666666666667
2 4 1.84140833301108 66.6666666666667
20 0 0.0642315603394994 83.3333333333333
1 16 1.34382028623292 66.6666666666667
1 12 1.49797321574685 66.6666666666667
20 9 3.07607413309285 83.3333333333333
20 5 3.29966396484027 83.3333333333333
0 17 1.26805198157434 66.6666666666667
0 13 4.76993086377569 66.6666666666667
8 10 2.34723770877184 66.6666666666667
9 11 5.62914906528166 66.6666666666667
9 24 17.8086716440302 50
10 23 7.81279377954848 66.6666666666667
4 6 1.8896304083261 83.3333333333333
5 7 6.54278448752541 66.6666666666667
5 22 20.4610333593172 50
6 21 11.1657137240604 50
16 18 2.24993883873474 66.6666666666667
17 19 6.76417777465475 66.6666666666667
12 14 2.44474287438328 83.3333333333333
13 15 3.17278947512886 50
3 20 4.48508021097062 83.3333333333333
2 1 0.0733001962574312 66.6666666666667
2 8 2.41809178137541 66.6666666666667
2 4 1.85759777473601 66.6666666666667
20 0 0.0580641723171928 83.3333333333333
1 16 1.34442566513858 66.6666666666667
1 12 1.4970741431726 66.6666666666667
20 9 3.09121001571478 83.3333333333333
20 5 3.31733503089407 83.3333333333333
0 17 1.26674090621871 66.6666666666667
0 13 4.75996072011886 66.6666666666667
8 10 2.34186330578911 66.6666666666667
9 11 5.28872094407078 66.6666666666667
9 24 18.1163981775728 50
10 23 6.06187685582718 66.6666666666667
4 6 1.88415261841194 83.3333333333333
5 7 6.52873430227552 66.6666666666667
5 22 16.5761660335693 50
6 21 11.35730454394 50
16 18 2.20070861039223 66.6666666666667
17 19 6.72524985989461 66.6666666666667
12 14 2.44120479071094 83.3333333333333
13 15 3.21540454368313 50
3 20 4.44623681836397 83.3333333333333
2 1 0.0797749213641413 66.6666666666667
2 8 2.44195057953949 66.6666666666667
2 4 1.82634590207854 66.6666666666667
20 0 0.0770445987383792 83.3333333333333
1 16 1.34321864731184 66.6666666666667
1 12 1.48604226480803 66.6666666666667
20 9 3.07497705870917 83.3333333333333
20 5 3.29497179590013 83.3333333333333
0 17 1.20437690996551 66.6666666666667
0 13 4.78510255726114 66.6666666666667
8 10 2.28209713435267 83.3333333333333
9 11 5.83477119195514 66.6666666666667
9 24 18.1046797845395 50
10 23 7.33334779907626 66.6666666666667
4 6 1.86980146226529 83.3333333333333
5 7 6.70134664672862 66.6666666666667
5 22 12.9169500142984 66.6666666666667
6 21 11.9792036723457 83.3333333333333
16 18 2.05750248759101 83.3333333333333
17 19 6.158288179757 66.6666666666667
12 14 2.50576035847461 83.3333333333333
13 15 3.33524042727259 50
3 20 4.47290238296026 83.3333333333333
2 1 0.0790509743484388 66.6666666666667
2 8 2.45482260705221 66.6666666666667
2 4 1.83560605470829 66.6666666666667
20 0 0.0767134756587426 83.3333333333333
1 16 1.34168043944933 66.6666666666667
1 12 1.48264631864493 66.6666666666667
20 9 3.08560098852727 83.3333333333333
20 5 3.28493371425999 83.3333333333333
0 17 1.21713037307979 66.6666666666667
0 13 4.80591888921166 66.6666666666667
8 10 2.338677591592 83.3333333333333
9 11 6.16428427236902 66.6666666666667
9 24 17.5830205487751 50
10 23 7.49760745214716 66.6666666666667
4 6 1.87104670262013 83.3333333333333
5 7 6.41939217696302 83.3333333333333
5 22 13.8210067848618 50
6 21 11.6493340343736 66.6666666666667
16 18 2.01354884527693 83.3333333333333
17 19 6.18574531837254 66.6666666666667
12 14 2.51136113427759 83.3333333333333
13 15 15.0737031082266 83.3333333333333
3 20 4.47089555481801 83.3333333333333
2 1 0.0668854987220658 66.6666666666667
2 8 2.43945409918233 66.6666666666667
2 4 1.75303085776882 50
20 0 0.0387560327610278 83.3333333333333
1 16 1.3382588852419 66.6666666666667
1 12 1.4896248717361 66.6666666666667
20 9 3.03424241238632 83.3333333333333
20 5 3.05534518878459 83.3333333333333
0 17 1.32326678856321 83.3333333333333
0 13 4.80218324178585 66.6666666666667
8 10 2.16115990099604 83.3333333333333
9 11 5.10700589949679 50
9 24 11.325204887797 66.6666666666667
10 23 6.5686619588545 66.6666666666667
4 6 1.92662139152445 66.6666666666667
5 7 6.40253220086544 83.3333333333333
5 22 15.2583784405593 50
6 21 11.0002325721274 83.3333333333333
16 18 2.39429466501913 50
17 19 7.19759686454159 50
12 14 2.5021975001665 83.3333333333333
13 15 5.62217522563977 66.6666666666667
3 20 4.47074015366801 83.3333333333333
2 1 0.0700670203979156 83.3333333333333
2 8 2.43827055961268 66.6666666666667
2 4 1.6916209332707 66.6666666666667
20 0 0.0427273177738334 83.3333333333333
1 16 1.3351681034278 66.6666666666667
1 12 1.48557805460207 66.6666666666667
20 9 3.03512097615204 83.3333333333333
20 5 3.04730205049833 83.3333333333333
0 17 1.27794028355639 66.6666666666667
0 13 4.7496438522712 66.6666666666667
8 10 2.09186001044961 83.3333333333333
9 11 4.95767594382926 50
9 24 11.9676884236347 83.3333333333333
10 23 5.39900503500055 66.6666666666667
4 6 1.92122266348297 66.6666666666667
5 7 6.93645817712281 83.3333333333333
5 22 15.5267722445217 50
6 21 12.4749093240756 66.6666666666667
16 18 2.29243518430495 66.6666666666667
17 19 6.9012914748125 50
12 14 2.48217544439561 83.3333333333333
13 15 5.6544922200083 66.6666666666667
3 20 4.23645981178456 66.6666666666667
2 1 0.0834681438856161 66.6666666666667
2 8 2.48002025281255 66.6666666666667
2 4 1.67690584690476 66.6666666666667
20 0 0.0500242962224752 33.3333333333333
1 16 1.36829599183928 66.6666666666667
1 12 1.51361206390092 66.6666666666667
20 9 2.9972804092291 66.6666666666667
20 5 3.07340687197304 83.3333333333333
0 17 4.43843603164692 66.6666666666667
0 13 5.76607312178636 50
8 10 2.47734224398153 50
9 11 5.73529130468196 66.6666666666667
9 24 20.7285072154631 66.6666666666667
10 23 6.76803988493113 33.3333333333333
4 6 2.34690775505071 66.6666666666667
5 7 6.2683226199231 66.6666666666667
5 22 14.8525617712736 50
6 21 10.1260471134087 33.3333333333333
16 18 9.60874508719259 83.3333333333333
17 19 10.3187261487104 50
12 14 2.63289731091879 66.6666666666667
13 15 5.31094994219927 66.6666666666667
3 20 4.14611984925318 66.6666666666667
2 1 0.111381188165834 50
2 8 2.46189150054795 66.6666666666667
2 4 1.64377944002318 66.6666666666667
20 0 0.0883189468124779 50
1 16 1.38786965072131 83.3333333333333
1 12 1.46255374597953 83.3333333333333
20 9 3.06852739102123 66.6666666666667
20 5 3.0586743946821 83.3333333333333
0 17 1.77130136808554 50
0 13 5.9766845125954 50
8 10 3.70690855324918 66.6666666666667
9 11 6.48902363592577 50
9 24 15.7178250643317 66.6666666666667
10 23 8.05618826237206 66.6666666666667
4 6 2.335631668663 50
5 7 5.98276062966093 50
5 22 15.1465848927449 50
6 21 10.964602978516 66.6666666666667
16 18 2.10565244057482 33.3333333333333
17 19 6.95848308621115 50
12 14 2.49873931095076 66.6666666666667
13 15 5.27399094502746 66.6666666666667
3 20 4.07982959064237 66.6666666666667
2 1 0.110969254307294 50
2 8 2.42243878540769 66.6666666666667
2 4 1.62292867322856 66.6666666666667
20 0 0.089073558015761 50
1 16 1.40661757265816 83.3333333333333
1 12 1.48229279895646 83.3333333333333
20 9 3.05956271254485 83.3333333333333
20 5 3.19795769953773 50
0 17 2.25733187200119 50
0 13 5.83154333351587 50
8 10 3.73849726950173 83.3333333333333
9 11 6.56683887328991 50
9 24 58.0592621278042 83.3333333333333
10 23 8.46907118561581 66.6666666666667
4 6 2.41083791307383 66.6666666666667
5 7 7.3604776640424 66.6666666666667
5 22 14.7596140860271 50
6 21 10.8092855962315 50
16 18 1.87892250334887 66.6666666666667
17 19 5.31814994916815 50
12 14 2.45871766131879 66.6666666666667
13 15 5.50723158090437 66.6666666666667
3 20 4.08151534316263 66.6666666666667
2 1 0.108277518248432 50
2 8 2.4366473409972 66.6666666666667
2 4 1.6226533231731 66.6666666666667
20 0 0.0818897635049708 66.6666666666667
1 16 2.37091011703998 83.3333333333333
1 12 1.11707416397054 83.3333333333333
20 9 3.08115628633548 83.3333333333333
20 5 3.19349783592964 50
0 17 2.07091848772467 66.6666666666667
0 13 6.20773943079997 50
8 10 3.75043946443812 83.3333333333333
9 11 8.91697286351951 83.3333333333333
9 24 24.5728907229569 66.6666666666667
10 23 8.83977707382862 66.6666666666667
4 6 2.42257998506202 66.6666666666667
5 7 7.3951097373239 66.6666666666667
5 22 14.7725201591969 50
6 21 10.6677952698872 50
16 18 1.77726370358711 66.6666666666667
17 19 5.30315734831481 50
12 14 2.45906292639628 66.6666666666667
13 15 5.49421873011213 66.6666666666667
3 20 4.11521253594872 66.6666666666667
2 1 0.117415320351971 66.6666666666667
2 8 2.39211475282976 66.6666666666667
2 4 1.68956585113997 50
20 0 0.106946671521185 66.6666666666667
1 16 2.41818100901913 83.3333333333333
1 12 1.12491112206388 83.3333333333333
20 9 3.08779669986531 83.3333333333333
20 5 3.63678505752099 50
0 17 2.72774408960547 66.6666666666667
0 13 6.15759050355632 50
8 10 3.57653457913188 83.3333333333333
9 11 10.4414249196841 83.3333333333333
9 24 22.6010891659231 83.3333333333333
10 23 6.7528200448562 50
4 6 2.13641067153261 50
5 7 5.89476853842553 66.6666666666667
5 22 20.0685275114151 66.6666666666667
6 21 9.81793613384005 50
16 18 1.85430435515364 50
17 19 5.91801870848397 83.3333333333333
12 14 2.55819438867228 33.3333333333333
13 15 4.00593699116384 66.6666666666667
3 20 4.4111251662238 83.3333333333333
2 1 0.116326645775598 66.6666666666667
2 8 2.39794630924137 66.6666666666667
2 4 1.89025996064716 50
20 0 0.0990453293771111 66.6666666666667
1 16 2.50113148862171 83.3333333333333
1 12 1.21354830616571 83.3333333333333
20 9 3.11799839694844 83.3333333333333
20 5 3.42885726435902 50
0 17 2.73082355774551 66.6666666666667
0 13 6.31744625473748 50
8 10 3.56120130628455 83.3333333333333
9 11 10.2963394621655 83.3333333333333
9 24 21.3118840278617 83.3333333333333
10 23 6.77332071053318 50
4 6 1.95486149026632 66.6666666666667
5 7 4.89167519477236 66.6666666666667
5 22 20.260042626941 66.6666666666667
6 21 9.97038118328148 50
16 18 2.00425265533116 50
17 19 5.75561116092636 66.6666666666667
12 14 2.26976339387347 50
13 15 3.89572230839877 66.6666666666667
3 20 4.27710387686981 83.3333333333333
2 1 0.121088094188364 66.6666666666667
2 8 2.35968691578216 66.6666666666667
2 4 1.9010563236548 50
20 0 0.101977652807722 50
1 16 1.03275544727966 50
1 12 1.51284432988733 83.3333333333333
20 9 3.17861274370993 83.3333333333333
20 5 3.42093962501534 50
0 17 3.91953332417929 83.3333333333333
0 13 5.70454878773146 50
8 10 3.32436885436681 66.6666666666667
9 11 12.9102892746396 83.3333333333333
9 24 15.3639841390593 50
10 23 7.46578072190644 66.6666666666667
4 6 1.9062367475218 50
5 7 4.95677093224752 66.6666666666667
5 22 17.8566091803632 66.6666666666667
6 21 7.6964619828554 50
16 18 6.1772742761682 66.6666666666667
17 19 8.26336301652391 83.3333333333333
12 14 2.05863626646515 50
13 15 7.03073624519182 83.3333333333333
3 20 4.19155956221895 83.3333333333333
2 1 0.119634567328289 50
2 8 2.36846521179654 66.6666666666667
2 4 1.84288920534192 50
20 0 0.103012343817728 50
1 16 2.53437827432215 83.3333333333333
1 12 1.16682377727848 50
20 9 3.153521387769 83.3333333333333
20 5 3.16920813449646 50
0 17 2.91281845582709 66.6666666666667
0 13 6.11321382700492 66.6666666666667
8 10 3.39740608319704 66.6666666666667
9 11 16.0998261345523 83.3333333333333
9 24 20.6178258107835 66.6666666666667
10 23 10.1917978315402 66.6666666666667
4 6 2.22834441159538 33.3333333333333
5 7 4.15749754126268 50
5 22 8.87619321214634 66.6666666666667
6 21 7.70460413836443 50
16 18 6.10050358750362 66.6666666666667
17 19 8.25446332310589 83.3333333333333
12 14 2.08452912269648 50
13 15 2.91302639873655 50
3 20 3.93566030238939 66.6666666666667
2 1 0.119985010102315 50
2 8 2.28346715862072 66.6666666666667
2 4 1.83500811573303 50
20 0 0.0969817094567783 50
1 16 2.33272645727298 83.3333333333333
1 12 1.14153880578539 66.6666666666667
20 9 3.19708223924845 83.3333333333333
20 5 3.20081231067698 50
0 17 2.40435551414148 83.3333333333333
0 13 5.92611955720785 66.6666666666667
8 10 3.80779249712662 50
9 11 8.10224576064588 66.6666666666667
9 24 11.8591409486728 50
10 23 6.00545484614472 66.6666666666667
4 6 2.17058807812494 33.3333333333333
5 7 4.80236686709269 50
5 22 11.6135675065774 83.3333333333333
6 21 7.66519554124297 50
16 18 3.02962262488642 66.6666666666667
17 19 6.95192627511832 66.6666666666667
12 14 1.9393122436277 33.3333333333333
13 15 5.0483263507591 83.3333333333333
3 20 3.90930610603762 66.6666666666667
2 1 0.119793831270716 50
2 8 2.27603655253206 66.6666666666667
2 4 1.87222451391421 50
20 0 0.0953691281150768 50
1 16 2.33029968180556 83.3333333333333
1 12 1.15050183039307 66.6666666666667
20 9 3.179197929703 83.3333333333333
20 5 3.10392635096866 66.6666666666667
0 17 2.43605787877254 83.3333333333333
0 13 5.9988808129679 66.6666666666667
8 10 3.95442439054283 33.3333333333333
9 11 8.42453958854034 50
9 24 8.74461625907601 66.6666666666667
10 23 7.17195239695864 66.6666666666667
4 6 2.01676828122705 50
5 7 5.18812946270051 50
5 22 15.9561446651298 50
6 21 7.99651449349743 50
16 18 3.02807727993599 66.6666666666667
17 19 7.01962090081585 66.6666666666667
12 14 1.98603649062865 66.6666666666667
13 15 5.23596740341848 83.3333333333333
3 20 3.79576818516588 66.6666666666667
2 1 0.121535075996849 50
2 8 2.23175034603026 66.6666666666667
2 4 1.92706295931456 50
20 0 0.098434277498362 50
1 16 2.31697063534347 83.3333333333333
1 12 1.19881722763435 66.6666666666667
20 9 3.21869181762423 83.3333333333333
20 5 3.1920306044718 66.6666666666667
0 17 2.30472473132852 83.3333333333333
0 13 6.06002183804347 66.6666666666667
8 10 4.08631970155223 33.3333333333333
9 11 7.55679164047111 33.3333333333333
9 24 11.1518713639846 83.3333333333333
10 23 7.12033783584058 66.6666666666667
4 6 2.10433057304078 50
5 7 5.60394366252815 33.3333333333333
5 22 13.0262212906822 66.6666666666667
6 21 9.2495363018258 66.6666666666667
16 18 1.70045188296777 83.3333333333333
17 19 6.38489973038977 66.6666666666667
12 14 2.01292887027471 66.6666666666667
13 15 5.32828256039064 83.3333333333333
3 20 3.80816661343645 66.6666666666667
2 1 0.12631220262635 66.6666666666667
2 8 2.22487179381811 66.6666666666667
2 4 1.97239289038915 50
20 0 0.098004920922183 50
1 16 2.05824274899411 83.3333333333333
1 12 1.12343784377061 50
20 9 3.24092071616123 83.3333333333333
20 5 3.22955447791892 66.6666666666667
0 17 2.45481835211831 66.6666666666667
0 13 5.99849580276658 66.6666666666667
8 10 3.69823540560845 50
9 11 8.97484514087841 66.6666666666667
9 24 11.9036738883546 50
10 23 6.91663340903811 66.6666666666667
4 6 2.13451785357249 50
5 7 5.59400267090012 33.3333333333333
5 22 21.315443580379 66.6666666666667
6 21 8.26432291114631 66.6666666666667
16 18 1.61278522347366 83.3333333333333
17 19 6.15081795242682 66.6666666666667
12 14 1.98551568553493 50
13 15 2.7068859436124 66.6666666666667
3 20 3.57134454489236 66.6666666666667
2 1 0.115830940028575 66.6666666666667
2 8 2.16592056804913 83.3333333333333
2 4 2.05665178857772 50
20 0 0.081293053321667 50
1 16 0.963611026772526 50
1 12 1.73549492987571 83.3333333333333
20 9 3.49366088397687 83.3333333333333
20 5 3.46969209186068 50
0 17 3.31565411895334 66.6666666666667
0 13 5.84738666541524 66.6666666666667
8 10 3.58914189777854 33.3333333333333
9 11 70.6488054324837 83.3333333333333
9 24 14.7211386945862 50
10 23 69.8455530838361 83.3333333333333
4 6 2.06076552642226 50
5 7 5.58726069109022 66.6666666666667
5 22 23.2484571383 66.6666666666667
6 21 6.46792015508539 83.3333333333333
16 18 1.33554082395132 66.6666666666667
17 19 5.8856881181996 50
12 14 2.17026404277925 50
13 15 3.49913169044795 83.3333333333333
3 20 3.57029618461433 66.6666666666667
2 1 0.104169550236328 50
2 8 2.18171150917822 83.3333333333333
2 4 2.05544822796585 50
20 0 0.0781521472313878 66.6666666666667
1 16 1.50187306626528 83.3333333333333
1 12 0.922421311491401 50
20 9 3.47019944721925 66.6666666666667
20 5 3.46688513960174 50
0 17 2.59443303728026 66.6666666666667
0 13 5.805112540681 66.6666666666667
8 10 3.46594163399022 33.3333333333333
9 11 10.3855690506685 83.3333333333333
9 24 16.713742650811 66.6666666666667
10 23 9.85777733699425 50
4 6 2.04333203701071 50
5 7 5.67326237948494 50
5 22 24.820490525325 66.6666666666667
6 21 8.07901651278442 66.6666666666667
16 18 1.49498226437378 66.6666666666667
17 19 5.82117889169969 66.6666666666667
12 14 1.89147806664878 33.3333333333333
13 15 3.34818168065492 83.3333333333333
3 20 3.57549156147415 66.6666666666667
2 1 0.103816237191916 50
2 8 2.17827611977626 83.3333333333333
2 4 2.07369013325929 50
20 0 0.076956507461005 66.6666666666667
1 16 1.5098726049918 83.3333333333333
1 12 0.944712350978607 50
20 9 3.47236497217412 66.6666666666667
20 5 3.4913074795896 50
0 17 2.59360543175255 66.6666666666667
0 13 5.79247216685247 66.6666666666667
8 10 3.27896976045668 33.3333333333333
9 11 9.85383088351624 83.3333333333333
9 24 17.321721007974 50
10 23 9.01788385141328 83.3333333333333
4 6 2.05085728630074 50
5 7 5.32119345915051 50
5 22 22.7017494676114 50
6 21 8.19568711738412 66.6666666666667
16 18 1.4965597894105 66.6666666666667
17 19 5.88924356691497 66.6666666666667
12 14 1.8545848527964 33.3333333333333
13 15 3.28280481634352 83.3333333333333
3 20 3.49048844204709 66.6666666666667
2 1 0.114420139410272 66.6666666666667
2 8 2.19217282141622 83.3333333333333
2 4 1.99031965655395 50
20 0 0.0792767928857144 33.3333333333333
1 16 1.11823468716029 50
1 12 0.914783684972189 50
20 9 3.66603022356694 66.6666666666667
20 5 3.50370091437702 50
0 17 4.87716340674156 66.6666666666667
0 13 5.8186930700026 66.6666666666667
8 10 2.80252062210239 66.6666666666667
9 11 71.194547266631 83.3333333333333
9 24 15.4965111145821 66.6666666666667
10 23 71.1718155581516 83.3333333333333
4 6 2.21079895298841 66.6666666666667
5 7 8.31968684114334 33.3333333333333
5 22 14.6175293127534 66.6666666666667
6 21 6.99425245366078 50
16 18 7.90027621116664 83.3333333333333
17 19 8.20250079915397 50
12 14 1.77037671178052 66.6666666666667
13 15 1.92247810260186 50
3 20 3.55212706171134 83.3333333333333
2 1 0.113039372975485 66.6666666666667
2 8 2.17983500312123 83.3333333333333
2 4 1.97490005160059 50
20 0 0.079211523571802 33.3333333333333
1 16 1.12871392971684 50
1 12 0.928301531272709 50
20 9 3.61259168776701 66.6666666666667
20 5 3.51285375027792 50
0 17 4.90249837411049 66.6666666666667
0 13 5.679492443579 66.6666666666667
8 10 2.53485226753062 66.6666666666667
9 11 71.1551098213853 83.3333333333333
9 24 23.0379522177895 83.3333333333333
10 23 71.2719608969408 83.3333333333333
4 6 2.18658436140243 50
5 7 6.3562450765677 66.6666666666667
5 22 18.4968920465302 50
6 21 7.06697416664198 66.6666666666667
16 18 7.92391234098453 83.3333333333333
17 19 8.39152132570993 50
12 14 1.61552245768487 66.6666666666667
13 15 1.88825969502463 50
3 20 3.56355463728242 83.3333333333333
2 1 0.110490472672941 66.6666666666667
2 8 2.19803929574314 83.3333333333333
2 4 1.94964401177417 50
20 0 0.0772537317551331 50
1 16 1.11608537909494 33.3333333333333
1 12 0.953804291626149 50
20 9 3.66550190617669 66.6666666666667
20 5 3.50638594738709 50
0 17 5.16865510408832 66.6666666666667
0 13 5.6337833479126 66.6666666666667
8 10 2.43632318945446 66.6666666666667
9 11 71.1966187224773 83.3333333333333
9 24 17.5352806983434 83.3333333333333
10 23 70.9750973556111 83.3333333333333
4 6 2.13710658260412 50
5 7 6.94025678219404 50
5 22 15.3442266694821 66.6666666666667
6 21 9.30347477780898 66.6666666666667
16 18 8.04328236943082 83.3333333333333
17 19 8.48101705139137 50
12 14 1.59885820122904 66.6666666666667
13 15 3.27180019187814 66.6666666666667
3 20 3.51276224497082 83.3333333333333
2 1 0.110107042790732 66.6666666666667
2 8 2.17104854274888 83.3333333333333
2 4 1.94618877409369 50
20 0 0.0746367734695598 50
1 16 1.11723450326745 33.3333333333333
1 12 0.957552078080085 50
20 9 3.66413171136771 66.6666666666667
20 5 3.50666187964956 50
0 17 4.67113615509039 66.6666666666667
0 13 5.61287868210903 66.6666666666667
8 10 2.43889103945477 66.6666666666667
9 11 71.2283832493274 83.3333333333333
9 24 17.5637314812332 83.3333333333333
10 23 71.0070853705249 83.3333333333333
4 6 2.13705139993064 50
5 7 6.96826018150898 50
5 22 15.5312654809018 66.6666666666667
6 21 9.36619748595173 66.6666666666667
16 18 6.54636584935822 83.3333333333333
17 19 7.86470019398553 50
12 14 1.56707249840144 66.6666666666667
13 15 3.27900329979631 66.6666666666667
3 20 3.51284218838783 83.3333333333333
2 1 0.109981343403479 66.6666666666667
2 8 2.17524032029545 83.3333333333333
2 4 1.90441602226343 50
20 0 0.0729425760174453 50
1 16 1.12450144823352 33.3333333333333
1 12 0.975102430954996 50
20 9 3.68361281576948 66.6666666666667
20 5 3.46067113555617 50
0 17 4.66883123994115 66.6666666666667
0 13 5.60893240427829 66.6666666666667
8 10 2.35341069857944 83.3333333333333
9 11 71.5057871211827 83.3333333333333
9 24 20.8270869388203 83.3333333333333
10 23 71.4195930986145 83.3333333333333
4 6 2.14835893176176 50
5 7 6.8394901066289 50
5 22 15.3081770776688 50
6 21 9.41982943414081 66.6666666666667
16 18 6.54206627493197 83.3333333333333
17 19 7.96903579768394 50
12 14 1.54561490804308 66.6666666666667
13 15 3.21614426887522 66.6666666666667
3 20 3.51626421202346 66.6666666666667
2 1 0.108319978907805 66.6666666666667
2 8 2.18720151147496 83.3333333333333
2 4 2.0112689270299 50
20 0 0.0697142571108121 50
1 16 1.1173577070617 33.3333333333333
1 12 0.992675198711694 50
20 9 3.65757124183082 66.6666666666667
20 5 3.74653208331963 50
0 17 4.6895158354311 66.6666666666667
0 13 5.57443448170291 66.6666666666667
8 10 2.44996476638087 83.3333333333333
9 11 71.6155020577083 83.3333333333333
9 24 23.8557818641106 83.3333333333333
10 23 71.1705385909077 83.3333333333333
4 6 2.23345469243404 66.6666666666667
5 7 6.92490823601013 66.6666666666667
5 22 18.4528146501606 50
6 21 9.07525676676149 50
16 18 6.53679461632211 83.3333333333333
17 19 8.24866707893888 33.3333333333333
12 14 1.48809027445804 66.6666666666667
13 15 2.90823428623106 66.6666666666667
3 20 3.5243886675343 66.6666666666667
2 1 0.0787261679191875 50
2 8 2.10878136045686 83.3333333333333
2 4 1.97870233086002 33.3333333333333
20 0 0.0488541960218367 50
1 16 1.09592939916408 33.3333333333333
1 12 1.00073806670406 50
20 9 3.58835908726216 66.6666666666667
20 5 3.84076178468998 33.3333333333333
0 17 3.23769474972752 66.6666666666667
0 13 5.51422017430444 66.6666666666667
8 10 2.43198609985933 83.3333333333333
9 11 7.13864124676336 66.6666666666667
9 24 19.9212063303726 83.3333333333333
10 23 7.63114373092146 83.3333333333333
4 6 2.2940529589163 66.6666666666667
5 7 6.1243815262756 50
5 22 19.1928586458559 50
6 21 8.67808198191773 50
16 18 1.27413586057137 66.6666666666667
17 19 5.81591585368394 33.3333333333333
12 14 1.44093181867773 66.6666666666667
13 15 4.65327003453691 83.3333333333333
3 20 3.55161497789955 83.3333333333333
2 1 0.0731763461947731 66.6666666666667
2 8 2.07975842806627 83.3333333333333
2 4 1.9447852565737 33.3333333333333
20 0 0.0418067723230162 66.6666666666667
1 16 1.07361249216121 33.3333333333333
1 12 0.959493564434703 50
20 9 3.56928096999425 66.6666666666667
20 5 3.9316776179913 33.3333333333333
0 17 3.22529120629718 66.6666666666667
0 13 5.48549766422316 66.6666666666667
8 10 2.37342244214949 66.6666666666667
9 11 7.39811582526093 66.6666666666667
9 24 20.7232148313374 83.3333333333333
10 23 7.74649472725377 83.3333333333333
4 6 2.39348290937903 66.6666666666667
5 7 6.46862905834385 33.3333333333333
5 22 19.1889436939539 66.6666666666667
6 21 8.42356990060481 50
16 18 1.27564581416912 66.6666666666667
17 19 5.7855939515107 33.3333333333333
12 14 1.41100536890199 66.6666666666667
13 15 4.60682091317598 83.3333333333333
3 20 3.55433389654119 83.3333333333333
2 1 0.0733003217840244 66.6666666666667
2 8 2.08228563983279 83.3333333333333
2 4 1.91884862743 33.3333333333333
20 0 0.0407939712297483 66.6666666666667
1 16 1.05848581281328 33.3333333333333
1 12 0.928603237266528 50
20 9 3.60396344746246 66.6666666666667
20 5 3.96852830405343 33.3333333333333
0 17 3.25535390236657 66.6666666666667
0 13 5.43914516629212 66.6666666666667
8 10 2.37689579948716 66.6666666666667
9 11 7.32222321470931 66.6666666666667
9 24 19.6231993140822 83.3333333333333
10 23 7.8407375486736 83.3333333333333
4 6 2.36616176281501 66.6666666666667
5 7 6.45447627414752 33.3333333333333
5 22 18.279346288334 66.6666666666667
6 21 8.09865557407644 50
16 18 1.27920573216523 66.6666666666667
17 19 5.7857600007179 33.3333333333333
12 14 1.40013862016637 66.6666666666667
13 15 4.60843881792926 83.3333333333333
3 20 3.57866454151151 83.3333333333333
2 1 0.0692440815067844 66.6666666666667
2 8 2.06375560060517 83.3333333333333
2 4 1.89580640721477 33.3333333333333
20 0 0.0354293583083941 66.6666666666667
1 16 1.06413514597008 33.3333333333333
1 12 0.896197485548079 50
20 9 3.59069535314374 83.3333333333333
20 5 4.04962410703171 33.3333333333333
0 17 3.27054299093287 66.6666666666667
0 13 5.40642900331149 66.6666666666667
8 10 2.39580111679364 66.6666666666667
9 11 6.95450620953879 66.6666666666667
9 24 20.3287533498351 83.3333333333333
10 23 7.55931528336025 83.3333333333333
4 6 2.39365557507083 66.6666666666667
5 7 6.88769616987046 33.3333333333333
5 22 18.0760314648846 33.3333333333333
6 21 8.90551730426095 50
16 18 1.3207322117658 66.6666666666667
17 19 5.74261417519994 50
12 14 1.39220492259221 66.6666666666667
13 15 4.62743705118579 83.3333333333333
3 20 3.57028550440932 83.3333333333333
2 1 0.0693460314652605 66.6666666666667
2 8 2.06220541292281 83.3333333333333
2 4 1.88643345284204 33.3333333333333
20 0 0.035281698747381 66.6666666666667
1 16 1.05868986411444 33.3333333333333
1 12 0.8899809065256 50
20 9 3.59083367107062 83.3333333333333
20 5 4.05109036986418 33.3333333333333
0 17 3.27276178382722 66.6666666666667
0 13 5.42466976190678 66.6666666666667
8 10 2.37516610681977 66.6666666666667
9 11 6.95248398658636 66.6666666666667
9 24 21.4201321304922 83.3333333333333
10 23 7.80681134495339 83.3333333333333
4 6 2.3950522309599 66.6666666666667
5 7 6.55728238999753 50
5 22 16.8818250081659 50
6 21 8.84073768882978 50
16 18 1.30450355182879 66.6666666666667
17 19 6.07197382317353 50
12 14 1.41744308316598 66.6666666666667
13 15 4.59038168518724 83.3333333333333
3 20 3.60092257696251 66.6666666666667
2 1 0.0642537206599395 66.6666666666667
2 8 1.99372472350983 83.3333333333333
2 4 1.86175664336635 33.3333333333333
20 0 0.0314786913025421 33.3333333333333
1 16 0.961734852643908 50
1 12 1.00895695002819 50
20 9 3.54074044752674 83.3333333333333
20 5 4.15731874616474 33.3333333333333
0 17 3.55596450472988 66.6666666666667
0 13 5.26478478252666 66.6666666666667
8 10 2.02110353056271 66.6666666666667
9 11 70.0077107690042 83.3333333333333
9 24 23.6400248974969 83.3333333333333
10 23 72.370381616398 83.3333333333333
4 6 2.28737169939655 66.6666666666667
5 7 7.21388054176233 66.6666666666667
5 22 19.5446961827001 66.6666666666667
6 21 6.25427416990484 50
16 18 1.44197951507929 66.6666666666667
17 19 6.10553514185877 50
12 14 1.31953878225629 66.6666666666667
13 15 2.3185299914731 50
3 20 3.59553205706965 66.6666666666667
2 1 0.0673677726689963 66.6666666666667
2 8 2.00080471683634 83.3333333333333
2 4 1.86335223999204 33.3333333333333
20 0 0.033523734706675 50
1 16 0.95827430101683 50
1 12 0.988501271170014 50
20 9 3.54264986015827 83.3333333333333
20 5 4.16155143062209 33.3333333333333
0 17 3.38588631830058 66.6666666666667
0 13 5.24597116369453 66.6666666666667
8 10 2.03760461625482 50
9 11 6.10650897108749 66.6666666666667
9 24 21.5199866521445 66.6666666666667
10 23 4.62718688114951 66.6666666666667
4 6 2.20017865356603 66.6666666666667
5 7 7.20390690333134 66.6666666666667
5 22 22.4723370176346 66.6666666666667
6 21 4.81274811893811 66.6666666666667
16 18 1.53605216569137 66.6666666666667
17 19 5.89336693774098 50
12 14 1.32485297115969 66.6666666666667
13 15 4.4019735525161 83.3333333333333
3 20 3.5977092468312 66.6666666666667
2 1 0.0636950973508747 66.6666666666667
2 8 1.99117427026923 83.3333333333333
2 4 2.01034650495897 50
20 0 0.0329900128482799 50
1 16 0.945931801941701 50
1 12 0.944788341194508 50
20 9 3.53849558375562 83.3333333333333
20 5 4.31004289429933 33.3333333333333
0 17 3.56288382653309 66.6666666666667
0 13 5.29251880865275 66.6666666666667
8 10 2.47844661513259 66.6666666666667
9 11 71.1199757186895 83.3333333333333
9 24 26.1908990781276 83.3333333333333
10 23 71.5525556859224 83.3333333333333
4 6 2.1895799577959 66.6666666666667
5 7 7.23512843503433 50
5 22 23.0421528737891 33.3333333333333
6 21 5.0638968245302 50
16 18 1.51046438759417 66.6666666666667
17 19 5.80147239130586 50
12 14 1.33414909124903 66.6666666666667
13 15 2.17217760661477 66.6666666666667
3 20 3.59881792171934 66.6666666666667
2 1 0.0591368846394518 66.6666666666667
2 8 1.97380429322352 83.3333333333333
2 4 2.00863815681119 50
20 0 0.0327031822995627 50
1 16 0.955772462241606 50
1 12 0.942997268142051 50
20 9 3.53075067730574 83.3333333333333
20 5 4.31841814726649 33.3333333333333
0 17 3.63648101324291 66.6666666666667
0 13 5.30637409896456 66.6666666666667
8 10 2.48178615516463 66.6666666666667
9 11 70.5361268095456 83.3333333333333
9 24 24.9563649460668 83.3333333333333
10 23 71.2826922603878 83.3333333333333
4 6 2.20274812013695 66.6666666666667
5 7 7.41217133449844 66.6666666666667
5 22 25.35899736913 50
6 21 4.61761090334654 50
16 18 1.46543717831972 66.6666666666667
17 19 5.79638102864258 50
12 14 1.33617858652239 66.6666666666667
13 15 2.13860260151509 66.6666666666667
3 20 3.61165033327358 66.6666666666667
2 1 0.0600606659839706 66.6666666666667
2 8 1.9579841437566 83.3333333333333
2 4 2.02552802285669 66.6666666666667
20 0 0.0312876881870804 50
1 16 0.952994191115288 50
1 12 0.934176708648981 50
20 9 3.50098908548109 83.3333333333333
20 5 4.35943989908732 33.3333333333333
0 17 3.53471261368175 66.6666666666667
0 13 5.26522337279289 66.6666666666667
8 10 2.45994637654754 66.6666666666667
9 11 70.9120897353591 83.3333333333333
9 24 25.3171265788122 83.3333333333333
10 23 71.4807785303718 83.3333333333333
4 6 2.17753123989911 66.6666666666667
5 7 7.57807331184508 50
5 22 20.6945781307356 66.6666666666667
6 21 4.88981230223429 50
16 18 1.56613530479534 83.3333333333333
17 19 5.82325442775984 50
12 14 1.28773836892926 66.6666666666667
13 15 3.37684775108845 50
3 20 3.61372580597712 66.6666666666667
2 1 0.0607601565968769 66.6666666666667
2 8 1.96205485059615 83.3333333333333
2 4 2.01116102485058 66.6666666666667
20 0 0.0310409009096227 50
1 16 0.951449210559576 50
1 12 0.933371424153274 50
20 9 3.51061919217308 83.3333333333333
20 5 4.33806563425711 33.3333333333333
0 17 3.53496682553467 66.6666666666667
0 13 5.26686933359626 66.6666666666667
8 10 2.4343512595589 66.6666666666667
9 11 70.8113348687024 83.3333333333333
9 24 8.95968432447698 83.3333333333333
10 23 71.4350034496599 83.3333333333333
4 6 2.17919257821016 66.6666666666667
5 7 7.62885391523354 50
5 22 21.5492138717421 66.6666666666667
6 21 4.87459807520158 50
16 18 1.56752085532096 83.3333333333333
17 19 5.81729910328837 50
12 14 1.29110813782511 66.6666666666667
13 15 3.30631427585205 50
3 20 3.62490417076949 66.6666666666667
2 1 0.0606358633915849 66.6666666666667
2 8 1.97393724207509 83.3333333333333
2 4 2.0127390212715 66.6666666666667
20 0 0.0295514710748122 66.6666666666667
1 16 0.976787461901565 50
1 12 0.94943568167726 50
20 9 3.51687076172272 83.3333333333333
20 5 4.35230522074901 50
0 17 4.20780258610306 66.6666666666667
0 13 5.25662688701182 66.6666666666667
8 10 2.40209737779891 66.6666666666667
9 11 70.8409813749004 83.3333333333333
9 24 8.92885815899052 83.3333333333333
10 23 71.8463839206186 83.3333333333333
4 6 2.19636839752617 66.6666666666667
5 7 7.50888995215002 50
5 22 19.512560116518 66.6666666666667
6 21 4.76610376484821 50
16 18 3.62843574364624 66.6666666666667
17 19 6.59529305937224 66.6666666666667
12 14 1.27379364824345 66.6666666666667
13 15 3.31144917016941 66.6666666666667
3 20 3.62961274450203 66.6666666666667
2 1 0.0539483662363688 50
2 8 1.98053134054611 83.3333333333333
2 4 2.03477279353275 66.6666666666667
20 0 0.0594401948837194 83.3333333333333
1 16 0.938453378973126 50
1 12 2.42266655046259 83.3333333333333
20 9 3.54951536922215 83.3333333333333
20 5 4.35890735883037 33.3333333333333
0 17 4.42708493473805 66.6666666666667
0 13 5.06047530557497 66.6666666666667
8 10 2.40228982579598 66.6666666666667
9 11 70.6837694294466 83.3333333333333
9 24 9.11556086294597 66.6666666666667
10 23 71.5602919705095 83.3333333333333
4 6 2.1727975061217 66.6666666666667
5 7 5.41164082943384 50
5 22 22.4310297223036 50
6 21 6.3038615193906 66.6666666666667
16 18 2.05540765092927 66.6666666666667
17 19 6.22839472975673 50
12 14 1.29758607485346 66.6666666666667
13 15 4.15158817562975 83.3333333333333
3 20 3.63606387119471 66.6666666666667
2 1 0.0538579649812411 50
2 8 1.98072078707649 83.3333333333333
2 4 1.98606423966106 66.6666666666667
20 0 0.0549071601538094 83.3333333333333
1 16 1.17846188142368 66.6666666666667
1 12 1.03323776008257 50
20 9 3.53797033268448 83.3333333333333
20 5 4.29578615619655 50
0 17 3.83072658859772 66.6666666666667
0 13 5.20128310321591 66.6666666666667
8 10 2.41098676185096 66.6666666666667
9 11 70.6752497117954 83.3333333333333
9 24 10.3922142995817 66.6666666666667
10 23 71.5507957572375 83.3333333333333
4 6 2.18121543767919 66.6666666666667
5 7 5.28176302514493 50
5 22 25.5790664949096 50
6 21 6.4653078739102 66.6666666666667
16 18 1.59986388665885 33.3333333333333
17 19 6.09273905533577 50
12 14 1.24438476417852 66.6666666666667
13 15 4.26025607416048 83.3333333333333
3 20 3.60153426354429 66.6666666666667
2 1 0.0549393181211919 33.3333333333333
2 8 1.9616005848872 83.3333333333333
2 4 1.96631163168897 50
20 0 0.0536178218452978 83.3333333333333
1 16 1.17673245443634 50
1 12 1.04295314800204 50
20 9 3.50946454981965 83.3333333333333
20 5 4.29264653456351 50
0 17 3.79499627215371 66.6666666666667
0 13 5.23319209998525 66.6666666666667
8 10 2.3852923004432 66.6666666666667
9 11 70.4188720299465 83.3333333333333
9 24 11.2311435386846 66.6666666666667
10 23 71.368967089515 83.3333333333333
4 6 2.20065489010391 66.6666666666667
5 7 5.42987662833955 50
5 22 23.5163522666312 50
6 21 6.19751349684221 66.6666666666667
16 18 1.2695063378636 50
17 19 6.30630480546582 50
12 14 1.26251451636538 66.6666666666667
13 15 4.19653169416693 83.3333333333333
3 20 3.61052150560153 66.6666666666667
2 1 0.0542708087577667 33.3333333333333
2 8 1.95404451807462 83.3333333333333
2 4 1.97514182439929 50
20 0 0.0652084838071981 83.3333333333333
1 16 0.965518561767196 50
1 12 1.96779515629441 83.3333333333333
20 9 3.48200472204307 83.3333333333333
20 5 4.3134535218583 50
0 17 4.66905995320564 66.6666666666667
0 13 5.15952419078335 66.6666666666667
8 10 2.38902772503117 66.6666666666667
9 11 70.3187641212197 83.3333333333333
9 24 10.6673781174624 83.3333333333333
10 23 71.4959936656897 83.3333333333333
4 6 2.19041113915888 66.6666666666667
5 7 5.71612650525388 50
5 22 21.3124283608329 33.3333333333333
6 21 5.43307641742504 66.6666666666667
16 18 1.22933338383212 50
17 19 6.26237364559937 50
12 14 1.34906771305629 66.6666666666667
13 15 3.94125815036399 83.3333333333333
3 20 3.63138668400849 66.6666666666667
2 1 0.0576660861665286 66.6666666666667
2 8 1.97606093565384 83.3333333333333
2 4 1.9846932423068 50
20 0 0.0657022638315929 83.3333333333333
1 16 1.00513101696212 50
1 12 1.97424464813858 83.3333333333333
20 9 3.51938749330791 83.3333333333333
20 5 4.27003928030293 33.3333333333333
0 17 4.71378325342799 66.6666666666667
0 13 5.09903195510918 66.6666666666667
8 10 2.47167603899154 66.6666666666667
9 11 70.7847120938644 83.3333333333333
9 24 13.1830042017753 83.3333333333333
10 23 71.1199281780293 83.3333333333333
4 6 2.11354814191073 66.6666666666667
5 7 5.5636466515856 50
5 22 21.5930025552828 66.6666666666667
6 21 4.19910186368967 50
16 18 1.06964285643131 66.6666666666667
17 19 6.29689433401094 50
12 14 1.36044527206506 66.6666666666667
13 15 3.89952121113086 83.3333333333333
3 20 3.63629119054097 66.6666666666667
2 1 0.0590894640304066 66.6666666666667
2 8 1.97667043243091 83.3333333333333
2 4 1.98923481365586 50
20 0 0.0569019079288786 83.3333333333333
1 16 1.32019734291391 66.6666666666667
1 12 1.05350641758441 50
20 9 3.54124686872917 83.3333333333333
20 5 4.23915106389083 33.3333333333333
0 17 3.64982476495868 66.6666666666667
0 13 5.21216874143114 66.6666666666667
8 10 2.50153708104965 66.6666666666667
9 11 70.722007825334 83.3333333333333
9 24 10.3019378138446 83.3333333333333
10 23 71.0202432663097 83.3333333333333
4 6 2.09662341323933 66.6666666666667
5 7 6.09261981864296 50
5 22 19.0967677988642 50
6 21 4.05568767421565 50
16 18 1.21755949917369 66.6666666666667
17 19 6.30734572550911 50
12 14 1.23744327527094 83.3333333333333
13 15 2.72022536677046 66.6666666666667
3 20 3.63531577114378 66.6666666666667
2 1 0.0594379871129264 50
2 8 1.97913708073541 83.3333333333333
2 4 2.03222316606143 50
20 0 0.0572501397929215 83.3333333333333
1 16 1.32004545079945 66.6666666666667
1 12 1.05688688332086 50
20 9 3.5468895665188 83.3333333333333
20 5 4.26562288729656 33.3333333333333
0 17 3.65193859424812 66.6666666666667
0 13 5.25140679527965 66.6666666666667
8 10 2.51840427639351 66.6666666666667
9 11 70.5890170426673 83.3333333333333
9 24 12.210856015004 66.6666666666667
10 23 71.1258321074157 83.3333333333333
4 6 2.0890200697139 66.6666666666667
5 7 5.66235399564912 50
5 22 17.4767991688421 50
6 21 4.01746464389184 50
16 18 1.73590917891054 83.3333333333333
17 19 7.85320109274455 50
12 14 1.33051257715902 66.6666666666667
13 15 2.66886552323454 83.3333333333333
3 20 3.65898871675301 66.6666666666667
2 1 0.0577985204098778 50
2 8 1.98452779139371 83.3333333333333
2 4 2.06782167879047 50
20 0 0.0577295849787002 83.3333333333333
1 16 1.31427396675818 66.6666666666667
1 12 1.04616392994137 50
20 9 3.53806151878175 83.3333333333333
20 5 4.29057535013394 33.3333333333333
0 17 4.17669430946518 66.6666666666667
0 13 5.31382491442799 66.6666666666667
8 10 2.50704491293545 66.6666666666667
9 11 70.6225155441116 83.3333333333333
9 24 9.68843767232819 83.3333333333333
10 23 71.1444582161466 83.3333333333333
4 6 2.1123139395546 66.6666666666667
5 7 5.57696218785995 66.6666666666667
5 22 22.1725691731387 33.3333333333333
6 21 4.49361992301866 50
16 18 3.52129439645712 66.6666666666667
17 19 6.57326415679958 50
12 14 1.36170300679234 66.6666666666667
13 15 2.6733960168355 83.3333333333333
3 20 3.67830318090666 66.6666666666667
2 1 0.0609756066574 50
2 8 1.99002840079001 83.3333333333333
2 4 2.08776741213905 33.3333333333333
20 0 0.0589480636534772 83.3333333333333
1 16 1.25999587692891 66.6666666666667
1 12 0.94567972291898 66.6666666666667
20 9 3.63061883133798 83.3333333333333
20 5 4.27926159472217 33.3333333333333
0 17 3.83461542086499 66.6666666666667
0 13 5.33846161901556 66.6666666666667
8 10 2.36774737614891 66.6666666666667
9 11 69.7045127652145 83.3333333333333
9 24 10.5443218214 83.3333333333333
10 23 70.6897931348853 83.3333333333333
4 6 2.04136633129231 66.6666666666667
5 7 5.95517636085611 50
5 22 21.656581619017 33.3333333333333
6 21 5.27517759524714 50
16 18 1.54015590927808 50
17 19 4.94709882309297 66.6666666666667
12 14 1.36238511628082 50
13 15 2.86159892836179 66.6666666666667
3 20 3.7038432675191 66.6666666666667
2 1 0.0655436905973935 83.3333333333333
2 8 1.9958508951523 83.3333333333333
2 4 2.08795215105449 33.3333333333333
20 0 0.0734643073924268 83.3333333333333
1 16 1.09491208903049 50
1 12 1.84577669520483 83.3333333333333
20 9 3.63657227098289 83.3333333333333
20 5 4.26883247819847 33.3333333333333
0 17 5.27593894439329 66.6666666666667
0 13 5.14275372137943 66.6666666666667
8 10 2.37166997837921 66.6666666666667
9 11 69.7511424492726 83.3333333333333
9 24 12.301617665527 83.3333333333333
10 23 70.5365848731448 83.3333333333333
4 6 2.05911452973916 66.6666666666667
5 7 5.84348314145854 50
5 22 21.839949863164 33.3333333333333
6 21 5.44865235761304 50
16 18 1.35826551040357 50
17 19 4.93247507017649 66.6666666666667
12 14 1.48482539085792 50
13 15 2.799370173584 50
3 20 3.72589280108925 66.6666666666667
2 1 0.0637571900788817 66.6666666666667
2 8 1.99827627534663 83.3333333333333
2 4 2.05144795345898 33.3333333333333
20 0 0.0754421023637698 83.3333333333333
1 16 1.07287264044289 50
1 12 1.85389105166661 83.3333333333333
20 9 3.6436262577618 83.3333333333333
20 5 4.13968862238458 33.3333333333333
0 17 5.19934799773896 66.6666666666667
0 13 5.14968253794095 66.6666666666667
8 10 2.48766123984684 66.6666666666667
9 11 70.316791864835 83.3333333333333
9 24 14.0424294761866 83.3333333333333
10 23 71.1965489259657 83.3333333333333
4 6 2.11058562586763 66.6666666666667
5 7 6.55126447055018 33.3333333333333
5 22 20.134680703355 50
6 21 4.63985953177962 66.6666666666667
16 18 1.21801459405118 66.6666666666667
17 19 4.75033660985133 66.6666666666667
12 14 1.4940170137211 50
13 15 2.82347875329574 66.6666666666667
3 20 3.73636498160113 66.6666666666667
2 1 0.0659611605541596 66.6666666666667
2 8 1.97300735952242 83.3333333333333
2 4 2.04741302018297 33.3333333333333
20 0 0.0747729960963713 83.3333333333333
1 16 1.59353152982126 83.3333333333333
1 12 0.907353327112861 66.6666666666667
20 9 3.61391325462998 83.3333333333333
20 5 4.12697303528123 50
0 17 4.30836903066653 66.6666666666667
0 13 5.64439701440567 50
8 10 2.44421655715392 66.6666666666667
9 11 70.3146211121703 83.3333333333333
9 24 12.2270279348836 83.3333333333333
10 23 71.2034268319874 83.3333333333333
4 6 2.15687106313551 66.6666666666667
5 7 6.48820185434588 33.3333333333333
5 22 19.5970367059424 50
6 21 4.73361348259133 66.6666666666667
16 18 3.21132104320229 83.3333333333333
17 19 5.61622205888861 50
12 14 1.53822408002711 66.6666666666667
13 15 10.5922584676486 83.3333333333333
3 20 3.76483483530672 66.6666666666667
2 1 0.0666263888299851 50
2 8 1.95730991144772 83.3333333333333
2 4 2.04030588863215 50
20 0 0.0753711382534417 83.3333333333333
1 16 1.59474487979439 83.3333333333333
1 12 0.945255486173231 50
20 9 3.59879308617544 83.3333333333333
20 5 4.10601540860811 50
0 17 4.48933964008558 66.6666666666667
0 13 5.65918733957761 50
8 10 2.39798711811832 66.6666666666667
9 11 70.0247426422432 83.3333333333333
9 24 9.62798162917679 83.3333333333333
10 23 71.563805440826 83.3333333333333
4 6 2.19574226143057 66.6666666666667
5 7 7.08141641228528 50
5 22 34.1188154823363 50
6 21 4.20671470046273 66.6666666666667
16 18 3.54463723790644 83.3333333333333
17 19 5.72455907827627 50
12 14 1.57841879768893 50
13 15 10.6941961367846 83.3333333333333
3 20 3.65092074950207 66.6666666666667
2 1 0.0671214245683441 33.3333333333333
2 8 0.93413620621198 66.6666666666667
2 4 1.95486227015706 50
20 0 0.0232162460777419 50
1 16 1.0799440760878 66.6666666666667
1 12 1.05981074632368 66.6666666666667
20 9 2.15143225451332 50
20 5 4.17800629658123 50
0 17 3.89253326246661 50
0 13 5.97456020816544 50
8 10 2.56803032843594 50
9 11 5.4891106610535 50
9 24 9.17401103124372 50
10 23 4.32641770033924 66.6666666666667
4 6 2.11670917276347 50
5 7 6.88411838954078 33.3333333333333
5 22 25.6221253991851 33.3333333333333
6 21 5.89351973829091 33.3333333333333
16 18 3.78934618680093 50
17 19 6.28887852233862 33.3333333333333
12 14 1.44450371743066 50
13 15 1.82805961132904 50
3 20 3.68886830507122 66.6666666666667
2 1 0.0677654145669242 33.3333333333333
2 8 0.907171894022964 66.6666666666667
2 4 1.95007875711649 50
20 0 0.0233617149425463 50
1 16 1.0884275484582 50
1 12 1.05520316932619 66.6666666666667
20 9 2.14879696815112 50
20 5 4.1963965820378 50
0 17 3.78924142699258 50
0 13 5.92474125396473 50
8 10 2.50100130880876 50
9 11 5.63680362274791 50
9 24 7.7468561311605 50
10 23 4.25402720896458 33.3333333333333
4 6 2.14427981305786 50
5 7 7.25909982837466 33.3333333333333
5 22 21.3632994737277 50
6 21 5.15355625452292 33.3333333333333
16 18 3.31976477183923 50
17 19 6.57698331131122 33.3333333333333
12 14 1.39905436833973 50
13 15 1.85041286625428 50
3 20 3.68603881477211 66.6666666666667
2 1 0.0731786533130214 33.3333333333333
2 8 0.900085707536946 66.6666666666667
2 4 1.91785560971083 50
20 0 0.027424291845597 50
1 16 1.09336891968347 50
1 12 1.05737369236766 66.6666666666667
20 9 2.17242618542869 50
20 5 4.13912351943073 50
0 17 3.79946537401749 50
0 13 5.96533339226488 50
8 10 2.39365710564653 50
9 11 5.5607151511364 50
9 24 8.34689351596397 50
10 23 4.06105166614873 33.3333333333333
4 6 2.18288166861146 66.6666666666667
5 7 7.88667662711538 50
5 22 23.039716968129 50
6 21 7.1122318818029 66.6666666666667
16 18 3.363405747729 50
17 19 6.4971537636778 33.3333333333333
12 14 1.50086666548845 50
13 15 1.69579835967033 50
3 20 3.71171051361933 66.6666666666667
2 1 0.072349320383135 33.3333333333333
2 8 0.89858258697175 66.6666666666667
2 4 1.932452565316 50
20 0 0.026507615225196 33.3333333333333
1 16 1.09329340880364 50
1 12 1.05710963893015 66.6666666666667
20 9 2.17419141274497 50
20 5 4.14407992661454 50
0 17 3.80695278818808 33.3333333333333
0 13 5.99642805101415 50
8 10 2.40537859920886 50
9 11 5.56306348817446 50
9 24 10.0440993546979 50
10 23 4.79340055756068 33.3333333333333
4 6 2.16179278288539 66.6666666666667
5 7 7.45769031512273 50
5 22 25.8698432673482 66.6666666666667
6 21 6.65746114457567 50
16 18 3.35939215916798 50
17 19 6.74606451215358 33.3333333333333
12 14 1.57515129393377 50
13 15 1.59692373188797 50
3 20 3.73249625025197 66.6666666666667
2 1 0.0751447521702034 33.3333333333333
2 8 0.899944258866401 66.6666666666667
2 4 1.93250838333261 50
20 0 0.0253598533960327 50
1 16 1.13139387477367 50
1 12 1.08870600698848 50
20 9 2.17132987206475 50
20 5 4.15013428877058 50
0 17 3.94868073058691 33.3333333333333
0 13 6.03530463036298 50
8 10 2.4103695082812 50
9 11 5.18548966764105 50
9 24 5.7380821641483 33.3333333333333
10 23 4.70908559243348 50
4 6 2.19651290927808 66.6666666666667
5 7 7.4474150564758 50
5 22 26.6439418922823 66.6666666666667
6 21 7.97380384777408 66.6666666666667
16 18 3.78408237677918 50
17 19 6.70051223856121 33.3333333333333
12 14 1.5586572884916 50
13 15 1.60229174424298 50
3 20 3.73466546939444 66.6666666666667
2 1 0.0720601611268006 33.3333333333333
2 8 0.900195242656367 66.6666666666667
2 4 1.92110208017642 50
20 0 0.024866200068483 33.3333333333333
1 16 1.12439893770766 50
1 12 1.0802104250144 50
20 9 2.18734972550191 50
20 5 4.13785140790645 50
0 17 3.94785950955512 33.3333333333333
0 13 5.96136538977438 50
8 10 2.34275439564803 50
9 11 5.14430414214508 50
9 24 4.94284073528028 50
10 23 4.69021462730976 50
4 6 2.17173986892533 66.6666666666667
5 7 6.61789672036411 33.3333333333333
5 22 33.5499342340827 66.6666666666667
6 21 7.90111877905074 66.6666666666667
16 18 3.91334027185055 50
17 19 8.27069627091162 50
12 14 1.46873303101167 50
13 15 1.56800856046477 50
>>>>>>> parent of d3daa5c... comment + database
