Z           X            Y     Timestamp     Body id     Joint type ColorPointX ColorPointY  DepthPointX DepthPointY  WidthOfDisplay  HeightOfDisplay
1.46877 -0.01770574 -0.9576908 63662611511730 72057594037928269 14 994.7517 1224.843 248.8603 442.9881 512 424 
1.331516 -0.01879812 -0.9581302 63662611511730 72057594037928269 15 996.6866 1297.352 248.1582 465.0649 512 424 
1.578362 -0.02226905 -1.003021 63662611511730 72057594037928269 18 989.8635 1207.102 248.1017 437.3916 512 424 
1.455086 -0.0287833 -1.041378 63662611511730 72057594037928269 19 987.0656 1293.163 246.1091 463.8213 512 424 
1.679075 -0.02319288 -0.9663044 63662611511809 72057594037928269 15 987.8737 1142.903 248.1827 416.6148 512 424 
1.688709 -0.009658369 -0.9892043 63662611511809 72057594037928269 18 996.3167 1153.89 251.1563 420.2274 512 424 
1.576192 -0.007657993 -1.044362 63662611511809 72057594037928269 19 999.825 1236.155 251.486 446.5215 512 424 
1.679075 -0.02319288 -0.9663044 63662611511809 72057594037928269 15 987.8737 1142.903 248.1827 416.6148 512 424 
1.688709 -0.009658369 -0.9892043 63662611511809 72057594037928269 18 996.3167 1153.89 251.1563 420.2274 512 424 
1.576192 -0.007657993 -1.044362 63662611511809 72057594037928269 19 999.825 1236.155 251.486 446.5215 512 424 
1.753441 -0.08097965 -1.048186 63662611512119 72057594037928269 15 952.1029 1166.76 236.3277 424.3898 512 424 
1.762994 -0.07679638 -1.047944 63662611512119 72057594037928269 19 954.7083 1163.147 237.2843 423.2179 512 424 
1.753441 -0.08097965 -1.048186 63662611512119 72057594037928269 15 952.1029 1166.76 236.3277 424.3898 512 424 
1.762994 -0.07679638 -1.047944 63662611512119 72057594037928269 19 954.7083 1163.147 237.2843 423.2179 512 424 
1.753441 -0.08097965 -1.048186 63662611512119 72057594037928269 15 952.1029 1166.76 236.3277 424.3898 512 424 
1.762994 -0.07679638 -1.047944 63662611512119 72057594037928269 19 954.7083 1163.147 237.2843 423.2179 512 424 
1.753441 -0.08097965 -1.048186 63662611512119 72057594037928269 15 952.1029 1166.76 236.3277 424.3898 512 424 
1.762994 -0.07679638 -1.047944 63662611512119 72057594037928269 19 954.7083 1163.147 237.2843 423.2179 512 424 
1.753441 -0.08097965 -1.048186 63662611512119 72057594037928269 15 952.1029 1166.76 236.3277 424.3898 512 424 
1.762994 -0.07679638 -1.047944 63662611512119 72057594037928269 19 954.7083 1163.147 237.2843 423.2179 512 424 
1.65586 -0.1267266 -1.009594 63662611512280 72057594037928269 15 921.7641 1179.537 225.242 428.4588 512 424 
1.692261 0.003903086 -1.042236 63662611512280 72057594037928269 19 1004.866 1186.107 254.099 430.6885 512 424 
1.677442 -0.1383265 -1.016862 63662611512376 72057594037928269 15 915.0145 1175.784 223.0635 427.23 512 424 
1.693622 0.007150399 -1.041561 63662611512376 72057594037928269 19 1006.874 1185.15 254.8002 430.3806 512 424 
1.755 -0.1099257 -1.059282 63662611512459 72057594037928269 15 934.601 1172.967 230.3122 426.3717 512 424 
1.696729 0.01007658 -1.042036 63662611512459 72057594037928269 19 1008.637 1184.243 255.4287 430.0885 512 424 
1.755 -0.1099257 -1.059282 63662611512459 72057594037928269 15 934.601 1172.967 230.3122 426.3717 512 424 
1.696729 0.01007658 -1.042036 63662611512459 72057594037928269 19 1008.637 1184.243 255.4287 430.0885 512 424 
1.760152 -0.1311078 -1.064514 63662611512565 72057594037928269 15 921.9135 1174.266 225.9776 426.7624 512 424 
1.7014 0.0146467 -1.041308 63662611512565 72057594037928269 19 1011.379 1181.98 256.4066 429.3587 512 424 
1.760152 -0.1311078 -1.064514 63662611512565 72057594037928269 15 921.9135 1174.266 225.9776 426.7624 512 424 
1.7014 0.0146467 -1.041308 63662611512565 72057594037928269 19 1011.379 1181.98 256.4066 429.3587 512 424 
1.693169 -0.1432631 -1.035846 63662611512658 72057594037928269 15 912.4324 1181.758 222.2936 429.1496 512 424 
1.705944 0.01690545 -1.04439 63662611512658 72057594037928269 19 1012.675 1182.168 256.8829 429.4191 512 424 
1.693169 -0.1432631 -1.035846 63662611512658 72057594037928269 15 912.4324 1181.758 222.2936 429.1496 512 424 
1.705944 0.01690545 -1.04439 63662611512658 72057594037928269 19 1012.675 1182.168 256.8829 429.4191 512 424 
1.692506 -0.1431465 -1.041927 63662611512763 72057594037928269 15 912.4929 1185.86 222.3182 430.468 512 424 
1.708147 0.01739951 -1.04617 63662611512763 72057594037928269 19 1012.927 1182.439 256.984 429.5062 512 424 
1.692506 -0.1431465 -1.041927 63662611512763 72057594037928269 15 912.4929 1185.86 222.3182 430.468 512 424 
1.708147 0.01739951 -1.04617 63662611512763 72057594037928269 19 1012.927 1182.439 256.984 429.5062 512 424 
1.692529 -0.1421299 -1.022839 63662611513050 72057594037928269 15 913.1038 1173.782 222.5052 426.5783 512 424 
1.710227 0.02115464 -1.045663 63662611513050 72057594037928269 19 1015.206 1181.324 257.7837 429.146 512 424 
1.692529 -0.1421299 -1.022839 63662611513050 72057594037928269 15 913.1038 1173.782 222.5052 426.5783 512 424 
1.710227 0.02115464 -1.045663 63662611513050 72057594037928269 19 1015.206 1181.324 257.7837 429.146 512 424 
1.691933 -0.1413305 -1.024057 63662611513188 72057594037928269 15 913.5886 1174.78 222.6698 426.9023 512 424 
1.709744 0.02158596 -1.045813 63662611513188 72057594037928269 19 1015.488 1181.602 257.8773 429.2356 512 424 
1.691933 -0.1413305 -1.024057 63662611513188 72057594037928269 15 913.5886 1174.78 222.6698 426.9023 512 424 
1.709744 0.02158596 -1.045813 63662611513188 72057594037928269 19 1015.488 1181.602 257.8773 429.2356 512 424 
1.685866 -0.1438698 -1.020097 63662611513260 72057594037928269 15 911.7873 1174.599 222.0085 426.8381 512 424 
1.709844 0.02190014 -1.046538 63662611513260 72057594037928269 19 1015.682 1182.018 257.9441 429.3698 512 424 
1.685866 -0.1438698 -1.020097 63662611513260 72057594037928269 15 911.7873 1174.599 222.0085 426.8381 512 424 
1.709844 0.02190014 -1.046538 63662611513260 72057594037928269 19 1015.682 1182.018 257.9441 429.3698 512 424 
1.692973 -0.1419042 -1.0285 63662611513371 72057594037928269 15 913.2682 1177.19 222.571 427.6798 512 424 
1.709821 0.02210637 -1.045985 63662611513371 72057594037928269 19 1015.81 1181.681 257.9885 429.2609 512 424 
1.692973 -0.1419042 -1.0285 63662611513371 72057594037928269 15 913.2682 1177.19 222.571 427.6798 512 424 
1.709821 0.02210637 -1.045985 63662611513371 72057594037928269 19 1015.81 1181.681 257.9885 429.2609 512 424 
1.692973 -0.1419042 -1.0285 63662611513371 72057594037928269 15 913.2682 1177.19 222.571 427.6798 512 424 
1.709821 0.02210637 -1.045985 63662611513371 72057594037928269 19 1015.81 1181.681 257.9885 429.2609 512 424 
1.693686 -0.1409133 -1.03002 63662611513581 72057594037928269 15 913.9152 1177.876 222.7997 427.9031 512 424 
1.710574 0.02256387 -1.04694 63662611513581 72057594037928269 19 1016.074 1181.99 258.0842 429.3605 512 424 
1.697005 -0.138764 -1.035191 63662611513681 72057594037928269 15 915.3741 1179.863 223.3276 428.5481 512 424 
1.710402 0.02310163 -1.046541 63662611513681 72057594037928269 19 1016.413 1181.806 258.1998 429.301 512 424 
1.699487 -0.1369292 -1.036954 63662611513754 72057594037928269 15 916.6005 1180.018 223.7664 428.6019 512 424 
1.712216 0.0231789 -1.047245 63662611513754 72057594037928269 19 1016.41 1181.552 258.2112 429.2193 512 424 
1.701049 -0.1361547 -1.038709 63662611513827 72057594037928269 15 917.134 1180.523 223.9612 428.7661 512 424 
1.714556 0.0242359 -1.050798 63662611513827 72057594037928269 19 1017.005 1182.877 258.4296 429.6461 512 424 
1.700071 -0.1358447 -1.039147 63662611513922 72057594037928269 15 917.2994 1181.175 224.0127 428.9764 512 424 
1.702402 0.0188236 -1.045369 63662611513922 72057594037928269 19 1013.969 1184.148 257.3022 430.0566 512 424 
1.692414 -0.1384053 -1.038313 63662611514034 72057594037928269 15 915.4623 1183.608 223.334 429.7534 512 424 
1.71143 0.02189825 -1.051636 63662611514034 72057594037928269 19 1015.644 1184.6 257.9383 430.2015 512 424 
1.692414 -0.1384053 -1.038313 63662611514034 72057594037928269 15 915.4623 1183.608 223.334 429.7534 512 424 
1.71143 0.02189825 -1.051636 63662611514034 72057594037928269 19 1015.644 1184.6 257.9383 430.2015 512 424 
1.692414 -0.1384053 -1.038313 63662611514034 72057594037928269 15 915.4623 1183.608 223.334 429.7534 512 424 
1.71143 0.02189825 -1.051636 63662611514034 72057594037928269 19 1015.644 1184.6 257.9383 430.2015 512 424 
1.692414 -0.1384053 -1.038313 63662611514034 72057594037928269 15 915.4623 1183.608 223.334 429.7534 512 424 
1.71143 0.02189825 -1.051636 63662611514034 72057594037928269 19 1015.644 1184.6 257.9383 430.2015 512 424 
1.692414 -0.1384053 -1.038313 63662611514034 72057594037928269 15 915.4623 1183.608 223.334 429.7534 512 424 
1.71143 0.02189825 -1.051636 63662611514034 72057594037928269 19 1015.644 1184.6 257.9383 430.2015 512 424 
1.692414 -0.1384053 -1.038313 63662611514034 72057594037928269 15 915.4623 1183.608 223.334 429.7534 512 424 
1.71143 0.02189825 -1.051636 63662611514034 72057594037928269 19 1015.644 1184.6 257.9383 430.2015 512 424 
1.692414 -0.1384053 -1.038313 63662611514034 72057594037928269 15 915.4623 1183.608 223.334 429.7534 512 424 
1.71143 0.02189825 -1.051636 63662611514034 72057594037928269 19 1015.644 1184.6 257.9383 430.2015 512 424 
1.692414 -0.1384053 -1.038313 63662611514034 72057594037928269 15 915.4623 1183.608 223.334 429.7534 512 424 
1.71143 0.02189825 -1.051636 63662611514034 72057594037928269 19 1015.644 1184.6 257.9383 430.2015 512 424 
1.685696 -0.1605635 -1.03096 63662611514331 72057594037928269 15 901.272 1181.567 218.4055 429.0515 512 424 
1.333734 0.04332311 -0.9350404 63662611514331 72057594037928269 18 1046.143 1277.476 265.0157 459.1201 512 424 
1.216635 0.05767143 -0.9545197 63662611514331 72057594037928269 19 1066.327 1367.36 270.1487 484.8972 512 424 
1.644322 -0.1282789 -1.023727 63662611514378 72057594037928269 15 920.4605 1193.317 224.7365 432.8781 512 424 
1.292764 0.0575744 -0.9358492 63662611514378 72057594037928269 18 1060.374 1302.04 269.3176 466.3809 512 424 
1.174559 0.06948878 -0.9545199 63662611514378 72057594037928269 19 1080.589 1397.71 274.1998 492.9935 512 424 
1.620253 -0.1254356 -1.015134 63662611514423 72057594037928269 15 921.6119 1197.541 224.9658 434.2281 512 424 
1.211422 0.05961569 -0.9342896 63662611514423 72057594037928269 18 1068.412 1352.995 270.8431 480.9282 512 424 
1.087597 0.05829683 -0.9454386 63662611514423 72057594037928269 19 0 0 271.9541 508.5454 512 424 
1.552439 -0.1138072 -0.987633 63662611514498 72057594037928269 15 927.5196 1207.876 226.4937 437.5251 512 424 
1.149399 0.129184 -0.8607959 63662611514498 72057594037928269 18 1138.127 1329.017 293.5513 473.7963 512 424 
1.180871 0.1202679 -0.7330099 63662611514498 72057594037928269 19 1125.169 1191.318 290.4796 432.1656 512 424 
1.552439 -0.1138072 -0.987633 63662611514498 72057594037928269 15 927.5196 1207.876 226.4937 437.5251 512 424 
1.149399 0.129184 -0.8607959 63662611514498 72057594037928269 18 1138.127 1329.017 293.5513 473.7963 512 424 
1.180871 0.1202679 -0.7330099 63662611514498 72057594037928269 19 1125.169 1191.318 290.4796 432.1656 512 424 
1.552439 -0.1138072 -0.987633 63662611514498 72057594037928269 15 927.5196 1207.876 226.4937 437.5251 512 424 
1.149399 0.129184 -0.8607959 63662611514498 72057594037928269 18 1138.127 1329.017 293.5513 473.7963 512 424 
1.180871 0.1202679 -0.7330099 63662611514498 72057594037928269 19 1125.169 1191.318 290.4796 432.1656 512 424 
1.576479 -0.1512668 -0.9261439 63662611514588 72057594037928269 14 902.7771 1155.771 218.0736 420.6884 512 424 
1.522808 -0.1650443 -1.011387 63662611514588 72057594037928269 15 891.0073 1237.883 213.8489 446.7667 512 424 
1.189975 0.1757567 -0.6877776 63662611514588 72057594037928269 17 1173.474 1145.551 307.4031 417.1826 512 424 
1.050699 0.2320676 -0.9512022 63662611514588 72057594037928269 18 0 0 328.9048 515.3625 512 424 
0.9253552 0.249586 -0.9563965 63662611514588 72057594037928269 19 0 0 341.4531 543.257 512 424 
1.576479 -0.1512668 -0.9261439 63662611514588 72057594037928269 14 902.7771 1155.771 218.0736 420.6884 512 424 
1.522808 -0.1650443 -1.011387 63662611514588 72057594037928269 15 891.0073 1237.883 213.8489 446.7667 512 424 
1.189975 0.1757567 -0.6877776 63662611514588 72057594037928269 17 1173.474 1145.551 307.4031 417.1826 512 424 
1.050699 0.2320676 -0.9512022 63662611514588 72057594037928269 18 0 0 328.9048 515.3625 512 424 
0.9253552 0.249586 -0.9563965 63662611514588 72057594037928269 19 0 0 341.4531 543.257 512 424 
1.235007 -0.02154275 -0.9897 63662611514668 72057594037928269 14 996.6612 1385.446 247.06 489.8875 512 424 
1.117235 -0.008253198 -1.026554 63662611514668 72057594037928269 15 0 0 250.7143 521.2902 512 424 
1.128979 0.1889967 -0.6937971 63662611514668 72057594037928269 17 1197.144 1184.717 314.3893 429.7092 512 424 
1.025581 0.1859553 -0.9768057 63662611514668 72057594037928269 18 0 0 314.5946 527.4997 512 424 
0.9019519 0.1984608 -0.988834 63662611514668 72057594037928269 19 0 0 324.0262 557.9069 512 424 
1.103165 0.08040934 -0.6874762 63662611514739 72057594037928269 13 1097.714 1193.93 279.9004 433.0987 512 424 
1.039749 0.08934134 -0.9795422 63662611514739 72057594037928269 14 0 0 282.5512 526.4941 512 424 
0.9190754 0.1058459 -0.9985671 63662611514739 72057594037928269 15 0 0 290.6049 557.6537 512 424 
1.119929 0.1887266 -0.6908647 63662611514739 72057594037928269 17 1198.739 1187.234 314.7779 430.5028 512 424 
1.049634 0.1597005 -0.9807808 63662611514739 72057594037928269 18 0 0 305.118 523.7984 512 424 
0.9280798 0.1700714 -0.9997222 63662611514739 72057594037928269 19 0 0 312.6842 554.6279 512 424 
0.9154162 0.1373858 -0.613947 63662611514882 72057594037928269 13 1190.507 1244.925 307.7127 448.6479 512 424 
0.7677089 0.1649705 -0.8786721 63662611514882 72057594037928269 14 0 0 321.4449 568.4836 512 424 
0.6486335 0.1837323 -0.8906872 63662611514882 72057594037928269 15 0 0 344.6626 648.4087 512 424 
1.026319 0.2490252 -0.6577188 63662611514882 72057594037928269 17 1282.422 1213.037 341.3242 437.894 512 424 
0.9522427 0.2441122 -0.9482639 63662611514882 72057594037928269 18 0 0 338.2476 535.4455 512 424 
0.8348721 0.2592332 -0.9707062 63662611514882 72057594037928269 19 0 0 350.9063 570.9464 512 424 
0.8560673 0.6041819 -0.1250505 63662611514882 72057594037928269 23 1787.983 684.2866 508.0016 258.014 512 424 
0.9154162 0.1373858 -0.613947 63662611514882 72057594037928269 13 1190.507 1244.925 307.7127 448.6479 512 424 
0.7677089 0.1649705 -0.8786721 63662611514882 72057594037928269 14 0 0 321.4449 568.4836 512 424 
0.6486335 0.1837323 -0.8906872 63662611514882 72057594037928269 15 0 0 344.6626 648.4087 512 424 
1.026319 0.2490252 -0.6577188 63662611514882 72057594037928269 17 1282.422 1213.037 341.3242 437.894 512 424 
0.9522427 0.2441122 -0.9482639 63662611514882 72057594037928269 18 0 0 338.2476 535.4455 512 424 
0.8348721 0.2592332 -0.9707062 63662611514882 72057594037928269 19 0 0 350.9063 570.9464 512 424 
0.8560673 0.6041819 -0.1250505 63662611514882 72057594037928269 23 1787.983 684.2866 508.0016 258.014 512 424 
0.9154162 0.1373858 -0.613947 63662611514882 72057594037928269 13 1190.507 1244.925 307.7127 448.6479 512 424 
0.7677089 0.1649705 -0.8786721 63662611514882 72057594037928269 14 0 0 321.4449 568.4836 512 424 
0.6486335 0.1837323 -0.8906872 63662611514882 72057594037928269 15 0 0 344.6626 648.4087 512 424 
1.026319 0.2490252 -0.6577188 63662611514882 72057594037928269 17 1282.422 1213.037 341.3242 437.894 512 424 
0.9522427 0.2441122 -0.9482639 63662611514882 72057594037928269 18 0 0 338.2476 535.4455 512 424 
0.8348721 0.2592332 -0.9707062 63662611514882 72057594037928269 19 0 0 350.9063 570.9464 512 424 
0.8560673 0.6041819 -0.1250505 63662611514882 72057594037928269 23 1787.983 684.2866 508.0016 258.014 512 424 
0.9154162 0.1373858 -0.613947 63662611514882 72057594037928269 13 1190.507 1244.925 307.7127 448.6479 512 424 
0.7677089 0.1649705 -0.8786721 63662611514882 72057594037928269 14 0 0 321.4449 568.4836 512 424 
0.6486335 0.1837323 -0.8906872 63662611514882 72057594037928269 15 0 0 344.6626 648.4087 512 424 
1.026319 0.2490252 -0.6577188 63662611514882 72057594037928269 17 1282.422 1213.037 341.3242 437.894 512 424 
0.9522427 0.2441122 -0.9482639 63662611514882 72057594037928269 18 0 0 338.2476 535.4455 512 424 
0.8348721 0.2592332 -0.9707062 63662611514882 72057594037928269 19 0 0 350.9063 570.9464 512 424 
0.8560673 0.6041819 -0.1250505 63662611514882 72057594037928269 23 1787.983 684.2866 508.0016 258.014 512 424 
0.8652945 0.7171907 -0.2385944 63662611515017 72057594037928269 10 1920.818 822.7782 542.1913 301.4109 512 424 
0.8629638 0.7659938 -0.2942891 63662611515017 72057594037928269 11 1985.1 892.7894 555.409 321.3731 512 424 
0.8108929 0.2735515 -0.6228393 63662611515017 72057594037928269 13 1398.68 1350.274 371.966 475.5767 512 424 
0.6814163 0.3910444 -0.8685823 63662611515017 72057594037928269 14 0 0 437.9989 615.6385 512 424 
0.5672547 0.4100806 -0.8821871 63662611515017 72057594037928269 15 0 0 640.1065 1037.503 512 424 
0.9181356 0.2571529 -0.6981626 63662611515017 72057594037928269 17 1329.343 1341.794 352.5179 474.7841 512 424 
0.8697851 0.2274981 -0.9901681 63662611515017 72057594037928269 18 0 0 336.1784 566.2061 512 424 
0.7563748 0.2390334 -1.01699 63662611515017 72057594037928269 19 0 0 354.1257 634.4522 512 424 
0.8444093 0.7699171 -0.3086054 63662611515017 72057594037928269 23 2012.919 919.0685 560.3846 328.3944 512 424 
0.8380966 0.7500294 -0.2665527 63662611515017 72057594037928269 24 1994.865 868.149 558.0031 313.5922 512 424 
0.8652945 0.7171907 -0.2385944 63662611515017 72057594037928269 10 1920.818 822.7782 542.1913 301.4109 512 424 
0.8629638 0.7659938 -0.2942891 63662611515017 72057594037928269 11 1985.1 892.7894 555.409 321.3731 512 424 
0.8108929 0.2735515 -0.6228393 63662611515017 72057594037928269 13 1398.68 1350.274 371.966 475.5767 512 424 
0.6814163 0.3910444 -0.8685823 63662611515017 72057594037928269 14 0 0 437.9989 615.6385 512 424 
0.5672547 0.4100806 -0.8821871 63662611515017 72057594037928269 15 0 0 640.1065 1037.503 512 424 
0.9181356 0.2571529 -0.6981626 63662611515017 72057594037928269 17 1329.343 1341.794 352.5179 474.7841 512 424 
0.8697851 0.2274981 -0.9901681 63662611515017 72057594037928269 18 0 0 336.1784 566.2061 512 424 
0.7563748 0.2390334 -1.01699 63662611515017 72057594037928269 19 0 0 354.1257 634.4522 512 424 
0.8444093 0.7699171 -0.3086054 63662611515017 72057594037928269 23 2012.919 919.0685 560.3846 328.3944 512 424 
0.8380966 0.7500294 -0.2665527 63662611515017 72057594037928269 24 1994.865 868.149 558.0031 313.5922 512 424 
0.8652945 0.7171907 -0.2385944 63662611515017 72057594037928269 10 1920.818 822.7782 542.1913 301.4109 512 424 
0.8629638 0.7659938 -0.2942891 63662611515017 72057594037928269 11 1985.1 892.7894 555.409 321.3731 512 424 
0.8108929 0.2735515 -0.6228393 63662611515017 72057594037928269 13 1398.68 1350.274 371.966 475.5767 512 424 
0.6814163 0.3910444 -0.8685823 63662611515017 72057594037928269 14 0 0 437.9989 615.6385 512 424 
0.5672547 0.4100806 -0.8821871 63662611515017 72057594037928269 15 0 0 640.1065 1037.503 512 424 
0.9181356 0.2571529 -0.6981626 63662611515017 72057594037928269 17 1329.343 1341.794 352.5179 474.7841 512 424 
0.8697851 0.2274981 -0.9901681 63662611515017 72057594037928269 18 0 0 336.1784 566.2061 512 424 
0.7563748 0.2390334 -1.01699 63662611515017 72057594037928269 19 0 0 354.1257 634.4522 512 424 
0.8444093 0.7699171 -0.3086054 63662611515017 72057594037928269 23 2012.919 919.0685 560.3846 328.3944 512 424 
0.8380966 0.7500294 -0.2665527 63662611515017 72057594037928269 24 1994.865 868.149 558.0031 313.5922 512 424 
0.5406341 0.2987724 -0.2815616 63662611515134 72057594037928269 6 1662.836 1084.908 451.3106 391.9345 512 424 
0.4885724 0.3389369 -0.3189473 63662611515134 72057594037928269 7 1826.623 1227.454 489.2715 427.3848 512 424 
0.7160469 0.5549609 -0.1798112 63662611515134 72057594037928269 9 1875.985 796.4434 527.6466 294.1926 512 424 
0.7177133 0.6359068 -0.362725 63662611515134 72057594037928269 10 1997.374 1069.452 547.8532 373.3284 512 424 
0.7215514 0.6676199 -0.4295312 63662611515134 72057594037928269 11 2040.28 1166.652 552.5753 397.8636 512 424 
0.6133496 0.2728334 -0.6029195 63662611515134 72057594037928269 13 0 0 398.1791 525.5477 512 424 
0.434149 0.3890275 -0.8191974 63662611515134 72057594037928269 14 0 0 1753.438 3364.309 512 424 
0.3251013 0.4039531 -0.8319588 63662611515134 72057594037928269 15 0 0 17269.99 35251.98 512 424 
0.7446245 0.2854258 -0.7278565 63662611515134 72057594037928269 17 0 0 379.3876 526.9354 512 424 
0.6885521 0.2791284 -1.018391 63662611515134 72057594037928269 18 0 0 402.5919 750.1392 512 424 
0.5810611 0.290771 -1.04622 63662611515134 72057594037928269 19 0 0 669.9158 1704.47 512 424 
0.4568004 0.3875438 -0.3610088 63662611515134 72057594037928269 21 2003.276 1377.562 522.8379 456.4125 512 424 
0.4988299 0.3572302 -0.29599 63662611515134 72057594037928269 22 1848.096 1163.464 498.6816 408.6409 512 424 
0.7034708 0.6717374 -0.4423409 63662611515134 72057594037928269 23 2074.867 1203.101 558.0535 405.9985 512 424 
0.6978638 0.6521293 -0.3983236 63662611515134 72057594037928269 24 2052.796 1140.218 556.074 390.2511 512 424 
0.5406341 0.2987724 -0.2815616 63662611515134 72057594037928269 6 1662.836 1084.908 451.3106 391.9345 512 424 
0.4885724 0.3389369 -0.3189473 63662611515134 72057594037928269 7 1826.623 1227.454 489.2715 427.3848 512 424 
0.7160469 0.5549609 -0.1798112 63662611515134 72057594037928269 9 1875.985 796.4434 527.6466 294.1926 512 424 
0.7177133 0.6359068 -0.362725 63662611515134 72057594037928269 10 1997.374 1069.452 547.8532 373.3284 512 424 
0.7215514 0.6676199 -0.4295312 63662611515134 72057594037928269 11 2040.28 1166.652 552.5753 397.8636 512 424 
0.6133496 0.2728334 -0.6029195 63662611515134 72057594037928269 13 0 0 398.1791 525.5477 512 424 
0.434149 0.3890275 -0.8191974 63662611515134 72057594037928269 14 0 0 1753.438 3364.309 512 424 
0.3251013 0.4039531 -0.8319588 63662611515134 72057594037928269 15 0 0 17269.99 35251.98 512 424 
0.7446245 0.2854258 -0.7278565 63662611515134 72057594037928269 17 0 0 379.3876 526.9354 512 424 
0.6885521 0.2791284 -1.018391 63662611515134 72057594037928269 18 0 0 402.5919 750.1392 512 424 
0.5810611 0.290771 -1.04622 63662611515134 72057594037928269 19 0 0 669.9158 1704.47 512 424 
0.4568004 0.3875438 -0.3610088 63662611515134 72057594037928269 21 2003.276 1377.562 522.8379 456.4125 512 424 
0.4988299 0.3572302 -0.29599 63662611515134 72057594037928269 22 1848.096 1163.464 498.6816 408.6409 512 424 
0.7034708 0.6717374 -0.4423409 63662611515134 72057594037928269 23 2074.867 1203.101 558.0535 405.9985 512 424 
0.6978638 0.6521293 -0.3983236 63662611515134 72057594037928269 24 2052.796 1140.218 556.074 390.2511 512 424 
0.7997801 0.07984716 -0.6697127 63662611515242 72057594037928269 0 0 0 288.3467 499.6183 512 424 
0.5931059 0.1029314 -0.3949428 63662611515242 72057594037928269 5 1248.874 1239.815 316.2197 446.8806 512 424 
0.6563007 0.3013157 -0.3491594 63662611515242 72057594037928269 7 1544.227 1096.723 419.4597 397.883 512 424 
0.6488392 0.4538496 -0.4466842 63662611515242 72057594037928269 9 1804.639 1265.963 488.9407 437.2526 512 424 
0.6390899 0.5677733 -0.6062823 63662611515242 72057594037928269 10 0 0 530.7833 501.6395 512 424 
0.6386532 0.6110032 -0.6659465 63662611515242 72057594037928269 11 0 0 564.4971 544.5178 512 424 
0.791 -0.01309528 -0.6105686 63662611515242 72057594037928269 12 1023.088 1353.659 247.3371 481.2065 512 424 
0.5296558 0.2014488 -0.4551947 63662611515242 72057594037928269 13 0 0 383.1919 498.8942 512 424 
0.3101953 0.3912843 -0.326855 63662611515242 72057594037928269 14 0 0 821.9791 680.3652 512 424 
0.1860237 0.372142 -0.3082812 63662611515242 72057594037928269 15 0 0 15060.79 12471.8 512 424 
0.7544727 0.1671239 -0.6834161 63662611515242 72057594037928269 16 0 0 329.1086 515.4744 512 424 
0.7428561 0.1139904 -0.9910047 63662611515242 72057594037928269 17 0 0 301.5522 625.173 512 424 
0.753671 0.0723892 -1.277617 63662611515242 72057594037928269 18 0 0 302.465 1073.81 512 424 
0.6477156 0.04981203 -1.303377 63662611515242 72057594037928269 19 0 0 354.5558 2855.917 512 424 
0.621499 0.6157888 -0.6767318 63662611515242 72057594037928269 23 0 0 591.4562 576.96 512 424 
0.6171286 0.5971028 -0.6301779 63662611515242 72057594037928269 24 0 0 566.3487 535.7247 512 424 
0.7392699 0.07878752 -0.6908298 63662611515324 72057594037928269 0 0 0 289.6561 524.4631 512 424 
0.6927258 0.1333918 -0.4398174 63662611515324 72057594037928269 1 1255.389 1206.588 323.3546 436.4193 512 424 
0.5533091 0.08408505 -0.4008718 63662611515324 72057594037928269 5 1232.91 1302.793 307.918 465.8919 512 424 
0.6095024 0.4788389 -0.4787056 63662611515324 72057594037928269 9 1904.211 1371.692 506.5268 458.4892 512 424 
0.6130137 0.5870317 -0.6407115 63662611515324 72057594037928269 10 0 0 565.2975 545.8644 512 424 
0.6172001 0.6283307 -0.7014101 63662611515324 72057594037928269 11 0 0 624.1008 619.2657 512 424 
0.7438488 -0.01318563 -0.6293222 63662611515324 72057594037928269 12 0 0 247.029 502.4348 512 424 
0.4703829 0.1931668 -0.4829868 63662611515324 72057594037928269 13 0 0 385.8584 536.8445 512 424 
0.2393465 0.3757579 -0.3628394 63662611515324 72057594037928269 14 0 0 3780.172 3610.95 512 424 
0.1186541 0.3533739 -0.3417439 63662611515324 72057594037928269 15 0 0 473005.6 457398.8 512 424 
0.6843153 0.1650736 -0.7034789 63662611515324 72057594037928269 16 0 0 332.4678 542.8621 512 424 
0.6880416 0.1126319 -1.0074 63662611515324 72057594037928269 17 0 0 309.1943 705.6202 512 424 
0.7115018 0.0719085 -1.292462 63662611515324 72057594037928269 18 0 0 325.6845 1507.116 512 424 
0.6080077 0.04662723 -1.319122 63662611515324 72057594037928269 19 0 0 419.5096 4908.768 512 424 
0.6003322 0.6330516 -0.7119772 63662611515324 72057594037928269 23 0 0 677.3757 682.2858 512 424 
0.5963308 0.6142958 -0.6651613 63662611515324 72057594037928269 24 0 0 624.6989 607.4884 512 424 
0.7392699 0.07878752 -0.6908298 63662611515324 72057594037928269 0 0 0 289.6561 524.4631 512 424 
0.6927258 0.1333918 -0.4398174 63662611515324 72057594037928269 1 1255.389 1206.588 323.3546 436.4193 512 424 
0.5533091 0.08408505 -0.4008718 63662611515324 72057594037928269 5 1232.91 1302.793 307.918 465.8919 512 424 
0.6095024 0.4788389 -0.4787056 63662611515324 72057594037928269 9 1904.211 1371.692 506.5268 458.4892 512 424 
0.6130137 0.5870317 -0.6407115 63662611515324 72057594037928269 10 0 0 565.2975 545.8644 512 424 
0.6172001 0.6283307 -0.7014101 63662611515324 72057594037928269 11 0 0 624.1008 619.2657 512 424 
0.7438488 -0.01318563 -0.6293222 63662611515324 72057594037928269 12 0 0 247.029 502.4348 512 424 
0.4703829 0.1931668 -0.4829868 63662611515324 72057594037928269 13 0 0 385.8584 536.8445 512 424 
0.2393465 0.3757579 -0.3628394 63662611515324 72057594037928269 14 0 0 3780.172 3610.95 512 424 
0.1186541 0.3533739 -0.3417439 63662611515324 72057594037928269 15 0 0 473005.6 457398.8 512 424 
0.6843153 0.1650736 -0.7034789 63662611515324 72057594037928269 16 0 0 332.4678 542.8621 512 424 
0.6880416 0.1126319 -1.0074 63662611515324 72057594037928269 17 0 0 309.1943 705.6202 512 424 
0.7115018 0.0719085 -1.292462 63662611515324 72057594037928269 18 0 0 325.6845 1507.116 512 424 
0.6080077 0.04662723 -1.319122 63662611515324 72057594037928269 19 0 0 419.5096 4908.768 512 424 
0.6003322 0.6330516 -0.7119772 63662611515324 72057594037928269 23 0 0 677.3757 682.2858 512 424 
0.5963308 0.6142958 -0.6651613 63662611515324 72057594037928269 24 0 0 624.6989 607.4884 512 424 
0.7392699 0.07878752 -0.6908298 63662611515324 72057594037928269 0 0 0 289.6561 524.4631 512 424 
0.6927258 0.1333918 -0.4398174 63662611515324 72057594037928269 1 1255.389 1206.588 323.3546 436.4193 512 424 
0.5533091 0.08408505 -0.4008718 63662611515324 72057594037928269 5 1232.91 1302.793 307.918 465.8919 512 424 
0.6095024 0.4788389 -0.4787056 63662611515324 72057594037928269 9 1904.211 1371.692 506.5268 458.4892 512 424 
0.6130137 0.5870317 -0.6407115 63662611515324 72057594037928269 10 0 0 565.2975 545.8644 512 424 
0.6172001 0.6283307 -0.7014101 63662611515324 72057594037928269 11 0 0 624.1008 619.2657 512 424 
0.7438488 -0.01318563 -0.6293222 63662611515324 72057594037928269 12 0 0 247.029 502.4348 512 424 
0.4703829 0.1931668 -0.4829868 63662611515324 72057594037928269 13 0 0 385.8584 536.8445 512 424 
0.2393465 0.3757579 -0.3628394 63662611515324 72057594037928269 14 0 0 3780.172 3610.95 512 424 
0.1186541 0.3533739 -0.3417439 63662611515324 72057594037928269 15 0 0 473005.6 457398.8 512 424 
0.6843153 0.1650736 -0.7034789 63662611515324 72057594037928269 16 0 0 332.4678 542.8621 512 424 
0.6880416 0.1126319 -1.0074 63662611515324 72057594037928269 17 0 0 309.1943 705.6202 512 424 
0.7115018 0.0719085 -1.292462 63662611515324 72057594037928269 18 0 0 325.6845 1507.116 512 424 
0.6080077 0.04662723 -1.319122 63662611515324 72057594037928269 19 0 0 419.5096 4908.768 512 424 
0.6003322 0.6330516 -0.7119772 63662611515324 72057594037928269 23 0 0 677.3757 682.2858 512 424 
0.5963308 0.6142958 -0.6651613 63662611515324 72057594037928269 24 0 0 624.6989 607.4884 512 424 
0.7392699 0.07878752 -0.6908298 63662611515324 72057594037928269 0 0 0 289.6561 524.4631 512 424 
0.6927258 0.1333918 -0.4398174 63662611515324 72057594037928269 1 1255.389 1206.588 323.3546 436.4193 512 424 
0.5533091 0.08408505 -0.4008718 63662611515324 72057594037928269 5 1232.91 1302.793 307.918 465.8919 512 424 
0.6095024 0.4788389 -0.4787056 63662611515324 72057594037928269 9 1904.211 1371.692 506.5268 458.4892 512 424 
0.6130137 0.5870317 -0.6407115 63662611515324 72057594037928269 10 0 0 565.2975 545.8644 512 424 
0.6172001 0.6283307 -0.7014101 63662611515324 72057594037928269 11 0 0 624.1008 619.2657 512 424 
0.7438488 -0.01318563 -0.6293222 63662611515324 72057594037928269 12 0 0 247.029 502.4348 512 424 
0.4703829 0.1931668 -0.4829868 63662611515324 72057594037928269 13 0 0 385.8584 536.8445 512 424 
0.2393465 0.3757579 -0.3628394 63662611515324 72057594037928269 14 0 0 3780.172 3610.95 512 424 
0.1186541 0.3533739 -0.3417439 63662611515324 72057594037928269 15 0 0 473005.6 457398.8 512 424 
0.6843153 0.1650736 -0.7034789 63662611515324 72057594037928269 16 0 0 332.4678 542.8621 512 424 
0.6880416 0.1126319 -1.0074 63662611515324 72057594037928269 17 0 0 309.1943 705.6202 512 424 
0.7115018 0.0719085 -1.292462 63662611515324 72057594037928269 18 0 0 325.6845 1507.116 512 424 
0.6080077 0.04662723 -1.319122 63662611515324 72057594037928269 19 0 0 419.5096 4908.768 512 424 
0.6003322 0.6330516 -0.7119772 63662611515324 72057594037928269 23 0 0 677.3757 682.2858 512 424 
0.5963308 0.6142958 -0.6651613 63662611515324 72057594037928269 24 0 0 624.6989 607.4884 512 424 
0.7392699 0.07878752 -0.6908298 63662611515324 72057594037928269 0 0 0 289.6561 524.4631 512 424 
0.6927258 0.1333918 -0.4398174 63662611515324 72057594037928269 1 1255.389 1206.588 323.3546 436.4193 512 424 
0.5533091 0.08408505 -0.4008718 63662611515324 72057594037928269 5 1232.91 1302.793 307.918 465.8919 512 424 
0.6095024 0.4788389 -0.4787056 63662611515324 72057594037928269 9 1904.211 1371.692 506.5268 458.4892 512 424 
0.6130137 0.5870317 -0.6407115 63662611515324 72057594037928269 10 0 0 565.2975 545.8644 512 424 
0.6172001 0.6283307 -0.7014101 63662611515324 72057594037928269 11 0 0 624.1008 619.2657 512 424 
0.7438488 -0.01318563 -0.6293222 63662611515324 72057594037928269 12 0 0 247.029 502.4348 512 424 
0.4703829 0.1931668 -0.4829868 63662611515324 72057594037928269 13 0 0 385.8584 536.8445 512 424 
0.2393465 0.3757579 -0.3628394 63662611515324 72057594037928269 14 0 0 3780.172 3610.95 512 424 
0.1186541 0.3533739 -0.3417439 63662611515324 72057594037928269 15 0 0 473005.6 457398.8 512 424 
0.6843153 0.1650736 -0.7034789 63662611515324 72057594037928269 16 0 0 332.4678 542.8621 512 424 
0.6880416 0.1126319 -1.0074 63662611515324 72057594037928269 17 0 0 309.1943 705.6202 512 424 
0.7115018 0.0719085 -1.292462 63662611515324 72057594037928269 18 0 0 325.6845 1507.116 512 424 
0.6080077 0.04662723 -1.319122 63662611515324 72057594037928269 19 0 0 419.5096 4908.768 512 424 
0.6003322 0.6330516 -0.7119772 63662611515324 72057594037928269 23 0 0 677.3757 682.2858 512 424 
0.5963308 0.6142958 -0.6651613 63662611515324 72057594037928269 24 0 0 624.6989 607.4884 512 424 
0.7392699 0.07878752 -0.6908298 63662611515324 72057594037928269 0 0 0 289.6561 524.4631 512 424 
0.6927258 0.1333918 -0.4398174 63662611515324 72057594037928269 1 1255.389 1206.588 323.3546 436.4193 512 424 
0.5533091 0.08408505 -0.4008718 63662611515324 72057594037928269 5 1232.91 1302.793 307.918 465.8919 512 424 
0.6095024 0.4788389 -0.4787056 63662611515324 72057594037928269 9 1904.211 1371.692 506.5268 458.4892 512 424 
0.6130137 0.5870317 -0.6407115 63662611515324 72057594037928269 10 0 0 565.2975 545.8644 512 424 
0.6172001 0.6283307 -0.7014101 63662611515324 72057594037928269 11 0 0 624.1008 619.2657 512 424 
0.7438488 -0.01318563 -0.6293222 63662611515324 72057594037928269 12 0 0 247.029 502.4348 512 424 
0.4703829 0.1931668 -0.4829868 63662611515324 72057594037928269 13 0 0 385.8584 536.8445 512 424 
0.2393465 0.3757579 -0.3628394 63662611515324 72057594037928269 14 0 0 3780.172 3610.95 512 424 
0.1186541 0.3533739 -0.3417439 63662611515324 72057594037928269 15 0 0 473005.6 457398.8 512 424 
0.6843153 0.1650736 -0.7034789 63662611515324 72057594037928269 16 0 0 332.4678 542.8621 512 424 
0.6880416 0.1126319 -1.0074 63662611515324 72057594037928269 17 0 0 309.1943 705.6202 512 424 
0.7115018 0.0719085 -1.292462 63662611515324 72057594037928269 18 0 0 325.6845 1507.116 512 424 
0.6080077 0.04662723 -1.319122 63662611515324 72057594037928269 19 0 0 419.5096 4908.768 512 424 
0.6003322 0.6330516 -0.7119772 63662611515324 72057594037928269 23 0 0 677.3757 682.2858 512 424 
0.5963308 0.6142958 -0.6651613 63662611515324 72057594037928269 24 0 0 624.6989 607.4884 512 424 
0.7392699 0.07878752 -0.6908298 63662611515324 72057594037928269 0 0 0 289.6561 524.4631 512 424 
0.6927258 0.1333918 -0.4398174 63662611515324 72057594037928269 1 1255.389 1206.588 323.3546 436.4193 512 424 
0.5533091 0.08408505 -0.4008718 63662611515324 72057594037928269 5 1232.91 1302.793 307.918 465.8919 512 424 
0.6095024 0.4788389 -0.4787056 63662611515324 72057594037928269 9 1904.211 1371.692 506.5268 458.4892 512 424 
0.6130137 0.5870317 -0.6407115 63662611515324 72057594037928269 10 0 0 565.2975 545.8644 512 424 
0.6172001 0.6283307 -0.7014101 63662611515324 72057594037928269 11 0 0 624.1008 619.2657 512 424 
0.7438488 -0.01318563 -0.6293222 63662611515324 72057594037928269 12 0 0 247.029 502.4348 512 424 
0.4703829 0.1931668 -0.4829868 63662611515324 72057594037928269 13 0 0 385.8584 536.8445 512 424 
0.2393465 0.3757579 -0.3628394 63662611515324 72057594037928269 14 0 0 3780.172 3610.95 512 424 
0.1186541 0.3533739 -0.3417439 63662611515324 72057594037928269 15 0 0 473005.6 457398.8 512 424 
0.6843153 0.1650736 -0.7034789 63662611515324 72057594037928269 16 0 0 332.4678 542.8621 512 424 
0.6880416 0.1126319 -1.0074 63662611515324 72057594037928269 17 0 0 309.1943 705.6202 512 424 
0.7115018 0.0719085 -1.292462 63662611515324 72057594037928269 18 0 0 325.6845 1507.116 512 424 
0.6080077 0.04662723 -1.319122 63662611515324 72057594037928269 19 0 0 419.5096 4908.768 512 424 
0.6003322 0.6330516 -0.7119772 63662611515324 72057594037928269 23 0 0 677.3757 682.2858 512 424 
0.5963308 0.6142958 -0.6651613 63662611515324 72057594037928269 24 0 0 624.6989 607.4884 512 424 
0.7392699 0.07878752 -0.6908298 63662611515324 72057594037928269 0 0 0 289.6561 524.4631 512 424 
0.6927258 0.1333918 -0.4398174 63662611515324 72057594037928269 1 1255.389 1206.588 323.3546 436.4193 512 424 
0.5533091 0.08408505 -0.4008718 63662611515324 72057594037928269 5 1232.91 1302.793 307.918 465.8919 512 424 
0.6095024 0.4788389 -0.4787056 63662611515324 72057594037928269 9 1904.211 1371.692 506.5268 458.4892 512 424 
0.6130137 0.5870317 -0.6407115 63662611515324 72057594037928269 10 0 0 565.2975 545.8644 512 424 
0.6172001 0.6283307 -0.7014101 63662611515324 72057594037928269 11 0 0 624.1008 619.2657 512 424 
0.7438488 -0.01318563 -0.6293222 63662611515324 72057594037928269 12 0 0 247.029 502.4348 512 424 
0.4703829 0.1931668 -0.4829868 63662611515324 72057594037928269 13 0 0 385.8584 536.8445 512 424 
0.2393465 0.3757579 -0.3628394 63662611515324 72057594037928269 14 0 0 3780.172 3610.95 512 424 
0.1186541 0.3533739 -0.3417439 63662611515324 72057594037928269 15 0 0 473005.6 457398.8 512 424 
0.6843153 0.1650736 -0.7034789 63662611515324 72057594037928269 16 0 0 332.4678 542.8621 512 424 
0.6880416 0.1126319 -1.0074 63662611515324 72057594037928269 17 0 0 309.1943 705.6202 512 424 
0.7115018 0.0719085 -1.292462 63662611515324 72057594037928269 18 0 0 325.6845 1507.116 512 424 
0.6080077 0.04662723 -1.319122 63662611515324 72057594037928269 19 0 0 419.5096 4908.768 512 424 
0.6003322 0.6330516 -0.7119772 63662611515324 72057594037928269 23 0 0 677.3757 682.2858 512 424 
0.5963308 0.6142958 -0.6651613 63662611515324 72057594037928269 24 0 0 624.6989 607.4884 512 424 
0.7392699 0.07878752 -0.6908298 63662611515324 72057594037928269 0 0 0 289.6561 524.4631 512 424 
0.6927258 0.1333918 -0.4398174 63662611515324 72057594037928269 1 1255.389 1206.588 323.3546 436.4193 512 424 
0.5533091 0.08408505 -0.4008718 63662611515324 72057594037928269 5 1232.91 1302.793 307.918 465.8919 512 424 
0.6095024 0.4788389 -0.4787056 63662611515324 72057594037928269 9 1904.211 1371.692 506.5268 458.4892 512 424 
0.6130137 0.5870317 -0.6407115 63662611515324 72057594037928269 10 0 0 565.2975 545.8644 512 424 
0.6172001 0.6283307 -0.7014101 63662611515324 72057594037928269 11 0 0 624.1008 619.2657 512 424 
0.7438488 -0.01318563 -0.6293222 63662611515324 72057594037928269 12 0 0 247.029 502.4348 512 424 
0.4703829 0.1931668 -0.4829868 63662611515324 72057594037928269 13 0 0 385.8584 536.8445 512 424 
0.2393465 0.3757579 -0.3628394 63662611515324 72057594037928269 14 0 0 3780.172 3610.95 512 424 
0.1186541 0.3533739 -0.3417439 63662611515324 72057594037928269 15 0 0 473005.6 457398.8 512 424 
0.6843153 0.1650736 -0.7034789 63662611515324 72057594037928269 16 0 0 332.4678 542.8621 512 424 
0.6880416 0.1126319 -1.0074 63662611515324 72057594037928269 17 0 0 309.1943 705.6202 512 424 
0.7115018 0.0719085 -1.292462 63662611515324 72057594037928269 18 0 0 325.6845 1507.116 512 424 
0.6080077 0.04662723 -1.319122 63662611515324 72057594037928269 19 0 0 419.5096 4908.768 512 424 
0.6003322 0.6330516 -0.7119772 63662611515324 72057594037928269 23 0 0 677.3757 682.2858 512 424 
0.5963308 0.6142958 -0.6651613 63662611515324 72057594037928269 24 0 0 624.6989 607.4884 512 424 
0.7392699 0.07878752 -0.6908298 63662611515324 72057594037928269 0 0 0 289.6561 524.4631 512 424 
0.6927258 0.1333918 -0.4398174 63662611515324 72057594037928269 1 1255.389 1206.588 323.3546 436.4193 512 424 
0.5533091 0.08408505 -0.4008718 63662611515324 72057594037928269 5 1232.91 1302.793 307.918 465.8919 512 424 
0.6095024 0.4788389 -0.4787056 63662611515324 72057594037928269 9 1904.211 1371.692 506.5268 458.4892 512 424 
0.6130137 0.5870317 -0.6407115 63662611515324 72057594037928269 10 0 0 565.2975 545.8644 512 424 
0.6172001 0.6283307 -0.7014101 63662611515324 72057594037928269 11 0 0 624.1008 619.2657 512 424 
0.7438488 -0.01318563 -0.6293222 63662611515324 72057594037928269 12 0 0 247.029 502.4348 512 424 
0.4703829 0.1931668 -0.4829868 63662611515324 72057594037928269 13 0 0 385.8584 536.8445 512 424 
0.2393465 0.3757579 -0.3628394 63662611515324 72057594037928269 14 0 0 3780.172 3610.95 512 424 
0.1186541 0.3533739 -0.3417439 63662611515324 72057594037928269 15 0 0 473005.6 457398.8 512 424 
0.6843153 0.1650736 -0.7034789 63662611515324 72057594037928269 16 0 0 332.4678 542.8621 512 424 
0.6880416 0.1126319 -1.0074 63662611515324 72057594037928269 17 0 0 309.1943 705.6202 512 424 
0.7115018 0.0719085 -1.292462 63662611515324 72057594037928269 18 0 0 325.6845 1507.116 512 424 
0.6080077 0.04662723 -1.319122 63662611515324 72057594037928269 19 0 0 419.5096 4908.768 512 424 
0.6003322 0.6330516 -0.7119772 63662611515324 72057594037928269 23 0 0 677.3757 682.2858 512 424 
0.5963308 0.6142958 -0.6651613 63662611515324 72057594037928269 24 0 0 624.6989 607.4884 512 424 
0.7392699 0.07878752 -0.6908298 63662611515324 72057594037928269 0 0 0 289.6561 524.4631 512 424 
0.6927258 0.1333918 -0.4398174 63662611515324 72057594037928269 1 1255.389 1206.588 323.3546 436.4193 512 424 
0.5533091 0.08408505 -0.4008718 63662611515324 72057594037928269 5 1232.91 1302.793 307.918 465.8919 512 424 
0.6095024 0.4788389 -0.4787056 63662611515324 72057594037928269 9 1904.211 1371.692 506.5268 458.4892 512 424 
0.6130137 0.5870317 -0.6407115 63662611515324 72057594037928269 10 0 0 565.2975 545.8644 512 424 
0.6172001 0.6283307 -0.7014101 63662611515324 72057594037928269 11 0 0 624.1008 619.2657 512 424 
0.7438488 -0.01318563 -0.6293222 63662611515324 72057594037928269 12 0 0 247.029 502.4348 512 424 
0.4703829 0.1931668 -0.4829868 63662611515324 72057594037928269 13 0 0 385.8584 536.8445 512 424 
0.2393465 0.3757579 -0.3628394 63662611515324 72057594037928269 14 0 0 3780.172 3610.95 512 424 
0.1186541 0.3533739 -0.3417439 63662611515324 72057594037928269 15 0 0 473005.6 457398.8 512 424 
0.6843153 0.1650736 -0.7034789 63662611515324 72057594037928269 16 0 0 332.4678 542.8621 512 424 
0.6880416 0.1126319 -1.0074 63662611515324 72057594037928269 17 0 0 309.1943 705.6202 512 424 
0.7115018 0.0719085 -1.292462 63662611515324 72057594037928269 18 0 0 325.6845 1507.116 512 424 
0.6080077 0.04662723 -1.319122 63662611515324 72057594037928269 19 0 0 419.5096 4908.768 512 424 
0.6003322 0.6330516 -0.7119772 63662611515324 72057594037928269 23 0 0 677.3757 682.2858 512 424 
0.5963308 0.6142958 -0.6651613 63662611515324 72057594037928269 24 0 0 624.6989 607.4884 512 424 
0.7392699 0.07878752 -0.6908298 63662611515324 72057594037928269 0 0 0 289.6561 524.4631 512 424 
0.6927258 0.1333918 -0.4398174 63662611515324 72057594037928269 1 1255.389 1206.588 323.3546 436.4193 512 424 
0.5533091 0.08408505 -0.4008718 63662611515324 72057594037928269 5 1232.91 1302.793 307.918 465.8919 512 424 
0.6095024 0.4788389 -0.4787056 63662611515324 72057594037928269 9 1904.211 1371.692 506.5268 458.4892 512 424 
0.6130137 0.5870317 -0.6407115 63662611515324 72057594037928269 10 0 0 565.2975 545.8644 512 424 
0.6172001 0.6283307 -0.7014101 63662611515324 72057594037928269 11 0 0 624.1008 619.2657 512 424 
0.7438488 -0.01318563 -0.6293222 63662611515324 72057594037928269 12 0 0 247.029 502.4348 512 424 
0.4703829 0.1931668 -0.4829868 63662611515324 72057594037928269 13 0 0 385.8584 536.8445 512 424 
0.2393465 0.3757579 -0.3628394 63662611515324 72057594037928269 14 0 0 3780.172 3610.95 512 424 
0.1186541 0.3533739 -0.3417439 63662611515324 72057594037928269 15 0 0 473005.6 457398.8 512 424 
0.6843153 0.1650736 -0.7034789 63662611515324 72057594037928269 16 0 0 332.4678 542.8621 512 424 
0.6880416 0.1126319 -1.0074 63662611515324 72057594037928269 17 0 0 309.1943 705.6202 512 424 
0.7115018 0.0719085 -1.292462 63662611515324 72057594037928269 18 0 0 325.6845 1507.116 512 424 
0.6080077 0.04662723 -1.319122 63662611515324 72057594037928269 19 0 0 419.5096 4908.768 512 424 
0.6003322 0.6330516 -0.7119772 63662611515324 72057594037928269 23 0 0 677.3757 682.2858 512 424 
0.5963308 0.6142958 -0.6651613 63662611515324 72057594037928269 24 0 0 624.6989 607.4884 512 424 
0.7392699 0.07878752 -0.6908298 63662611515324 72057594037928269 0 0 0 289.6561 524.4631 512 424 
0.6927258 0.1333918 -0.4398174 63662611515324 72057594037928269 1 1255.389 1206.588 323.3546 436.4193 512 424 
0.5533091 0.08408505 -0.4008718 63662611515324 72057594037928269 5 1232.91 1302.793 307.918 465.8919 512 424 
0.6095024 0.4788389 -0.4787056 63662611515324 72057594037928269 9 1904.211 1371.692 506.5268 458.4892 512 424 
0.6130137 0.5870317 -0.6407115 63662611515324 72057594037928269 10 0 0 565.2975 545.8644 512 424 
0.6172001 0.6283307 -0.7014101 63662611515324 72057594037928269 11 0 0 624.1008 619.2657 512 424 
0.7438488 -0.01318563 -0.6293222 63662611515324 72057594037928269 12 0 0 247.029 502.4348 512 424 
0.4703829 0.1931668 -0.4829868 63662611515324 72057594037928269 13 0 0 385.8584 536.8445 512 424 
0.2393465 0.3757579 -0.3628394 63662611515324 72057594037928269 14 0 0 3780.172 3610.95 512 424 
0.1186541 0.3533739 -0.3417439 63662611515324 72057594037928269 15 0 0 473005.6 457398.8 512 424 
0.6843153 0.1650736 -0.7034789 63662611515324 72057594037928269 16 0 0 332.4678 542.8621 512 424 
0.6880416 0.1126319 -1.0074 63662611515324 72057594037928269 17 0 0 309.1943 705.6202 512 424 
0.7115018 0.0719085 -1.292462 63662611515324 72057594037928269 18 0 0 325.6845 1507.116 512 424 
0.6080077 0.04662723 -1.319122 63662611515324 72057594037928269 19 0 0 419.5096 4908.768 512 424 
0.6003322 0.6330516 -0.7119772 63662611515324 72057594037928269 23 0 0 677.3757 682.2858 512 424 
0.5963308 0.6142958 -0.6651613 63662611515324 72057594037928269 24 0 0 624.6989 607.4884 512 424 
0.7392699 0.07878752 -0.6908298 63662611515324 72057594037928269 0 0 0 289.6561 524.4631 512 424 
0.6927258 0.1333918 -0.4398174 63662611515324 72057594037928269 1 1255.389 1206.588 323.3546 436.4193 512 424 
0.5533091 0.08408505 -0.4008718 63662611515324 72057594037928269 5 1232.91 1302.793 307.918 465.8919 512 424 
0.6095024 0.4788389 -0.4787056 63662611515324 72057594037928269 9 1904.211 1371.692 506.5268 458.4892 512 424 
0.6130137 0.5870317 -0.6407115 63662611515324 72057594037928269 10 0 0 565.2975 545.8644 512 424 
0.6172001 0.6283307 -0.7014101 63662611515324 72057594037928269 11 0 0 624.1008 619.2657 512 424 
0.7438488 -0.01318563 -0.6293222 63662611515324 72057594037928269 12 0 0 247.029 502.4348 512 424 
0.4703829 0.1931668 -0.4829868 63662611515324 72057594037928269 13 0 0 385.8584 536.8445 512 424 
0.2393465 0.3757579 -0.3628394 63662611515324 72057594037928269 14 0 0 3780.172 3610.95 512 424 
0.1186541 0.3533739 -0.3417439 63662611515324 72057594037928269 15 0 0 473005.6 457398.8 512 424 
0.6843153 0.1650736 -0.7034789 63662611515324 72057594037928269 16 0 0 332.4678 542.8621 512 424 
0.6880416 0.1126319 -1.0074 63662611515324 72057594037928269 17 0 0 309.1943 705.6202 512 424 
0.7115018 0.0719085 -1.292462 63662611515324 72057594037928269 18 0 0 325.6845 1507.116 512 424 
0.6080077 0.04662723 -1.319122 63662611515324 72057594037928269 19 0 0 419.5096 4908.768 512 424 
0.6003322 0.6330516 -0.7119772 63662611515324 72057594037928269 23 0 0 677.3757 682.2858 512 424 
0.5963308 0.6142958 -0.6651613 63662611515324 72057594037928269 24 0 0 624.6989 607.4884 512 424 
0.7392699 0.07878752 -0.6908298 63662611515324 72057594037928269 0 0 0 289.6561 524.4631 512 424 
0.6927258 0.1333918 -0.4398174 63662611515324 72057594037928269 1 1255.389 1206.588 323.3546 436.4193 512 424 
0.5533091 0.08408505 -0.4008718 63662611515324 72057594037928269 5 1232.91 1302.793 307.918 465.8919 512 424 
0.6095024 0.4788389 -0.4787056 63662611515324 72057594037928269 9 1904.211 1371.692 506.5268 458.4892 512 424 
0.6130137 0.5870317 -0.6407115 63662611515324 72057594037928269 10 0 0 565.2975 545.8644 512 424 
0.6172001 0.6283307 -0.7014101 63662611515324 72057594037928269 11 0 0 624.1008 619.2657 512 424 
0.7438488 -0.01318563 -0.6293222 63662611515324 72057594037928269 12 0 0 247.029 502.4348 512 424 
0.4703829 0.1931668 -0.4829868 63662611515324 72057594037928269 13 0 0 385.8584 536.8445 512 424 
0.2393465 0.3757579 -0.3628394 63662611515324 72057594037928269 14 0 0 3780.172 3610.95 512 424 
0.1186541 0.3533739 -0.3417439 63662611515324 72057594037928269 15 0 0 473005.6 457398.8 512 424 
0.6843153 0.1650736 -0.7034789 63662611515324 72057594037928269 16 0 0 332.4678 542.8621 512 424 
0.6880416 0.1126319 -1.0074 63662611515324 72057594037928269 17 0 0 309.1943 705.6202 512 424 
0.7115018 0.0719085 -1.292462 63662611515324 72057594037928269 18 0 0 325.6845 1507.116 512 424 
0.6080077 0.04662723 -1.319122 63662611515324 72057594037928269 19 0 0 419.5096 4908.768 512 424 
0.6003322 0.6330516 -0.7119772 63662611515324 72057594037928269 23 0 0 677.3757 682.2858 512 424 
0.5963308 0.6142958 -0.6651613 63662611515324 72057594037928269 24 0 0 624.6989 607.4884 512 424 
0.7392699 0.07878752 -0.6908298 63662611515324 72057594037928269 0 0 0 289.6561 524.4631 512 424 
0.6927258 0.1333918 -0.4398174 63662611515324 72057594037928269 1 1255.389 1206.588 323.3546 436.4193 512 424 
0.5533091 0.08408505 -0.4008718 63662611515324 72057594037928269 5 1232.91 1302.793 307.918 465.8919 512 424 
0.6095024 0.4788389 -0.4787056 63662611515324 72057594037928269 9 1904.211 1371.692 506.5268 458.4892 512 424 
0.6130137 0.5870317 -0.6407115 63662611515324 72057594037928269 10 0 0 565.2975 545.8644 512 424 
0.6172001 0.6283307 -0.7014101 63662611515324 72057594037928269 11 0 0 624.1008 619.2657 512 424 
0.7438488 -0.01318563 -0.6293222 63662611515324 72057594037928269 12 0 0 247.029 502.4348 512 424 
0.4703829 0.1931668 -0.4829868 63662611515324 72057594037928269 13 0 0 385.8584 536.8445 512 424 
0.2393465 0.3757579 -0.3628394 63662611515324 72057594037928269 14 0 0 3780.172 3610.95 512 424 
0.1186541 0.3533739 -0.3417439 63662611515324 72057594037928269 15 0 0 473005.6 457398.8 512 424 
0.6843153 0.1650736 -0.7034789 63662611515324 72057594037928269 16 0 0 332.4678 542.8621 512 424 
0.6880416 0.1126319 -1.0074 63662611515324 72057594037928269 17 0 0 309.1943 705.6202 512 424 
0.7115018 0.0719085 -1.292462 63662611515324 72057594037928269 18 0 0 325.6845 1507.116 512 424 
0.6080077 0.04662723 -1.319122 63662611515324 72057594037928269 19 0 0 419.5096 4908.768 512 424 
0.6003322 0.6330516 -0.7119772 63662611515324 72057594037928269 23 0 0 677.3757 682.2858 512 424 
0.5963308 0.6142958 -0.6651613 63662611515324 72057594037928269 24 0 0 624.6989 607.4884 512 424 
0.7392699 0.07878752 -0.6908298 63662611515324 72057594037928269 0 0 0 289.6561 524.4631 512 424 
0.6927258 0.1333918 -0.4398174 63662611515324 72057594037928269 1 1255.389 1206.588 323.3546 436.4193 512 424 
0.5533091 0.08408505 -0.4008718 63662611515324 72057594037928269 5 1232.91 1302.793 307.918 465.8919 512 424 
0.6095024 0.4788389 -0.4787056 63662611515324 72057594037928269 9 1904.211 1371.692 506.5268 458.4892 512 424 
0.6130137 0.5870317 -0.6407115 63662611515324 72057594037928269 10 0 0 565.2975 545.8644 512 424 
0.6172001 0.6283307 -0.7014101 63662611515324 72057594037928269 11 0 0 624.1008 619.2657 512 424 
0.7438488 -0.01318563 -0.6293222 63662611515324 72057594037928269 12 0 0 247.029 502.4348 512 424 
0.4703829 0.1931668 -0.4829868 63662611515324 72057594037928269 13 0 0 385.8584 536.8445 512 424 
0.2393465 0.3757579 -0.3628394 63662611515324 72057594037928269 14 0 0 3780.172 3610.95 512 424 
0.1186541 0.3533739 -0.3417439 63662611515324 72057594037928269 15 0 0 473005.6 457398.8 512 424 
0.6843153 0.1650736 -0.7034789 63662611515324 72057594037928269 16 0 0 332.4678 542.8621 512 424 
0.6880416 0.1126319 -1.0074 63662611515324 72057594037928269 17 0 0 309.1943 705.6202 512 424 
0.7115018 0.0719085 -1.292462 63662611515324 72057594037928269 18 0 0 325.6845 1507.116 512 424 
0.6080077 0.04662723 -1.319122 63662611515324 72057594037928269 19 0 0 419.5096 4908.768 512 424 
0.6003322 0.6330516 -0.7119772 63662611515324 72057594037928269 23 0 0 677.3757 682.2858 512 424 
0.5963308 0.6142958 -0.6651613 63662611515324 72057594037928269 24 0 0 624.6989 607.4884 512 424 
0.7392699 0.07878752 -0.6908298 63662611515324 72057594037928269 0 0 0 289.6561 524.4631 512 424 
0.6927258 0.1333918 -0.4398174 63662611515324 72057594037928269 1 1255.389 1206.588 323.3546 436.4193 512 424 
0.5533091 0.08408505 -0.4008718 63662611515324 72057594037928269 5 1232.91 1302.793 307.918 465.8919 512 424 
0.6095024 0.4788389 -0.4787056 63662611515324 72057594037928269 9 1904.211 1371.692 506.5268 458.4892 512 424 
0.6130137 0.5870317 -0.6407115 63662611515324 72057594037928269 10 0 0 565.2975 545.8644 512 424 
0.6172001 0.6283307 -0.7014101 63662611515324 72057594037928269 11 0 0 624.1008 619.2657 512 424 
0.7438488 -0.01318563 -0.6293222 63662611515324 72057594037928269 12 0 0 247.029 502.4348 512 424 
0.4703829 0.1931668 -0.4829868 63662611515324 72057594037928269 13 0 0 385.8584 536.8445 512 424 
0.2393465 0.3757579 -0.3628394 63662611515324 72057594037928269 14 0 0 3780.172 3610.95 512 424 
0.1186541 0.3533739 -0.3417439 63662611515324 72057594037928269 15 0 0 473005.6 457398.8 512 424 
0.6843153 0.1650736 -0.7034789 63662611515324 72057594037928269 16 0 0 332.4678 542.8621 512 424 
0.6880416 0.1126319 -1.0074 63662611515324 72057594037928269 17 0 0 309.1943 705.6202 512 424 
0.7115018 0.0719085 -1.292462 63662611515324 72057594037928269 18 0 0 325.6845 1507.116 512 424 
0.6080077 0.04662723 -1.319122 63662611515324 72057594037928269 19 0 0 419.5096 4908.768 512 424 
0.6003322 0.6330516 -0.7119772 63662611515324 72057594037928269 23 0 0 677.3757 682.2858 512 424 
0.5963308 0.6142958 -0.6651613 63662611515324 72057594037928269 24 0 0 624.6989 607.4884 512 424 
