               JointType               X                    Y  WidthOfDisplay  HeightOfDisplay    IsImportant?(%)
0 0 0 0 0 0 0 0 53.30483537315 51.4561806196611 512 424 40
0 0 0 0 0 1 0 0 53.1457966694316 57.7836708200142 512 424 30
0 0 0 0 0 2 0 0 53.1283406706321 58.5420948407037 512 424 40
0 0 0 0 0 3 0 0 54.8432546306086 54.3476600496309 512 424 40
0 0 0 0 0 4 0 0 53.0402479599674 45.5247016698431 512 424 30
0 0 0 0 0 5 0 0 49.6658883916635 45.1768011897047 512 424 40
0 0 0 0 0 6 0 0 48.6728154541642 46.6114632965293 512 424 50
0 0 0 0 0 7 0 0 48.6242876659009 52.0640507370559 512 424 40
0 0 0 0 0 8 0 0 57.8001621931295 67.5049169171099 512 424 50
0 0 0 0 0 9 0 0 111.96832442442 74.0775265354752 512 424 90
0 0 0 0 0 10 0 0 111.906346617015 91.8510992295297 512 424 90
0 0 0 0 0 11 0 0 165.513409290697 149.643921975431 512 424 70
0 0 0 0 0 12 0 0 59.3479645827508 51.3826849130161 512 424 30
0 0 0 0 0 13 0 0 48.9016922692474 53.8824014091706 512 424 50
0 0 0 0 0 14 0 0 144.033218048191 215.814726609549 512 424 70
0 0 0 0 0 15 0 0 163.943132417541 263.177525904885 512 424 60
0 0 0 0 0 16 0 0 54.7051719443039 51.9215355578368 512 424 40
0 0 0 0 0 17 0 0 53.8845046868426 59.680904761308 512 424 50
0 0 0 0 0 18 0 0 189.539330812058 251.497232247725 512 424 60
0 0 0 0 0 19 0 0 189.562554271193 262.802929431977 512 424 60
0 0 0 0 0 20 0 0 53.2178784214682 48.754633681213 512 424 50
0 0 0 0 0 21 0 0 48.5391748870665 53.6329606516797 512 424 50
0 0 0 0 0 22 0 0 51.3986109827912 51.4843070741833 512 424 50
0 0 0 0 0 23 0 0 57.3046203613037 55.7341848151076 512 424 50
0 0 0 0 0 24 0 0 58.6041043726935 55.4437420200218 512 424 50
0 0 0 0 0 0 0 0 53.3140373798414 51.5855346249085 512 424 40
0 0 0 0 0 1 0 0 53.228416777084 48.5892011469113 512 424 40
0 0 0 0 0 2 0 0 53.2112278455401 49.8036046288188 512 424 40
0 0 0 0 0 3 0 0 54.8216403201478 51.2554167903178 512 424 40
0 0 0 0 0 4 0 0 50.2118229528348 49.9551162674855 512 424 50
0 0 0 0 0 5 0 0 48.8743806740761 47.8412140897136 512 424 40
0 0 0 0 0 6 0 0 48.1338184014894 49.7978129178644 512 424 40
0 0 0 0 0 7 0 0 48.6338008543069 53.0646979083825 512 424 40
0 0 0 0 0 8 0 0 55.6387632039311 49.2684274961649 512 424 40
0 0 0 0 0 9 0 0 112.516449613782 78.1087751808237 512 424 90
0 0 0 0 0 10 0 0 112.66112986221 94.8113590997519 512 424 90
0 0 0 0 0 11 0 0 166.41646857919 151.998670013882 512 424 70
0 0 0 0 0 12 0 0 52.0434958651486 51.2949314425787 512 424 40
0 0 0 0 0 13 0 0 48.5500404055014 56.4097500735022 512 424 50
0 0 0 0 0 14 0 0 143.842708529147 224.295942468481 512 424 70
0 0 0 0 0 15 0 0 163.944122224868 263.175250141785 512 424 60
0 0 0 0 0 16 0 0 54.7267946156095 51.8980352289071 512 424 40
0 0 0 0 0 17 0 0 53.9043974551669 59.7407051555513 512 424 50
0 0 0 0 0 18 0 0 189.534766806789 251.510780539977 512 424 60
0 0 0 0 0 19 0 0 189.554812046102 262.816820698478 512 424 60
0 0 0 0 0 20 0 0 53.2227265334809 49.1478711262999 512 424 50
0 0 0 0 0 21 0 0 48.5158072833775 53.8216376600092 512 424 50
0 0 0 0 0 22 0 0 51.4748729741618 51.094220436222 512 424 50
0 0 0 0 0 23 0 0 57.7331890886265 55.532374156024 512 424 50
0 0 0 0 0 24 0 0 59.1322297468999 55.9863007732054 512 424 50
0 0 0 0 0 0 0 0 53.3769441180421 51.6646213131397 512 424 40
0 0 0 0 0 1 0 0 53.2248404549827 48.6837059330071 512 424 40
0 0 0 0 0 2 0 0 53.07044792464 49.9975678876689 512 424 40
0 0 0 0 0 3 0 0 54.7841548776718 51.4831475111339 512 424 40
0 0 0 0 0 4 0 0 50.1976312377584 49.9455822936466 512 424 50
0 0 0 0 0 5 0 0 48.7707493567701 47.5356562821324 512 424 40
0 0 0 0 0 6 0 0 48.0541991508557 49.3265194025924 512 424 40
0 0 0 0 0 7 0 0 48.7046244605487 52.8110767424234 512 424 40
0 0 0 0 0 8 0 0 55.6692733857185 49.2762072782378 512 424 40
0 0 0 0 0 9 0 0 149.439936513714 96.1688694425034 512 424 80
0 0 0 0 0 10 0 0 150.419328843008 117.412075262744 512 424 80
0 0 0 0 0 11 0 0 148.748673498137 123.589858488673 512 424 80
0 0 0 0 0 12 0 0 52.0859063363718 51.3724515247863 512 424 40
0 0 0 0 0 13 0 0 49.4862104318108 56.5065057066529 512 424 50
0 0 0 0 0 14 0 0 143.851713837672 224.291326551648 512 424 70
0 0 0 0 0 15 0 0 163.945470582944 263.18297292889 512 424 60
0 0 0 0 0 16 0 0 54.8135204790747 51.9761897484556 512 424 40
0 0 0 0 0 17 0 0 54.3719544892399 59.7863530103762 512 424 50
0 0 0 0 0 18 0 0 189.46170825845 251.724245823232 512 424 60
0 0 0 0 0 19 0 0 189.557551266211 262.80581069858 512 424 60
0 0 0 0 0 20 0 0 53.1244125870238 49.3094235815832 512 424 50
0 0 0 0 0 21 0 0 48.7076673527564 53.3150556677834 512 424 50
0 0 0 0 0 22 0 0 51.3415661659587 52.3934201989189 512 424 50
0 0 0 0 0 23 0 0 57.8962727089189 55.529883221036 512 424 50
0 0 0 0 0 24 0 0 58.8535280662552 55.8381341167798 512 424 50
0 0 0 0 0 0 0 0 53.1601282544291 52.0925159723811 512 424 40
0 0 0 0 0 1 0 0 52.9722346840232 49.2011566786182 512 424 40
0 0 0 0 0 2 0 0 52.768884197745 50.7198720542833 512 424 40
0 0 0 0 0 3 0 0 54.6045842951598 52.4820391489757 512 424 40
0 0 0 0 0 4 0 0 50.0430906141986 50.1732557886962 512 424 50
0 0 0 0 0 5 0 0 48.2946585059717 47.3202587063001 512 424 40
0 0 0 0 0 6 0 0 47.0547777218102 49.7778478351543 512 424 50
0 0 0 0 0 7 0 0 47.2310784831319 52.3349225805499 512 424 50
0 0 0 0 0 8 0 0 55.6491364787059 49.7594945015173 512 424 50
0 0 0 0 0 9 0 0 57.0964466714911 47.9277013400748 512 424 40
0 0 0 0 0 10 0 0 58.639950270635 50.8297133961603 512 424 40
0 0 0 0 0 11 0 0 59.308798549236 53.4148805905221 512 424 40
0 0 0 0 0 12 0 0 51.7966677282832 51.8424373694486 512 424 40
0 0 0 0 0 13 0 0 48.9173978296507 57.5776354980036 512 424 50
0 0 0 0 0 14 0 0 143.847282358637 224.147096574121 512 424 70
0 0 0 0 0 15 0 0 163.902586943727 263.474014710765 512 424 60
0 0 0 0 0 16 0 0 54.6399994479738 52.2715163013838 512 424 40
0 0 0 0 0 17 0 0 54.5194755659118 59.5875242210181 512 424 50
0 0 0 0 0 18 0 0 164.005011496616 224.478897352125 512 424 70
0 0 0 0 0 19 0 0 189.504989236678 262.795066526787 512 424 60
0 0 0 0 0 20 0 0 52.8317535796075 49.9724981510549 512 424 50
0 0 0 0 0 21 0 0 47.2600475320805 53.0040432001999 512 424 60
0 0 0 0 0 22 0 0 50.5371670666134 50.1948672540632 512 424 50
0 0 0 0 0 23 0 0 60.0662841139145 54.2815352071377 512 424 50
0 0 0 0 0 24 0 0 60.0155961864811 53.8707430695071 512 424 50
0 0 0 0 0 0 0 0 53.1689535655188 52.1239813145751 512 424 40
0 0 0 0 0 1 0 0 52.9764595834989 49.2160508653582 512 424 40
0 0 0 0 0 2 0 0 52.7585180323854 50.7167432095575 512 424 40
0 0 0 0 0 3 0 0 54.6061212119618 52.4874022106808 512 424 40
0 0 0 0 0 4 0 0 50.0115046899789 50.1736908249411 512 424 50
0 0 0 0 0 5 0 0 48.2893812213527 47.3275115461569 512 424 40
0 0 0 0 0 6 0 0 47.0281912337532 49.8106146596229 512 424 50
0 0 0 0 0 7 0 0 47.2063938543155 52.4657372277289 512 424 50
0 0 0 0 0 8 0 0 55.6332521168201 49.7543411051544 512 424 50
0 0 0 0 0 9 0 0 57.058712481607 47.8066086171454 512 424 40
0 0 0 0 0 10 0 0 58.7408667256272 50.7627953119491 512 424 40
0 0 0 0 0 11 0 0 59.6430188714426 53.2721874452325 512 424 40
0 0 0 0 0 12 0 0 51.8156984070195 51.9187963775086 512 424 40
0 0 0 0 0 13 0 0 48.9648523126668 57.7406169575007 512 424 50
0 0 0 0 0 14 0 0 143.856764419529 224.098591047648 512 424 70
0 0 0 0 0 15 0 0 163.887683622594 263.399408922763 512 424 60
0 0 0 0 0 16 0 0 54.6482983090518 52.305351400267 512 424 40
0 0 0 0 0 17 0 0 54.50633091373 59.4656958073159 512 424 50
0 0 0 0 0 18 0 0 163.881252974724 224.854551182773 512 424 70
0 0 0 0 0 19 0 0 189.483136735063 262.919947502207 512 424 60
0 0 0 0 0 20 0 0 52.8258879868114 49.9740671400849 512 424 50
0 0 0 0 0 21 0 0 46.8797644964374 53.1347932500325 512 424 60
0 0 0 0 0 22 0 0 50.4788530525206 51.7613969374523 512 424 50
0 0 0 0 0 23 0 0 60.5000216081134 54.1597299367157 512 424 50
0 0 0 0 0 24 0 0 60.0687652411828 53.5332347997802 512 424 50
0 0 0 0 0 0 0 0 53.1681696578648 52.122173754185 512 424 40
0 0 0 0 0 1 0 0 52.9751629083164 49.2180393708316 512 424 40
0 0 0 0 0 2 0 0 52.756381424312 50.7235927608738 512 424 40
0 0 0 0 0 3 0 0 54.605031136435 52.489533659561 512 424 40
0 0 0 0 0 4 0 0 50.0098996020358 50.1681911969127 512 424 50
0 0 0 0 0 5 0 0 48.2888494280651 47.3384725269023 512 424 40
0 0 0 0 0 6 0 0 47.0313018167159 49.8093549155385 512 424 50
0 0 0 0 0 7 0 0 47.2157835147576 52.4776169228399 512 424 50
0 0 0 0 0 8 0 0 55.6277737160599 49.751463234626 512 424 50
0 0 0 0 0 9 0 0 57.0539286720057 47.8074248489139 512 424 40
0 0 0 0 0 10 0 0 58.733535729564 50.7604985612113 512 424 40
0 0 0 0 0 11 0 0 59.6353692552228 53.2722581718019 512 424 40
0 0 0 0 0 12 0 0 51.8150604786597 51.9186371216433 512 424 40
0 0 0 0 0 13 0 0 48.9679389875453 57.6941396998748 512 424 50
0 0 0 0 0 14 0 0 143.814474276077 224.092052190192 512 424 70
0 0 0 0 0 15 0 0 164.007436908486 262.984905732279 512 424 60
0 0 0 0 0 16 0 0 54.647367456295 52.3022505371438 512 424 40
0 0 0 0 0 17 0 0 54.5052177163208 59.4602109510386 512 424 50
0 0 0 0 0 18 0 0 163.897244653152 224.881226869434 512 424 70
0 0 0 0 0 19 0 0 189.488570903471 262.963803682795 512 424 60
0 0 0 0 0 20 0 0 52.8239903762981 49.979580430314 512 424 50
0 0 0 0 0 21 0 0 46.8925171742938 53.1428047545578 512 424 60
0 0 0 0 0 22 0 0 50.5511252854789 51.8944656133178 512 424 50
0 0 0 0 0 23 0 0 60.5057659897066 54.1587996705017 512 424 50
0 0 0 0 0 24 0 0 60.0631968241575 53.4341611100905 512 424 50
0 0 0 0 0 0 0 0 53.2064104337025 52.1645358612583 512 424 40
0 0 0 0 0 1 0 0 53.0153982484561 49.3021449904348 512 424 40
0 0 0 0 0 2 0 0 52.8133481424497 50.8238010878492 512 424 40
0 0 0 0 0 3 0 0 54.6283227517338 52.5701118769812 512 424 40
0 0 0 0 0 4 0 0 49.9982604270282 50.3400676441663 512 424 50
0 0 0 0 0 5 0 0 48.4221978771898 47.4449901669379 512 424 40
0 0 0 0 0 6 0 0 47.2384316872467 50.1759666149351 512 424 40
0 0 0 0 0 7 0 0 47.2388053536978 52.597302526476 512 424 50
0 0 0 0 0 8 0 0 55.7479728289898 49.7836268693962 512 424 50
0 0 0 0 0 9 0 0 57.0849907383788 47.6794381743744 512 424 40
0 0 0 0 0 10 0 0 58.9711656615136 50.2576877940566 512 424 40
0 0 0 0 0 11 0 0 59.7304331008584 52.6821709549483 512 424 40
0 0 0 0 0 12 0 0 51.832782178243 52.0554102370118 512 424 40
0 0 0 0 0 13 0 0 49.3776204881491 59.3510135272808 512 424 50
0 0 0 0 0 14 0 0 143.802133841379 224.102263076553 512 424 70
0 0 0 0 0 15 0 0 163.803204257505 262.823145295702 512 424 60
0 0 0 0 0 16 0 0 54.7176945599903 52.2654289756573 512 424 40
0 0 0 0 0 17 0 0 54.8643115231418 60.3957838133763 512 424 50
0 0 0 0 0 18 0 0 164.125962360674 224.291320680678 512 424 70
0 0 0 0 0 19 0 0 189.489216941673 262.837355355811 512 424 60
0 0 0 0 0 20 0 0 52.8757977170274 50.0784603802195 512 424 50
0 0 0 0 0 21 0 0 46.786103220635 54.3263951224199 512 424 60
0 0 0 0 0 22 0 0 50.4889853702952 52.9830572907773 512 424 50
0 0 0 0 0 23 0 0 60.508129442214 53.5824527251803 512 424 50
0 0 0 0 0 24 0 0 60.2962533818059 54.0211738646233 512 424 40
0 0 0 0 0 0 0 0 53.0558953542921 52.2080063657685 512 424 40
0 0 0 0 0 1 0 0 52.8337478561174 49.3557816990631 512 424 40
0 0 0 0 0 2 0 0 52.5985322108716 50.8728903264286 512 424 40
0 0 0 0 0 3 0 0 54.4756397680384 52.7081419723812 512 424 50
0 0 0 0 0 4 0 0 49.7757618055307 50.4751708695394 512 424 50
0 0 0 0 0 5 0 0 48.2362851541811 47.7430455842343 512 424 40
0 0 0 0 0 6 0 0 47.1920358291343 50.0708750462003 512 424 40
0 0 0 0 0 7 0 0 47.4799993035748 53.0116294471555 512 424 50
0 0 0 0 0 8 0 0 55.5968379128904 49.8872194764805 512 424 60
0 0 0 0 0 9 0 0 56.9911283274811 47.7498502724834 512 424 40
0 0 0 0 0 10 0 0 58.7671928792355 50.3114937866696 512 424 40
0 0 0 0 0 11 0 0 59.4105400126881 52.461825712016 512 424 40
0 0 0 0 0 12 0 0 51.6722760494688 52.1093863084135 512 424 40
0 0 0 0 0 13 0 0 49.2036681725771 59.371631391421 512 424 50
0 0 0 0 0 14 0 0 143.798284433924 224.099482899649 512 424 70
0 0 0 0 0 15 0 0 163.78398179127 262.863544535225 512 424 60
0 0 0 0 0 16 0 0 54.5779099128063 52.2972611113843 512 424 40
0 0 0 0 0 17 0 0 54.7496908836426 59.9996809574908 512 424 50
0 0 0 0 0 18 0 0 164.160394965775 224.120286281457 512 424 70
0 0 0 0 0 19 0 0 189.494088965969 262.857232005522 512 424 60
0 0 0 0 0 20 0 0 52.6720582181223 50.1327934009358 512 424 50
0 0 0 0 0 21 0 0 47.2529965595296 54.7714162600756 512 424 60
0 0 0 0 0 22 0 0 50.4307465276772 52.4666164940318 512 424 50
0 0 0 0 0 23 0 0 60.239951812349 53.4034419500719 512 424 50
0 0 0 0 0 24 0 0 60.0312395144371 54.0222677789181 512 424 40
0 0 0 0 0 0 0 0 53.0721651364733 52.1432035094431 512 424 40
0 0 0 0 0 1 0 0 52.894319307925 49.3431010157921 512 424 40
0 0 0 0 0 2 0 0 52.7030597686713 50.9328872960974 512 424 40
0 0 0 0 0 3 0 0 54.5617892320046 52.8376239385045 512 424 50
0 0 0 0 0 4 0 0 49.8511188775865 50.4513946821267 512 424 50
0 0 0 0 0 5 0 0 48.2165176863612 47.5800346014919 512 424 40
0 0 0 0 0 6 0 0 47.1183946257433 49.5968944380474 512 424 40
0 0 0 0 0 7 0 0 47.4420333263392 53.142411462628 512 424 40
0 0 0 0 0 8 0 0 55.681565386469 49.8330090958724 512 424 60
0 0 0 0 0 9 0 0 57.180464253513 47.1839553624755 512 424 40
0 0 0 0 0 10 0 0 59.6284041372021 49.6047539840273 512 424 40
0 0 0 0 0 11 0 0 60.6575841254646 51.9679765456836 512 424 40
0 0 0 0 0 12 0 0 51.6829512040742 52.0467063461103 512 424 40
0 0 0 0 0 13 0 0 49.2017082942508 58.5689446157703 512 424 50
0 0 0 0 0 14 0 0 142.944905446855 223.505448712941 512 424 70
0 0 0 0 0 15 0 0 162.576749944067 263.106914824068 512 424 60
0 0 0 0 0 16 0 0 54.6005363418277 52.2306217896538 512 424 40
0 0 0 0 0 17 0 0 58.2562621406468 59.3548569973475 512 424 50
0 0 0 0 0 18 0 0 164.404301983662 223.781365574927 512 424 70
0 0 0 0 0 19 0 0 189.5353532701 263.36787476955 512 424 60
0 0 0 0 0 20 0 0 52.7662868993621 50.1736823862671 512 424 50
0 0 0 0 0 21 0 0 47.2481649619035 54.5645465470361 512 424 60
0 0 0 0 0 22 0 0 50.3005820456946 51.9663012345112 512 424 50
0 0 0 0 0 23 0 0 62.1304950574272 52.6921674241271 512 424 50
0 0 0 0 0 24 0 0 61.1432837688219 54.094296125424 512 424 40
0 0 0 0 0 0 0 0 52.753864042438 52.0085123723039 512 424 40
0 0 0 0 0 1 0 0 52.71743573898 49.3112827208092 512 424 40
0 0 0 0 0 2 0 0 52.5858419110153 51.0298387176731 512 424 50
0 0 0 0 0 3 0 0 54.4475352716461 52.9726079725361 512 424 50
0 0 0 0 0 4 0 0 49.6677797469304 50.6824915440228 512 424 60
0 0 0 0 0 5 0 0 48.4160335930694 47.5320487610305 512 424 40
0 0 0 0 0 6 0 0 47.968607667388 49.8957790223686 512 424 40
0 0 0 0 0 7 0 0 48.2468924034514 53.7830542606517 512 424 40
0 0 0 0 0 8 0 0 55.5226388955882 49.815290935586 512 424 60
0 0 0 0 0 9 0 0 57.1554339066186 46.9220144763848 512 424 50
0 0 0 0 0 10 0 0 60.6024110850616 49.328785093298 512 424 40
0 0 0 0 0 11 0 0 62.062852325168 51.5022731856307 512 424 40
0 0 0 0 0 12 0 0 51.4350204040552 51.8801945267804 512 424 40
0 0 0 0 0 13 0 0 48.9425247220686 58.1443484202006 512 424 50
0 0 0 0 0 14 0 0 142.740127695539 223.325318892164 512 424 70
0 0 0 0 0 15 0 0 162.575638003556 263.111666238619 512 424 60
0 0 0 0 0 16 0 0 54.1885088022822 52.1617251171168 512 424 50
0 0 0 0 0 17 0 0 54.2333503189421 58.8267710644312 512 424 50
0 0 0 0 0 18 0 0 164.418199046271 223.720428828717 512 424 70
0 0 0 0 0 19 0 0 189.52509872182 263.35644831414 512 424 60
0 0 0 0 0 20 0 0 52.6409327298528 50.2362512261577 512 424 60
0 0 0 0 0 21 0 0 47.5020302272437 55.1433429691816 512 424 50
0 0 0 0 0 22 0 0 51.3287916269256 53.3705803823303 512 424 50
0 0 0 0 0 23 0 0 62.6190378076911 52.3212770683103 512 424 50
0 0 0 0 0 24 0 0 63.4816201327052 53.2124509756793 512 424 40
0 0 0 0 0 0 0 0 52.7768283347707 52.0185909594658 512 424 40
0 0 0 0 0 1 0 0 52.739171378791 49.3202425490086 512 424 50
0 0 0 0 0 2 0 0 52.5924403934763 51.0413662950428 512 424 50
0 0 0 0 0 3 0 0 54.4688420529377 52.979532696487 512 424 50
0 0 0 0 0 4 0 0 49.6694999427365 50.7358928079582 512 424 60
0 0 0 0 0 5 0 0 48.5001979219362 47.6448986327712 512 424 40
0 0 0 0 0 6 0 0 47.9758248574256 50.052337599221 512 424 40
0 0 0 0 0 7 0 0 48.2783602447105 53.7854580123119 512 424 40
0 0 0 0 0 8 0 0 55.5638049589637 49.9114317292796 512 424 50
0 0 0 0 0 9 0 0 57.1101614238134 46.8362574637543 512 424 50
0 0 0 0 0 10 0 0 60.4976993971061 49.2273305513254 512 424 40
0 0 0 0 0 11 0 0 61.6260892055738 51.5407941526494 512 424 40
0 0 0 0 0 12 0 0 51.4527685039301 51.8879500201722 512 424 40
0 0 0 0 0 13 0 0 48.9877695949496 58.825142730879 512 424 50
0 0 0 0 0 14 0 0 142.514807795346 223.870017881879 512 424 70
0 0 0 0 0 15 0 0 162.6085808735 262.872248518468 512 424 60
0 0 0 0 0 16 0 0 54.2183404069558 52.1748918846535 512 424 50
0 0 0 0 0 17 0 0 54.2398143596499 58.9739748446429 512 424 50
0 0 0 0 0 18 0 0 164.253481499284 224.669669012184 512 424 70
0 0 0 0 0 19 0 0 189.70873943156 263.69351633033 512 424 60
0 0 0 0 0 20 0 0 52.6531470083831 50.2475394133724 512 424 60
0 0 0 0 0 21 0 0 47.4191560247499 55.2909942830775 512 424 50
0 0 0 0 0 22 0 0 51.1045981604333 53.311949561546 512 424 50
0 0 0 0 0 23 0 0 61.7752743838321 52.4077520000649 512 424 50
0 0 0 0 0 24 0 0 105.590583674784 91.9405090852557 512 424 90
0 0 0 0 0 0 0 0 52.8643234109599 51.9671891686256 512 424 40
0 0 0 0 0 1 0 0 52.8250467082211 49.3398094246859 512 424 40
0 0 0 0 0 2 0 0 52.6760984497376 51.1081460970942 512 424 50
0 0 0 0 0 3 0 0 54.5293625087692 53.0269163668098 512 424 50
0 0 0 0 0 4 0 0 49.7095220853803 50.7434670996855 512 424 60
0 0 0 0 0 5 0 0 48.7552313620248 47.9901372571705 512 424 40
0 0 0 0 0 6 0 0 48.3722844534232 50.6410972001645 512 424 40
0 0 0 0 0 7 0 0 48.894772132285 54.0469099331873 512 424 40
0 0 0 0 0 8 0 0 55.6517730185424 49.9200886104095 512 424 50
0 0 0 0 0 9 0 0 57.2544414603089 46.7289315753452 512 424 50
0 0 0 0 0 10 0 0 60.6124476526164 49.0653820410494 512 424 40
0 0 0 0 0 11 0 0 61.8002310587056 51.4516219440839 512 424 40
0 0 0 0 0 12 0 0 51.5368004458728 51.8470133125371 512 424 40
0 0 0 0 0 13 0 0 48.8188944515103 58.7672964498335 512 424 50
0 0 0 0 0 14 0 0 142.514807795346 223.870017881879 512 424 70
0 0 0 0 0 15 0 0 162.6085808735 262.872248518468 512 424 60
0 0 0 0 0 16 0 0 54.3084758307555 52.1150677556838 512 424 50
0 0 0 0 0 17 0 0 54.3680050494537 58.7721157328367 512 424 50
0 0 0 0 0 18 0 0 164.253481499284 224.669669012184 512 424 70
0 0 0 0 0 19 0 0 189.70873943156 263.69351633033 512 424 60
0 0 0 0 0 20 0 0 52.7373461418867 50.3048301320083 512 424 60
0 0 0 0 0 21 0 0 48.0303398597369 55.2122619116777 512 424 50
0 0 0 0 0 22 0 0 52.1989706253544 52.3912109132769 512 424 50
0 0 0 0 0 23 0 0 61.8657192779789 52.1804437991108 512 424 50
0 0 0 0 0 24 0 0 62.7994053124928 52.008061868042 512 424 40
0 0 0 0 0 0 0 0 52.7432132112837 51.8372085864349 512 424 40
0 0 0 0 0 1 0 0 52.7722225328144 49.2862886056991 512 424 40
0 0 0 0 0 2 0 0 52.664388548178 51.1366297103031 512 424 50
0 0 0 0 0 3 0 0 54.533741720744 53.0954602652581 512 424 50
0 0 0 0 0 4 0 0 49.7571249753849 50.7729041627779 512 424 60
0 0 0 0 0 5 0 0 48.8696453010017 48.0989248077679 512 424 40
0 0 0 0 0 6 0 0 48.5874894107819 50.9268873542956 512 424 40
0 0 0 0 0 7 0 0 49.0100868589861 54.2041570859684 512 424 40
0 0 0 0 0 8 0 0 55.6378035832845 49.9916272287383 512 424 60
0 0 0 0 0 9 0 0 57.1746514165646 46.6760171899901 512 424 50
0 0 0 0 0 10 0 0 60.2158775985807 48.8092563344675 512 424 40
0 0 0 0 0 11 0 0 61.258646398364 51.3012864534656 512 424 40
0 0 0 0 0 12 0 0 51.4214673428662 51.7422620144545 512 424 40
0 0 0 0 0 13 0 0 48.7989463446086 58.5938408371442 512 424 50
0 0 0 0 0 14 0 0 142.571023749397 223.489184492775 512 424 70
0 0 0 0 0 15 0 0 162.139871996706 263.440210929935 512 424 60
0 0 0 0 0 16 0 0 54.1802651050332 51.9471151213904 512 424 50
0 0 0 0 0 17 0 0 54.3377821160122 58.6168276588667 512 424 50
0 0 0 0 0 18 0 0 164.675283255277 224.5888235264 512 424 70
0 0 0 0 0 19 0 0 190.052532250909 263.599606637414 512 424 60
0 0 0 0 0 20 0 0 52.7187226945953 50.3111170594453 512 424 60
0 0 0 0 0 21 0 0 48.5448392335302 56.2480338903379 512 424 50
0 0 0 0 0 22 0 0 51.687657493729 52.9154996162994 512 424 50
0 0 0 0 0 23 0 0 61.0817663558186 51.9467791059723 512 424 50
0 0 0 0 0 24 0 0 62.3590851886091 51.9385548983108 512 424 50
0 0 0 0 0 0 0 0 52.6248209171175 51.7981293195113 512 424 40
0 0 0 0 0 1 0 0 52.6038524778383 49.2858131263951 512 424 50
0 0 0 0 0 2 0 0 52.4383106813794 51.1656011003737 512 424 50
0 0 0 0 0 3 0 0 54.3575330841914 53.1152745298287 512 424 50
0 0 0 0 0 4 0 0 49.6664285837394 50.7317281049355 512 424 60
0 0 0 0 0 5 0 0 48.5643099960785 48.2036104121145 512 424 40
0 0 0 0 0 6 0 0 48.1902927618399 50.8970762338552 512 424 40
0 0 0 0 0 7 0 0 48.6734537190814 53.8487401372006 512 424 40
0 0 0 0 0 8 0 0 55.4957801408789 50.0114937595571 512 424 60
0 0 0 0 0 9 0 0 56.9813865913127 46.6952617196925 512 424 50
0 0 0 0 0 10 0 0 59.9597924009464 48.7661035940829 512 424 40
0 0 0 0 0 11 0 0 61.0988873969149 51.4881317835098 512 424 40
0 0 0 0 0 12 0 0 51.2909341973061 51.6824576746251 512 424 40
0 0 0 0 0 13 0 0 48.6484769619847 58.5877722003203 512 424 50
0 0 0 0 0 14 0 0 142.410083309475 223.493169301709 512 424 70
0 0 0 0 0 15 0 0 161.843263113177 263.3355913359 512 424 60
0 0 0 0 0 16 0 0 54.0701295375959 51.9276356502318 512 424 50
0 0 0 0 0 17 0 0 54.2403330997281 58.6646024365273 512 424 50
0 0 0 0 0 18 0 0 164.730153371663 224.651733708621 512 424 70
0 0 0 0 0 19 0 0 190.074257391142 263.552172355242 512 424 60
0 0 0 0 0 20 0 0 52.5076182662941 50.3343131074467 512 424 60
0 0 0 0 0 21 0 0 48.7804667398362 56.0349267647156 512 424 50
0 0 0 0 0 22 0 0 51.1866356032461 52.6539116750657 512 424 50
0 0 0 0 0 23 0 0 60.9542277776328 51.890580744935 512 424 50
0 0 0 0 0 24 0 0 62.1467244526588 52.6138695288115 512 424 50
0 0 0 0 0 0 0 0 52.5011276795518 51.6505201360384 512 424 40
0 0 0 0 0 1 0 0 52.5220180731895 49.2264768275727 512 424 50
0 0 0 0 0 2 0 0 52.3941751060538 51.2595296433453 512 424 50
0 0 0 0 0 3 0 0 54.3246019229818 53.2095155335733 512 424 50
0 0 0 0 0 4 0 0 49.6736269216402 50.7880678097124 512 424 60
0 0 0 0 0 5 0 0 48.5987685342687 47.9992760483649 512 424 40
0 0 0 0 0 6 0 0 48.1734698592139 50.8414146677833 512 424 40
0 0 0 0 0 7 0 0 48.6905732114058 53.6314017077225 512 424 40
0 0 0 0 0 8 0 0 55.4917839678236 50.0256387467696 512 424 60
0 0 0 0 0 9 0 0 56.9743010362851 46.547901755436 512 424 50
0 0 0 0 0 10 0 0 59.9314430082143 48.7040338233159 512 424 40
0 0 0 0 0 11 0 0 60.936599439007 51.1652833753882 512 424 40
0 0 0 0 0 12 0 0 51.1288338584779 51.5873443805258 512 424 40
0 0 0 0 0 13 0 0 48.5885531490048 58.5660870738092 512 424 50
0 0 0 0 0 14 0 0 142.394650119911 223.394593379587 512 424 70
0 0 0 0 0 15 0 0 161.85933913214 263.333498356558 512 424 60
0 0 0 0 0 16 0 0 53.9666511311109 51.7227260609481 512 424 50
0 0 0 0 0 17 0 0 56.5679382188593 58.5715226308481 512 424 50
0 0 0 0 0 18 0 0 164.763833521425 224.676693113621 512 424 70
0 0 0 0 0 19 0 0 190.081536159113 263.560365228 512 424 60
0 0 0 0 0 20 0 0 52.4554158128274 50.3854918061467 512 424 60
0 0 0 0 0 21 0 0 48.2251049867961 55.1109759549517 512 424 50
0 0 0 0 0 22 0 0 51.7334070079681 51.8130329447705 512 424 50
0 0 0 0 0 23 0 0 60.9998713669447 51.8979019751419 512 424 50
0 0 0 0 0 24 0 0 61.9052977605455 52.1518508504769 512 424 50
0 0 0 0 0 0 0 0 52.4639317751907 51.6394703413696 512 424 40
0 0 0 0 0 1 0 0 52.4899311848941 49.2150208882839 512 424 50
0 0 0 0 0 2 0 0 52.3707385312449 51.2472427525838 512 424 50
0 0 0 0 0 3 0 0 54.3100153700083 53.1961438125468 512 424 50
0 0 0 0 0 4 0 0 49.5377238678274 50.7633593201567 512 424 60
0 0 0 0 0 5 0 0 48.5204550906762 47.5653940531591 512 424 40
0 0 0 0 0 6 0 0 49.6940934994835 48.6987303327425 512 424 40
0 0 0 0 0 7 0 0 51.6134711328042 51.1283557155422 512 424 40
0 0 0 0 0 8 0 0 55.5200570885055 49.9940546938765 512 424 60
0 0 0 0 0 9 0 0 56.9378064077637 46.4731696651693 512 424 50
0 0 0 0 0 10 0 0 59.8188320582811 48.6113052054505 512 424 40
0 0 0 0 0 11 0 0 60.7649741469088 50.8606780231792 512 424 40
0 0 0 0 0 12 0 0 51.0960870333783 51.5748286925017 512 424 40
0 0 0 0 0 13 0 0 48.4779470289675 58.5218590790564 512 424 50
0 0 0 0 0 14 0 0 142.370592949628 223.384475592549 512 424 70
0 0 0 0 0 15 0 0 161.857878295382 263.326138357919 512 424 60
0 0 0 0 0 16 0 0 53.9249944875455 51.7151617774831 512 424 50
0 0 0 0 0 17 0 0 56.5606977988729 58.5554233254038 512 424 50
0 0 0 0 0 18 0 0 164.786323949799 224.650348179943 512 424 70
0 0 0 0 0 19 0 0 190.088395956465 263.54483190864 512 424 60
0 0 0 0 0 20 0 0 52.4298328909935 50.3735772764785 512 424 60
0 0 0 0 0 21 0 0 52.8629120635492 52.4227260212582 512 424 50
0 0 0 0 0 22 0 0 54.5142205411807 48.6218705549144 512 424 40
0 0 0 0 0 23 0 0 60.8502127138198 51.6943915910218 512 424 50
0 0 0 0 0 24 0 0 61.7939653017156 51.931965431674 512 424 50
0 0 0 0 0 0 0 0 52.2305031421191 51.5440000980278 512 424 40
0 0 0 0 0 1 0 0 52.3310236214849 49.1841706181812 512 424 50
0 0 0 0 0 2 0 0 52.2886857680762 51.2867471394751 512 424 50
0 0 0 0 0 3 0 0 54.1770185137393 53.3154564437775 512 424 40
0 0 0 0 0 4 0 0 49.4589262940339 50.7988510770591 512 424 60
0 0 0 0 0 5 0 0 48.4073646553912 47.5830501509628 512 424 40
0 0 0 0 0 6 0 0 49.4717769647242 48.7501453102399 512 424 40
0 0 0 0 0 7 0 0 51.0529542780567 51.2590364527503 512 424 40
0 0 0 0 0 8 0 0 55.4238134178228 50.0655344690881 512 424 60
0 0 0 0 0 9 0 0 56.8498923706677 46.5256438931263 512 424 50
0 0 0 0 0 10 0 0 59.7533377403661 48.5973827719698 512 424 40
0 0 0 0 0 11 0 0 60.8753115676417 50.6916281329747 512 424 40
0 0 0 0 0 12 0 0 50.831235257311 51.516305590675 512 424 40
0 0 0 0 0 13 0 0 48.3432824614876 58.1739080854131 512 424 50
0 0 0 0 0 14 0 0 142.326406464878 223.586134970193 512 424 70
0 0 0 0 0 15 0 0 161.853751149301 263.334991205507 512 424 60
0 0 0 0 0 16 0 0 53.7145541690154 51.5837472944757 512 424 50
0 0 0 0 0 17 0 0 55.2112811865259 58.7391439822468 512 424 50
0 0 0 0 0 18 0 0 164.787528862679 224.651917056517 512 424 70
0 0 0 0 0 19 0 0 190.03528063604 263.562051519056 512 424 60
0 0 0 0 0 20 0 0 52.3290070421099 50.3954938929663 512 424 60
0 0 0 0 0 21 0 0 52.6610034638229 53.0284362940698 512 424 50
0 0 0 0 0 22 0 0 54.3157600159641 48.8450008391391 512 424 50
0 0 0 0 0 23 0 0 60.9608436337111 51.7490100063772 512 424 50
0 0 0 0 0 24 0 0 61.879494837863 52.7482848923213 512 424 40
0 0 0 0 0 0 0 0 52.219269732077 51.5337198842285 512 424 40
0 0 0 0 0 1 0 0 52.322343850027 49.1655503044571 512 424 50
0 0 0 0 0 2 0 0 52.2847102311345 51.2618213805819 512 424 50
0 0 0 0 0 3 0 0 54.1873263589512 53.3053337501014 512 424 40
0 0 0 0 0 4 0 0 49.4790501486092 50.7821251012378 512 424 60
0 0 0 0 0 5 0 0 48.3899977453519 47.5316733391698 512 424 40
0 0 0 0 0 6 0 0 49.4263721763823 48.6144650901809 512 424 40
0 0 0 0 0 7 0 0 51.0280020584675 51.2467789804189 512 424 40
0 0 0 0 0 8 0 0 55.4360970610086 50.0626408850666 512 424 60
0 0 0 0 0 9 0 0 56.8333384809275 46.4903178882309 512 424 50
0 0 0 0 0 10 0 0 59.7115191046398 49.0744692824432 512 424 40
0 0 0 0 0 11 0 0 60.6950422619397 50.5434180242551 512 424 40
0 0 0 0 0 12 0 0 50.820829381128 51.5057466881461 512 424 40
0 0 0 0 0 13 0 0 48.3274106488223 58.037081068896 512 424 50
0 0 0 0 0 14 0 0 142.274483499342 223.526399320421 512 424 70
0 0 0 0 0 15 0 0 161.835905518124 263.256602645374 512 424 60
0 0 0 0 0 16 0 0 53.7032184884253 51.5736939397838 512 424 50
0 0 0 0 0 17 0 0 55.1851931675712 58.4476889889478 512 424 50
0 0 0 0 0 18 0 0 164.803912421104 224.691572483399 512 424 70
0 0 0 0 0 19 0 0 190.049032968473 263.558009874794 512 424 60
0 0 0 0 0 20 0 0 52.3236279207593 50.3718172429005 512 424 60
0 0 0 0 0 21 0 0 52.6474859515774 52.9075360493119 512 424 50
0 0 0 0 0 22 0 0 54.3404941472429 49.0930689632642 512 424 40
0 0 0 0 0 23 0 0 60.8457005378964 51.622279176701 512 424 50
0 0 0 0 0 24 0 0 61.4266365860424 52.2641944685138 512 424 40
0 0 0 0 0 0 0 0 51.9208524944806 51.5103894396098 512 424 40
0 0 0 0 0 1 0 0 52.1252385699592 49.1802971276085 512 424 50
0 0 0 0 0 2 0 0 52.1777493865904 51.3046730487053 512 424 50
0 0 0 0 0 3 0 0 54.0996511736097 53.387969911786 512 424 40
0 0 0 0 0 4 0 0 49.4346586696795 50.7599765860136 512 424 60
0 0 0 0 0 5 0 0 48.1050848486168 47.7798082890901 512 424 40
0 0 0 0 0 6 0 0 48.8966820363669 48.4107752962171 512 424 40
0 0 0 0 0 7 0 0 50.3992438227738 51.2967917390533 512 424 40
0 0 0 0 0 8 0 0 55.3265884203541 50.237541952733 512 424 60
0 0 0 0 0 9 0 0 56.6787706625746 46.5711310658405 512 424 50
0 0 0 0 0 10 0 0 59.6709291233311 48.9855427186084 512 424 40
0 0 0 0 0 11 0 0 60.7315336938122 50.557900298352 512 424 40
0 0 0 0 0 12 0 0 50.5282521177051 51.4662013070532 512 424 40
0 0 0 0 0 13 0 0 48.1541705513464 57.9782106927788 512 424 50
0 0 0 0 0 14 0 0 142.244134693182 222.992302188141 512 424 70
0 0 0 0 0 15 0 0 161.815502906411 263.270765628789 512 424 60
0 0 0 0 0 16 0 0 53.3951978938357 51.5743782461066 512 424 50
0 0 0 0 0 17 0 0 54.4921159262534 58.1707874346232 512 424 50
0 0 0 0 0 18 0 0 165.107101742457 224.665847753239 512 424 70
0 0 0 0 0 19 0 0 190.454212508345 263.71831268514 512 424 60
0 0 0 0 0 20 0 0 52.1958308842179 50.4086238352886 512 424 60
0 0 0 0 0 21 0 0 52.1013779668796 52.8706649736624 512 424 50
0 0 0 0 0 22 0 0 54.1121269553945 48.4385307793215 512 424 40
0 0 0 0 0 23 0 0 60.9850343424143 51.6382299008147 512 424 50
0 0 0 0 0 24 0 0 61.6063945846738 50.021039341359 512 424 40
0 0 0 0 0 0 0 0 51.6957217840234 51.4734253951774 512 424 40
0 0 0 0 0 1 0 0 51.899413755586 49.2105780012006 512 424 50
0 0 0 0 0 2 0 0 51.9700024945154 51.4075398095572 512 424 50
0 0 0 0 0 3 0 0 53.9423134890855 53.5371173841169 512 424 40
0 0 0 0 0 4 0 0 49.170537154322 50.716281015676 512 424 60
0 0 0 0 0 5 0 0 47.7861714398451 47.3314504414481 512 424 40
0 0 0 0 0 6 0 0 49.3841006454241 46.8113897904993 512 424 40
0 0 0 0 0 7 0 0 51.2408608220801 49.2405904710789 512 424 40
0 0 0 0 0 8 0 0 55.1979008577306 50.3071831949587 512 424 60
0 0 0 0 0 9 0 0 56.4221019916823 46.3094682311362 512 424 50
0 0 0 0 0 10 0 0 59.233818276106 48.4071403127675 512 424 40
0 0 0 0 0 11 0 0 60.3985141990168 50.4444633615868 512 424 40
0 0 0 0 0 12 0 0 50.3028480208533 51.404270239603 512 424 40
0 0 0 0 0 13 0 0 48.049977480237 57.9797310232735 512 424 50
0 0 0 0 0 14 0 0 142.234330463514 223.002163084166 512 424 70
0 0 0 0 0 15 0 0 161.864576473167 263.319891925983 512 424 60
0 0 0 0 0 16 0 0 53.1690350178078 51.5613870158451 512 424 50
0 0 0 0 0 17 0 0 54.2322394602344 58.2224986509266 512 424 50
0 0 0 0 0 18 0 0 165.081750297955 224.67568756891 512 424 70
0 0 0 0 0 19 0 0 190.441195306099 263.751478353693 512 424 60
0 0 0 0 0 20 0 0 51.9808117776871 50.4914697251881 512 424 60
0 0 0 0 0 21 0 0 52.3329796811054 50.2999659002978 512 424 50
0 0 0 0 0 22 0 0 54.3093487990275 48.4097322601188 512 424 40
0 0 0 0 0 23 0 0 60.685272806875 51.5176390012061 512 424 50
0 0 0 0 0 24 0 0 61.5361000209839 50.6605794950118 512 424 40
0 0 0 0 0 0 0 0 51.5821962872044 51.4464615424128 512 424 40
0 0 0 0 0 1 0 0 51.8170423858289 49.1713384572553 512 424 50
0 0 0 0 0 2 0 0 51.9393541860056 51.3720634260822 512 424 50
0 0 0 0 0 3 0 0 53.8382355119525 53.4976468040532 512 424 40
0 0 0 0 0 4 0 0 49.1373347434769 50.6284938169822 512 424 60
0 0 0 0 0 5 0 0 47.7651067089563 47.3836731532709 512 424 40
0 0 0 0 0 6 0 0 49.2496576888556 47.1493874419985 512 424 40
0 0 0 0 0 7 0 0 51.1491461930994 48.998065158468 512 424 40
0 0 0 0 0 8 0 0 55.1520967198704 50.2916599983178 512 424 60
0 0 0 0 0 9 0 0 56.3755245040882 46.1958081722026 512 424 50
0 0 0 0 0 10 0 0 59.2474213304363 48.514659745576 512 424 40
0 0 0 0 0 11 0 0 60.3129415064879 50.2206696395869 512 424 40
0 0 0 0 0 12 0 0 50.1807423273169 51.3866569909167 512 424 40
0 0 0 0 0 13 0 0 48.0200030183346 57.9969813565469 512 424 50
0 0 0 0 0 14 0 0 142.259790430452 223.029095506959 512 424 70
0 0 0 0 0 15 0 0 161.838781329877 263.288628499163 512 424 60
0 0 0 0 0 16 0 0 53.0744952518936 51.526538121848 512 424 50
0 0 0 0 0 17 0 0 53.9490276847992 58.2619423976066 512 424 50
0 0 0 0 0 18 0 0 165.145164114698 224.620252551646 512 424 70
0 0 0 0 0 19 0 0 190.490087232722 263.690569654738 512 424 60
0 0 0 0 0 20 0 0 51.9357766674992 50.4545358386595 512 424 60
0 0 0 0 0 21 0 0 52.4985642082961 50.669009298819 512 424 50
0 0 0 0 0 22 0 0 54.2616525828148 48.9031780551344 512 424 40
0 0 0 0 0 23 0 0 60.6106971798787 51.5852181675382 512 424 50
0 0 0 0 0 24 0 0 61.7023971074921 50.1775253539046 512 424 40
0 0 0 0 0 0 0 0 51.5316702846501 51.4170235111723 512 424 40
0 0 0 0 0 1 0 0 51.7609411177685 49.148025868783 512 424 50
0 0 0 0 0 2 0 0 51.8771818305893 51.3542235805114 512 424 50
0 0 0 0 0 3 0 0 53.8011786855274 53.517906078744 512 424 40
0 0 0 0 0 4 0 0 49.1051452144716 50.5792284167598 512 424 60
0 0 0 0 0 5 0 0 48.7802229910393 46.4212981072534 512 424 40
0 0 0 0 0 6 0 0 50.8890871837226 45.1553625726843 512 424 50
0 0 0 0 0 7 0 0 52.3686178102643 49.2535932655323 512 424 50
0 0 0 0 0 8 0 0 55.0073914252871 50.2775352381795 512 424 60
0 0 0 0 0 9 0 0 56.3169620599539 46.0776783626042 512 424 50
0 0 0 0 0 10 0 0 59.1755219482382 48.3945738090555 512 424 40
0 0 0 0 0 11 0 0 60.2043972139966 50.2567316663126 512 424 40
0 0 0 0 0 12 0 0 50.1311897709365 51.3605371952062 512 424 40
0 0 0 0 0 13 0 0 48.1055104252725 57.7898826920443 512 424 50
0 0 0 0 0 14 0 0 142.260413321518 223.029510768928 512 424 70
0 0 0 0 0 15 0 0 161.844504750944 263.287909812799 512 424 60
0 0 0 0 0 16 0 0 53.0243786732091 51.4933017394803 512 424 50
0 0 0 0 0 17 0 0 53.8667589286711 58.4903812587137 512 424 50
0 0 0 0 0 18 0 0 165.149347254287 224.626293997726 512 424 70
0 0 0 0 0 19 0 0 190.490743467598 263.697948399311 512 424 60
0 0 0 0 0 20 0 0 51.8751182236444 50.4359298044226 512 424 60
0 0 0 0 0 21 0 0 54.3528719192486 52.9349391531714 512 424 50
0 0 0 0 0 22 0 0 55.0805702683472 50.1192165956374 512 424 40
0 0 0 0 0 23 0 0 60.5719061251189 51.5237363606298 512 424 50
0 0 0 0 0 24 0 0 61.0557629275811 50.9668012118615 512 424 40
0 0 0 0 0 0 0 0 51.5097208486986 51.4049704289593 512 424 40
0 0 0 0 0 1 0 0 51.7363592604101 49.1354198055866 512 424 50
0 0 0 0 0 2 0 0 51.8502149732862 51.340528974033 512 424 50
0 0 0 0 0 3 0 0 53.7184256377043 53.5309051108122 512 424 40
0 0 0 0 0 4 0 0 49.073867302619 50.5635662858985 512 424 60
0 0 0 0 0 5 0 0 48.707729180526 46.3074033449557 512 424 40
0 0 0 0 0 6 0 0 50.7778296916175 44.8170308895321 512 424 50
0 0 0 0 0 7 0 0 52.2333722298592 48.9591814152581 512 424 50
0 0 0 0 0 8 0 0 54.9723515347574 50.2919032747968 512 424 60
0 0 0 0 0 9 0 0 56.2649978879931 46.0239774172813 512 424 50
0 0 0 0 0 10 0 0 59.0883091473021 48.4409493569404 512 424 40
0 0 0 0 0 11 0 0 59.9797612737113 50.1364921357354 512 424 40
0 0 0 0 0 12 0 0 50.1094170126969 51.3568994622312 512 424 40
0 0 0 0 0 13 0 0 48.1121362718604 57.8172089917664 512 424 50
0 0 0 0 0 14 0 0 142.210068565194 223.027215115794 512 424 70
0 0 0 0 0 15 0 0 161.869619606148 263.240354770309 512 424 60
0 0 0 0 0 16 0 0 53.001276747806 51.4697207948271 512 424 50
0 0 0 0 0 17 0 0 53.7277483861829 58.2570540984516 512 424 50
0 0 0 0 0 18 0 0 165.161621712614 224.65412045074 512 424 70
0 0 0 0 0 19 0 0 190.499624518721 263.709717057202 512 424 60
0 0 0 0 0 20 0 0 51.8488714469169 50.4230614282259 512 424 60
0 0 0 0 0 21 0 0 54.2040518132445 52.4889946368615 512 424 50
0 0 0 0 0 22 0 0 54.586132309031 48.8096741863306 512 424 40
0 0 0 0 0 23 0 0 60.3996647815022 51.4530153691578 512 424 50
0 0 0 0 0 24 0 0 61.1232215243584 51.0295119583341 512 424 40
0 0 0 0 0 0 0 0 51.4217482213143 51.386683657824 512 424 40
0 0 0 0 0 1 0 0 51.670071350716 49.0971116499164 512 424 50
0 0 0 0 0 2 0 0 51.8178990101597 51.3046424112496 512 424 50
0 0 0 0 0 3 0 0 53.6437757346005 53.4965566369921 512 424 40
0 0 0 0 0 4 0 0 49.0394604942976 50.4825800868132 512 424 60
0 0 0 0 0 5 0 0 48.8971298472565 46.2303149854318 512 424 40
0 0 0 0 0 6 0 0 50.726497972893 45.2073386200231 512 424 50
0 0 0 0 0 7 0 0 52.1148781643482 49.8217828654827 512 424 50
0 0 0 0 0 8 0 0 54.9230356692191 50.2691224136107 512 424 60
0 0 0 0 0 9 0 0 56.201989753671 45.9853446373862 512 424 50
0 0 0 0 0 10 0 0 58.9136124754175 48.3100215825075 512 424 40
0 0 0 0 0 11 0 0 59.5562716046229 49.7596286482244 512 424 40
0 0 0 0 0 12 0 0 50.0190477006613 51.3342994870814 512 424 40
0 0 0 0 0 13 0 0 48.1473562278208 57.7793587889459 512 424 50
0 0 0 0 0 14 0 0 142.213804950569 223.046262370988 512 424 70
0 0 0 0 0 15 0 0 161.862341161358 263.231104828573 512 424 60
0 0 0 0 0 16 0 0 52.9234154376107 51.4539912491624 512 424 50
0 0 0 0 0 17 0 0 56.4808738722828 58.0702345831265 512 424 50
0 0 0 0 0 18 0 0 165.241681117024 224.637767143303 512 424 70
0 0 0 0 0 19 0 0 190.515687538395 263.712690488962 512 424 60
0 0 0 0 0 20 0 0 51.8070853786002 50.3847731270368 512 424 60
0 0 0 0 0 21 0 0 53.2015815463229 54.6407369565999 512 424 50
0 0 0 0 0 22 0 0 54.0209756967909 50.5506457251819 512 424 50
0 0 0 0 0 23 0 0 59.8162069588711 51.3355090591051 512 424 50
0 0 0 0 0 24 0 0 60.0151427829737 51.418969697864 512 424 40
0 0 0 0 0 0 0 0 51.4146128354164 51.3933352237643 512 424 40
0 0 0 0 0 1 0 0 51.6515223510651 49.0967514988522 512 424 50
0 0 0 0 0 2 0 0 51.784122474223 51.3152438762245 512 424 50
0 0 0 0 0 3 0 0 53.5821408718084 53.5229187697475 512 424 40
0 0 0 0 0 4 0 0 49.008178260293 50.501500856244 512 424 60
0 0 0 0 0 5 0 0 48.8634159826712 46.206149349926 512 424 40
0 0 0 0 0 6 0 0 50.7031178139326 45.0703403942205 512 424 50
0 0 0 0 0 7 0 0 52.0672881477098 49.8412931305693 512 424 50
0 0 0 0 0 8 0 0 54.8889292558931 50.2816231989473 512 424 60
0 0 0 0 0 9 0 0 56.1411637119077 45.8907376576677 512 424 50
0 0 0 0 0 10 0 0 58.8266491797126 48.3813908896181 512 424 40
0 0 0 0 0 11 0 0 59.4943888650215 49.7373191027832 512 424 40
0 0 0 0 0 12 0 0 50.0122508729888 51.3465695371112 512 424 40
0 0 0 0 0 13 0 0 48.209270538697 57.1378743698117 512 424 50
0 0 0 0 0 14 0 0 142.25189420066 223.092280022097 512 424 70
0 0 0 0 0 15 0 0 161.869418957214 263.30002040682 512 424 60
0 0 0 0 0 16 0 0 52.9163855190717 51.4535679496114 512 424 50
0 0 0 0 0 17 0 0 56.3552100270325 57.0607441677075 512 424 60
0 0 0 0 0 18 0 0 165.294338781007 224.612281961658 512 424 70
0 0 0 0 0 19 0 0 190.45946119614 263.696577589644 512 424 60
0 0 0 0 0 20 0 0 51.7775760864482 50.3907878684293 512 424 60
0 0 0 0 0 21 0 0 53.176585792073 55.0110934367418 512 424 50
0 0 0 0 0 22 0 0 54.0386878247742 49.4221470540899 512 424 50
0 0 0 0 0 23 0 0 59.7965571622862 51.4357320711164 512 424 50
0 0 0 0 0 24 0 0 59.5290899753801 51.0157325160917 512 424 40
0 0 0 0 0 0 0 0 51.4006582971781 51.4169139098597 512 424 40
0 0 0 0 0 1 0 0 51.6229934276996 49.090280658525 512 424 50
0 0 0 0 0 2 0 0 51.7460523519756 51.3110392244361 512 424 50
0 0 0 0 0 3 0 0 53.5388687097582 53.5150571211651 512 424 40
0 0 0 0 0 4 0 0 49.0334102521752 50.4894612835426 512 424 60
0 0 0 0 0 5 0 0 48.9787006303029 46.1877608551248 512 424 40
0 0 0 0 0 6 0 0 50.7084944042303 45.2180843004007 512 424 50
0 0 0 0 0 7 0 0 51.7346767337484 49.9483528567358 512 424 50
0 0 0 0 0 8 0 0 54.9356187551291 50.2967960352655 512 424 60
0 0 0 0 0 9 0 0 56.1202265410054 45.8056179658831 512 424 50
0 0 0 0 0 10 0 0 58.7943598619162 48.2133954839484 512 424 40
0 0 0 0 0 11 0 0 59.4940052456471 50.1325485435075 512 424 40
0 0 0 0 0 12 0 0 50.0089149445718 51.3739803432177 512 424 40
0 0 0 0 0 13 0 0 48.2666345864011 57.1723119471918 512 424 50
0 0 0 0 0 14 0 0 142.235053840607 223.077268598644 512 424 70
0 0 0 0 0 15 0 0 161.720956539503 263.571697787057 512 424 60
0 0 0 0 0 16 0 0 52.8979384607396 51.4723337775501 512 424 50
0 0 0 0 0 17 0 0 56.3587915626818 57.289295256278 512 424 60
0 0 0 0 0 18 0 0 165.304621238343 224.620134824524 512 424 70
0 0 0 0 0 19 0 0 190.462850779289 263.687427486602 512 424 60
0 0 0 0 0 20 0 0 51.742934401872 50.3846490915867 512 424 60
0 0 0 0 0 21 0 0 52.5550365415388 55.2348701033439 512 424 50
0 0 0 0 0 22 0 0 53.8636071823349 49.6416163645937 512 424 50
0 0 0 0 0 23 0 0 59.9395361423804 51.5298316243904 512 424 50
0 0 0 0 0 24 0 0 59.6726708556797 52.3648662429397 512 424 40
0 0 0 0 0 0 0 0 51.3514099919714 51.4546365879147 512 424 40
0 0 0 0 0 1 0 0 51.5885628109548 49.1047235859844 512 424 50
0 0 0 0 0 2 0 0 51.7293487905637 51.3100862055099 512 424 50
0 0 0 0 0 3 0 0 53.514552156646 53.5218234872064 512 424 40
0 0 0 0 0 4 0 0 49.0564198592737 50.5085472628328 512 424 60
0 0 0 0 0 5 0 0 48.9796930106231 46.1860688639947 512 424 40
0 0 0 0 0 6 0 0 50.7673534433774 45.1122984698638 512 424 50
0 0 0 0 0 7 0 0 52.055908441296 49.6127626532713 512 424 50
0 0 0 0 0 8 0 0 54.9432037956152 50.3345784200308 512 424 60
0 0 0 0 0 9 0 0 56.125702794219 45.8517716142254 512 424 50
0 0 0 0 0 10 0 0 58.818158138411 48.4878101768977 512 424 40
0 0 0 0 0 11 0 0 59.546205324616 50.1846480777451 512 424 40
0 0 0 0 0 12 0 0 49.9565546921586 51.4058497650714 512 424 40
0 0 0 0 0 13 0 0 48.2812026399534 57.2357163068049 512 424 50
0 0 0 0 0 14 0 0 142.231571622396 223.079138806162 512 424 70
0 0 0 0 0 15 0 0 161.720136840114 263.574998997331 512 424 60
0 0 0 0 0 16 0 0 52.8561032987914 51.5157986426357 512 424 50
0 0 0 0 0 17 0 0 55.7436779263014 57.343959140413 512 424 50
0 0 0 0 0 18 0 0 165.305568624061 224.617651787901 512 424 70
0 0 0 0 0 19 0 0 190.461421180164 263.683625853787 512 424 60
0 0 0 0 0 20 0 0 51.7221836077285 50.3873948630933 512 424 60
0 0 0 0 0 21 0 0 53.3042258076913 54.7661133227809 512 424 50
0 0 0 0 0 22 0 0 54.0800831706812 48.7908473258907 512 424 50
0 0 0 0 0 23 0 0 60.1038011611284 51.63868606326 512 424 50
0 0 0 0 0 24 0 0 60.0532290915955 52.7233235456558 512 424 50
0 0 0 0 0 0 0 0 51.342021825555 51.4588352965719 512 424 40
0 0 0 0 0 1 0 0 51.5760426855788 49.0970239057552 512 424 50
0 0 0 0 0 2 0 0 51.7157467280775 51.2871610056118 512 424 50
0 0 0 0 0 3 0 0 53.4951215326754 53.4927136825798 512 424 40
0 0 0 0 0 4 0 0 49.0392239983849 50.5294575634124 512 424 60
0 0 0 0 0 5 0 0 48.9820081182312 46.1612235192536 512 424 40
0 0 0 0 0 6 0 0 50.7514940543368 45.0948577665303 512 424 50
0 0 0 0 0 7 0 0 52.0610167681633 49.7740016177241 512 424 50
0 0 0 0 0 8 0 0 54.9306837867798 50.3575150330821 512 424 60
0 0 0 0 0 9 0 0 56.0948233709581 45.8382806807525 512 424 50
0 0 0 0 0 10 0 0 58.7689774458615 48.553729087725 512 424 40
0 0 0 0 0 11 0 0 59.4394416076291 50.2568749194092 512 424 40
0 0 0 0 0 12 0 0 49.9449390478398 51.4090614494207 512 424 40
0 0 0 0 0 13 0 0 48.3156430400227 57.7538033669993 512 424 50
0 0 0 0 0 14 0 0 142.234087096898 223.082901274498 512 424 70
0 0 0 0 0 15 0 0 161.748040430694 263.418904268649 512 424 60
0 0 0 0 0 16 0 0 52.849031758984 51.5211563512828 512 424 50
0 0 0 0 0 17 0 0 55.7224189824289 56.8062218621919 512 424 50
0 0 0 0 0 18 0 0 165.303456527451 224.600058804394 512 424 70
0 0 0 0 0 19 0 0 190.436860590311 263.660607256668 512 424 60
0 0 0 0 0 20 0 0 51.7087135354643 50.3688196129657 512 424 60
0 0 0 0 0 21 0 0 53.2847744342408 54.9954768548468 512 424 50
0 0 0 0 0 22 0 0 54.1666507296829 49.4227732119298 512 424 40
0 0 0 0 0 23 0 0 60.0535685566254 51.7371685248751 512 424 50
0 0 0 0 0 24 0 0 59.9697694279239 51.9414815725028 512 424 50
0 0 0 0 0 0 0 0 51.3455729811973 51.5033553605598 512 424 40
0 0 0 0 0 1 0 0 51.5668281190952 49.1292835994652 512 424 50
0 0 0 0 0 2 0 0 51.6963897182593 51.2943388340872 512 424 50
0 0 0 0 0 3 0 0 53.4867343287455 53.4932063427452 512 424 40
0 0 0 0 0 4 0 0 49.0556100580759 50.5325216829945 512 424 60
0 0 0 0 0 5 0 0 48.8242052531902 46.2140495004363 512 424 40
0 0 0 0 0 6 0 0 50.7113614348716 44.8523982907983 512 424 50
0 0 0 0 0 7 0 0 52.7421426623227 48.1684657628291 512 424 50
0 0 0 0 0 8 0 0 54.9402418142011 50.3657401325203 512 424 60
0 0 0 0 0 9 0 0 56.0737674877572 45.8526309463373 512 424 50
0 0 0 0 0 10 0 0 58.6675289618175 48.4232598864271 512 424 40
0 0 0 0 0 11 0 0 59.3913217337683 50.2613605490444 512 424 40
0 0 0 0 0 12 0 0 49.9501088757547 51.4509482116401 512 424 40
0 0 0 0 0 13 0 0 48.3287081578827 57.8763171763226 512 424 50
0 0 0 0 0 14 0 0 142.262919536795 223.144707297307 512 424 70
0 0 0 0 0 15 0 0 161.751718642398 263.396953122363 512 424 60
0 0 0 0 0 16 0 0 52.8522000572442 51.5667918917063 512 424 50
0 0 0 0 0 17 0 0 55.7815403001637 56.6920109639951 512 424 50
0 0 0 0 0 18 0 0 165.293658419495 224.61072733454 512 424 70
0 0 0 0 0 19 0 0 190.442335029748 263.6708840905 512 424 60
0 0 0 0 0 20 0 0 51.6919373563575 50.3832238755126 512 424 60
0 0 0 0 0 21 0 0 55.1263238739419 52.2891292274338 512 424 50
0 0 0 0 0 22 0 0 54.6705227914709 48.0228968701547 512 424 40
0 0 0 0 0 23 0 0 60.0362104377302 51.8049381096273 512 424 50
0 0 0 0 0 24 0 0 60.2185502043538 51.6787599631103 512 424 50
0 0 0 0 0 0 0 0 51.3062702534149 51.5313170627111 512 424 40
0 0 0 0 0 1 0 0 51.5028878828267 49.1244213524182 512 424 50
0 0 0 0 0 2 0 0 51.6410763097998 51.2112493631213 512 424 50
0 0 0 0 0 3 0 0 53.4235959503443 53.3832157469869 512 424 40
0 0 0 0 0 4 0 0 49.2053329863163 50.5108843050414 512 424 60
0 0 0 0 0 5 0 0 48.8377029979402 46.2908292227165 512 424 40
0 0 0 0 0 6 0 0 50.7987919020628 45.0540487410988 512 424 50
0 0 0 0 0 7 0 0 52.8815837188799 48.4888378608405 512 424 50
0 0 0 0 0 8 0 0 55.0608896125694 50.3214563655932 512 424 60
0 0 0 0 0 9 0 0 56.0520138072581 45.8698068654972 512 424 50
0 0 0 0 0 10 0 0 58.6035236435477 48.4620298806691 512 424 40
0 0 0 0 0 11 0 0 59.3531067990871 50.21918233563 512 424 40
0 0 0 0 0 12 0 0 49.9063829247679 51.4701115608154 512 424 40
0 0 0 0 0 13 0 0 48.3564610957834 56.9155319135564 512 424 50
0 0 0 0 0 14 0 0 142.281825242217 223.168512561961 512 424 70
0 0 0 0 0 15 0 0 161.725400439591 263.232434656664 512 424 60
0 0 0 0 0 16 0 0 52.8189637590731 51.6019673738986 512 424 50
0 0 0 0 0 17 0 0 53.3638188592452 56.3067283572609 512 424 50
0 0 0 0 0 18 0 0 165.223020876078 224.726738859631 512 424 70
0 0 0 0 0 19 0 0 190.493616622195 263.770799410591 512 424 60
0 0 0 0 0 20 0 0 51.6284412513578 50.328858134073 512 424 60
0 0 0 0 0 21 0 0 55.0942260775623 52.4326037500865 512 424 50
0 0 0 0 0 22 0 0 54.5197834017637 49.1878951304751 512 424 40
0 0 0 0 0 23 0 0 59.7821905379535 52.0414847594776 512 424 50
0 0 0 0 0 24 0 0 59.713931936219 52.4807549464809 512 424 50
0 0 0 0 0 0 0 0 51.2889209824034 51.5673660442968 512 424 40
0 0 0 0 0 1 0 0 51.4571333592908 49.1430061900188 512 424 50
0 0 0 0 0 2 0 0 51.5795149166654 51.1309453440373 512 424 50
0 0 0 0 0 3 0 0 53.3816248440474 53.3081495186192 512 424 40
0 0 0 0 0 4 0 0 49.3090497410544 50.4740312360856 512 424 60
0 0 0 0 0 5 0 0 48.6076507949753 46.5350296006561 512 424 40
0 0 0 0 0 6 0 0 50.6270357317234 45.7786477045804 512 424 50
0 0 0 0 0 7 0 0 52.7573600328582 48.3532200900101 512 424 40
0 0 0 0 0 8 0 0 55.0806782106031 50.3086939818562 512 424 60
0 0 0 0 0 9 0 0 56.0499955239864 45.9022168488791 512 424 50
0 0 0 0 0 10 0 0 58.583097065005 48.0061185209946 512 424 40
0 0 0 0 0 11 0 0 59.3862440789436 50.1606673101856 512 424 40
0 0 0 0 0 12 0 0 49.8989023838202 51.4929894112663 512 424 40
0 0 0 0 0 13 0 0 48.3541655093952 57.028701777324 512 424 50
0 0 0 0 0 14 0 0 142.274414948301 223.169725962083 512 424 70
0 0 0 0 0 15 0 0 161.724793142537 263.219015171075 512 424 60
0 0 0 0 0 16 0 0 52.7827453655277 51.6539763383204 512 424 50
0 0 0 0 0 17 0 0 53.3352631524752 57.2022697085072 512 424 50
0 0 0 0 0 18 0 0 165.224884822374 224.742564085322 512 424 70
0 0 0 0 0 19 0 0 190.49777673516 263.767168033368 512 424 60
0 0 0 0 0 20 0 0 51.5693126111057 50.2799378703053 512 424 60
0 0 0 0 0 21 0 0 54.7875483603417 50.7931933090703 512 424 50
0 0 0 0 0 22 0 0 54.6190465509264 48.46843984068 512 424 40
0 0 0 0 0 23 0 0 59.8414808054384 52.0869040495133 512 424 50
0 0 0 0 0 24 0 0 59.931088845716 51.5960385426067 512 424 40
0 0 0 0 0 0 0 0 51.2738450566831 51.6301378693158 512 424 40
0 0 0 0 0 1 0 0 51.4412576537421 49.1879321061338 512 424 50
0 0 0 0 0 2 0 0 51.566753439401 51.1437790941726 512 424 50
0 0 0 0 0 3 0 0 53.3803700150352 53.3221670287661 512 424 40
0 0 0 0 0 4 0 0 49.3067915644597 50.495590041741 512 424 60
0 0 0 0 0 5 0 0 48.6328311800945 46.6316564365996 512 424 40
0 0 0 0 0 6 0 0 50.7104892567691 46.1011482454353 512 424 50
0 0 0 0 0 7 0 0 52.8446396228302 48.6712681883129 512 424 40
0 0 0 0 0 8 0 0 55.0813408655022 50.3121882824144 512 424 60
0 0 0 0 0 9 0 0 56.0311678957865 46.0551966489117 512 424 50
0 0 0 0 0 10 0 0 58.576398346084 48.1564570660214 512 424 40
0 0 0 0 0 11 0 0 59.3715238210314 50.257455563523 512 424 40
0 0 0 0 0 12 0 0 49.8806698669824 51.5649222038654 512 424 40
0 0 0 0 0 13 0 0 48.3377547661328 57.6567202422545 512 424 50
0 0 0 0 0 14 0 0 142.25061583654 223.170356962515 512 424 70
0 0 0 0 0 15 0 0 161.713035941882 263.200942964423 512 424 60
0 0 0 0 0 16 0 0 52.7702375688346 51.7094911144305 512 424 50
0 0 0 0 0 17 0 0 53.3347948792124 57.1323527046825 512 424 50
0 0 0 0 0 18 0 0 165.135592303351 224.775891298847 512 424 70
0 0 0 0 0 19 0 0 190.515095109363 263.784956891981 512 424 60
0 0 0 0 0 20 0 0 51.5554589851827 50.3012131984977 512 424 60
0 0 0 0 0 21 0 0 54.8848926637739 50.5215391720873 512 424 50
0 0 0 0 0 22 0 0 55.0907985804519 46.6219277781521 512 424 40
0 0 0 0 0 23 0 0 59.8109583599846 52.2299222674679 512 424 50
0 0 0 0 0 24 0 0 59.8239087569354 53.327896500094 512 424 40
0 0 0 0 0 0 0 0 51.2294923734985 51.7939025362836 512 424 50
0 0 0 0 0 1 0 0 51.3863184633111 49.2866555789473 512 424 50
0 0 0 0 0 2 0 0 51.5209286387876 51.0834502952787 512 424 60
0 0 0 0 0 3 0 0 53.3520783529438 53.1878287501166 512 424 40
0 0 0 0 0 4 0 0 49.3219688232799 50.4765377553335 512 424 60
0 0 0 0 0 5 0 0 48.6304132621918 46.753881261613 512 424 40
0 0 0 0 0 6 0 0 50.8464373832499 46.8633446099646 512 424 50
0 0 0 0 0 7 0 0 53.047020689943 49.2397370860323 512 424 40
0 0 0 0 0 8 0 0 55.1054562669874 50.3298401707938 512 424 60
0 0 0 0 0 9 0 0 56.0051501170157 46.1441517151506 512 424 50
0 0 0 0 0 10 0 0 58.5222797633237 48.1186848872066 512 424 40
0 0 0 0 0 11 0 0 59.4100416880725 50.4687863120609 512 424 40
0 0 0 0 0 12 0 0 49.8410050199997 51.740087441336 512 424 40
0 0 0 0 0 13 0 0 48.3140939252394 58.268834775951 512 424 50
0 0 0 0 0 14 0 0 142.154167658928 223.244745595727 512 424 70
0 0 0 0 0 15 0 0 161.707009313481 263.205480529235 512 424 60
0 0 0 0 0 16 0 0 52.7172904079162 51.8639547243474 512 424 50
0 0 0 0 0 17 0 0 53.2768674818327 57.7513549189105 512 424 50
0 0 0 0 0 18 0 0 164.865520378964 225.446622422964 512 424 70
0 0 0 0 0 19 0 0 190.496670274651 263.734051374494 512 424 60
0 0 0 0 0 20 0 0 51.5057943137928 50.2882903777681 512 424 60
0 0 0 0 0 21 0 0 55.0682979947618 51.2328915246556 512 424 50
0 0 0 0 0 22 0 0 55.0768505174899 48.354736768277 512 424 40
0 0 0 0 0 23 0 0 59.854206568788 52.4070157464101 512 424 50
0 0 0 0 0 24 0 0 59.678434770267 53.1737926079267 512 424 40
0 0 0 0 0 0 0 0 51.2303243869359 51.7945744030433 512 424 50
0 0 0 0 0 1 0 0 51.3885434134411 49.28658646813 512 424 50
0 0 0 0 0 2 0 0 51.5273939092238 51.0870022784751 512 424 60
0 0 0 0 0 3 0 0 53.3597534200874 53.202394686509 512 424 40
0 0 0 0 0 4 0 0 49.3283823723712 50.4897051375832 512 424 60
0 0 0 0 0 5 0 0 48.6477142129786 46.8066435467284 512 424 40
0 0 0 0 0 6 0 0 50.8566808792335 46.8823606948229 512 424 50
0 0 0 0 0 7 0 0 53.0800070445351 49.3324738950885 512 424 40
0 0 0 0 0 8 0 0 55.1069870944108 50.3432585933266 512 424 60
0 0 0 0 0 9 0 0 56.0020294249004 46.155866586819 512 424 50
0 0 0 0 0 10 0 0 58.537037977216 48.2124525764974 512 424 40
0 0 0 0 0 11 0 0 59.4058853208531 50.4381813308701 512 424 40
0 0 0 0 0 12 0 0 49.8416088329305 51.7399273460531 512 424 40
0 0 0 0 0 13 0 0 48.3356389242907 58.4851760645424 512 424 50
0 0 0 0 0 14 0 0 142.149595709679 223.254190728164 512 424 70
0 0 0 0 0 15 0 0 161.713042893063 263.220956240096 512 424 60
0 0 0 0 0 16 0 0 52.718857719243 51.8669962132034 512 424 50
0 0 0 0 0 17 0 0 53.2763504530335 57.7573530670728 512 424 50
0 0 0 0 0 18 0 0 164.864818667166 225.488693629438 512 424 70
0 0 0 0 0 19 0 0 190.453219765518 263.755440854013 512 424 60
0 0 0 0 0 20 0 0 51.5110734494323 50.2903965962384 512 424 60
0 0 0 0 0 21 0 0 55.1114074752149 51.4056414671682 512 424 50
0 0 0 0 0 22 0 0 55.0509195490418 48.6899873455537 512 424 40
0 0 0 0 0 23 0 0 59.8781941843511 52.3913402253815 512 424 50
0 0 0 0 0 24 0 0 59.6416966665913 51.9618322114101 512 424 50
0 0 0 0 0 0 0 0 51.1781234845187 51.8002369904107 512 424 50
0 0 0 0 0 1 0 0 51.3424317679502 49.284265762016 512 424 50
0 0 0 0 0 2 0 0 51.5075840666932 51.0743241250808 512 424 60
0 0 0 0 0 3 0 0 53.3500577129709 53.1787969309607 512 424 40
0 0 0 0 0 4 0 0 49.3979471843201 50.4885106833515 512 424 60
0 0 0 0 0 5 0 0 48.6438893745668 46.8326326202217 512 424 40
0 0 0 0 0 6 0 0 50.880891286399 46.8321873002599 512 424 50
0 0 0 0 0 7 0 0 53.0988722643715 49.2964678764808 512 424 40
0 0 0 0 0 8 0 0 55.1396932289585 50.3374548958965 512 424 60
0 0 0 0 0 9 0 0 56.0087374236594 46.1446472906492 512 424 50
0 0 0 0 0 10 0 0 58.9948141802072 47.8122435738549 512 424 40
0 0 0 0 0 11 0 0 59.4170947860071 50.3325871454556 512 424 40
0 0 0 0 0 12 0 0 49.7781728313088 51.7516520046211 512 424 40
0 0 0 0 0 13 0 0 48.3508821809103 58.5369886010767 512 424 50
0 0 0 0 0 14 0 0 142.219466832302 223.281749767716 512 424 70
0 0 0 0 0 15 0 0 161.834607345196 263.208365767979 512 424 60
0 0 0 0 0 16 0 0 52.6740438235057 51.8606260823037 512 424 50
0 0 0 0 0 17 0 0 53.2877679314879 57.8075633922198 512 424 50
0 0 0 0 0 18 0 0 164.85432959864 225.52165720881 512 424 70
0 0 0 0 0 19 0 0 190.453903865449 263.765223607845 512 424 60
0 0 0 0 0 20 0 0 51.4842969516983 50.279746944441 512 424 60
0 0 0 0 0 21 0 0 55.1929374258911 51.3250079168704 512 424 50
0 0 0 0 0 22 0 0 55.0921611252124 48.1347606713342 512 424 40
0 0 0 0 0 23 0 0 59.8611961711864 52.4434207057866 512 424 50
0 0 0 0 0 24 0 0 59.7983388536859 51.6648532914837 512 424 50
0 0 0 0 0 0 0 0 51.1759445610532 51.8050086411415 512 424 50
0 0 0 0 0 1 0 0 51.3392231705912 49.2844203068652 512 424 50
0 0 0 0 0 2 0 0 51.5066984914385 51.0755156324768 512 424 60
0 0 0 0 0 3 0 0 53.341830078722 53.1830119372213 512 424 40
0 0 0 0 0 4 0 0 49.391381022667 50.4947096254286 512 424 60
0 0 0 0 0 5 0 0 48.0932542735575 47.501346717928 512 424 40
0 0 0 0 0 6 0 0 48.886386762811 48.4205468323187 512 424 40
0 0 0 0 0 7 0 0 51.1275092313111 51.8925949113315 512 424 40
0 0 0 0 0 8 0 0 55.1265496393965 50.3633841776832 512 424 60
0 0 0 0 0 9 0 0 56.0087409844416 46.1396150008617 512 424 50
0 0 0 0 0 10 0 0 58.9945281016711 48.091270500677 512 424 40
0 0 0 0 0 11 0 0 59.3722660950082 50.3387003420503 512 424 40
0 0 0 0 0 12 0 0 49.7756199312495 51.7562758292816 512 424 40
0 0 0 0 0 13 0 0 48.3680429222222 58.5840054522181 512 424 50
0 0 0 0 0 14 0 0 142.212422924825 223.282625580175 512 424 70
0 0 0 0 0 15 0 0 161.847475632797 263.212202300836 512 424 60
0 0 0 0 0 16 0 0 52.6718030240568 51.8663309893042 512 424 50
0 0 0 0 0 17 0 0 53.2993407550897 57.8168307953242 512 424 50
0 0 0 0 0 18 0 0 164.82678826428 225.536217089118 512 424 70
0 0 0 0 0 19 0 0 190.476347644094 263.748567870724 512 424 60
0 0 0 0 0 20 0 0 51.4817734743593 50.2801770156912 512 424 60
0 0 0 0 0 21 0 0 53.1665799520814 53.1883317597754 512 424 50
0 0 0 0 0 22 0 0 55.2460977223326 51.9748165537713 512 424 40
0 0 0 0 0 23 0 0 59.722269851484 52.4582443148576 512 424 50
0 0 0 0 0 24 0 0 59.8917533369269 51.9161442889319 512 424 50
0 0 0 0 0 0 0 0 51.1422086196314 51.8310842689041 512 424 40
0 0 0 0 0 1 0 0 51.3291259144652 49.2988883126481 512 424 50
0 0 0 0 0 2 0 0 51.5184695716671 51.0771331559074 512 424 60
0 0 0 0 0 3 0 0 53.3443906117731 53.1979874956558 512 424 40
0 0 0 0 0 4 0 0 49.4895428843404 50.5730358306824 512 424 60
0 0 0 0 0 5 0 0 48.0795636569609 47.5548450347431 512 424 40
0 0 0 0 0 6 0 0 48.6648344568244 49.7509064653364 512 424 40
0 0 0 0 0 7 0 0 50.2711188243826 53.1301326954356 512 424 40
0 0 0 0 0 8 0 0 55.1218688551706 50.3940862285772 512 424 60
0 0 0 0 0 9 0 0 56.0073830960766 46.1286783772514 512 424 50
0 0 0 0 0 10 0 0 58.3897470715035 48.2653493114427 512 424 40
0 0 0 0 0 11 0 0 59.3501909115382 50.3944090570276 512 424 40
0 0 0 0 0 12 0 0 49.7611417900742 51.7747030710974 512 424 40
0 0 0 0 0 13 0 0 48.3751796168868 58.6187224089681 512 424 50
0 0 0 0 0 14 0 0 142.208001650999 223.288187897844 512 424 70
0 0 0 0 0 15 0 0 161.809295259566 263.281888261727 512 424 60
0 0 0 0 0 16 0 0 52.6236002015757 51.9003236236362 512 424 50
0 0 0 0 0 17 0 0 53.2863868947721 57.7851792410142 512 424 50
0 0 0 0 0 18 0 0 164.811075160332 225.502804664524 512 424 70
0 0 0 0 0 19 0 0 190.454928653533 263.730698906539 512 424 60
0 0 0 0 0 20 0 0 51.4870864807229 50.2845252273247 512 424 60
0 0 0 0 0 21 0 0 51.7022293871422 54.8262759708666 512 424 50
0 0 0 0 0 22 0 0 54.1980198240016 54.0093462773621 512 424 40
0 0 0 0 0 23 0 0 59.9646866471371 52.3539448651706 512 424 50
0 0 0 0 0 24 0 0 59.9992005812817 51.3566109355998 512 424 40
0 0 0 0 0 0 0 0 51.1149132793651 51.8313198069193 512 424 40
0 0 0 0 0 1 0 0 51.313243107019 49.2982230871815 512 424 50
0 0 0 0 0 2 0 0 51.5186247006812 51.0764318101516 512 424 60
0 0 0 0 0 3 0 0 53.3469945076082 53.1953230950042 512 424 40
0 0 0 0 0 4 0 0 49.5092673286942 50.5781013230795 512 424 60
0 0 0 0 0 5 0 0 48.0286059923942 47.7213761859433 512 424 40
0 0 0 0 0 6 0 0 48.5355849312719 50.110831897188 512 424 40
0 0 0 0 0 7 0 0 49.2111924144545 53.5546850681392 512 424 40
0 0 0 0 0 8 0 0 55.1623820905084 50.3754067836706 512 424 60
0 0 0 0 0 9 0 0 56.0067828797753 46.1256695402594 512 424 50
0 0 0 0 0 10 0 0 58.3189190344313 48.087142666754 512 424 40
0 0 0 0 0 11 0 0 59.3029825039751 50.4269624764154 512 424 40
0 0 0 0 0 12 0 0 49.7289860749629 51.7782505991069 512 424 40
0 0 0 0 0 13 0 0 48.3740524547388 58.6344056060567 512 424 50
0 0 0 0 0 14 0 0 142.204803859347 223.290029576556 512 424 70
0 0 0 0 0 15 0 0 161.807920397876 263.284788740724 512 424 60
0 0 0 0 0 16 0 0 52.6012931393836 51.8971270448444 512 424 50
0 0 0 0 0 17 0 0 53.2711785121126 57.7857887833637 512 424 50
0 0 0 0 0 18 0 0 164.814869665035 225.508173808328 512 424 70
0 0 0 0 0 19 0 0 190.466492391575 263.738249515651 512 424 60
0 0 0 0 0 20 0 0 51.4828140251897 50.2835416394246 512 424 60
0 0 0 0 0 21 0 0 49.2919953869794 55.2648132373968 512 424 50
0 0 0 0 0 22 0 0 53.4717823432797 53.119136170535 512 424 40
0 0 0 0 0 23 0 0 59.9789007169116 52.3007417649117 512 424 50
0 0 0 0 0 24 0 0 59.7630692687901 51.9622902422449 512 424 40
0 0 0 0 0 0 0 0 51.1035563855503 51.8458216762598 512 424 40
0 0 0 0 0 1 0 0 51.3077569449181 49.3101171549996 512 424 50
0 0 0 0 0 2 0 0 51.5239638298258 51.0827053206107 512 424 60
0 0 0 0 0 3 0 0 53.3521719645137 53.191520199643 512 424 40
0 0 0 0 0 4 0 0 49.5465129364646 50.6245333863741 512 424 60
0 0 0 0 0 5 0 0 48.0150543440253 47.9026317027872 512 424 40
0 0 0 0 0 6 0 0 48.4550054361139 50.1844174082472 512 424 40
0 0 0 0 0 7 0 0 48.9661155865266 53.5527250916036 512 424 40
0 0 0 0 0 8 0 0 55.1592758043998 50.4099466274602 512 424 60
0 0 0 0 0 9 0 0 56.0132138162388 46.1006119408156 512 424 50
0 0 0 0 0 10 0 0 58.2619119280088 48.1985900613749 512 424 40
0 0 0 0 0 11 0 0 59.218501165702 50.2930942357373 512 424 40
0 0 0 0 0 12 0 0 49.7160240671985 51.7929629230538 512 424 40
0 0 0 0 0 13 0 0 48.368249674127 58.6901486587715 512 424 50
0 0 0 0 0 14 0 0 142.21049706179 223.298939287619 512 424 70
0 0 0 0 0 15 0 0 161.767623018009 263.385592508335 512 424 60
0 0 0 0 0 16 0 0 52.5919876682014 51.9109758587523 512 424 50
0 0 0 0 0 17 0 0 53.2575986855053 57.7942595189177 512 424 50
0 0 0 0 0 18 0 0 164.812357602057 225.498707213899 512 424 70
0 0 0 0 0 19 0 0 190.466966779377 263.712249528986 512 424 60
0 0 0 0 0 20 0 0 51.4850798829904 50.2906938341256 512 424 60
0 0 0 0 0 21 0 0 48.7136178284332 55.2292651689245 512 424 50
0 0 0 0 0 22 0 0 53.6371734285304 53.4579540800875 512 424 50
0 0 0 0 0 23 0 0 59.7424487221607 52.3532273644396 512 424 50
0 0 0 0 0 24 0 0 59.9068618498919 52.8719764013329 512 424 40
0 0 0 0 0 0 0 0 51.1055596506313 51.848290656868 512 424 40
0 0 0 0 0 1 0 0 51.3095084316103 49.3112951666828 512 424 50
0 0 0 0 0 2 0 0 51.5272981522982 51.09028307095 512 424 60
0 0 0 0 0 3 0 0 53.352755072075 53.2120464711238 512 424 40
0 0 0 0 0 4 0 0 49.5423924020821 50.6254551661772 512 424 60
0 0 0 0 0 5 0 0 48.020805333115 47.8989669614181 512 424 40
0 0 0 0 0 6 0 0 48.4565399796911 50.1772664096548 512 424 40
0 0 0 0 0 7 0 0 48.9086234680681 53.5629875041844 512 424 40
0 0 0 0 0 8 0 0 55.1924198258901 50.4036531435393 512 424 60
0 0 0 0 0 9 0 0 56.0041439035009 46.1273767667606 512 424 50
0 0 0 0 0 10 0 0 58.2335679001522 48.4880711473354 512 424 40
0 0 0 0 0 11 0 0 59.1498741374932 50.3266304712914 512 424 40
0 0 0 0 0 12 0 0 49.7194703075216 51.7956012783715 512 424 40
0 0 0 0 0 13 0 0 48.36937051713 58.700825210253 512 424 50
0 0 0 0 0 14 0 0 142.200818313784 223.296098196974 512 424 70
0 0 0 0 0 15 0 0 161.773072467989 263.347709821032 512 424 60
0 0 0 0 0 16 0 0 52.5926364968582 51.9133021615407 512 424 50
0 0 0 0 0 17 0 0 53.2545453783071 57.7996153028321 512 424 50
0 0 0 0 0 18 0 0 164.837587400074 225.40668775374 512 424 70
0 0 0 0 0 19 0 0 190.496691359869 263.647681271308 512 424 60
0 0 0 0 0 20 0 0 51.4881566394478 50.2959702988965 512 424 60
0 0 0 0 0 21 0 0 48.7312364406837 55.2710886517282 512 424 50
0 0 0 0 0 22 0 0 53.5717012739683 53.6240006784048 512 424 50
0 0 0 0 0 23 0 0 59.6781843914522 52.4621229454162 512 424 50
0 0 0 0 0 24 0 0 58.7500563778626 51.7994584111742 512 424 40
0 0 0 0 0 0 0 0 51.1932096556489 52.5868420292912 512 424 40
0 0 0 0 0 1 0 0 51.4248132210814 49.5304456120827 512 424 50
0 0 0 0 0 2 0 0 51.6740152846925 50.5843991726942 512 424 60
0 0 0 0 0 3 0 0 53.7012985063195 52.5443680129399 512 424 50
0 0 0 0 0 4 0 0 49.6400732011232 50.4700924192069 512 424 60
0 0 0 0 0 5 0 0 48.0485234339154 48.5747537358122 512 424 40
0 0 0 0 0 6 0 0 48.5042598907149 51.1980339615641 512 424 40
0 0 0 0 0 7 0 0 48.9159988051948 54.7366323038472 512 424 40
0 0 0 0 0 8 0 0 55.4620555101354 50.2404343718384 512 424 60
0 0 0 0 0 9 0 0 56.2518339223639 46.9376861813463 512 424 40
0 0 0 0 0 10 0 0 58.6440089735714 49.3608217577532 512 424 40
0 0 0 0 0 11 0 0 59.7601496681035 51.749474763427 512 424 40
0 0 0 0 0 12 0 0 49.7767031987482 52.6163792296026 512 424 40
0 0 0 0 0 13 0 0 48.4009687481242 58.86532376792 512 424 50
0 0 0 0 0 14 0 0 142.26629741921 223.427804763388 512 424 70
0 0 0 0 0 15 0 0 161.743669659151 263.349799816666 512 424 60
0 0 0 0 0 16 0 0 52.7097692675324 52.5676973507699 512 424 50
0 0 0 0 0 17 0 0 54.9209264296631 57.6590685924233 512 424 50
0 0 0 0 0 18 0 0 190.601237652815 252.982318321659 512 424 60
0 0 0 0 0 19 0 0 190.498199536437 263.652446358303 512 424 60
0 0 0 0 0 20 0 0 51.6269198174362 49.9828491392293 512 424 60
0 0 0 0 0 21 0 0 48.8543387647434 56.7823540311685 512 424 50
0 0 0 0 0 22 0 0 53.8205391296732 54.3476778143045 512 424 50
0 0 0 0 0 23 0 0 60.4018111129078 53.6801790574591 512 424 50
0 0 0 0 0 24 0 0 59.6404354028648 53.4430341318093 512 424 40
0 0 0 0 0 0 0 0 51.2191477385215 52.8503868334088 512 424 40
0 0 0 0 0 1 0 0 51.4944060612229 49.7000815353434 512 424 50
0 0 0 0 0 2 0 0 51.7943421107196 50.5933607698219 512 424 60
0 0 0 0 0 3 0 0 53.8022368770459 52.5527174496101 512 424 50
0 0 0 0 0 4 0 0 49.7166768038051 50.4851988588225 512 424 60
0 0 0 0 0 5 0 0 48.0724303858177 48.7881185634174 512 424 40
0 0 0 0 0 6 0 0 48.4948223184863 51.3504802174054 512 424 40
0 0 0 0 0 7 0 0 48.8712235258358 54.9199335869206 512 424 40
0 0 0 0 0 8 0 0 55.5201727249992 50.3214539855475 512 424 60
0 0 0 0 0 9 0 0 56.3750300524623 47.1367498599344 512 424 40
0 0 0 0 0 10 0 0 58.7764082504396 49.3556939649325 512 424 40
0 0 0 0 0 11 0 0 59.9857655201115 51.5011088536615 512 424 40
0 0 0 0 0 12 0 0 49.8086469933003 52.8552223342105 512 424 40
0 0 0 0 0 13 0 0 48.4348503930766 58.9737807069944 512 424 50
0 0 0 0 0 14 0 0 142.320178064457 223.498182724546 512 424 70
0 0 0 0 0 15 0 0 161.840598321635 263.368970922513 512 424 60
0 0 0 0 0 16 0 0 52.7252779680338 52.8642550662475 512 424 50
0 0 0 0 0 17 0 0 54.3006903197182 58.0855456855332 512 424 50
0 0 0 0 0 18 0 0 190.62035063667 252.970197029226 512 424 60
0 0 0 0 0 19 0 0 190.513433115587 263.653080451738 512 424 60
0 0 0 0 0 20 0 0 51.7331373826236 50.0355995240778 512 424 60
0 0 0 0 0 21 0 0 48.8314748034995 57.1982556163072 512 424 50
0 0 0 0 0 22 0 0 53.2987771640236 53.9000032747515 512 424 40
0 0 0 0 0 23 0 0 60.63121116114 53.3691045436588 512 424 50
0 0 0 0 0 24 0 0 59.747312251496 53.2971631241137 512 424 40
0 0 0 0 0 0 0 0 51.3637772336908 53.5402660188743 512 424 40
0 0 0 0 0 1 0 0 51.6882895353057 49.9569795235979 512 424 50
0 0 0 0 0 2 0 0 52.0414516225567 50.425748825244 512 424 50
0 0 0 0 0 3 0 0 54.2436017803838 52.3571347695391 512 424 50
0 0 0 0 0 4 0 0 49.8781029212437 50.5202111729058 512 424 60
0 0 0 0 0 5 0 0 48.1626519658496 49.1779121780327 512 424 40
0 0 0 0 0 6 0 0 48.7007363030279 52.3897339734827 512 424 50
0 0 0 0 0 7 0 0 49.0954112028185 55.7284385904249 512 424 40
0 0 0 0 0 8 0 0 55.9082356222612 50.3488137271234 512 424 60
0 0 0 0 0 9 0 0 56.8616057281163 47.4725707180039 512 424 40
0 0 0 0 0 10 0 0 59.6456095763689 49.736675069912 512 424 40
0 0 0 0 0 11 0 0 61.0735775399897 51.8612593259128 512 424 40
0 0 0 0 0 12 0 0 49.9236197487131 53.5373747788018 512 424 50
0 0 0 0 0 13 0 0 48.5514551243316 59.2940375936547 512 424 50
0 0 0 0 0 14 0 0 142.445783948904 223.523588532387 512 424 70
0 0 0 0 0 15 0 0 161.841306444162 263.368681028447 512 424 60
0 0 0 0 0 16 0 0 52.901319467973 53.5619493281493 512 424 50
0 0 0 0 0 17 0 0 54.8709022614962 59.2534086548823 512 424 50
0 0 0 0 0 18 0 0 190.62348406324 252.974599874147 512 424 60
0 0 0 0 0 19 0 0 190.513603674233 263.658812215651 512 424 60
0 0 0 0 0 20 0 0 51.9664587335303 49.9677707980344 512 424 60
0 0 0 0 0 21 0 0 48.9560800532528 58.1018842211255 512 424 50
0 0 0 0 0 22 0 0 53.4620767776161 54.8838706014245 512 424 30
0 0 0 0 0 23 0 0 61.8226709591971 53.7405005768245 512 424 50
0 0 0 0 0 24 0 0 60.9246392717025 52.9489705949856 512 424 40
0 0 0 0 0 0 0 0 51.8117725854883 54.7049063976746 512 424 50
0 0 0 0 0 1 0 0 52.355344517726 50.2999445075363 512 424 40
0 0 0 0 0 2 0 0 52.9661387987885 50.0499508841742 512 424 50
0 0 0 0 0 3 0 0 55.4690288465489 51.7944563447941 512 424 40
0 0 0 0 0 4 0 0 50.4904165288974 50.4899981539573 512 424 60
0 0 0 0 0 5 0 0 48.4541059975836 49.1638682499062 512 424 40
0 0 0 0 0 6 0 0 49.2295800423225 53.0417277662886 512 424 50
0 0 0 0 0 7 0 0 49.6230884988306 57.4018756136391 512 424 30
0 0 0 0 0 8 0 0 57.0221897969313 50.2361735420618 512 424 60
0 0 0 0 0 9 0 0 58.3310146686608 47.5227371193637 512 424 40
0 0 0 0 0 10 0 0 62.1942240727049 49.9348515496789 512 424 40
0 0 0 0 0 11 0 0 64.8678594029336 52.3557816364766 512 424 40
0 0 0 0 0 12 0 0 50.2716905741476 54.6654077721996 512 424 50
0 0 0 0 0 13 0 0 48.7912175491918 59.6978970951701 512 424 50
0 0 0 0 0 14 0 0 142.73400302094 223.791874167634 512 424 70
0 0 0 0 0 15 0 0 161.872245283932 263.503768815837 512 424 60
0 0 0 0 0 16 0 0 53.45512884835 54.7600911417559 512 424 40
0 0 0 0 0 17 0 0 55.7793259099802 61.5189941594648 512 424 50
0 0 0 0 0 18 0 0 190.619224217137 252.968628167252 512 424 60
0 0 0 0 0 19 0 0 190.467611741713 263.654919043164 512 424 60
0 0 0 0 0 20 0 0 52.8227873727006 49.7522195871399 512 424 60
0 0 0 0 0 21 0 0 49.8806556719936 59.7532789518298 512 424 40
0 0 0 0 0 22 0 0 54.1296342213442 56.9641879722971 512 424 30
0 0 0 0 0 23 0 0 65.9646570702869 54.485440495071 512 424 50
0 0 0 0 0 24 0 0 63.6028009131936 52.8013393546457 512 424 40
0 0 0 0 0 0 0 0 51.8108874399231 54.7178832998525 512 424 50
0 0 0 0 0 1 0 0 52.3586054351557 50.3070551505147 512 424 40
0 0 0 0 0 2 0 0 52.9723840689906 50.0545580577596 512 424 50
0 0 0 0 0 3 0 0 55.476586827896 51.8080947229565 512 424 40
0 0 0 0 0 4 0 0 50.4863236682063 50.500131478388 512 424 60
0 0 0 0 0 5 0 0 48.4528692827479 49.161141485063 512 424 40
0 0 0 0 0 6 0 0 49.2349821620173 53.0294624853568 512 424 50
0 0 0 0 0 7 0 0 49.7672269499263 57.4353113976569 512 424 30
0 0 0 0 0 8 0 0 57.0156250756487 50.2497897698849 512 424 60
0 0 0 0 0 9 0 0 58.3345365208224 47.5380042110898 512 424 40
0 0 0 0 0 10 0 0 62.182156360272 49.9436439495026 512 424 40
0 0 0 0 0 11 0 0 64.8877156522397 52.4344780524777 512 424 40
0 0 0 0 0 12 0 0 50.2701043082842 54.6775226402995 512 424 50
0 0 0 0 0 13 0 0 48.7609740791696 59.6871108359366 512 424 50
0 0 0 0 0 14 0 0 142.733554512809 223.791719871108 512 424 70
0 0 0 0 0 15 0 0 161.963769482339 263.43841578707 512 424 60
0 0 0 0 0 16 0 0 53.4560698502743 54.7753359941384 512 424 40
0 0 0 0 0 17 0 0 55.7738281565388 61.5409454773442 512 424 50
0 0 0 0 0 18 0 0 190.625168776572 252.932160780247 512 424 60
0 0 0 0 0 19 0 0 190.472644634038 263.650896837286 512 424 60
0 0 0 0 0 20 0 0 52.8282607175067 49.7572312564005 512 424 60
0 0 0 0 0 21 0 0 49.8587753215646 59.8263437081569 512 424 40
0 0 0 0 0 22 0 0 53.9121429161067 57.2164497773959 512 424 30
0 0 0 0 0 23 0 0 65.9841813569408 54.6504689301541 512 424 50
0 0 0 0 0 24 0 0 64.1040183132005 52.6790445430726 512 424 40
0 0 0 0 0 0 0 0 51.8066490998671 54.7158144696303 512 424 50
0 0 0 0 0 1 0 0 52.3558933643731 50.3025510290795 512 424 40
0 0 0 0 0 2 0 0 52.9741515103793 50.0218475330513 512 424 50
0 0 0 0 0 3 0 0 55.4795119096893 51.796438561938 512 424 40
0 0 0 0 0 4 0 0 50.5055414500226 50.4788117793388 512 424 60
0 0 0 0 0 5 0 0 48.4445270110221 49.133243542961 512 424 40
0 0 0 0 0 6 0 0 49.2256342323011 52.9837138718215 512 424 40
0 0 0 0 0 7 0 0 49.7782589462041 57.4362258982996 512 424 30
0 0 0 0 0 8 0 0 57.0123354229883 50.2440768445107 512 424 60
0 0 0 0 0 9 0 0 58.3123213431424 47.5277568973561 512 424 40
0 0 0 0 0 10 0 0 62.1516777614876 49.9328391188279 512 424 40
0 0 0 0 0 11 0 0 64.9071062803308 52.3901833368489 512 424 40
0 0 0 0 0 12 0 0 50.2648300761665 54.6743508024151 512 424 50
0 0 0 0 0 13 0 0 48.7511774468564 59.6872398159705 512 424 50
0 0 0 0 0 14 0 0 142.729248269566 223.799550154751 512 424 70
0 0 0 0 0 15 0 0 162.006552597955 263.515990641145 512 424 60
0 0 0 0 0 16 0 0 53.4575835630814 54.7695583389044 512 424 40
0 0 0 0 0 17 0 0 55.6817914528512 61.5149867365078 512 424 50
0 0 0 0 0 18 0 0 190.601807455741 253.077516324196 512 424 60
0 0 0 0 0 19 0 0 190.465967872226 263.691717917625 512 424 60
0 0 0 0 0 20 0 0 52.8285891219378 49.7342603593344 512 424 60
0 0 0 0 0 21 0 0 49.7578094890585 59.8890587650939 512 424 40
0 0 0 0 0 22 0 0 53.9505238388769 57.1947007850781 512 424 30
0 0 0 0 0 23 0 0 65.9357298608557 54.6254651961194 512 424 50
0 0 0 0 0 24 0 0 64.0865991301871 51.3640054669066 512 424 40
0 0 0 0 0 0 0 0 52.6054070040196 55.4813376279911 512 424 40
0 0 0 0 0 1 0 0 53.3613511954065 50.2171046770187 512 424 40
0 0 0 0 0 2 0 0 54.2109890565169 49.3162317123275 512 424 50
0 0 0 0 0 3 0 0 56.9030108799373 51.1352939294224 512 424 40
0 0 0 0 0 4 0 0 51.535840661038 50.2417194957616 512 424 60
0 0 0 0 0 5 0 0 48.8544231749989 49.6230113175546 512 424 40
0 0 0 0 0 6 0 0 49.8668697813026 54.1201851707238 512 424 40
0 0 0 0 0 7 0 0 50.6663069348024 58.2098340827224 512 424 30
0 0 0 0 0 8 0 0 58.3994990668959 49.9135774845009 512 424 60
0 0 0 0 0 9 0 0 60.1860107264382 47.45440197166 512 424 40
0 0 0 0 0 10 0 0 65.3796586709638 49.770426158552 512 424 30
0 0 0 0 0 11 0 0 69.1600539523873 51.8641243958943 512 424 30
0 0 0 0 0 12 0 0 50.9277476787104 55.437124221414 512 424 40
0 0 0 0 0 13 0 0 49.1833230990176 61.2013678574978 512 424 50
0 0 0 0 0 14 0 0 164.056612487616 251.06455566278 512 424 60
0 0 0 0 0 15 0 0 161.993744122723 263.545980478357 512 424 60
0 0 0 0 0 16 0 0 54.3948061764076 55.5379214765375 512 424 30
0 0 0 0 0 17 0 0 102.760100697311 120.359612286161 512 424 90
0 0 0 0 0 18 0 0 190.601964834902 253.077279986903 512 424 60
0 0 0 0 0 19 0 0 190.466179433867 263.688718986196 512 424 60
0 0 0 0 0 20 0 0 54.004420108401 49.1494338386453 512 424 60
0 0 0 0 0 21 0 0 50.8910831680481 61.3176667952682 512 424 40
0 0 0 0 0 22 0 0 54.5741244663523 57.366269234827 512 424 30
0 0 0 0 0 23 0 0 71.1899952731037 54.3189965052369 512 424 40
0 0 0 0 0 24 0 0 68.7963435452129 53.2649258329187 512 424 30
0 0 0 0 0 0 0 0 52.599293210298 55.4897250832289 512 424 40
0 0 0 0 0 1 0 0 53.3592977519273 50.2209531213604 512 424 40
0 0 0 0 0 2 0 0 54.2127566854961 49.3136506264892 512 424 50
0 0 0 0 0 3 0 0 56.8979802641491 51.1251458690154 512 424 40
0 0 0 0 0 4 0 0 51.5369974736933 50.2338784371716 512 424 60
0 0 0 0 0 5 0 0 48.8544545987092 49.6238593344011 512 424 40
0 0 0 0 0 6 0 0 49.9113117290784 54.1476114375187 512 424 40
0 0 0 0 0 7 0 0 50.6781497310021 58.120965123811 512 424 30
0 0 0 0 0 8 0 0 58.3937117644434 49.9028591095749 512 424 60
0 0 0 0 0 9 0 0 60.1755782742234 47.4679283079221 512 424 40
0 0 0 0 0 10 0 0 65.3481984183881 49.7871807973283 512 424 30
0 0 0 0 0 11 0 0 69.1627995048122 51.9218094946551 512 424 30
0 0 0 0 0 12 0 0 50.9232267432933 55.4448916302002 512 424 40
0 0 0 0 0 13 0 0 49.1705516343326 60.6102119861545 512 424 50
0 0 0 0 0 14 0 0 163.997611576683 251.036955732239 512 424 60
0 0 0 0 0 15 0 0 161.983162347959 263.521128923697 512 424 60
0 0 0 0 0 16 0 0 54.3876744031256 55.5475950260673 512 424 30
0 0 0 0 0 17 0 0 102.758153942193 120.438208234043 512 424 90
0 0 0 0 0 18 0 0 191.085496672199 251.810206765903 512 424 60
0 0 0 0 0 19 0 0 190.539513583792 263.324292183493 512 424 60
0 0 0 0 0 20 0 0 54.0052659211251 49.1485320284557 512 424 60
0 0 0 0 0 21 0 0 50.8424287236052 61.1982463105301 512 424 40
0 0 0 0 0 22 0 0 54.6601553983353 57.2637520441599 512 424 30
0 0 0 0 0 23 0 0 71.23618081852 54.3533298583903 512 424 40
0 0 0 0 0 24 0 0 68.1898537642167 53.6472465687196 512 424 30
0 0 0 0 0 0 0 0 54.9232784323339 56.1160941746795 512 424 40
0 0 0 0 0 1 0 0 55.8929114657757 49.9308332568514 512 424 40
0 0 0 0 0 2 0 0 56.9813791342898 48.4270245089035 512 424 50
0 0 0 0 0 3 0 0 59.905024386212 49.9716360563352 512 424 20
0 0 0 0 0 4 0 0 53.9890775639558 49.2638159328797 512 424 60
0 0 0 0 0 5 0 0 50.6856248335984 49.6625483155864 512 424 40
0 0 0 0 0 6 0 0 52.7461991267702 55.4114357973744 512 424 40
0 0 0 0 0 7 0 0 53.6827583424745 60.1820585699238 512 424 40
0 0 0 0 0 8 0 0 61.3216845675528 49.1571842880075 512 424 60
0 0 0 0 0 9 0 0 64.4860649816034 47.0062943091153 512 424 30
0 0 0 0 0 10 0 0 72.5069545118823 49.4350744152447 512 424 30
0 0 0 0 0 11 0 0 78.8092104823121 51.4721220493076 512 424 40
0 0 0 0 0 12 0 0 52.8480739838045 56.0806773040315 512 424 40
0 0 0 0 0 13 0 0 50.7900417923832 64.0418870189356 512 424 40
0 0 0 0 0 14 0 0 164.033048173066 251.037696312119 512 424 60
0 0 0 0 0 15 0 0 162.015727035891 263.402959291694 512 424 60
0 0 0 0 0 16 0 0 57.1055735097712 56.1710263360931 512 424 40
0 0 0 0 0 17 0 0 103.481322500644 120.486191233399 512 424 90
0 0 0 0 0 18 0 0 190.551211152717 253.009880225413 512 424 60
0 0 0 0 0 19 0 0 190.477287581309 263.696528364491 512 424 60
0 0 0 0 0 20 0 0 56.711347558488 48.3570327934885 512 424 50
0 0 0 0 0 21 0 0 54.4802242760886 63.8008892888401 512 424 40
0 0 0 0 0 22 0 0 57.1746498303582 59.5354127974636 512 424 40
0 0 0 0 0 23 0 0 82.3317262987707 53.9704947741803 512 424 40
0 0 0 0 0 24 0 0 79.6581516359784 50.6228478505006 512 424 40
0 0 0 0 0 0 0 0 56.2295834379346 56.2667754181563 512 424 40
0 0 0 0 0 1 0 0 57.5291795264389 49.629370465449 512 424 30
0 0 0 0 0 2 0 0 59.0131531479648 47.8705569835445 512 424 30
0 0 0 0 0 3 0 0 62.0596663028178 49.3125163870775 512 424 20
0 0 0 0 0 4 0 0 55.8372902674903 48.5594869391473 512 424 50
0 0 0 0 0 5 0 0 52.9168492062578 48.7790272797165 512 424 40
0 0 0 0 0 6 0 0 55.7371862547121 54.8423045071711 512 424 40
0 0 0 0 0 7 0 0 57.3216190058956 61.2355668296463 512 424 40
0 0 0 0 0 8 0 0 63.6075656040586 48.6281072199677 512 424 50
0 0 0 0 0 9 0 0 67.848330353108 46.2921661506972 512 424 30
0 0 0 0 0 10 0 0 78.1304935598924 48.3829617416089 512 424 40
0 0 0 0 0 11 0 0 86.2656343967821 50.3712439847448 512 424 30
0 0 0 0 0 12 0 0 53.9737614367839 56.2400492426968 512 424 40
0 0 0 0 0 13 0 0 89.0014142973614 119.90575243652 512 424 90
0 0 0 0 0 14 0 0 164.037971135394 251.070241109925 512 424 60
0 0 0 0 0 15 0 0 161.99811994578 263.429690414764 512 424 60
0 0 0 0 0 16 0 0 58.5735239345722 56.3107066031049 512 424 40
0 0 0 0 0 17 0 0 102.912683126273 120.511616545268 512 424 90
0 0 0 0 0 18 0 0 190.554320741149 253.012815163094 512 424 60
0 0 0 0 0 19 0 0 190.483804431544 263.699416624242 512 424 60
0 0 0 0 0 20 0 0 58.6371269693713 47.8187679935902 512 424 40
0 0 0 0 0 21 0 0 58.6797022809499 65.0668524473596 512 424 40
0 0 0 0 0 22 0 0 60.041800150608 61.5185177267038 512 424 40
0 0 0 0 0 23 0 0 91.3346292484834 52.6357637910375 512 424 40
0 0 0 0 0 24 0 0 87.0498248955243 50.6523995951681 512 424 40
0 0 0 0 0 0 0 0 58.4223016151364 55.6675864531057 512 424 40
0 0 0 0 0 1 0 0 60.8626135019383 48.6353774465951 512 424 40
0 0 0 0 0 2 0 0 63.7949022796504 47.0074533733107 512 424 20
0 0 0 0 0 3 0 0 67.6708890692148 48.6487801157939 512 424 20
0 0 0 0 0 4 0 0 60.033695383368 47.5502850076779 512 424 30
0 0 0 0 0 5 0 0 57.972041508762 48.1468552925878 512 424 30
0 0 0 0 0 6 0 0 67.0210509047431 55.2090318639579 512 424 40
0 0 0 0 0 7 0 0 71.527955283927 62.4873760420026 512 424 40
0 0 0 0 0 8 0 0 69.578488763298 47.5979072665141 512 424 40
0 0 0 0 0 9 0 0 76.36847368421 45.0931628220808 512 424 40
0 0 0 0 0 10 0 0 91.3451371457045 47.1158561113351 512 424 50
0 0 0 0 0 11 0 0 92.5444053990277 47.3327752948199 512 424 60
0 0 0 0 0 12 0 0 55.8500998909097 55.4264259557768 512 424 40
0 0 0 0 0 13 0 0 89.0083337685503 119.910866301627 512 424 90
0 0 0 0 0 14 0 0 164.037411862799 251.076881172405 512 424 60
0 0 0 0 0 15 0 0 162.00528161763 263.433157921808 512 424 60
0 0 0 0 0 16 0 0 61.0466554926914 55.9199412444025 512 424 50
0 0 0 0 0 17 0 0 102.912043595543 120.524838889229 512 424 90
0 0 0 0 0 18 0 0 190.553654859974 253.016084315989 512 424 60
0 0 0 0 0 19 0 0 190.475934706663 263.702178872469 512 424 60
0 0 0 0 0 20 0 0 63.0280250223555 46.7982006573711 512 424 30
0 0 0 0 0 21 0 0 76.8481556456551 67.3208975647558 512 424 50
0 0 0 0 0 22 0 0 73.9566908800738 55.6037584037289 512 424 30
0 0 0 0 0 23 0 0 115.441845664598 103.44512127377 512 424 90
0 0 0 0 0 24 0 0 92.9925842853543 48.2500155660546 512 424 50
0 0 0 0 0 0 0 0 58.4042911925623 55.7237496725371 512 424 40
0 0 0 0 0 1 0 0 60.8583170110384 48.7181963345425 512 424 40
0 0 0 0 0 2 0 0 63.8035431641454 47.0636024468103 512 424 20
0 0 0 0 0 3 0 0 67.6813788875157 48.6639297678004 512 424 20
0 0 0 0 0 4 0 0 60.021927728647 47.5603214094474 512 424 30
0 0 0 0 0 5 0 0 57.9808707095099 48.2160549193711 512 424 30
0 0 0 0 0 6 0 0 67.0916999930538 55.1714779994893 512 424 40
0 0 0 0 0 7 0 0 71.6260905471367 62.5004928688023 512 424 40
0 0 0 0 0 8 0 0 69.5754039198372 47.5896283304234 512 424 40
0 0 0 0 0 9 0 0 76.3571797248113 45.1236155023602 512 424 40
0 0 0 0 0 10 0 0 91.4135261682385 47.3866088380221 512 424 50
0 0 0 0 0 11 0 0 92.5348816695436 47.2939850589819 512 424 50
0 0 0 0 0 12 0 0 55.8418193598466 55.4647811701606 512 424 40
0 0 0 0 0 13 0 0 89.007553971447 119.909852397387 512 424 90
0 0 0 0 0 14 0 0 164.038532146844 251.096258569271 512 424 60
0 0 0 0 0 15 0 0 161.939938029245 263.582730117034 512 424 60
0 0 0 0 0 16 0 0 61.0205998983262 55.9975626696872 512 424 50
0 0 0 0 0 17 0 0 102.806665128331 120.533396623539 512 424 90
0 0 0 0 0 18 0 0 190.529631937899 252.985014682935 512 424 60
0 0 0 0 0 19 0 0 190.465106803408 263.760104031349 512 424 60
0 0 0 0 0 20 0 0 63.0335221634339 46.867877076751 512 424 30
0 0 0 0 0 21 0 0 76.9163006835234 67.2726263430522 512 424 50
0 0 0 0 0 22 0 0 73.9156936254597 56.1163083716072 512 424 30
0 0 0 0 0 23 0 0 115.361880073533 103.516976365469 512 424 90
0 0 0 0 0 24 0 0 92.4216249920157 47.2099934995126 512 424 40
0 0 0 0 0 0 0 0 58.4014555255781 55.7241353569453 512 424 40
0 0 0 0 0 1 0 0 60.8665509664044 48.7142035660624 512 424 40
0 0 0 0 0 2 0 0 63.8277235312189 47.0519312757246 512 424 20
0 0 0 0 0 3 0 0 67.6918150240615 48.6626105099621 512 424 20
0 0 0 0 0 4 0 0 60.0324492823449 47.5611602207095 512 424 30
0 0 0 0 0 5 0 0 57.9791736263592 48.2338867919517 512 424 30
0 0 0 0 0 6 0 0 67.0895102378532 55.1778914797026 512 424 40
0 0 0 0 0 7 0 0 71.6053987479243 62.5182456098862 512 424 40
0 0 0 0 0 8 0 0 69.6231690843867 47.561449858718 512 424 40
0 0 0 0 0 9 0 0 76.3726001178616 45.1305779358567 512 424 40
0 0 0 0 0 10 0 0 91.4247163082059 47.3963832652486 512 424 50
0 0 0 0 0 11 0 0 92.5474540661597 47.2948560531427 512 424 50
0 0 0 0 0 12 0 0 55.8343570179669 55.4683272884328 512 424 40
0 0 0 0 0 13 0 0 89.0081451302574 119.938663378481 512 424 90
0 0 0 0 0 14 0 0 164.037699712719 251.097008036127 512 424 60
0 0 0 0 0 15 0 0 161.939722921156 263.582997482646 512 424 60
0 0 0 0 0 16 0 0 61.0243829710323 55.9920193270728 512 424 50
0 0 0 0 0 17 0 0 103.395943840947 120.529997536398 512 424 90
0 0 0 0 0 18 0 0 190.529209893294 252.986742418115 512 424 60
0 0 0 0 0 19 0 0 190.466247925299 263.761105316083 512 424 60
0 0 0 0 0 20 0 0 63.0534405661877 46.8580427828202 512 424 30
0 0 0 0 0 21 0 0 76.8812876839587 67.2928025736685 512 424 50
0 0 0 0 0 22 0 0 73.9411201528071 56.1881625667968 512 424 30
0 0 0 0 0 23 0 0 115.372955497503 103.501070149898 512 424 90
0 0 0 0 0 24 0 0 92.4196631765294 47.373944048054 512 424 40
0 0 0 0 0 0 0 0 58.39866844167 55.7481919562335 512 424 40
0 0 0 0 0 1 0 0 60.870973549997 48.7384655676316 512 424 40
0 0 0 0 0 2 0 0 63.8366111684585 47.0716963839642 512 424 20
0 0 0 0 0 3 0 0 67.6984978074859 48.6592021496761 512 424 20
0 0 0 0 0 4 0 0 60.0494650522232 47.5696163752237 512 424 30
0 0 0 0 0 5 0 0 57.9871969831952 48.276216819859 512 424 30
0 0 0 0 0 6 0 0 67.1172666207785 55.2620209999093 512 424 40
0 0 0 0 0 7 0 0 71.7026024313129 62.5448636916804 512 424 40
0 0 0 0 0 8 0 0 69.6194099156533 47.6163266125479 512 424 40
0 0 0 0 0 9 0 0 76.3735748451238 45.1578718086595 512 424 40
0 0 0 0 0 10 0 0 91.4273983723545 47.4147807155129 512 424 50
0 0 0 0 0 11 0 0 92.5782272032536 47.3292443772982 512 424 50
0 0 0 0 0 12 0 0 55.8249212433108 55.4915845268761 512 424 40
0 0 0 0 0 13 0 0 89.0031156895254 119.926918570554 512 424 90
0 0 0 0 0 14 0 0 164.021856582754 251.066629803489 512 424 60
0 0 0 0 0 15 0 0 161.987433349825 263.518187624754 512 424 60
0 0 0 0 0 16 0 0 61.0322927334931 56.0116818787344 512 424 30
0 0 0 0 0 17 0 0 103.467333603544 120.553426985268 512 424 90
0 0 0 0 0 18 0 0 190.558978022718 252.851202006511 512 424 60
0 0 0 0 0 19 0 0 190.484724882188 263.696446023041 512 424 60
0 0 0 0 0 20 0 0 63.0614535356868 46.8789065796301 512 424 30
0 0 0 0 0 21 0 0 77.0100238543705 67.3078219993121 512 424 50
0 0 0 0 0 22 0 0 74.1521955527768 56.2844533611123 512 424 40
0 0 0 0 0 23 0 0 115.400311420708 103.52544264384 512 424 90
0 0 0 0 0 24 0 0 93.1153187982494 47.8085843251237 512 424 40
0 0 0 0 0 0 0 0 61.9812106481504 60.4206912869842 512 424 40
0 0 0 0 0 1 0 0 65.9660794268216 50.8948595307096 512 424 40
0 0 0 0 0 2 0 0 70.8419761831786 47.1527648828394 512 424 20
0 0 0 0 0 3 0 0 76.3434898257342 48.6468972610332 512 424 20
0 0 0 0 0 4 0 0 65.2191705537512 48.2149052072487 512 424 40
0 0 0 0 0 5 0 0 69.4454716773839 51.5942088112959 512 424 30
0 0 0 0 0 6 0 0 89.0343302835743 61.9667665448749 512 424 40
0 0 0 0 0 7 0 0 98.3856141048958 66.3938795657144 512 424 60
0 0 0 0 0 8 0 0 78.7527904012106 48.2439263565973 512 424 40
0 0 0 0 0 9 0 0 89.116944711081 46.09457173135 512 424 40
0 0 0 0 0 10 0 0 114.712792413748 92.744050225194 512 424 90
0 0 0 0 0 11 0 0 114.903220503559 97.5666051366219 512 424 90
0 0 0 0 0 12 0 0 58.5177320526696 59.720078723144 512 424 40
0 0 0 0 0 13 0 0 89.001560787837 119.941376265871 512 424 90
0 0 0 0 0 14 0 0 163.984944072514 251.062749625762 512 424 60
0 0 0 0 0 15 0 0 162.002292978584 263.500676556145 512 424 60
0 0 0 0 0 16 0 0 65.5440940948947 61.1076272051928 512 424 50
0 0 0 0 0 17 0 0 103.467505043498 120.548110388836 512 424 90
0 0 0 0 0 18 0 0 190.578670947868 252.806533217929 512 424 60
0 0 0 0 0 19 0 0 190.478201734159 263.684394136133 512 424 60
0 0 0 0 0 20 0 0 69.5512973212507 47.2793884925338 512 424 40
0 0 0 0 0 21 0 0 109.231965664683 71.6712513984668 512 424 60
0 0 0 0 0 22 0 0 103.755058393973 62.3717852263283 512 424 40
0 0 0 0 0 23 0 0 115.404244634122 103.524539071575 512 424 90
0 0 0 0 0 24 0 0 114.413213807361 98.4361080403257 512 424 90
0 0 0 0 0 0 0 0 63.6947926119453 61.4308218263707 512 424 40
0 0 0 0 0 1 0 0 67.9512628590858 50.5310622306356 512 424 30
0 0 0 0 0 2 0 0 73.1067107995 45.0913907208482 512 424 20
0 0 0 0 0 3 0 0 78.9069460743748 45.8964439835917 512 424 20
0 0 0 0 0 4 0 0 66.9512988873025 46.569024960849 512 424 20
0 0 0 0 0 5 0 0 70.502613575039 51.9360424806032 512 424 30
0 0 0 0 0 6 0 0 89.88650266314 63.7969711461059 512 424 50
0 0 0 0 0 7 0 0 99.4421477410883 68.174882842909 512 424 50
0 0 0 0 0 8 0 0 81.6192499349855 46.7968990328039 512 424 30
0 0 0 0 0 9 0 0 92.1889341159269 45.4863111742462 512 424 30
0 0 0 0 0 10 0 0 123.815868589225 93.5946773269335 512 424 80
0 0 0 0 0 11 0 0 123.997531931794 99.4399418250004 512 424 80
0 0 0 0 0 12 0 0 59.7987292631602 60.5431581199155 512 424 40
0 0 0 0 0 13 0 0 95.8572070098469 123.196284046443 512 424 80
0 0 0 0 0 14 0 0 152.581114453164 231.954302475608 512 424 60
0 0 0 0 0 15 0 0 150.773161680795 243.357494165172 512 424 60
0 0 0 0 0 16 0 0 67.6530724259288 62.289784420988 512 424 40
0 0 0 0 0 17 0 0 111.443862465816 124.534257274481 512 424 80
0 0 0 0 0 18 0 0 177.398599509845 233.650060427138 512 424 60
0 0 0 0 0 19 0 0 177.344835630825 243.638992666458 512 424 60
0 0 0 0 0 20 0 0 71.7450512409044 45.6176172651957 512 424 20
0 0 0 0 0 21 0 0 110.739479923803 74.0285933959555 512 424 50
0 0 0 0 0 22 0 0 104.328371112744 63.3118158766502 512 424 60
0 0 0 0 0 23 0 0 124.339649186758 105.962791626864 512 424 80
0 0 0 0 0 24 0 0 123.416063797446 100.706347984334 512 424 80
0 0 0 0 0 0 0 0 63.6933120893494 61.4552074444279 512 424 40
0 0 0 0 0 1 0 0 67.9496041130627 50.5509446968001 512 424 30
0 0 0 0 0 2 0 0 73.1027592456517 45.083872176464 512 424 20
0 0 0 0 0 3 0 0 78.903759132718 45.8744187173682 512 424 20
0 0 0 0 0 4 0 0 66.9346283466649 46.5695434975946 512 424 20
0 0 0 0 0 5 0 0 70.5040616783133 51.9492882999948 512 424 30
0 0 0 0 0 6 0 0 89.8708780224371 63.7894558604506 512 424 50
0 0 0 0 0 7 0 0 99.3518413327816 68.1331411072096 512 424 50
0 0 0 0 0 8 0 0 81.6181643815022 46.8068157896466 512 424 30
0 0 0 0 0 9 0 0 92.1921802209378 45.5423815054722 512 424 30
0 0 0 0 0 10 0 0 123.778727324884 93.6121968781677 512 424 80
0 0 0 0 0 11 0 0 123.969754793624 99.4406559330124 512 424 80
0 0 0 0 0 12 0 0 59.7987427381417 60.567110453577 512 424 40
0 0 0 0 0 13 0 0 95.8616748763284 123.227527438657 512 424 80
0 0 0 0 0 14 0 0 152.574032518263 231.946244891661 512 424 60
0 0 0 0 0 15 0 0 150.838617274955 243.283079089784 512 424 60
0 0 0 0 0 16 0 0 67.6502775837097 62.313593879762 512 424 40
0 0 0 0 0 17 0 0 111.434073268896 124.545089102958 512 424 80
0 0 0 0 0 18 0 0 177.420674171246 233.565629301344 512 424 60
0 0 0 0 0 19 0 0 177.375082546935 243.584542157053 512 424 60
0 0 0 0 0 20 0 0 71.7418521484456 45.6193515005876 512 424 20
0 0 0 0 0 21 0 0 110.721568480941 74.0399778642691 512 424 50
0 0 0 0 0 22 0 0 104.127042816523 63.6289371332339 512 424 60
0 0 0 0 0 23 0 0 124.282680706607 105.943747080546 512 424 80
0 0 0 0 0 24 0 0 123.464279214758 101.36183010627 512 424 80
0 0 0 0 0 0 0 0 66.6893685847834 69.496011187536 512 424 40
0 0 0 0 0 1 0 0 75.8914120782237 54.9285067148407 512 424 40
0 0 0 0 0 2 0 0 87.7734220132236 45.1965772259903 512 424 20
0 0 0 0 0 3 0 0 95.4318400961193 45.7650725868728 512 424 20
0 0 0 0 0 4 0 0 79.0558175941489 47.6070303977711 512 424 20
0 0 0 0 0 5 0 0 84.9171858817042 56.8132426235535 512 424 40
0 0 0 0 0 6 0 0 83.1246974762208 94.0385260932491 512 424 70
0 0 0 0 0 7 0 0 83.1025260030541 97.7208712223281 512 424 70
0 0 0 0 0 8 0 0 95.2237437933036 50.163101870432 512 424 30
0 0 0 0 0 9 0 0 120.541756350187 78.3731056437017 512 424 80
0 0 0 0 0 10 0 0 123.778309849745 93.6138741843804 512 424 80
0 0 0 0 0 11 0 0 123.96947913326 99.4410092564938 512 424 80
0 0 0 0 0 12 0 0 61.3960800296814 66.9493087192458 512 424 40
0 0 0 0 0 13 0 0 95.86318241774 123.205983003077 512 424 80
0 0 0 0 0 14 0 0 152.567943498803 231.944460313353 512 424 60
0 0 0 0 0 15 0 0 150.754114911733 243.41271724377 512 424 60
0 0 0 0 0 16 0 0 72.2217000671839 71.9577097688288 512 424 50
0 0 0 0 0 17 0 0 111.434393747058 124.542501884991 512 424 80
0 0 0 0 0 18 0 0 177.421666566788 233.571615042607 512 424 60
0 0 0 0 0 19 0 0 177.343349968249 243.580737595463 512 424 60
0 0 0 0 0 20 0 0 84.6075603753628 46.4665187328077 512 424 20
0 0 0 0 0 21 0 0 82.6125595903275 104.544517544797 512 424 70
0 0 0 0 0 22 0 0 85.101290847549 97.0201132392627 512 424 60
0 0 0 0 0 23 0 0 124.282379205512 105.954129101181 512 424 80
0 0 0 0 0 24 0 0 123.471224967841 101.239825063618 512 424 80
0 0 0 0 0 0 0 0 66.6859601914798 69.533659100286 512 424 40
0 0 0 0 0 1 0 0 75.8911184174641 54.9682788738683 512 424 40
0 0 0 0 0 2 0 0 87.7757270677158 45.2196331311657 512 424 20
0 0 0 0 0 3 0 0 95.4374666539898 45.7156222435552 512 424 20
0 0 0 0 0 4 0 0 79.0637322814869 47.6080384028048 512 424 20
0 0 0 0 0 5 0 0 84.9165983428592 56.830991435828 512 424 50
0 0 0 0 0 6 0 0 83.1086318770229 94.0066052302589 512 424 70
0 0 0 0 0 7 0 0 83.1194552445556 97.7359146375819 512 424 70
0 0 0 0 0 8 0 0 95.2319953142828 50.1286139875653 512 424 30
0 0 0 0 0 9 0 0 120.504689518162 78.4476828986454 512 424 80
0 0 0 0 0 10 0 0 123.734340172127 93.6981237768454 512 424 80
0 0 0 0 0 11 0 0 123.872276087009 99.4510537497769 512 424 80
0 0 0 0 0 12 0 0 61.3920553805318 66.9931007282129 512 424 40
0 0 0 0 0 13 0 0 95.8519509188365 123.253029571575 512 424 80
0 0 0 0 0 14 0 0 126.90643716327 195.803511285677 512 424 70
0 0 0 0 0 15 0 0 150.776056323798 243.445183905267 512 424 60
0 0 0 0 0 16 0 0 72.2198286135251 71.9878836730215 512 424 50
0 0 0 0 0 17 0 0 111.531071730901 124.6148761356 512 424 80
0 0 0 0 0 18 0 0 177.420914772507 233.545323384388 512 424 60
0 0 0 0 0 19 0 0 177.35822240424 243.571166326926 512 424 60
0 0 0 0 0 20 0 0 84.6092912852807 46.4967161847538 512 424 20
0 0 0 0 0 21 0 0 82.6311223419068 104.600887137527 512 424 70
0 0 0 0 0 22 0 0 85.2250570524734 96.5640693952841 512 424 60
0 0 0 0 0 23 0 0 124.258284771558 105.988787644296 512 424 80
0 0 0 0 0 24 0 0 123.194269838715 100.908598170572 512 424 80
0 0 0 0 0 0 0 0 102.781301376986 97.4842848927045 512 424 80
0 0 0 0 0 1 0 0 61.199585555342 95.0841564817029 512 424 50
0 0 0 0 0 2 0 0 67.6240751287403 80.5727558844661 512 424 50
0 0 0 0 0 3 0 0 72.8988899925239 75.3978906601464 512 424 50
0 0 0 0 0 4 0 0 64.0973918715396 82.248106279376 512 424 50
0 0 0 0 0 5 0 0 85.8041506692771 78.352705680381 512 424 70
0 0 0 0 0 6 0 0 91.1954195124596 80.0915904798939 512 424 70
0 0 0 0 0 7 0 0 83.124683589184 97.7421548380351 512 424 70
0 0 0 0 0 8 0 0 81.1417183110393 89.8072577932947 512 424 60
0 0 0 0 0 9 0 0 120.504250881889 78.4508331165628 512 424 80
0 0 0 0 0 10 0 0 123.728931596556 93.7031562333391 512 424 80
0 0 0 0 0 11 0 0 123.859604241937 99.4414093331009 512 424 80
0 0 0 0 0 12 0 0 96.6983593471269 97.334224176264 512 424 80
0 0 0 0 0 13 0 0 95.8475369205598 123.256425774908 512 424 80
0 0 0 0 0 14 0 0 126.895952359239 195.781304585605 512 424 70
0 0 0 0 0 15 0 0 150.78472528799 243.338299072107 512 424 60
0 0 0 0 0 16 0 0 108.926069962962 97.6431813081079 512 424 80
0 0 0 0 0 17 0 0 111.531875447022 124.609060448332 512 424 80
0 0 0 0 0 18 0 0 177.821727430524 232.569960924788 512 424 60
0 0 0 0 0 19 0 0 177.449115557849 243.292563439235 512 424 60
0 0 0 0 0 20 0 0 65.8731147658313 84.3845481862531 512 424 50
0 0 0 0 0 21 0 0 98.5071904524743 75.4442889202823 512 424 50
0 0 0 0 0 22 0 0 100.336172429172 69.6736267367083 512 424 60
0 0 0 0 0 23 0 0 124.253608038144 105.989681199406 512 424 80
0 0 0 0 0 24 0 0 123.277704104619 99.9638555520319 512 424 80
0 0 0 0 0 0 0 0 102.769257907808 97.5263200341723 512 424 80
0 0 0 0 0 1 0 0 102.924432556787 74.3610175150521 512 424 80
0 0 0 0 0 2 0 0 69.3026314610431 86.4416639604217 512 424 60
0 0 0 0 0 3 0 0 73.6717085398002 78.5784154500152 512 424 60
0 0 0 0 0 4 0 0 62.6793090427263 85.2483624755573 512 424 50
0 0 0 0 0 5 0 0 85.7922611137995 78.3703145818453 512 424 70
0 0 0 0 0 6 0 0 77.4640366013454 54.2752165541824 512 424 40
0 0 0 0 0 7 0 0 84.7637460077682 49.5993222031865 512 424 40
0 0 0 0 0 8 0 0 88.5873612031088 97.8276032449701 512 424 60
0 0 0 0 0 9 0 0 120.492644253139 78.463699248341 512 424 80
0 0 0 0 0 10 0 0 123.708960573751 93.7541057307853 512 424 80
0 0 0 0 0 11 0 0 123.842775548726 99.4492121629934 512 424 80
0 0 0 0 0 12 0 0 96.6836934227466 97.3777583981972 512 424 80
0 0 0 0 0 13 0 0 95.8439274773417 123.262506863896 512 424 80
0 0 0 0 0 14 0 0 126.896958135999 195.742260775222 512 424 70
0 0 0 0 0 15 0 0 150.819437893541 243.32990847104 512 424 60
0 0 0 0 0 16 0 0 108.917480186643 97.6831811095656 512 424 80
0 0 0 0 0 17 0 0 111.526282333063 124.565567983427 512 424 80
0 0 0 0 0 18 0 0 177.407021711865 233.789919327803 512 424 60
0 0 0 0 0 19 0 0 177.359113295347 243.624180352945 512 424 60
0 0 0 0 0 20 0 0 67.2948807402193 91.0282831547718 512 424 50
0 0 0 0 0 21 0 0 88.8577828129344 48.6255041034911 512 424 40
0 0 0 0 0 22 0 0 79.0081861136653 47.5953127067978 512 424 30
0 0 0 0 0 23 0 0 124.200020740374 106.061414073435 512 424 80
0 0 0 0 0 24 0 0 123.251937282723 100.602986401317 512 424 80
0 0 0 0 0 0 0 0 102.760295598469 97.5252275942303 512 424 80
0 0 0 0 0 1 0 0 102.919868942574 74.3608573161428 512 424 80
0 0 0 0 0 2 0 0 69.2998031174246 86.4292007245457 512 424 60
0 0 0 0 0 3 0 0 73.6678587218939 78.5661059922076 512 424 60
0 0 0 0 0 4 0 0 62.6905783716843 85.2401891484519 512 424 50
0 0 0 0 0 5 0 0 85.791548915738 78.3705679335448 512 424 70
0 0 0 0 0 6 0 0 77.4483314909974 54.2637022020877 512 424 40
0 0 0 0 0 7 0 0 84.7665946359983 49.602344423336 512 424 40
0 0 0 0 0 8 0 0 88.5728125925567 97.8193848941803 512 424 60
0 0 0 0 0 9 0 0 120.482714891983 78.4639118265957 512 424 80
0 0 0 0 0 10 0 0 123.694246507607 93.7552990739614 512 424 80
0 0 0 0 0 11 0 0 123.671525367522 99.4513635802045 512 424 80
0 0 0 0 0 12 0 0 96.6807278217025 97.3779380535355 512 424 80
0 0 0 0 0 13 0 0 95.8437706333998 123.263838160692 512 424 80
0 0 0 0 0 14 0 0 126.89392127428 195.743736591661 512 424 70
0 0 0 0 0 15 0 0 150.803812529868 243.35588481346 512 424 60
0 0 0 0 0 16 0 0 108.897558723748 97.67851063952 512 424 80
0 0 0 0 0 17 0 0 111.5958011554 124.561163193947 512 424 80
0 0 0 0 0 18 0 0 177.404138500687 233.802980584677 512 424 60
0 0 0 0 0 19 0 0 177.354447521198 243.63791827671 512 424 60
0 0 0 0 0 20 0 0 67.2916444347528 91.0200558011708 512 424 50
0 0 0 0 0 21 0 0 88.8445629085407 48.614626115423 512 424 40
0 0 0 0 0 22 0 0 79.0795748021745 47.1528762324317 512 424 40
0 0 0 0 0 23 0 0 124.190694932908 106.089431158237 512 424 80
0 0 0 0 0 24 0 0 123.107741091533 100.726926301219 512 424 80
0 0 0 0 0 0 0 0 102.757943856194 97.5378529288595 512 424 80
0 0 0 0 0 1 0 0 102.916295623567 74.3718996537964 512 424 80
0 0 0 0 0 2 0 0 69.2987054795621 86.430308204019 512 424 60
0 0 0 0 0 3 0 0 73.6690972437682 78.564148221373 512 424 60
0 0 0 0 0 4 0 0 62.6914154586675 85.2390705746799 512 424 50
0 0 0 0 0 5 0 0 85.7891384216983 78.3712836002249 512 424 70
0 0 0 0 0 6 0 0 77.4492097963948 54.266598778337 512 424 40
0 0 0 0 0 7 0 0 84.7653872494098 49.5891594836078 512 424 40
0 0 0 0 0 8 0 0 88.573028300087 97.8184444773788 512 424 60
0 0 0 0 0 9 0 0 120.478035326724 78.4770195963434 512 424 80
0 0 0 0 0 10 0 0 123.66197313774 93.7685856230686 512 424 80
0 0 0 0 0 11 0 0 123.537656788562 99.4284737213001 512 424 80
0 0 0 0 0 12 0 0 96.6749714501952 97.3909029672507 512 424 80
0 0 0 0 0 13 0 0 95.8471067363716 123.26562911702 512 424 80
0 0 0 0 0 14 0 0 126.89149819083 195.744890902133 512 424 70
0 0 0 0 0 15 0 0 150.803534792698 243.35762079956 512 424 60
0 0 0 0 0 16 0 0 108.904936603994 97.6922508666173 512 424 80
0 0 0 0 0 17 0 0 111.660699330847 124.536061909641 512 424 80
0 0 0 0 0 18 0 0 177.406169037581 233.795983589515 512 424 60
0 0 0 0 0 19 0 0 177.362229652212 243.630466512414 512 424 60
0 0 0 0 0 20 0 0 67.2907876163215 91.02077583204 512 424 50
0 0 0 0 0 21 0 0 88.8439414751754 48.7393816016005 512 424 40
0 0 0 0 0 22 0 0 79.0832732705614 47.7567079156136 512 424 40
0 0 0 0 0 23 0 0 123.803996866946 106.057862208935 512 424 80
0 0 0 0 0 24 0 0 122.927884465024 100.693347187284 512 424 80
0 0 0 0 0 0 0 0 102.796916649075 97.5615529642687 512 424 80
0 0 0 0 0 1 0 0 102.920850820882 74.3777565155559 512 424 80
0 0 0 0 0 2 0 0 69.2998423470963 86.4201660759426 512 424 60
0 0 0 0 0 3 0 0 73.6569788838811 78.535401447394 512 424 60
0 0 0 0 0 4 0 0 62.6963366866822 85.2267183375354 512 424 50
0 0 0 0 0 5 0 0 85.7760403710516 78.3690097471799 512 424 70
0 0 0 0 0 6 0 0 77.4270625420698 54.2545217968689 512 424 40
0 0 0 0 0 7 0 0 84.7614100787795 49.5297930829388 512 424 40
0 0 0 0 0 8 0 0 88.5802612564142 97.8063637082651 512 424 60
0 0 0 0 0 9 0 0 120.466595306317 78.4929596879378 512 424 80
0 0 0 0 0 10 0 0 123.602939171446 93.7831778464048 512 424 80
0 0 0 0 0 11 0 0 123.420491888376 99.4519227685013 512 424 80
0 0 0 0 0 12 0 0 96.702245413864 97.4161385373588 512 424 80
0 0 0 0 0 13 0 0 95.8418797333437 123.258881196672 512 424 80
0 0 0 0 0 14 0 0 126.860944953785 195.727162653221 512 424 70
0 0 0 0 0 15 0 0 150.85263870194 243.335984521979 512 424 60
0 0 0 0 0 16 0 0 108.957594162775 97.7155107034267 512 424 80
0 0 0 0 0 17 0 0 111.664443780691 124.549628655613 512 424 80
0 0 0 0 0 18 0 0 177.385606221159 233.714712968725 512 424 60
0 0 0 0 0 19 0 0 177.336110460708 243.611514008362 512 424 60
0 0 0 0 0 20 0 0 67.2944126189737 91.0131206385653 512 424 50
0 0 0 0 0 21 0 0 88.8192518302877 48.7844133596407 512 424 40
0 0 0 0 0 22 0 0 79.3616885311767 47.7739780461939 512 424 40
0 0 0 0 0 23 0 0 123.83570789899 106.097294949 512 424 80
0 0 0 0 0 24 0 0 122.82249936748 100.964853421326 512 424 80
0 0 0 0 0 0 0 0 102.768932075731 97.5748799595524 512 424 80
0 0 0 0 0 1 0 0 102.900056348035 74.3730980863297 512 424 80
0 0 0 0 0 2 0 0 69.3010761574933 86.4127769502213 512 424 60
0 0 0 0 0 3 0 0 73.6568725444663 78.5048883776268 512 424 60
0 0 0 0 0 4 0 0 62.6743738341931 85.1889879713833 512 424 50
0 0 0 0 0 5 0 0 85.7633885716607 78.377056609532 512 424 70
0 0 0 0 0 6 0 0 77.4412314084196 54.2494538956781 512 424 40
0 0 0 0 0 7 0 0 84.8112770797773 49.5481474729882 512 424 40
0 0 0 0 0 8 0 0 88.5876480012891 97.8018730062285 512 424 60
0 0 0 0 0 9 0 0 120.447152188515 78.4822124391157 512 424 80
0 0 0 0 0 10 0 0 123.57240338232 93.8148128080743 512 424 80
0 0 0 0 0 11 0 0 123.390048870072 99.6433187204309 512 424 80
0 0 0 0 0 12 0 0 96.6726903872469 97.4324787753847 512 424 80
0 0 0 0 0 13 0 0 95.8447937083171 123.256115407168 512 424 80
0 0 0 0 0 14 0 0 126.854094258299 195.723691096141 512 424 70
0 0 0 0 0 15 0 0 150.851937466947 243.330455425178 512 424 60
0 0 0 0 0 16 0 0 108.931436125064 97.7260516863494 512 424 80
0 0 0 0 0 17 0 0 111.634406497534 124.557808594919 512 424 80
0 0 0 0 0 18 0 0 177.385981629242 233.713198125628 512 424 60
0 0 0 0 0 19 0 0 177.335335943962 243.607702253971 512 424 60
0 0 0 0 0 20 0 0 67.2951547770138 91.007528482949 512 424 50
0 0 0 0 0 21 0 0 88.882068388473 48.7125097564059 512 424 40
0 0 0 0 0 22 0 0 79.0646993783332 47.3856885351169 512 424 30
0 0 0 0 0 23 0 0 123.763755266539 106.237285855603 512 424 80
0 0 0 0 0 24 0 0 122.687155680293 101.406338164077 512 424 80
