               JointType               X                    Y  WidthOfDisplay  HeightOfDisplay
0 0 0 0 0 0 0 0 267.025836181641 225.944879150391 512 424
0 0 0 0 0 1 0 0 265.252697753906 150.419380187988 512 424
0 0 0 0 0 2 0 0 263.508557128906 74.0009330749512 512 424
0 0 0 0 0 3 0 0 265.003604125977 39.8982778549194 512 424
0 0 0 0 0 4 0 0 223.046640014648 104.508865356445 512 424
0 0 0 0 0 5 0 0 213.330360412598 168.435000610352 512 424
0 0 0 0 0 6 0 0 208.586444091797 218.424816894531 512 424
0 0 0 0 0 7 0 0 209.812501525879 226.335382080078 512 424
0 0 0 0 0 8 0 0 303.752960205078 104.680958557129 512 424
0 0 0 0 0 9 0 0 313.52795715332 167.345761108398 512 424
0 0 0 0 0 10 0 0 315.496994018555 218.281622314453 512 424
0 0 0 0 0 11 0 0 295.470397949219 235.551921844482 512 424
0 0 0 0 0 12 0 0 249.089102172852 226.00871887207 512 424
0 0 0 0 0 13 0 0 248.519644165039 301.684399414063 512 424
0 0 0 0 0 14 0 0 250.538122558594 370.384600830078 512 424
0 0 0 0 0 15 0 0 249.410055541992 388.261187744141 512 424
0 0 0 0 0 16 0 0 284.731600952148 225.851782226563 512 424
0 0 0 0 0 17 0 0 288.031903076172 303.591040039063 512 424
0 0 0 0 0 18 0 0 287.2443359375 370.474279785156 512 424
0 0 0 0 0 19 0 0 287.62014465332 387.42353515625 512 424
0 0 0 0 0 20 0 0 263.93740234375 93.1149139404297 512 424
0 0 0 0 0 21 0 0 209.779565429688 243.465878295898 512 424
0 0 0 0 0 22 0 0 210.356719970703 226.513201904297 512 424
0 0 0 0 0 23 0 0 309.692092895508 248.583737182617 512 424
0 0 0 0 0 24 0 0 308.480337524414 229.9642578125 512 424
0 0 0 0 0 0 0 0 267.024420166016 225.937158203125 512 424
0 0 0 0 0 1 0 0 265.25051574707 150.417640686035 512 424
0 0 0 0 0 2 0 0 263.505276489258 74.0071220397949 512 424
0 0 0 0 0 3 0 0 264.967599487305 39.9281606674194 512 424
0 0 0 0 0 4 0 0 223.017242431641 104.522827148438 512 424
0 0 0 0 0 5 0 0 213.331538391113 168.433163452148 512 424
0 0 0 0 0 6 0 0 208.566018676758 218.403140258789 512 424
0 0 0 0 0 7 0 0 209.728416442871 226.291461181641 512 424
0 0 0 0 0 8 0 0 303.732998657227 104.681893920898 512 424
0 0 0 0 0 9 0 0 313.551058959961 167.372378540039 512 424
0 0 0 0 0 10 0 0 315.491757202148 218.255642700195 512 424
0 0 0 0 0 11 0 0 295.508247375488 235.485996246338 512 424
0 0 0 0 0 12 0 0 249.089340209961 226.004339599609 512 424
0 0 0 0 0 13 0 0 248.599578857422 301.659762573242 512 424
0 0 0 0 0 14 0 0 250.548623657227 370.357043457031 512 424
0 0 0 0 0 15 0 0 248.137899780273 388.086346435547 512 424
0 0 0 0 0 16 0 0 284.721755981445 225.849243164063 512 424
0 0 0 0 0 17 0 0 288.047418212891 303.651580810547 512 424
0 0 0 0 0 18 0 0 287.221438598633 370.59833984375 512 424
0 0 0 0 0 19 0 0 287.595523071289 387.554321289063 512 424
0 0 0 0 0 20 0 0 263.934121704102 93.1191864013672 512 424
0 0 0 0 0 21 0 0 209.754403686523 243.458819580078 512 424
0 0 0 0 0 22 0 0 210.555575561523 226.416638183594 512 424
0 0 0 0 0 23 0 0 309.835098266602 248.301800537109 512 424
0 0 0 0 0 24 0 0 309.452597045898 229.753817749023 512 424
0 0 0 0 0 0 0 0 267.026113891602 225.941220092773 512 424
0 0 0 0 0 1 0 0 265.265362548828 150.431201171875 512 424
0 0 0 0 0 2 0 0 263.528677368164 74.0300193786621 512 424
0 0 0 0 0 3 0 0 264.989315795898 39.9177324295044 512 424
0 0 0 0 0 4 0 0 223.00234375 104.532846069336 512 424
0 0 0 0 0 5 0 0 213.351359558105 168.347341918945 512 424
0 0 0 0 0 6 0 0 208.563781738281 218.297018432617 512 424
0 0 0 0 0 7 0 0 209.763079833984 225.788040161133 512 424
0 0 0 0 0 8 0 0 303.712963867188 104.68931427002 512 424
0 0 0 0 0 9 0 0 313.632843017578 167.352081298828 512 424
0 0 0 0 0 10 0 0 315.513940429688 218.196441650391 512 424
0 0 0 0 0 11 0 0 310.80051574707 228.989639282227 512 424
0 0 0 0 0 12 0 0 249.086785888672 226.002798461914 512 424
0 0 0 0 0 13 0 0 248.556442260742 301.577545166016 512 424
0 0 0 0 0 14 0 0 250.572561645508 370.345495605469 512 424
0 0 0 0 0 15 0 0 248.140460205078 388.093676757813 512 424
0 0 0 0 0 16 0 0 284.727081298828 225.859039306641 512 424
0 0 0 0 0 17 0 0 288.379043579102 303.655325317383 512 424
0 0 0 0 0 18 0 0 287.160015869141 370.749963378906 512 424
0 0 0 0 0 19 0 0 287.60046081543 387.534063720703 512 424
0 0 0 0 0 20 0 0 263.955499267578 93.1398857116699 512 424
0 0 0 0 0 21 0 0 209.825215148926 243.761383056641 512 424
0 0 0 0 0 22 0 0 211.082218933105 226.633480834961 512 424
0 0 0 0 0 23 0 0 310.212023925781 248.206201171875 512 424
0 0 0 0 0 24 0 0 309.581802368164 228.89206237793 512 424
0 0 0 0 0 0 0 0 267.029739379883 225.94460144043 512 424
0 0 0 0 0 1 0 0 265.267758178711 150.433940124512 512 424
0 0 0 0 0 2 0 0 263.525677490234 74.0287986755371 512 424
0 0 0 0 0 3 0 0 264.984338378906 39.9142202377319 512 424
0 0 0 0 0 4 0 0 223.008903503418 104.530123901367 512 424
0 0 0 0 0 5 0 0 213.358038330078 168.337261962891 512 424
0 0 0 0 0 6 0 0 208.557543945313 218.284140014648 512 424
0 0 0 0 0 7 0 0 209.785301208496 225.804522705078 512 424
0 0 0 0 0 8 0 0 303.703381347656 104.683853149414 512 424
0 0 0 0 0 9 0 0 313.632922363281 167.35608215332 512 424
0 0 0 0 0 10 0 0 315.518521118164 218.204177856445 512 424
0 0 0 0 0 11 0 0 310.884716796875 229.065338134766 512 424
0 0 0 0 0 12 0 0 249.090921020508 226.006240844727 512 424
0 0 0 0 0 13 0 0 248.541198730469 301.554602050781 512 424
0 0 0 0 0 14 0 0 250.567501831055 370.327099609375 512 424
0 0 0 0 0 15 0 0 248.108282470703 388.298162841797 512 424
0 0 0 0 0 16 0 0 284.729959106445 225.861581420898 512 424
0 0 0 0 0 17 0 0 288.378158569336 303.657202148438 512 424
0 0 0 0 0 18 0 0 287.104357910156 370.808819580078 512 424
0 0 0 0 0 19 0 0 287.550698852539 387.52470703125 512 424
0 0 0 0 0 20 0 0 263.95419921875 93.1399879455566 512 424
0 0 0 0 0 21 0 0 209.810537719727 243.808898925781 512 424
0 0 0 0 0 22 0 0 211.361218261719 228.252197265625 512 424
0 0 0 0 0 23 0 0 310.145962524414 248.382299804688 512 424
0 0 0 0 0 24 0 0 309.537600708008 229.189782714844 512 424
0 0 0 0 0 0 0 0 267.084283447266 225.946600341797 512 424
0 0 0 0 0 1 0 0 265.307135009766 150.438819885254 512 424
0 0 0 0 0 2 0 0 263.563745117188 74.0336219787598 512 424
0 0 0 0 0 3 0 0 264.970663452148 39.9279855728149 512 424
0 0 0 0 0 4 0 0 222.990901184082 104.541822814941 512 424
0 0 0 0 0 5 0 0 213.378338623047 168.333160400391 512 424
0 0 0 0 0 6 0 0 208.563418579102 218.264682006836 512 424
0 0 0 0 0 7 0 0 209.932539367676 225.851260375977 512 424
0 0 0 0 0 8 0 0 303.706503295898 104.696653747559 512 424
0 0 0 0 0 9 0 0 313.705499267578 167.440921020508 512 424
0 0 0 0 0 10 0 0 315.61750793457 218.241738891602 512 424
0 0 0 0 0 11 0 0 311.174157714844 229.057678222656 512 424
0 0 0 0 0 12 0 0 249.142340087891 226.012200927734 512 424
0 0 0 0 0 13 0 0 248.529983520508 301.476300048828 512 424
0 0 0 0 0 14 0 0 250.588656616211 370.238958740234 512 424
0 0 0 0 0 15 0 0 248.094842529297 388.248687744141 512 424
0 0 0 0 0 16 0 0 284.785534667969 225.860440063477 512 424
0 0 0 0 0 17 0 0 288.348999023438 303.60632019043 512 424
0 0 0 0 0 18 0 0 286.936920166016 371.226733398438 512 424
0 0 0 0 0 19 0 0 287.527676391602 387.644805908203 512 424
0 0 0 0 0 20 0 0 263.991397094727 93.144766998291 512 424
0 0 0 0 0 21 0 0 209.997041320801 243.903536987305 512 424
0 0 0 0 0 22 0 0 210.813798522949 228.893377685547 512 424
0 0 0 0 0 23 0 0 310.374203491211 248.425039672852 512 424
0 0 0 0 0 24 0 0 309.008203125 229.678601074219 512 424
0 0 0 0 0 0 0 0 267.098681640625 225.949438476563 512 424
0 0 0 0 0 1 0 0 265.326736450195 150.434280395508 512 424
0 0 0 0 0 2 0 0 263.591168212891 74.0178611755371 512 424
0 0 0 0 0 3 0 0 264.984484863281 39.9239221572876 512 424
0 0 0 0 0 4 0 0 223.018659973145 104.556083679199 512 424
0 0 0 0 0 5 0 0 213.411019897461 168.307720947266 512 424
0 0 0 0 0 6 0 0 208.65908203125 218.265081787109 512 424
0 0 0 0 0 7 0 0 210.09976348877 225.815017700195 512 424
0 0 0 0 0 8 0 0 303.770843505859 104.699359130859 512 424
0 0 0 0 0 9 0 0 313.75534362793 167.442199707031 512 424
0 0 0 0 0 10 0 0 315.73010559082 218.513479614258 512 424
0 0 0 0 0 11 0 0 311.262316894531 229.220318603516 512 424
0 0 0 0 0 12 0 0 249.159359741211 226.011462402344 512 424
0 0 0 0 0 13 0 0 248.500463867188 301.559521484375 512 424
0 0 0 0 0 14 0 0 250.486856079102 370.221435546875 512 424
0 0 0 0 0 15 0 0 250.954803466797 386.883587646484 512 424
0 0 0 0 0 16 0 0 284.798052978516 225.866119384766 512 424
0 0 0 0 0 17 0 0 288.384878540039 303.578741455078 512 424
0 0 0 0 0 18 0 0 286.964138793945 371.285620117188 512 424
0 0 0 0 0 19 0 0 287.528393554688 387.706744384766 512 424
0 0 0 0 0 20 0 0 264.016598510742 93.1323860168457 512 424
0 0 0 0 0 21 0 0 210.102558898926 243.767340087891 512 424
0 0 0 0 0 22 0 0 211.235020446777 228.304058837891 512 424
0 0 0 0 0 23 0 0 310.463439941406 248.467639160156 512 424
0 0 0 0 0 24 0 0 309.859423828125 229.501641845703 512 424
0 0 0 0 0 0 0 0 267.093658447266 225.956561279297 512 424
0 0 0 0 0 1 0 0 265.318695068359 150.436437988281 512 424
0 0 0 0 0 2 0 0 263.558206176758 74.0042808532715 512 424
0 0 0 0 0 3 0 0 264.965167236328 39.9146699905396 512 424
0 0 0 0 0 4 0 0 223.099757385254 104.622277832031 512 424
0 0 0 0 0 5 0 0 213.43948059082 168.317578125 512 424
0 0 0 0 0 6 0 0 208.70793762207 218.269903564453 512 424
0 0 0 0 0 7 0 0 210.237802124023 225.793676757813 512 424
0 0 0 0 0 8 0 0 303.819403076172 104.699737548828 512 424
0 0 0 0 0 9 0 0 313.760699462891 167.478918457031 512 424
0 0 0 0 0 10 0 0 315.820761108398 218.421539306641 512 424
0 0 0 0 0 11 0 0 311.477380371094 230.079244995117 512 424
0 0 0 0 0 12 0 0 249.157836914063 226.019262695313 512 424
0 0 0 0 0 13 0 0 248.495080566406 301.558679199219 512 424
0 0 0 0 0 14 0 0 250.470294189453 370.23173828125 512 424
0 0 0 0 0 15 0 0 247.98186340332 387.49912109375 512 424
0 0 0 0 0 16 0 0 284.788656616211 225.870739746094 512 424
0 0 0 0 0 17 0 0 288.435458374023 302.210000610352 512 424
0 0 0 0 0 18 0 0 287.307760620117 370.385498046875 512 424
0 0 0 0 0 19 0 0 287.544241333008 387.305718994141 512 424
0 0 0 0 0 20 0 0 263.991400146484 93.1243598937988 512 424
0 0 0 0 0 21 0 0 210.398881530762 243.192559814453 512 424
0 0 0 0 0 22 0 0 211.973498535156 227.653961181641 512 424
0 0 0 0 0 23 0 0 310.799224853516 249.251638793945 512 424
0 0 0 0 0 24 0 0 309.766519165039 229.755239868164 512 424
0 0 0 0 0 0 0 0 267.10341796875 225.965960693359 512 424
0 0 0 0 0 1 0 0 265.324917602539 150.438117980957 512 424
0 0 0 0 0 2 0 0 263.570443725586 74.0014350891113 512 424
0 0 0 0 0 3 0 0 264.967166137695 39.9151323318481 512 424
0 0 0 0 0 4 0 0 223.119818115234 104.643997192383 512 424
0 0 0 0 0 5 0 0 213.492120361328 168.332418823242 512 424
0 0 0 0 0 6 0 0 208.760437011719 218.317263793945 512 424
0 0 0 0 0 7 0 0 210.372123718262 225.841015625 512 424
0 0 0 0 0 8 0 0 303.824664306641 104.703875732422 512 424
0 0 0 0 0 9 0 0 313.766119384766 167.464059448242 512 424
0 0 0 0 0 10 0 0 315.88971862793 218.408160400391 512 424
0 0 0 0 0 11 0 0 311.705862426758 230.282363891602 512 424
0 0 0 0 0 12 0 0 249.167196655273 226.027062988281 512 424
0 0 0 0 0 13 0 0 248.530758666992 301.642361450195 512 424
0 0 0 0 0 14 0 0 250.46247253418 370.228900146484 512 424
0 0 0 0 0 15 0 0 247.951083374023 387.543255615234 512 424
0 0 0 0 0 16 0 0 284.799356079102 225.882040405273 512 424
0 0 0 0 0 17 0 0 288.441177368164 302.92380065918 512 424
0 0 0 0 0 18 0 0 287.397940063477 370.225280761719 512 424
0 0 0 0 0 19 0 0 287.550119018555 387.340283203125 512 424
0 0 0 0 0 20 0 0 264.000997924805 93.1224632263184 512 424
0 0 0 0 0 21 0 0 210.309020996094 243.317120361328 512 424
0 0 0 0 0 22 0 0 212.236479187012 227.822259521484 512 424
0 0 0 0 0 23 0 0 310.976022338867 249.605279541016 512 424
0 0 0 0 0 24 0 0 309.817501831055 229.342156982422 512 424
0 0 0 0 0 0 0 0 266.37633972168 225.838555908203 512 424
0 0 0 0 0 1 0 0 264.554605102539 150.339579772949 512 424
0 0 0 0 0 2 0 0 262.721179199219 73.9049850463867 512 424
0 0 0 0 0 3 0 0 264.270361328125 39.7656538009644 512 424
0 0 0 0 0 4 0 0 222.370079040527 104.575604248047 512 424
0 0 0 0 0 5 0 0 212.891925048828 168.389819335938 512 424
0 0 0 0 0 6 0 0 208.741279602051 218.513220214844 512 424
0 0 0 0 0 7 0 0 210.180537414551 225.333743286133 512 424
0 0 0 0 0 8 0 0 302.923321533203 104.636631774902 512 424
0 0 0 0 0 9 0 0 312.914254760742 167.896420288086 512 424
0 0 0 0 0 10 0 0 315.891796875 218.930041503906 512 424
0 0 0 0 0 11 0 0 311.732559204102 229.926760864258 512 424
0 0 0 0 0 12 0 0 248.410299682617 225.9234375 512 424
0 0 0 0 0 13 0 0 246.863241577148 301.188842773438 512 424
0 0 0 0 0 14 0 0 248.628695678711 370.159967041016 512 424
0 0 0 0 0 15 0 0 246.054782104492 387.668304443359 512 424
0 0 0 0 0 16 0 0 284.08984375 225.730276489258 512 424
0 0 0 0 0 17 0 0 290.844097900391 302.069396972656 512 424
0 0 0 0 0 18 0 0 287.50322265625 370.231762695313 512 424
0 0 0 0 0 19 0 0 287.680477905273 388.151153564453 512 424
0 0 0 0 0 20 0 0 263.174118041992 93.0280883789063 512 424
0 0 0 0 0 21 0 0 210.209796142578 243.14465637207 512 424
0 0 0 0 0 22 0 0 212.707838439941 227.390939331055 512 424
0 0 0 0 0 23 0 0 311.776037597656 249.473001098633 512 424
0 0 0 0 0 24 0 0 308.746401977539 229.108160400391 512 424
0 0 0 0 0 0 0 0 266.17434387207 225.702575683594 512 424
0 0 0 0 0 1 0 0 264.485781860352 150.30285949707 512 424
0 0 0 0 0 2 0 0 262.711737060547 73.9211891174316 512 424
0 0 0 0 0 3 0 0 264.233059692383 39.7927221298218 512 424
0 0 0 0 0 4 0 0 222.325459289551 104.598713684082 512 424
0 0 0 0 0 5 0 0 212.858343505859 168.320440673828 512 424
0 0 0 0 0 6 0 0 208.63501739502 218.427438354492 512 424
0 0 0 0 0 7 0 0 210.015434265137 225.316662597656 512 424
0 0 0 0 0 8 0 0 302.896542358398 104.646865844727 512 424
0 0 0 0 0 9 0 0 313.018380737305 168.148681640625 512 424
0 0 0 0 0 10 0 0 316.749438476563 218.83154296875 512 424
0 0 0 0 0 11 0 0 313.068557739258 230.017376708984 512 424
0 0 0 0 0 12 0 0 248.276858520508 225.881677246094 512 424
0 0 0 0 0 13 0 0 246.819998168945 301.163317871094 512 424
0 0 0 0 0 14 0 0 248.638439941406 370.150231933594 512 424
0 0 0 0 0 15 0 0 246.051718139648 387.672888183594 512 424
0 0 0 0 0 16 0 0 283.804678344727 225.458657836914 512 424
0 0 0 0 0 17 0 0 287.417037963867 302.142520141602 512 424
0 0 0 0 0 18 0 0 287.511981201172 370.140380859375 512 424
0 0 0 0 0 19 0 0 287.678713989258 388.053753662109 512 424
0 0 0 0 0 20 0 0 263.155358886719 93.0332321166992 512 424
0 0 0 0 0 21 0 0 209.789340209961 243.286499023438 512 424
0 0 0 0 0 22 0 0 212.299140930176 226.579278564453 512 424
0 0 0 0 0 23 0 0 312.663354492188 249.537817382813 512 424
0 0 0 0 0 24 0 0 312.350875854492 229.324481201172 512 424
0 0 0 0 0 0 0 0 265.838842773438 225.671380615234 512 424
0 0 0 0 0 1 0 0 264.176040649414 150.280560302734 512 424
0 0 0 0 0 2 0 0 262.460159301758 73.9042114257813 512 424
0 0 0 0 0 3 0 0 264.081625366211 39.818643951416 512 424
0 0 0 0 0 4 0 0 222.130781555176 104.58424987793 512 424
0 0 0 0 0 5 0 0 211.993601989746 168.059204101563 512 424
0 0 0 0 0 6 0 0 207.306880187988 218.134741210938 512 424
0 0 0 0 0 7 0 0 208.373875427246 225.585580444336 512 424
0 0 0 0 0 8 0 0 302.546762084961 104.535852050781 512 424
0 0 0 0 0 9 0 0 312.778384399414 168.360437011719 512 424
0 0 0 0 0 10 0 0 316.684182739258 219.048001098633 512 424
0 0 0 0 0 11 0 0 313.370739746094 230.029959106445 512 424
0 0 0 0 0 12 0 0 247.955899047852 225.851058959961 512 424
0 0 0 0 0 13 0 0 246.460018920898 300.878622436523 512 424
0 0 0 0 0 14 0 0 248.50078125 370.078363037109 512 424
0 0 0 0 0 15 0 0 246.071075439453 387.449694824219 512 424
0 0 0 0 0 16 0 0 283.442938232422 225.426699829102 512 424
0 0 0 0 0 17 0 0 287.4234375 302.297640991211 512 424
0 0 0 0 0 18 0 0 287.370718383789 371.206860351563 512 424
0 0 0 0 0 19 0 0 287.986077880859 388.361376953125 512 424
0 0 0 0 0 20 0 0 262.886401367187 93.0146965026856 512 424
0 0 0 0 0 21 0 0 208.332443237305 243.229382324219 512 424
0 0 0 0 0 22 0 0 210.289219665527 227.349896240234 512 424
0 0 0 0 0 23 0 0 313.65885925293 249.277276611328 512 424
0 0 0 0 0 24 0 0 347.598121643066 241.865451812744 512 424
0 0 0 0 0 0 0 0 265.817742919922 225.709481811523 512 424
0 0 0 0 0 1 0 0 264.170501708984 150.288340759277 512 424
0 0 0 0 0 2 0 0 262.459677124023 73.9040832519531 512 424
0 0 0 0 0 3 0 0 264.083984375 39.817113494873 512 424
0 0 0 0 0 4 0 0 222.129023742676 104.58408203125 512 424
0 0 0 0 0 5 0 0 211.993101501465 168.058483886719 512 424
0 0 0 0 0 6 0 0 207.301319885254 218.13551940918 512 424
0 0 0 0 0 7 0 0 208.362516784668 225.612619018555 512 424
0 0 0 0 0 8 0 0 302.545541381836 104.531918334961 512 424
0 0 0 0 0 9 0 0 312.774801635742 168.376077270508 512 424
0 0 0 0 0 10 0 0 316.78190612793 219.564739990234 512 424
0 0 0 0 0 11 0 0 313.3375 230.35046081543 512 424
0 0 0 0 0 12 0 0 247.896078491211 226.182598876953 512 424
0 0 0 0 0 13 0 0 246.435800170898 300.88938293457 512 424
0 0 0 0 0 14 0 0 248.49736328125 370.082086181641 512 424
0 0 0 0 0 15 0 0 246.068176269531 387.453350830078 512 424
0 0 0 0 0 16 0 0 283.369119262695 225.58583984375 512 424
0 0 0 0 0 17 0 0 287.425918579102 302.307022094727 512 424
0 0 0 0 0 18 0 0 287.361459350586 371.464123535156 512 424
0 0 0 0 0 19 0 0 287.977117919922 388.631195068359 512 424
0 0 0 0 0 20 0 0 262.885522460938 93.0153526306152 512 424
0 0 0 0 0 21 0 0 208.330102539063 243.230603027344 512 424
0 0 0 0 0 22 0 0 210.322758483887 227.383416748047 512 424
0 0 0 0 0 23 0 0 313.425601196289 249.643978881836 512 424
0 0 0 0 0 24 0 0 312.442422485352 230.143280029297 512 424
0 0 0 0 0 0 0 0 265.800936889648 225.742980957031 512 424
0 0 0 0 0 1 0 0 264.182165527344 150.331761169434 512 424
0 0 0 0 0 2 0 0 262.507397460938 73.9806694030762 512 424
0 0 0 0 0 3 0 0 263.966439819336 39.8866397857666 512 424
0 0 0 0 0 4 0 0 222.175900268555 104.711502075195 512 424
0 0 0 0 0 5 0 0 211.73108215332 168.021997070313 512 424
0 0 0 0 0 6 0 0 205.707060241699 217.97633972168 512 424
0 0 0 0 0 7 0 0 206.610261535645 225.771615600586 512 424
0 0 0 0 0 8 0 0 302.680798339844 104.628422546387 512 424
0 0 0 0 0 9 0 0 313.165399169922 168.571722412109 512 424
0 0 0 0 0 10 0 0 317.450164794922 219.827182006836 512 424
0 0 0 0 0 11 0 0 314.815924072266 230.759298706055 512 424
0 0 0 0 0 12 0 0 247.862237548828 226.241598510742 512 424
0 0 0 0 0 13 0 0 246.276742553711 301.0548828125 512 424
0 0 0 0 0 14 0 0 248.608843994141 369.759820556641 512 424
0 0 0 0 0 15 0 0 245.223239135742 388.375299072266 512 424
0 0 0 0 0 16 0 0 283.407083129883 225.608898925781 512 424
0 0 0 0 0 17 0 0 287.971618652344 302.178726196289 512 424
0 0 0 0 0 18 0 0 288.275079345703 371.522259521484 512 424
0 0 0 0 0 19 0 0 288.507760620117 388.497698974609 512 424
0 0 0 0 0 20 0 0 262.924060058594 93.0813941955566 512 424
0 0 0 0 0 21 0 0 205.973699951172 243.430099487305 512 424
0 0 0 0 0 22 0 0 206.504316711426 227.208700561523 512 424
0 0 0 0 0 23 0 0 315.085482788086 249.962899780273 512 424
0 0 0 0 0 24 0 0 313.989660644531 232.209359741211 512 424
0 0 0 0 0 0 0 0 266.01139831543 225.778921508789 512 424
0 0 0 0 0 1 0 0 264.482723999023 150.321900939941 512 424
0 0 0 0 0 2 0 0 262.922576904297 73.9588233947754 512 424
0 0 0 0 0 3 0 0 264.02121887207 39.9440776824951 512 424
0 0 0 0 0 4 0 0 222.313841247559 104.817762756348 512 424
0 0 0 0 0 5 0 0 212.160203552246 168.15673828125 512 424
0 0 0 0 0 6 0 0 206.152201843262 218.072720336914 512 424
0 0 0 0 0 7 0 0 207.640202331543 225.897378540039 512 424
0 0 0 0 0 8 0 0 302.837838745117 104.679614257813 512 424
0 0 0 0 0 9 0 0 313.58349609375 168.616781616211 512 424
0 0 0 0 0 10 0 0 318.084902954102 219.917361450195 512 424
0 0 0 0 0 11 0 0 315.347644042969 230.958657836914 512 424
0 0 0 0 0 12 0 0 248.06969909668 226.279339599609 512 424
0 0 0 0 0 13 0 0 246.290960693359 301.161022949219 512 424
0 0 0 0 0 14 0 0 248.193545532227 369.762127685547 512 424
0 0 0 0 0 15 0 0 244.76057434082 388.313775634766 512 424
0 0 0 0 0 16 0 0 283.63596496582 225.643557739258 512 424
0 0 0 0 0 17 0 0 288.211080932617 302.199426269531 512 424
0 0 0 0 0 18 0 0 288.401037597656 371.582604980469 512 424
0 0 0 0 0 19 0 0 288.539321899414 388.402203369141 512 424
0 0 0 0 0 20 0 0 263.310000610352 93.0581214904785 512 424
0 0 0 0 0 21 0 0 206.973721313477 243.604580688477 512 424
0 0 0 0 0 22 0 0 207.574415588379 227.942660522461 512 424
0 0 0 0 0 23 0 0 315.721081542969 250.390078735352 512 424
0 0 0 0 0 24 0 0 314.698840332031 231.467956542969 512 424
0 0 0 0 0 0 0 0 266.072183227539 225.817440795898 512 424
0 0 0 0 0 1 0 0 264.505001831055 150.34248046875 512 424
0 0 0 0 0 2 0 0 262.93528137207 73.9690460205078 512 424
0 0 0 0 0 3 0 0 263.980743408203 39.9519680023193 512 424
0 0 0 0 0 4 0 0 222.327838134766 104.844499206543 512 424
0 0 0 0 0 5 0 0 212.124359130859 168.135339355469 512 424
0 0 0 0 0 6 0 0 206.030442810059 218.026782226563 512 424
0 0 0 0 0 7 0 0 207.371823120117 225.888043212891 512 424
0 0 0 0 0 8 0 0 302.825381469727 104.67760925293 512 424
0 0 0 0 0 9 0 0 313.71950378418 168.845278930664 512 424
0 0 0 0 0 10 0 0 318.394021606445 220.019161987305 512 424
0 0 0 0 0 11 0 0 315.856378173828 231.703701782227 512 424
0 0 0 0 0 12 0 0 248.258837890625 226.00871887207 512 424
0 0 0 0 0 13 0 0 246.202981567383 301.208944702148 512 424
0 0 0 0 0 14 0 0 248.172817993164 369.753741455078 512 424
0 0 0 0 0 15 0 0 246.76139831543 388.165576171875 512 424
0 0 0 0 0 16 0 0 283.847662353516 225.521560668945 512 424
0 0 0 0 0 17 0 0 290.321496582031 300.297940063477 512 424
0 0 0 0 0 18 0 0 288.437661743164 371.606860351563 512 424
0 0 0 0 0 19 0 0 288.557177734375 388.396362304688 512 424
0 0 0 0 0 20 0 0 263.322982788086 93.0695350646973 512 424
0 0 0 0 0 21 0 0 207.025804138184 243.435235595703 512 424
0 0 0 0 0 22 0 0 207.88150177002 227.821600341797 512 424
0 0 0 0 0 23 0 0 316.147506713867 250.667660522461 512 424
0 0 0 0 0 24 0 0 315.376718139648 231.241839599609 512 424
0 0 0 0 0 0 0 0 266.147604370117 225.859140014648 512 424
0 0 0 0 0 1 0 0 264.581881713867 150.364239501953 512 424
0 0 0 0 0 2 0 0 263.003100585937 73.9896072387695 512 424
0 0 0 0 0 3 0 0 263.971401977539 39.9771017074585 512 424
0 0 0 0 0 4 0 0 222.456283569336 104.818130493164 512 424
0 0 0 0 0 5 0 0 212.464678955078 168.311679077148 512 424
0 0 0 0 0 6 0 0 206.96434173584 218.359164428711 512 424
0 0 0 0 0 7 0 0 208.197640991211 226.14833984375 512 424
0 0 0 0 0 8 0 0 302.935040283203 104.671005249023 512 424
0 0 0 0 0 9 0 0 313.790863037109 168.781182861328 512 424
0 0 0 0 0 10 0 0 318.634378051758 219.719720458984 512 424
0 0 0 0 0 11 0 0 315.913516235352 232.274783325195 512 424
0 0 0 0 0 12 0 0 248.266198730469 226.289120483398 512 424
0 0 0 0 0 13 0 0 246.526681518555 301.268557739258 512 424
0 0 0 0 0 14 0 0 248.105816650391 369.717395019531 512 424
0 0 0 0 0 15 0 0 244.583541870117 388.675537109375 512 424
0 0 0 0 0 16 0 0 283.778619384766 225.782659912109 512 424
0 0 0 0 0 17 0 0 290.219915771484 300.651940917969 512 424
0 0 0 0 0 18 0 0 288.499063110352 371.515924072266 512 424
0 0 0 0 0 19 0 0 288.569378662109 388.346710205078 512 424
0 0 0 0 0 20 0 0 263.39362487793 93.0881286621094 512 424
0 0 0 0 0 21 0 0 207.975804138184 243.868218994141 512 424
0 0 0 0 0 22 0 0 209.397184753418 229.698318481445 512 424
0 0 0 0 0 23 0 0 316.026480102539 251.074377441406 512 424
0 0 0 0 0 24 0 0 314.920159912109 231.398001098633 512 424
0 0 0 0 0 0 0 0 266.016381835938 225.893481445313 512 424
0 0 0 0 0 1 0 0 264.514398193359 150.389561462402 512 424
0 0 0 0 0 2 0 0 263.004235839844 74.0238914489746 512 424
0 0 0 0 0 3 0 0 263.89714050293 39.985830116272 512 424
0 0 0 0 0 4 0 0 222.438317871094 104.846983337402 512 424
0 0 0 0 0 5 0 0 212.41775970459 168.20710144043 512 424
0 0 0 0 0 6 0 0 206.806700134277 218.210263061523 512 424
0 0 0 0 0 7 0 0 207.980059814453 226.232699584961 512 424
0 0 0 0 0 8 0 0 302.92555847168 104.684408569336 512 424
0 0 0 0 0 9 0 0 313.816680908203 168.81955871582 512 424
0 0 0 0 0 10 0 0 317.700720214844 218.938098144531 512 424
0 0 0 0 0 11 0 0 315.955847167969 233.116220092773 512 424
0 0 0 0 0 12 0 0 248.113082885742 226.260321044922 512 424
0 0 0 0 0 13 0 0 246.481240844727 301.240478515625 512 424
0 0 0 0 0 14 0 0 248.057260131836 369.779534912109 512 424
0 0 0 0 0 15 0 0 246.464297485352 388.316418457031 512 424
0 0 0 0 0 16 0 0 283.679058837891 225.854196166992 512 424
0 0 0 0 0 17 0 0 289.072677612305 300.517181396484 512 424
0 0 0 0 0 18 0 0 288.501782226563 371.535577392578 512 424
0 0 0 0 0 19 0 0 288.525637817383 388.385638427734 512 424
0 0 0 0 0 20 0 0 263.37795715332 93.1189277648926 512 424
0 0 0 0 0 21 0 0 207.835298156738 243.859704589844 512 424
0 0 0 0 0 22 0 0 209.05913848877 227.857400512695 512 424
0 0 0 0 0 23 0 0 316.241033935547 251.250582885742 512 424
0 0 0 0 0 24 0 0 314.910061645508 231.329339599609 512 424
0 0 0 0 0 0 0 0 266.053558349609 225.920321655273 512 424
0 0 0 0 0 1 0 0 264.555297851563 150.420381164551 512 424
0 0 0 0 0 2 0 0 263.046215820313 74.0550498962402 512 424
0 0 0 0 0 3 0 0 263.916101074219 39.9905046463013 512 424
0 0 0 0 0 4 0 0 222.469955444336 104.886103820801 512 424
0 0 0 0 0 5 0 0 212.651676940918 168.316082763672 512 424
0 0 0 0 0 6 0 0 207.49086151123 218.423901367188 512 424
0 0 0 0 0 7 0 0 208.62744140625 226.261740112305 512 424
0 0 0 0 0 8 0 0 302.941857910156 104.708308410645 512 424
0 0 0 0 0 9 0 0 313.871917724609 168.889801025391 512 424
0 0 0 0 0 10 0 0 318.135678100586 218.99811706543 512 424
0 0 0 0 0 11 0 0 316.900402832031 233.482037353516 512 424
0 0 0 0 0 12 0 0 248.148501586914 226.283981323242 512 424
0 0 0 0 0 13 0 0 246.511141967773 301.485537719727 512 424
0 0 0 0 0 14 0 0 247.921102905273 369.624517822266 512 424
0 0 0 0 0 15 0 0 246.433178710938 388.190301513672 512 424
0 0 0 0 0 16 0 0 283.715957641602 225.884280395508 512 424
0 0 0 0 0 17 0 0 289.135818481445 301.019662475586 512 424
0 0 0 0 0 18 0 0 288.549380493164 371.635382080078 512 424
0 0 0 0 0 19 0 0 288.548318481445 388.378259277344 512 424
0 0 0 0 0 20 0 0 263.419714355469 93.1501518249512 512 424
0 0 0 0 0 21 0 0 208.396058654785 243.991403198242 512 424
0 0 0 0 0 22 0 0 209.615235900879 226.41826171875 512 424
0 0 0 0 0 23 0 0 316.991177368164 251.612982177734 512 424
0 0 0 0 0 24 0 0 316.328881835938 231.613000488281 512 424
0 0 0 0 0 0 0 0 266.041259765625 225.944598388672 512 424
0 0 0 0 0 1 0 0 264.568725585938 150.443461608887 512 424
0 0 0 0 0 2 0 0 263.074575805664 74.0740112304688 512 424
0 0 0 0 0 3 0 0 263.898223876953 40.0216024398804 512 424
0 0 0 0 0 4 0 0 222.466778564453 104.888679504395 512 424
0 0 0 0 0 5 0 0 212.675895690918 168.28874206543 512 424
0 0 0 0 0 6 0 0 207.42181854248 218.350961303711 512 424
0 0 0 0 0 7 0 0 207.941119384766 226.150161743164 512 424
0 0 0 0 0 8 0 0 302.951657104492 104.709895324707 512 424
0 0 0 0 0 9 0 0 314.051278686523 168.992178344727 512 424
0 0 0 0 0 10 0 0 318.770086669922 219.789895629883 512 424
0 0 0 0 0 11 0 0 317.864636230469 233.409240722656 512 424
0 0 0 0 0 12 0 0 248.130862426758 226.285119628906 512 424
0 0 0 0 0 13 0 0 246.561441040039 301.566098022461 512 424
0 0 0 0 0 14 0 0 247.864459228516 369.625360107422 512 424
0 0 0 0 0 15 0 0 246.400881958008 388.213110351563 512 424
0 0 0 0 0 16 0 0 283.707958984375 225.933517456055 512 424
0 0 0 0 0 17 0 0 288.682962036133 301.364581298828 512 424
0 0 0 0 0 18 0 0 289.11950378418 371.690118408203 512 424
0 0 0 0 0 19 0 0 289.175164794922 388.630346679688 512 424
0 0 0 0 0 20 0 0 263.445156860352 93.1706413269043 512 424
0 0 0 0 0 21 0 0 207.675581359863 243.873281860352 512 424
0 0 0 0 0 22 0 0 209.11385345459 228.380621337891 512 424
0 0 0 0 0 23 0 0 318.105432128906 251.615719604492 512 424
0 0 0 0 0 24 0 0 317.150006103516 234.548297119141 512 424
0 0 0 0 0 0 0 0 266.107418823242 225.976657104492 512 424
0 0 0 0 0 1 0 0 264.61184387207 150.447718811035 512 424
0 0 0 0 0 2 0 0 263.104016113281 74.0590293884277 512 424
0 0 0 0 0 3 0 0 263.952066040039 40.0068799972534 512 424
0 0 0 0 0 4 0 0 222.509498596191 104.865138244629 512 424
0 0 0 0 0 5 0 0 212.704458618164 168.246520996094 512 424
0 0 0 0 0 6 0 0 207.465957641602 218.278277587891 512 424
0 0 0 0 0 7 0 0 207.997938537598 226.029058837891 512 424
0 0 0 0 0 8 0 0 302.972256469727 104.718124389648 512 424
0 0 0 0 0 9 0 0 314.133636474609 169.083978271484 512 424
0 0 0 0 0 10 0 0 319.032287597656 219.906118774414 512 424
0 0 0 0 0 11 0 0 317.921014404297 233.581719970703 512 424
0 0 0 0 0 12 0 0 248.195306396484 226.288098144531 512 424
0 0 0 0 0 13 0 0 246.516619873047 301.379037475586 512 424
0 0 0 0 0 14 0 0 247.854598999023 369.639971923828 512 424
0 0 0 0 0 15 0 0 244.761059570313 388.230902099609 512 424
0 0 0 0 0 16 0 0 283.786819458008 225.936737060547 512 424
0 0 0 0 0 17 0 0 288.698922729492 301.443441772461 512 424
0 0 0 0 0 18 0 0 289.089801025391 371.728723144531 512 424
0 0 0 0 0 19 0 0 289.169342041016 388.683660888672 512 424
0 0 0 0 0 20 0 0 263.477697753906 93.1596153259277 512 424
0 0 0 0 0 21 0 0 207.92333984375 243.737902832031 512 424
0 0 0 0 0 22 0 0 208.951715087891 227.486917114258 512 424
0 0 0 0 0 23 0 0 317.948623657227 251.189898681641 512 424
0 0 0 0 0 24 0 0 317.307278442383 233.338238525391 512 424
0 0 0 0 0 0 0 0 266.203277587891 226.030841064453 512 424
0 0 0 0 0 1 0 0 264.668545532227 150.529780578613 512 424
0 0 0 0 0 2 0 0 263.13759765625 74.1287132263184 512 424
0 0 0 0 0 3 0 0 263.881665039063 40.0779378890991 512 424
0 0 0 0 0 4 0 0 222.591163635254 105.046383666992 512 424
0 0 0 0 0 5 0 0 212.554400634766 168.160864257813 512 424
0 0 0 0 0 6 0 0 206.355221557617 217.908938598633 512 424
0 0 0 0 0 7 0 0 206.809440612793 226.603460693359 512 424
0 0 0 0 0 8 0 0 303.017779541016 104.763383483887 512 424
0 0 0 0 0 9 0 0 314.661639404297 169.181137084961 512 424
0 0 0 0 0 10 0 0 319.990484619141 219.245602416992 512 424
0 0 0 0 0 11 0 0 266.696295166016 196.028601074219 512 424
0 0 0 0 0 12 0 0 248.306045532227 226.061099243164 512 424
0 0 0 0 0 13 0 0 246.608544921875 301.348675537109 512 424
0 0 0 0 0 14 0 0 247.910180664063 369.639221191406 512 424
0 0 0 0 0 15 0 0 244.793060302734 388.604193115234 512 424
0 0 0 0 0 16 0 0 283.871618652344 225.84880065918 512 424
0 0 0 0 0 17 0 0 288.591885375977 301.604727172852 512 424
0 0 0 0 0 18 0 0 289.204281616211 371.621154785156 512 424
0 0 0 0 0 19 0 0 289.249801635742 388.599938964844 512 424
0 0 0 0 0 20 0 0 263.514218139648 93.2347602844238 512 424
0 0 0 0 0 21 0 0 206.456399536133 243.289959716797 512 424
0 0 0 0 0 22 0 0 207.202777099609 226.946560668945 512 424
0 0 0 0 0 23 0 0 318.9041015625 250.857440185547 512 424
0 0 0 0 0 24 0 0 316.223883056641 233.986920166016 512 424
0 0 0 0 0 0 0 0 266.166159057617 226.060122680664 512 424
0 0 0 0 0 1 0 0 264.6607421875 150.541899108887 512 424
0 0 0 0 0 2 0 0 263.139657592773 74.1338813781738 512 424
0 0 0 0 0 3 0 0 263.884384155273 40.0734937667847 512 424
0 0 0 0 0 4 0 0 222.591581726074 105.063352966309 512 424
0 0 0 0 0 5 0 0 212.552743530273 168.170483398438 512 424
0 0 0 0 0 6 0 0 206.361318969727 217.920358276367 512 424
0 0 0 0 0 7 0 0 206.751338195801 225.907479858398 512 424
0 0 0 0 0 8 0 0 303.0234375 104.760484313965 512 424
0 0 0 0 0 9 0 0 314.678091430664 169.132116699219 512 424
0 0 0 0 0 10 0 0 319.899227905273 219.163122558594 512 424
0 0 0 0 0 11 0 0 318.466897583008 233.726641845703 512 424
0 0 0 0 0 12 0 0 248.191244506836 226.253857421875 512 424
0 0 0 0 0 13 0 0 246.395404052734 301.415277099609 512 424
0 0 0 0 0 14 0 0 247.912161254883 369.638537597656 512 424
0 0 0 0 0 15 0 0 244.766540527344 388.600280761719 512 424
0 0 0 0 0 16 0 0 283.783020019531 225.984442138672 512 424
0 0 0 0 0 17 0 0 288.551425170898 301.150689697266 512 424
0 0 0 0 0 18 0 0 289.223599243164 371.639636230469 512 424
0 0 0 0 0 19 0 0 289.25654296875 388.613439941406 512 424
0 0 0 0 0 20 0 0 263.515878295898 93.2409980773926 512 424
0 0 0 0 0 21 0 0 206.583358764648 243.471240234375 512 424
0 0 0 0 0 22 0 0 207.159878540039 227.055142211914 512 424
0 0 0 0 0 23 0 0 319.11748046875 251.349057006836 512 424
0 0 0 0 0 24 0 0 316.320260620117 233.78173828125 512 424
0 0 0 0 0 0 0 0 266.184060668945 226.060665893555 512 424
0 0 0 0 0 1 0 0 264.680722045898 150.541159057617 512 424
0 0 0 0 0 2 0 0 263.160858154297 74.1306289672852 512 424
0 0 0 0 0 3 0 0 263.972500610352 40.0893636703491 512 424
0 0 0 0 0 4 0 0 222.610041809082 105.055062866211 512 424
0 0 0 0 0 5 0 0 212.573182678223 168.158941650391 512 424
0 0 0 0 0 6 0 0 206.384460449219 217.903759765625 512 424
0 0 0 0 0 7 0 0 206.755897521973 225.946398925781 512 424
0 0 0 0 0 8 0 0 303.050375366211 104.764001464844 512 424
0 0 0 0 0 9 0 0 314.724798583984 169.267098999023 512 424
0 0 0 0 0 10 0 0 320.079943847656 219.332141113281 512 424
0 0 0 0 0 11 0 0 318.900561523438 234.095040893555 512 424
0 0 0 0 0 12 0 0 248.210363769531 226.249658203125 512 424
0 0 0 0 0 13 0 0 246.388562011719 301.464996337891 512 424
0 0 0 0 0 14 0 0 247.912701416016 369.638323974609 512 424
0 0 0 0 0 15 0 0 244.788162231445 388.563037109375 512 424
0 0 0 0 0 16 0 0 283.80032043457 225.989703369141 512 424
0 0 0 0 0 17 0 0 288.552423095703 301.154449462891 512 424
0 0 0 0 0 18 0 0 289.234979248047 371.666290283203 512 424
0 0 0 0 0 19 0 0 289.2640625 388.621923828125 512 424
0 0 0 0 0 20 0 0 263.536837768555 93.2385360717773 512 424
0 0 0 0 0 21 0 0 206.565539550781 243.753601074219 512 424
0 0 0 0 0 22 0 0 207.431678771973 228.207479858398 512 424
0 0 0 0 0 23 0 0 319.656695556641 251.432638549805 512 424
0 0 0 0 0 24 0 0 316.772338867188 233.706176757813 512 424
0 0 0 0 0 0 0 0 266.287521362305 226.120559692383 512 424
0 0 0 0 0 1 0 0 264.761953735352 150.62970123291 512 424
0 0 0 0 0 2 0 0 263.222076416016 74.2037452697754 512 424
0 0 0 0 0 3 0 0 264.014120483398 40.1474355697632 512 424
0 0 0 0 0 4 0 0 222.659420776367 105.129228210449 512 424
0 0 0 0 0 5 0 0 212.606283569336 168.133877563477 512 424
0 0 0 0 0 6 0 0 206.169039916992 217.818621826172 512 424
0 0 0 0 0 7 0 0 206.758581542969 226.428817749023 512 424
0 0 0 0 0 8 0 0 303.13017578125 104.819857788086 512 424
0 0 0 0 0 9 0 0 315.011590576172 169.152603149414 512 424
0 0 0 0 0 10 0 0 320.704702758789 219.361557006836 512 424
0 0 0 0 0 11 0 0 268.5291015625 196.672399902344 512 424
0 0 0 0 0 12 0 0 248.386239624023 226.309799194336 512 424
0 0 0 0 0 13 0 0 246.381158447266 301.455874633789 512 424
0 0 0 0 0 14 0 0 247.925103759766 369.66103515625 512 424
0 0 0 0 0 15 0 0 244.45378112793 388.511004638672 512 424
0 0 0 0 0 16 0 0 283.944482421875 226.002560424805 512 424
0 0 0 0 0 17 0 0 291.374481201172 302.634564208984 512 424
0 0 0 0 0 18 0 0 289.433602905273 371.448419189453 512 424
0 0 0 0 0 19 0 0 289.262802124023 388.425396728516 512 424
0 0 0 0 0 20 0 0 263.601885986328 93.3203521728516 512 424
0 0 0 0 0 21 0 0 206.698944091797 243.269937133789 512 424
0 0 0 0 0 22 0 0 208.454318237305 228.25295715332 512 424
0 0 0 0 0 23 0 0 320.639379882813 251.283938598633 512 424
0 0 0 0 0 24 0 0 317.542977905273 233.564782714844 512 424
0 0 0 0 0 0 0 0 266.277423095703 226.114276123047 512 424
0 0 0 0 0 1 0 0 264.780337524414 150.636721801758 512 424
0 0 0 0 0 2 0 0 263.269454956055 74.2244483947754 512 424
0 0 0 0 0 3 0 0 264.153460693359 40.1907262802124 512 424
0 0 0 0 0 4 0 0 222.702861022949 105.11265411377 512 424
0 0 0 0 0 5 0 0 212.631764221191 168.09367980957 512 424
0 0 0 0 0 6 0 0 206.205621337891 217.79833984375 512 424
0 0 0 0 0 7 0 0 206.976005554199 226.430517578125 512 424
0 0 0 0 0 8 0 0 303.273580932617 104.868647766113 512 424
0 0 0 0 0 9 0 0 315.142929077148 169.424841308594 512 424
0 0 0 0 0 10 0 0 321.164157104492 219.132897949219 512 424
0 0 0 0 0 11 0 0 269.265762329102 196.909442138672 512 424
0 0 0 0 0 12 0 0 248.375717163086 226.291357421875 512 424
0 0 0 0 0 13 0 0 246.331198120117 301.201837158203 512 424
0 0 0 0 0 14 0 0 247.903482055664 369.616442871094 512 424
0 0 0 0 0 15 0 0 244.427139282227 388.530889892578 512 424
0 0 0 0 0 16 0 0 283.932202148438 226.011618041992 512 424
0 0 0 0 0 17 0 0 291.365676879883 302.637579345703 512 424
0 0 0 0 0 18 0 0 289.526782226562 371.478436279297 512 424
0 0 0 0 0 19 0 0 289.218859863281 388.413360595703 512 424
0 0 0 0 0 20 0 0 263.641564941406 93.3377555847168 512 424
0 0 0 0 0 21 0 0 206.942123413086 243.602117919922 512 424
0 0 0 0 0 22 0 0 207.58869934082 228.933920288086 512 424
0 0 0 0 0 23 0 0 321.206036376953 251.464758300781 512 424
0 0 0 0 0 24 0 0 319.871005249023 235.546621704102 512 424
0 0 0 0 0 0 0 0 266.276583862305 226.105859375 512 424
0 0 0 0 0 1 0 0 264.801434326172 150.642761230469 512 424
0 0 0 0 0 2 0 0 263.309921264648 74.232682800293 512 424
0 0 0 0 0 3 0 0 264.220297241211 40.2063722610474 512 424
0 0 0 0 0 4 0 0 222.744039916992 105.108508300781 512 424
0 0 0 0 0 5 0 0 212.633123779297 168.049496459961 512 424
0 0 0 0 0 6 0 0 206.202560424805 217.746722412109 512 424
0 0 0 0 0 7 0 0 206.883305358887 226.346301269531 512 424
0 0 0 0 0 8 0 0 303.316778564453 104.891537475586 512 424
0 0 0 0 0 9 0 0 315.210577392578 169.686260986328 512 424
0 0 0 0 0 10 0 0 321.398336791992 219.395938110352 512 424
0 0 0 0 0 11 0 0 269.587237548828 196.771417236328 512 424
0 0 0 0 0 12 0 0 248.389401245117 226.278598022461 512 424
0 0 0 0 0 13 0 0 246.251995849609 301.022677612305 512 424
0 0 0 0 0 14 0 0 247.870663452148 369.541607666016 512 424
0 0 0 0 0 15 0 0 244.529898071289 388.679223632813 512 424
0 0 0 0 0 16 0 0 283.921044921875 226.006182861328 512 424
0 0 0 0 0 17 0 0 291.057583618164 301.161364746094 512 424
0 0 0 0 0 18 0 0 289.556442260742 371.562817382813 512 424
0 0 0 0 0 19 0 0 289.24723815918 388.463854980469 512 424
0 0 0 0 0 20 0 0 263.677380371094 93.3467681884766 512 424
0 0 0 0 0 21 0 0 206.416842651367 243.036041259766 512 424
0 0 0 0 0 22 0 0 207.949438476563 227.39289855957 512 424
0 0 0 0 0 23 0 0 321.063198852539 251.105477905273 512 424
0 0 0 0 0 24 0 0 318.978198242188 232.223080444336 512 424
0 0 0 0 0 0 0 0 266.228244018555 226.106338500977 512 424
0 0 0 0 0 1 0 0 264.770959472656 150.64806060791 512 424
0 0 0 0 0 2 0 0 263.300241088867 74.2443046569824 512 424
0 0 0 0 0 3 0 0 264.199838256836 40.2186101913452 512 424
0 0 0 0 0 4 0 0 222.73274230957 105.125804138184 512 424
0 0 0 0 0 5 0 0 212.6298828125 168.057138061523 512 424
0 0 0 0 0 6 0 0 206.20461730957 217.756021118164 512 424
0 0 0 0 0 7 0 0 206.91322479248 226.363882446289 512 424
0 0 0 0 0 8 0 0 303.304602050781 104.89634552002 512 424
0 0 0 0 0 9 0 0 315.211492919922 169.720681762695 512 424
0 0 0 0 0 10 0 0 321.402938842773 219.425357055664 512 424
0 0 0 0 0 11 0 0 269.606701660156 196.774078369141 512 424
0 0 0 0 0 12 0 0 248.338101196289 226.273059082031 512 424
0 0 0 0 0 13 0 0 246.249877929688 301.022598266602 512 424
0 0 0 0 0 14 0 0 247.866482543945 369.545422363281 512 424
0 0 0 0 0 15 0 0 244.529061889648 388.683898925781 512 424
0 0 0 0 0 16 0 0 283.879504394531 226.014282226563 512 424
0 0 0 0 0 17 0 0 290.535202026367 301.197961425781 512 424
0 0 0 0 0 18 0 0 289.557601928711 371.557733154297 512 424
0 0 0 0 0 19 0 0 289.245761108398 388.458477783203 512 424
0 0 0 0 0 20 0 0 263.662420654297 93.3567749023438 512 424
0 0 0 0 0 21 0 0 206.433700561523 243.037322998047 512 424
0 0 0 0 0 22 0 0 207.927996826172 227.248159790039 512 424
0 0 0 0 0 23 0 0 321.112954711914 251.063757324219 512 424
0 0 0 0 0 24 0 0 319.417797851563 230.270419311523 512 424
0 0 0 0 0 0 0 0 266.239404296875 226.109399414063 512 424
0 0 0 0 0 1 0 0 264.782861328125 150.650721740723 512 424
0 0 0 0 0 2 0 0 263.311138916016 74.2491104125977 512 424
0 0 0 0 0 3 0 0 264.221279907227 40.2309457778931 512 424
0 0 0 0 0 4 0 0 222.745462036133 105.142840576172 512 424
0 0 0 0 0 5 0 0 212.641741943359 168.057699584961 512 424
0 0 0 0 0 6 0 0 206.230158996582 217.746520996094 512 424
0 0 0 0 0 7 0 0 206.919422912598 226.344317626953 512 424
0 0 0 0 0 8 0 0 303.318142700195 104.908477783203 512 424
0 0 0 0 0 9 0 0 315.245300292969 169.784460449219 512 424
0 0 0 0 0 10 0 0 321.558563232422 219.488357543945 512 424
0 0 0 0 0 11 0 0 269.961981201172 196.948861694336 512 424
0 0 0 0 0 12 0 0 248.35276184082 226.271899414063 512 424
0 0 0 0 0 13 0 0 246.240936279297 301.07385559082 512 424
0 0 0 0 0 14 0 0 247.853881835938 369.532220458984 512 424
0 0 0 0 0 15 0 0 244.558721923828 388.567437744141 512 424
0 0 0 0 0 16 0 0 283.887661743164 226.020220947266 512 424
0 0 0 0 0 17 0 0 290.542343139648 301.217858886719 512 424
0 0 0 0 0 18 0 0 289.559722900391 371.546197509766 512 424
0 0 0 0 0 19 0 0 289.223361206055 388.442657470703 512 424
0 0 0 0 0 20 0 0 263.67370300293 93.3606559753418 512 424
0 0 0 0 0 21 0 0 206.417282104492 243.120483398438 512 424
0 0 0 0 0 22 0 0 207.885618591309 227.214819335938 512 424
0 0 0 0 0 23 0 0 321.346014404297 251.103399658203 512 424
0 0 0 0 0 24 0 0 319.461798095703 230.505358886719 512 424
0 0 0 0 0 0 0 0 266.225262451172 226.098239135742 512 424
0 0 0 0 0 1 0 0 264.7865234375 150.649580383301 512 424
0 0 0 0 0 2 0 0 263.326336669922 74.2591094970703 512 424
0 0 0 0 0 3 0 0 264.248022460938 40.2239557266235 512 424
0 0 0 0 0 4 0 0 222.681561279297 105.101962280273 512 424
0 0 0 0 0 5 0 0 212.578820800781 168.059103393555 512 424
0 0 0 0 0 6 0 0 206.05259552002 217.690100097656 512 424
0 0 0 0 0 7 0 0 206.577742004395 226.931637573242 512 424
0 0 0 0 0 8 0 0 303.333602905273 104.912170410156 512 424
0 0 0 0 0 9 0 0 315.304605102539 169.887359619141 512 424
0 0 0 0 0 10 0 0 321.807241821289 219.529159545898 512 424
0 0 0 0 0 11 0 0 270.176605224609 196.827783203125 512 424
0 0 0 0 0 12 0 0 248.348880004883 226.254818725586 512 424
0 0 0 0 0 13 0 0 246.220260620117 301.038821411133 512 424
0 0 0 0 0 14 0 0 247.849301147461 369.499041748047 512 424
0 0 0 0 0 15 0 0 244.564004516602 388.115777587891 512 424
0 0 0 0 0 16 0 0 283.872500610352 226.007077026367 512 424
0 0 0 0 0 17 0 0 290.506100463867 301.574700927734 512 424
0 0 0 0 0 18 0 0 289.501287841797 371.6025390625 512 424
0 0 0 0 0 19 0 0 289.229681396484 388.45751953125 512 424
0 0 0 0 0 20 0 0 263.68708190918 93.3683433532715 512 424
0 0 0 0 0 21 0 0 206.127841186523 242.887841796875 512 424
0 0 0 0 0 22 0 0 206.984800720215 227.833218383789 512 424
0 0 0 0 0 23 0 0 321.495941162109 251.004156494141 512 424
0 0 0 0 0 24 0 0 319.407397460938 232.6650390625 512 424
0 0 0 0 0 0 0 0 266.212017822266 226.093881225586 512 424
0 0 0 0 0 1 0 0 264.74690246582 150.673260498047 512 424
0 0 0 0 0 2 0 0 263.283917236328 74.4278816223145 512 424
0 0 0 0 0 3 0 0 264.224200439453 40.3952020645142 512 424
0 0 0 0 0 4 0 0 222.800561523438 105.166525268555 512 424
0 0 0 0 0 5 0 0 212.48123626709 168.017037963867 512 424
0 0 0 0 0 6 0 0 205.82287902832 217.57370300293 512 424
0 0 0 0 0 7 0 0 206.101440429688 226.085137939453 512 424
0 0 0 0 0 8 0 0 303.452362060547 105.01016998291 512 424
0 0 0 0 0 9 0 0 315.332708740234 169.949517822266 512 424
0 0 0 0 0 10 0 0 321.985186767578 219.547463989258 512 424
0 0 0 0 0 11 0 0 321.725897216797 234.550802612305 512 424
0 0 0 0 0 12 0 0 248.345141601563 226.250942993164 512 424
0 0 0 0 0 13 0 0 246.184100341797 301.015103149414 512 424
0 0 0 0 0 14 0 0 247.851321411133 369.488946533203 512 424
0 0 0 0 0 15 0 0 244.785598754883 388.341571044922 512 424
0 0 0 0 0 16 0 0 283.864959716797 226.00087890625 512 424
0 0 0 0 0 17 0 0 288.359664916992 302.167916870117 512 424
0 0 0 0 0 18 0 0 289.423202514648 371.654058837891 512 424
0 0 0 0 0 19 0 0 289.318215942383 388.446496582031 512 424
0 0 0 0 0 20 0 0 263.64055480957 93.4855262756348 512 424
0 0 0 0 0 21 0 0 205.891679382324 243.206460571289 512 424
0 0 0 0 0 22 0 0 206.919897460938 226.861437988281 512 424
0 0 0 0 0 23 0 0 322.002264404297 251.651763916016 512 424
0 0 0 0 0 24 0 0 319.169778442383 231.008938598633 512 424
0 0 0 0 0 0 0 0 266.199362182617 226.080239868164 512 424
0 0 0 0 0 1 0 0 264.721859741211 150.671119689941 512 424
0 0 0 0 0 2 0 0 263.258422851563 74.4899185180664 512 424
0 0 0 0 0 3 0 0 264.211962890625 40.4895959854126 512 424
0 0 0 0 0 4 0 0 222.917123413086 105.169192504883 512 424
0 0 0 0 0 5 0 0 212.392497253418 167.984036254883 512 424
0 0 0 0 0 6 0 0 205.620660400391 217.49833984375 512 424
0 0 0 0 0 7 0 0 205.900775146484 226.08837890625 512 424
0 0 0 0 0 8 0 0 303.500341796875 105.060534667969 512 424
0 0 0 0 0 9 0 0 315.335980224609 169.999157714844 512 424
0 0 0 0 0 10 0 0 322.083477783203 219.586004638672 512 424
0 0 0 0 0 11 0 0 321.843640136719 234.624258422852 512 424
0 0 0 0 0 12 0 0 248.336096191406 226.246337890625 512 424
0 0 0 0 0 13 0 0 246.177056884766 300.984902954102 512 424
0 0 0 0 0 14 0 0 247.831002807617 369.459545898438 512 424
0 0 0 0 0 15 0 0 244.784838867188 388.320013427734 512 424
0 0 0 0 0 16 0 0 283.836019897461 225.959658813477 512 424
0 0 0 0 0 17 0 0 288.31692199707 302.160736083984 512 424
0 0 0 0 0 18 0 0 289.444100952148 371.663720703125 512 424
0 0 0 0 0 19 0 0 289.324676513672 388.441717529297 512 424
0 0 0 0 0 20 0 0 263.61389465332 93.5290199279785 512 424
0 0 0 0 0 21 0 0 205.586039733887 243.133319091797 512 424
0 0 0 0 0 22 0 0 206.681176757813 227.342541503906 512 424
0 0 0 0 0 23 0 0 322.313482666016 251.520120239258 512 424
0 0 0 0 0 24 0 0 320.370602416992 232.04137878418 512 424
0 0 0 0 0 0 0 0 266.190240478516 226.075079345703 512 424
0 0 0 0 0 1 0 0 264.71711730957 150.66822052002 512 424
0 0 0 0 0 2 0 0 263.256002807617 74.4895858764648 512 424
0 0 0 0 0 3 0 0 264.212503051758 40.4919122695923 512 424
0 0 0 0 0 4 0 0 222.910885620117 105.146617126465 512 424
0 0 0 0 0 5 0 0 212.323435974121 167.938858032227 512 424
0 0 0 0 0 6 0 0 205.520422363281 217.441439819336 512 424
0 0 0 0 0 7 0 0 205.798034667969 226.007818603516 512 424
0 0 0 0 0 8 0 0 303.497161865234 105.066000366211 512 424
0 0 0 0 0 9 0 0 315.36083984375 170.021017456055 512 424
0 0 0 0 0 10 0 0 322.125079345703 219.595184326172 512 424
0 0 0 0 0 11 0 0 321.844897460938 234.599279785156 512 424
0 0 0 0 0 12 0 0 248.319958496094 226.233218383789 512 424
0 0 0 0 0 13 0 0 246.170455932617 300.927062988281 512 424
0 0 0 0 0 14 0 0 247.814562988281 369.428405761719 512 424
0 0 0 0 0 15 0 0 244.764239501953 388.290875244141 512 424
0 0 0 0 0 16 0 0 283.831039428711 225.958639526367 512 424
0 0 0 0 0 17 0 0 288.313241577148 302.160415649414 512 424
0 0 0 0 0 18 0 0 289.465701293945 371.697320556641 512 424
0 0 0 0 0 19 0 0 289.350936889648 388.470172119141 512 424
0 0 0 0 0 20 0 0 263.610934448242 93.5279899597168 512 424
0 0 0 0 0 21 0 0 205.224159240723 243.726599121094 512 424
0 0 0 0 0 22 0 0 206.748458862305 226.932180786133 512 424
0 0 0 0 0 23 0 0 322.358099365234 251.520220947266 512 424
0 0 0 0 0 24 0 0 320.042684936523 230.872839355469 512 424
0 0 0 0 0 0 0 0 266.17629699707 226.065219116211 512 424
0 0 0 0 0 1 0 0 264.695455932617 150.673858642578 512 424
0 0 0 0 0 2 0 0 263.235003662109 74.5380737304688 512 424
0 0 0 0 0 3 0 0 264.209716796875 40.5758327484131 512 424
0 0 0 0 0 4 0 0 222.948342895508 105.156141662598 512 424
0 0 0 0 0 5 0 0 212.248016357422 167.918637084961 512 424
0 0 0 0 0 6 0 0 205.409918212891 217.395458984375 512 424
0 0 0 0 0 7 0 0 205.621980285645 225.974081420898 512 424
0 0 0 0 0 8 0 0 303.528662109375 105.110829162598 512 424
0 0 0 0 0 9 0 0 315.384136962891 170.106137084961 512 424
0 0 0 0 0 10 0 0 322.27819519043 219.671899414063 512 424
0 0 0 0 0 11 0 0 321.857461547852 234.549282836914 512 424
0 0 0 0 0 12 0 0 248.306878662109 226.229965209961 512 424
0 0 0 0 0 13 0 0 246.166864013672 300.946041870117 512 424
0 0 0 0 0 14 0 0 247.823501586914 369.422778320313 512 424
0 0 0 0 0 15 0 0 244.769039916992 388.287255859375 512 424
0 0 0 0 0 16 0 0 283.809164428711 225.93551940918 512 424
0 0 0 0 0 17 0 0 288.305599975586 302.220059204102 512 424
0 0 0 0 0 18 0 0 289.388656616211 371.662817382813 512 424
0 0 0 0 0 19 0 0 289.33596496582 388.426556396484 512 424
0 0 0 0 0 20 0 0 263.589202880859 93.5646575927734 512 424
0 0 0 0 0 21 0 0 204.731640625 243.443380737305 512 424
0 0 0 0 0 22 0 0 206.464617919922 226.679141235352 512 424
0 0 0 0 0 23 0 0 322.252203369141 251.645059204102 512 424
0 0 0 0 0 24 0 0 319.830505371094 231.563760375977 512 424
0 0 0 0 0 0 0 0 266.183441162109 226.065042114258 512 424
0 0 0 0 0 1 0 0 264.701858520508 150.676280212402 512 424
0 0 0 0 0 2 0 0 263.24016418457 74.5444046020508 512 424
0 0 0 0 0 3 0 0 264.208016967773 40.5705623626709 512 424
0 0 0 0 0 4 0 0 222.950720214844 105.15990447998 512 424
0 0 0 0 0 5 0 0 212.256097412109 167.92255859375 512 424
0 0 0 0 0 6 0 0 205.422317504883 217.393362426758 512 424
0 0 0 0 0 7 0 0 205.571119689941 225.945361328125 512 424
0 0 0 0 0 8 0 0 303.537142944336 105.113661193848 512 424
0 0 0 0 0 9 0 0 315.392178344727 170.127377319336 512 424
0 0 0 0 0 10 0 0 322.326916503906 219.695700073242 512 424
0 0 0 0 0 11 0 0 321.955499267578 234.607543945313 512 424
0 0 0 0 0 12 0 0 248.314157104492 226.230401611328 512 424
0 0 0 0 0 13 0 0 246.181762695313 300.892758178711 512 424
0 0 0 0 0 14 0 0 247.817663574219 369.432781982422 512 424
0 0 0 0 0 15 0 0 244.782720947266 388.299975585938 512 424
0 0 0 0 0 16 0 0 283.816061401367 225.934698486328 512 424
0 0 0 0 0 17 0 0 288.307922363281 302.237100219727 512 424
0 0 0 0 0 18 0 0 289.387417602539 371.705938720703 512 424
0 0 0 0 0 19 0 0 289.297482299805 388.441815185547 512 424
0 0 0 0 0 20 0 0 263.594702148438 93.5699485778809 512 424
0 0 0 0 0 21 0 0 204.572039794922 243.16946105957 512 424
0 0 0 0 0 22 0 0 206.410357666016 227.170120239258 512 424
0 0 0 0 0 23 0 0 322.296917724609 251.644961547852 512 424
0 0 0 0 0 24 0 0 319.997125244141 232.504119873047 512 424
0 0 0 0 0 0 0 0 266.163299560547 226.064120483398 512 424
0 0 0 0 0 1 0 0 264.67190246582 150.711079406738 512 424
0 0 0 0 0 2 0 0 263.222555541992 74.5910385131836 512 424
0 0 0 0 0 3 0 0 264.213980102539 40.6231422424316 512 424
0 0 0 0 0 4 0 0 223.007521057129 105.160945129395 512 424
0 0 0 0 0 5 0 0 212.207841491699 167.929821777344 512 424
0 0 0 0 0 6 0 0 205.32813873291 217.402499389648 512 424
0 0 0 0 0 7 0 0 205.354995727539 225.943023681641 512 424
0 0 0 0 0 8 0 0 303.553143310547 105.178802490234 512 424
0 0 0 0 0 9 0 0 315.420300292969 170.175521850586 512 424
0 0 0 0 0 10 0 0 322.832513427734 221.000021362305 512 424
0 0 0 0 0 11 0 0 270.573934936523 197.376278686523 512 424
0 0 0 0 0 12 0 0 248.304501342773 226.147903442383 512 424
0 0 0 0 0 13 0 0 246.097677612305 300.766494750977 512 424
0 0 0 0 0 14 0 0 247.910284423828 369.431652832031 512 424
0 0 0 0 0 15 0 0 244.479473876953 388.206384277344 512 424
0 0 0 0 0 16 0 0 283.837316894531 225.936740112305 512 424
0 0 0 0 0 17 0 0 288.372518920898 302.296078491211 512 424
0 0 0 0 0 18 0 0 289.341165161133 371.870056152344 512 424
0 0 0 0 0 19 0 0 289.294613647461 388.580615234375 512 424
0 0 0 0 0 20 0 0 263.57370300293 93.6158088684082 512 424
0 0 0 0 0 21 0 0 204.373321533203 243.45295715332 512 424
0 0 0 0 0 22 0 0 206.649255371094 228.805935668945 512 424
0 0 0 0 0 23 0 0 322.291015625 251.47822265625 512 424
0 0 0 0 0 24 0 0 319.963006591797 233.305865478516 512 424
0 0 0 0 0 0 0 0 266.152743530273 226.074264526367 512 424
0 0 0 0 0 1 0 0 264.675741577148 150.71522064209 512 424
0 0 0 0 0 2 0 0 263.231497192383 74.5929046630859 512 424
0 0 0 0 0 3 0 0 264.220877075195 40.6224479675293 512 424
0 0 0 0 0 4 0 0 223.010679626465 105.167738342285 512 424
0 0 0 0 0 5 0 0 212.214640808105 167.934121704102 512 424
0 0 0 0 0 6 0 0 205.275259399414 217.410501098633 512 424
0 0 0 0 0 7 0 0 205.177854919434 225.471524047852 512 424
0 0 0 0 0 8 0 0 303.553063964844 105.181324768066 512 424
0 0 0 0 0 9 0 0 315.430221557617 170.185461425781 512 424
0 0 0 0 0 10 0 0 322.879739379883 221.020840454102 512 424
0 0 0 0 0 11 0 0 322.061514282227 234.812640380859 512 424
0 0 0 0 0 12 0 0 248.288259887695 226.163681030273 512 424
0 0 0 0 0 13 0 0 246.077755737305 300.70539855957 512 424
0 0 0 0 0 14 0 0 247.903662109375 369.429718017578 512 424
0 0 0 0 0 15 0 0 246.354415893555 387.849700927734 512 424
0 0 0 0 0 16 0 0 283.832418823242 225.947778320313 512 424
0 0 0 0 0 17 0 0 288.458441162109 303.808895874023 512 424
0 0 0 0 0 18 0 0 289.261724853516 371.893920898438 512 424
0 0 0 0 0 19 0 0 289.315057373047 388.577301025391 512 424
0 0 0 0 0 20 0 0 263.582000732422 93.6181205749512 512 424
0 0 0 0 0 21 0 0 204.370063781738 243.553057861328 512 424
0 0 0 0 0 22 0 0 205.874835205078 226.245797729492 512 424
0 0 0 0 0 23 0 0 322.065835571289 250.62864074707 512 424
0 0 0 0 0 24 0 0 320.112704467773 232.606723022461 512 424
0 0 0 0 0 0 0 0 266.14289855957 226.070599365234 512 424
0 0 0 0 0 1 0 0 264.682159423828 150.728739929199 512 424
0 0 0 0 0 2 0 0 263.249877929688 74.6294242858887 512 424
0 0 0 0 0 3 0 0 264.229821777344 40.644970703125 512 424
0 0 0 0 0 4 0 0 223.052641296387 105.094653320313 512 424
0 0 0 0 0 5 0 0 212.188221740723 168.035040283203 512 424
0 0 0 0 0 6 0 0 205.233639526367 217.416021728516 512 424
0 0 0 0 0 7 0 0 205.195359802246 225.432901000977 512 424
0 0 0 0 0 8 0 0 303.57666015625 105.205114746094 512 424
0 0 0 0 0 9 0 0 315.441897583008 170.24690246582 512 424
0 0 0 0 0 10 0 0 322.454321289063 219.78630065918 512 424
0 0 0 0 0 11 0 0 270.737243652344 197.252420043945 512 424
0 0 0 0 0 12 0 0 248.302020263672 226.183636474609 512 424
0 0 0 0 0 13 0 0 246.082757568359 300.727496337891 512 424
0 0 0 0 0 14 0 0 247.912481689453 369.436938476563 512 424
0 0 0 0 0 15 0 0 244.421640014648 388.219104003906 512 424
0 0 0 0 0 16 0 0 283.809182739258 225.926699829102 512 424
0 0 0 0 0 17 0 0 288.359039306641 302.378225708008 512 424
0 0 0 0 0 18 0 0 289.217578125 371.878564453125 512 424
0 0 0 0 0 19 0 0 289.278356933594 388.591070556641 512 424
0 0 0 0 0 20 0 0 263.597418212891 93.648445892334 512 424
0 0 0 0 0 21 0 0 204.417581176758 243.520355224609 512 424
0 0 0 0 0 22 0 0 205.52071685791 226.644720458984 512 424
0 0 0 0 0 23 0 0 322.337222290039 250.575039672852 512 424
0 0 0 0 0 24 0 0 320.179919433594 234.304159545898 512 424
0 0 0 0 0 0 0 0 266.141836547852 226.085339355469 512 424
0 0 0 0 0 1 0 0 264.673260498047 150.736538696289 512 424
0 0 0 0 0 2 0 0 263.245797729492 74.6359916687012 512 424
0 0 0 0 0 3 0 0 264.230358886719 40.6524642944336 512 424
0 0 0 0 0 4 0 0 223.071977233887 105.097700500488 512 424
0 0 0 0 0 5 0 0 212.186296081543 168.041400146484 512 424
0 0 0 0 0 6 0 0 205.238720703125 217.423822021484 512 424
0 0 0 0 0 7 0 0 205.216340637207 225.453860473633 512 424
0 0 0 0 0 8 0 0 303.591317749023 105.220753479004 512 424
0 0 0 0 0 9 0 0 315.440072631836 170.263861083984 512 424
0 0 0 0 0 10 0 0 322.377941894531 220.404898071289 512 424
0 0 0 0 0 11 0 0 270.698504638672 197.038800048828 512 424
0 0 0 0 0 12 0 0 248.305535888672 226.19853515625 512 424
0 0 0 0 0 13 0 0 246.081600952148 300.737997436523 512 424
0 0 0 0 0 14 0 0 247.909283447266 369.436639404297 512 424
0 0 0 0 0 15 0 0 244.390835571289 388.211364746094 512 424
0 0 0 0 0 16 0 0 283.817984008789 225.949560546875 512 424
0 0 0 0 0 17 0 0 288.344515991211 302.371520996094 512 424
0 0 0 0 0 18 0 0 289.223516845703 371.888262939453 512 424
0 0 0 0 0 19 0 0 289.289660644531 388.600109863281 512 424
0 0 0 0 0 20 0 0 263.591418457031 93.655216217041 512 424
0 0 0 0 0 21 0 0 204.437738037109 243.539419555664 512 424
0 0 0 0 0 22 0 0 205.899076843262 226.349560546875 512 424
0 0 0 0 0 23 0 0 323.030700683594 251.371279907227 512 424
0 0 0 0 0 24 0 0 319.984063720703 234.066897583008 512 424
0 0 0 0 0 0 0 0 266.138882446289 226.093179321289 512 424
0 0 0 0 0 1 0 0 264.669494628906 150.745980834961 512 424
0 0 0 0 0 2 0 0 263.245794677734 74.6515251159668 512 424
0 0 0 0 0 3 0 0 264.23464050293 40.6757696151733 512 424
0 0 0 0 0 4 0 0 223.085218811035 105.059153747559 512 424
0 0 0 0 0 5 0 0 212.152198791504 168.052838134766 512 424
0 0 0 0 0 6 0 0 205.202459716797 217.432678222656 512 424
0 0 0 0 0 7 0 0 205.384620666504 225.573159790039 512 424
0 0 0 0 0 8 0 0 303.595758056641 105.231106567383 512 424
0 0 0 0 0 9 0 0 315.421154785156 170.372799682617 512 424
0 0 0 0 0 10 0 0 322.410824584961 219.993618774414 512 424
0 0 0 0 0 11 0 0 270.520993041992 197.333697509766 512 424
0 0 0 0 0 12 0 0 248.302877807617 226.204357910156 512 424
0 0 0 0 0 13 0 0 246.114862060547 300.683099365234 512 424
0 0 0 0 0 14 0 0 247.92555847168 369.456713867188 512 424
0 0 0 0 0 15 0 0 244.648461914063 388.393212890625 512 424
0 0 0 0 0 16 0 0 283.822723388672 225.969583129883 512 424
0 0 0 0 0 17 0 0 288.466720581055 303.878915405273 512 424
0 0 0 0 0 18 0 0 289.213662719727 371.874041748047 512 424
0 0 0 0 0 19 0 0 289.292919921875 388.570782470703 512 424
0 0 0 0 0 20 0 0 263.590982055664 93.6700271606445 512 424
0 0 0 0 0 21 0 0 204.688220214844 243.844561767578 512 424
0 0 0 0 0 22 0 0 203.978120422363 226.545397949219 512 424
0 0 0 0 0 23 0 0 322.243859863281 251.643759155273 512 424
0 0 0 0 0 24 0 0 319.927499389648 235.279360961914 512 424
0 0 0 0 0 0 0 0 266.138262939453 226.09455871582 512 424
0 0 0 0 0 1 0 0 264.670114135742 150.746681213379 512 424
0 0 0 0 0 2 0 0 263.247595214844 74.6521583557129 512 424
0 0 0 0 0 3 0 0 264.241821289063 40.6905393600464 512 424
0 0 0 0 0 4 0 0 223.088238525391 105.066569519043 512 424
0 0 0 0 0 5 0 0 212.149998474121 168.051080322266 512 424
0 0 0 0 0 6 0 0 205.204879760742 217.430895996094 512 424
0 0 0 0 0 7 0 0 205.393119812012 225.560498046875 512 424
0 0 0 0 0 8 0 0 303.597219848633 105.237225341797 512 424
0 0 0 0 0 9 0 0 315.426434326172 170.376278686523 512 424
0 0 0 0 0 10 0 0 322.482586669922 219.973999023438 512 424
0 0 0 0 0 11 0 0 270.570910644531 197.368539428711 512 424
0 0 0 0 0 12 0 0 248.301818847656 226.205599975586 512 424
0 0 0 0 0 13 0 0 246.127462768555 300.816421508789 512 424
0 0 0 0 0 14 0 0 247.91305847168 369.453796386719 512 424
0 0 0 0 0 15 0 0 244.653060913086 388.366174316406 512 424
0 0 0 0 0 16 0 0 283.822442626953 225.970962524414 512 424
0 0 0 0 0 17 0 0 288.473641967773 303.875137329102 512 424
0 0 0 0 0 18 0 0 289.248223876953 371.779644775391 512 424
0 0 0 0 0 19 0 0 289.31923828125 388.524542236328 512 424
0 0 0 0 0 20 0 0 263.592343139648 93.6706314086914 512 424
0 0 0 0 0 21 0 0 204.728080749512 243.805804443359 512 424
0 0 0 0 0 22 0 0 203.977520751953 226.448577880859 512 424
0 0 0 0 0 23 0 0 322.243618774414 251.643719482422 512 424
0 0 0 0 0 24 0 0 321.433941650391 237.503820800781 512 424
0 0 0 0 0 0 0 0 266.131359863281 226.105737304688 512 424
0 0 0 0 0 1 0 0 264.666540527344 150.758460998535 512 424
0 0 0 0 0 2 0 0 263.249279785156 74.6655586242676 512 424
0 0 0 0 0 3 0 0 264.246621704102 40.7054014205933 512 424
0 0 0 0 0 4 0 0 223.11194152832 105.07416229248 512 424
0 0 0 0 0 5 0 0 212.14617767334 168.060562133789 512 424
0 0 0 0 0 6 0 0 205.207260131836 217.433676147461 512 424
0 0 0 0 0 7 0 0 205.366255187988 225.563958740234 512 424
0 0 0 0 0 8 0 0 303.594821166992 105.262756347656 512 424
0 0 0 0 0 9 0 0 315.422479248047 170.393521118164 512 424
0 0 0 0 0 10 0 0 322.484582519531 219.992300415039 512 424
0 0 0 0 0 11 0 0 270.470831298828 197.416000366211 512 424
0 0 0 0 0 12 0 0 248.292541503906 226.206878662109 512 424
0 0 0 0 0 13 0 0 246.127883911133 300.816580200195 512 424
0 0 0 0 0 14 0 0 247.922677612305 369.466473388672 512 424
0 0 0 0 0 15 0 0 244.610079956055 388.369134521484 512 424
0 0 0 0 0 16 0 0 283.81891784668 225.999261474609 512 424
0 0 0 0 0 17 0 0 289.593716430664 303.60100402832 512 424
0 0 0 0 0 18 0 0 289.250079345703 371.786779785156 512 424
0 0 0 0 0 19 0 0 289.320236206055 388.531219482422 512 424
0 0 0 0 0 20 0 0 263.592721557617 93.6837005615234 512 424
0 0 0 0 0 21 0 0 204.707203674316 243.793341064453 512 424
0 0 0 0 0 22 0 0 203.964685058594 226.226159667969 512 424
0 0 0 0 0 23 0 0 322.337057495117 251.725439453125 512 424
0 0 0 0 0 24 0 0 321.522277832031 236.779843139648 512 424
0 0 0 0 0 0 0 0 266.137622070312 226.04704284668 512 424
0 0 0 0 0 1 0 0 264.669741821289 150.735238647461 512 424
0 0 0 0 0 2 0 0 263.258581542969 74.68134765625 512 424
0 0 0 0 0 3 0 0 264.269598388672 40.7085062026978 512 424
0 0 0 0 0 4 0 0 223.050143432617 105.111891174316 512 424
0 0 0 0 0 5 0 0 212.158058166504 168.098336791992 512 424
0 0 0 0 0 6 0 0 205.217018127441 217.481918334961 512 424
0 0 0 0 0 7 0 0 205.666021728516 225.667861938477 512 424
0 0 0 0 0 8 0 0 303.512805175781 105.27865447998 512 424
0 0 0 0 0 9 0 0 315.417297363281 170.453060913086 512 424
0 0 0 0 0 10 0 0 322.510598754883 220.075979614258 512 424
0 0 0 0 0 11 0 0 270.42209777832 197.510540771484 512 424
0 0 0 0 0 12 0 0 248.428298950195 225.929302978516 512 424
0 0 0 0 0 13 0 0 246.138241577148 300.816522216797 512 424
0 0 0 0 0 14 0 0 247.976583862305 369.517755126953 512 424
0 0 0 0 0 15 0 0 244.814437866211 388.388018798828 512 424
0 0 0 0 0 16 0 0 283.954144287109 225.828784179688 512 424
0 0 0 0 0 17 0 0 288.969598388672 303.748443603516 512 424
0 0 0 0 0 18 0 0 289.272860717773 371.794165039063 512 424
0 0 0 0 0 19 0 0 289.349282836914 388.551782226563 512 424
0 0 0 0 0 20 0 0 263.598623657227 93.6896293640137 512 424
0 0 0 0 0 21 0 0 204.993354797363 243.656802368164 512 424
0 0 0 0 0 22 0 0 205.435079956055 226.562542724609 512 424
0 0 0 0 0 23 0 0 322.550085449219 251.814221191406 512 424
0 0 0 0 0 24 0 0 321.472412109375 233.938479614258 512 424
0 0 0 0 0 0 0 0 266.138763427734 226.055001831055 512 424
0 0 0 0 0 1 0 0 264.671960449219 150.738499450684 512 424
0 0 0 0 0 2 0 0 263.259658813477 74.6819915771484 512 424
0 0 0 0 0 3 0 0 264.27333984375 40.708998298645 512 424
0 0 0 0 0 4 0 0 223.067742919922 105.126950073242 512 424
0 0 0 0 0 5 0 0 212.168659973145 168.09921875 512 424
0 0 0 0 0 6 0 0 205.221458435059 217.491098022461 512 424
0 0 0 0 0 7 0 0 205.696661376953 225.658541870117 512 424
0 0 0 0 0 8 0 0 303.511544799805 105.280035400391 512 424
0 0 0 0 0 9 0 0 315.426638793945 170.462142944336 512 424
0 0 0 0 0 10 0 0 322.540921020508 220.095919799805 512 424
0 0 0 0 0 11 0 0 270.438677978516 197.603561401367 512 424
0 0 0 0 0 12 0 0 248.348818969727 226.1416015625 512 424
0 0 0 0 0 13 0 0 246.135479736328 300.810864257813 512 424
0 0 0 0 0 14 0 0 247.984265136719 369.521673583984 512 424
0 0 0 0 0 15 0 0 244.83049621582 388.386383056641 512 424
0 0 0 0 0 16 0 0 283.846682739258 225.967221069336 512 424
0 0 0 0 0 17 0 0 288.772998046875 302.299783325195 512 424
0 0 0 0 0 18 0 0 289.273400878906 371.843743896484 512 424
0 0 0 0 0 19 0 0 289.341961669922 388.605688476563 512 424
0 0 0 0 0 20 0 0 263.600122070313 93.6911491394043 512 424
0 0 0 0 0 21 0 0 205.035758972168 243.641162109375 512 424
0 0 0 0 0 22 0 0 205.111099243164 226.922241210938 512 424
0 0 0 0 0 23 0 0 322.524822998047 251.843481445313 512 424
0 0 0 0 0 24 0 0 321.112994384766 235.794519042969 512 424
0 0 0 0 0 0 0 0 266.147943115234 226.06305847168 512 424
0 0 0 0 0 1 0 0 264.691796875 150.754739379883 512 424
0 0 0 0 0 2 0 0 263.292602539063 74.7099365234375 512 424
0 0 0 0 0 3 0 0 264.285678100586 40.7010986328125 512 424
0 0 0 0 0 4 0 0 223.132441711426 105.126788330078 512 424
0 0 0 0 0 5 0 0 212.177143859863 168.131359863281 512 424
0 0 0 0 0 6 0 0 205.198764038086 217.525717163086 512 424
0 0 0 0 0 7 0 0 205.652561950684 225.679760742188 512 424
0 0 0 0 0 8 0 0 303.547262573242 105.299322509766 512 424
0 0 0 0 0 9 0 0 315.419177246094 170.518939208984 512 424
0 0 0 0 0 10 0 0 322.561059570313 220.128720092773 512 424
0 0 0 0 0 11 0 0 270.316818237305 197.762979125977 512 424
0 0 0 0 0 12 0 0 248.352545166016 226.140460205078 512 424
0 0 0 0 0 13 0 0 246.167562866211 300.795220947266 512 424
0 0 0 0 0 14 0 0 248.009320068359 369.546252441406 512 424
0 0 0 0 0 15 0 0 244.861956787109 388.487127685547 512 424
0 0 0 0 0 16 0 0 283.864678955078 225.994760131836 512 424
0 0 0 0 0 17 0 0 288.609838867188 302.352261352539 512 424
0 0 0 0 0 18 0 0 289.264935302734 371.8318359375 512 424
0 0 0 0 0 19 0 0 289.298419189453 388.597833251953 512 424
0 0 0 0 0 20 0 0 263.629962158203 93.7162338256836 512 424
0 0 0 0 0 21 0 0 205.085939025879 243.72126159668 512 424
0 0 0 0 0 22 0 0 205.629344177246 227.510998535156 512 424
0 0 0 0 0 23 0 0 322.33542175293 251.790896606445 512 424
0 0 0 0 0 24 0 0 322.050396728516 236.581057739258 512 424
0 0 0 0 0 0 0 0 266.165139770508 226.035256958008 512 424
0 0 0 0 0 1 0 0 264.696878051758 150.748300170898 512 424
0 0 0 0 0 2 0 0 263.293341064453 74.7112701416016 512 424
0 0 0 0 0 3 0 0 264.289437866211 40.6909683227539 512 424
0 0 0 0 0 4 0 0 223.13108215332 105.122427368164 512 424
0 0 0 0 0 5 0 0 212.183343505859 168.149877929688 512 424
0 0 0 0 0 6 0 0 205.191983032227 217.560958862305 512 424
0 0 0 0 0 7 0 0 205.636000061035 225.711700439453 512 424
0 0 0 0 0 8 0 0 303.54958190918 105.299658203125 512 424
0 0 0 0 0 9 0 0 315.435360717773 170.521939086914 512 424
0 0 0 0 0 10 0 0 322.603219604492 220.126080322266 512 424
0 0 0 0 0 11 0 0 270.298440551758 197.760159301758 512 424
0 0 0 0 0 12 0 0 248.372946166992 225.965982055664 512 424
0 0 0 0 0 13 0 0 246.22112121582 300.845358276367 512 424
0 0 0 0 0 14 0 0 248.008819580078 369.547393798828 512 424
0 0 0 0 0 15 0 0 244.942156982422 388.436828613281 512 424
0 0 0 0 0 16 0 0 283.90871887207 225.838919067383 512 424
0 0 0 0 0 17 0 0 288.619219970703 302.322399902344 512 424
0 0 0 0 0 18 0 0 289.266876220703 371.804254150391 512 424
0 0 0 0 0 19 0 0 289.298559570313 388.593151855469 512 424
0 0 0 0 0 20 0 0 263.631002807617 93.7165405273438 512 424
0 0 0 0 0 21 0 0 205.034178161621 243.659201049805 512 424
0 0 0 0 0 22 0 0 205.631002807617 227.669598388672 512 424
0 0 0 0 0 23 0 0 321.673645019531 251.059838867188 512 424
0 0 0 0 0 24 0 0 321.279333496094 236.280615234375 512 424
0 0 0 0 0 0 0 0 266.157000732422 226.050335693359 512 424
0 0 0 0 0 1 0 0 264.695874023438 150.753179931641 512 424
0 0 0 0 0 2 0 0 263.294094848633 74.7252792358398 512 424
0 0 0 0 0 3 0 0 264.317620849609 40.711997795105 512 424
0 0 0 0 0 4 0 0 223.099502563477 105.148942565918 512 424
0 0 0 0 0 5 0 0 212.228677368164 168.212576293945 512 424
0 0 0 0 0 6 0 0 205.270639038086 217.641561889648 512 424
0 0 0 0 0 7 0 0 205.771859741211 225.702560424805 512 424
0 0 0 0 0 8 0 0 303.493203735352 105.309693908691 512 424
0 0 0 0 0 9 0 0 315.457717895508 170.573278808594 512 424
0 0 0 0 0 10 0 0 322.687704467773 220.161801147461 512 424
0 0 0 0 0 11 0 0 270.629022216797 197.867977905273 512 424
0 0 0 0 0 12 0 0 248.361959838867 225.975579833984 512 424
0 0 0 0 0 13 0 0 246.253744506836 300.870742797852 512 424
0 0 0 0 0 14 0 0 248.021459960938 369.575268554688 512 424
0 0 0 0 0 15 0 0 244.987200927734 388.502673339844 512 424
0 0 0 0 0 16 0 0 283.910498046875 225.872143554688 512 424
0 0 0 0 0 17 0 0 288.531378173828 302.409063720703 512 424
0 0 0 0 0 18 0 0 289.240884399414 371.908142089844 512 424
0 0 0 0 0 19 0 0 289.288241577148 388.618762207031 512 424
0 0 0 0 0 20 0 0 263.632659912109 93.7274383544922 512 424
0 0 0 0 0 21 0 0 205.002297973633 243.517599487305 512 424
0 0 0 0 0 22 0 0 204.88136138916 228.122821044922 512 424
0 0 0 0 0 23 0 0 321.876278686523 251.087881469727 512 424
0 0 0 0 0 24 0 0 322.530001831055 237.845379638672 512 424
0 0 0 0 0 0 0 0 266.150122070313 226.059378051758 512 424
0 0 0 0 0 1 0 0 264.695455932617 150.751519775391 512 424
0 0 0 0 0 2 0 0 263.295416259766 74.7234100341797 512 424
0 0 0 0 0 3 0 0 264.321838378906 40.7092176437378 512 424
0 0 0 0 0 4 0 0 223.102261352539 105.148452758789 512 424
0 0 0 0 0 5 0 0 212.253115844727 168.271496582031 512 424
0 0 0 0 0 6 0 0 205.332397460938 217.721859741211 512 424
0 0 0 0 0 7 0 0 205.906103515625 225.765258789063 512 424
0 0 0 0 0 8 0 0 303.489242553711 105.300936889648 512 424
0 0 0 0 0 9 0 0 315.493563842773 170.592138671875 512 424
0 0 0 0 0 10 0 0 322.787948608398 220.172299194336 512 424
0 0 0 0 0 11 0 0 270.685321044922 197.834698486328 512 424
0 0 0 0 0 12 0 0 248.281359863281 226.132699584961 512 424
0 0 0 0 0 13 0 0 246.287982177734 300.881524658203 512 424
0 0 0 0 0 14 0 0 247.999920654297 369.626531982422 512 424
0 0 0 0 0 15 0 0 244.791180419922 388.185394287109 512 424
0 0 0 0 0 16 0 0 283.82467956543 226.036242675781 512 424
0 0 0 0 0 17 0 0 288.548461914063 302.392562866211 512 424
0 0 0 0 0 18 0 0 289.246481323242 371.898944091797 512 424
0 0 0 0 0 19 0 0 289.294000244141 388.604064941406 512 424
0 0 0 0 0 20 0 0 263.633877563477 93.7250534057617 512 424
0 0 0 0 0 21 0 0 205.149298095703 243.566540527344 512 424
0 0 0 0 0 22 0 0 205.442222595215 229.337643432617 512 424
0 0 0 0 0 23 0 0 322.618856811523 251.59192199707 512 424
0 0 0 0 0 24 0 0 321.819204711914 236.286502075195 512 424
0 0 0 0 0 0 0 0 266.154443359375 226.055422973633 512 424
0 0 0 0 0 1 0 0 264.697958374023 150.750297546387 512 424
0 0 0 0 0 2 0 0 263.294680786133 74.7265846252441 512 424
0 0 0 0 0 3 0 0 264.337298583984 40.7039999008179 512 424
0 0 0 0 0 4 0 0 223.064660644531 105.148684692383 512 424
0 0 0 0 0 5 0 0 212.240496826172 168.280456542969 512 424
0 0 0 0 0 6 0 0 205.250997924805 217.719775390625 512 424
0 0 0 0 0 7 0 0 205.877642822266 225.828979492188 512 424
0 0 0 0 0 8 0 0 303.476516723633 105.302911376953 512 424
0 0 0 0 0 9 0 0 315.504403686523 170.613095092773 512 424
0 0 0 0 0 10 0 0 322.835003662109 220.169018554688 512 424
0 0 0 0 0 11 0 0 270.676321411133 197.800216674805 512 424
0 0 0 0 0 12 0 0 248.28330078125 226.128356933594 512 424
0 0 0 0 0 13 0 0 246.312762451172 300.861242675781 512 424
0 0 0 0 0 14 0 0 247.95068359375 369.605999755859 512 424
0 0 0 0 0 15 0 0 244.782739257813 388.156213378906 512 424
0 0 0 0 0 16 0 0 283.829919433594 226.031158447266 512 424
0 0 0 0 0 17 0 0 288.539761352539 302.367779541016 512 424
0 0 0 0 0 18 0 0 289.666842651367 370.991265869141 512 424
0 0 0 0 0 19 0 0 289.356079101563 388.342364501953 512 424
0 0 0 0 0 20 0 0 263.634014892578 93.7270729064941 512 424
0 0 0 0 0 21 0 0 205.240478515625 243.793200683594 512 424
0 0 0 0 0 22 0 0 205.487963867188 230.090103149414 512 424
0 0 0 0 0 23 0 0 322.5166015625 251.593041992188 512 424
0 0 0 0 0 24 0 0 322.736361694336 236.426620483398 512 424
0 0 0 0 0 0 0 0 266.141680908203 226.04072265625 512 424
0 0 0 0 0 1 0 0 264.685662841797 150.742518615723 512 424
0 0 0 0 0 2 0 0 263.27998046875 74.7387741088867 512 424
0 0 0 0 0 3 0 0 264.358517456055 40.7381380081177 512 424
0 0 0 0 0 4 0 0 223.045196533203 105.146148681641 512 424
0 0 0 0 0 5 0 0 212.235720825195 168.297137451172 512 424
0 0 0 0 0 6 0 0 205.164239501953 217.706115722656 512 424
0 0 0 0 0 7 0 0 205.835124206543 225.838717651367 512 424
0 0 0 0 0 8 0 0 303.506402587891 105.327951049805 512 424
0 0 0 0 0 9 0 0 315.499783325195 170.635879516602 512 424
0 0 0 0 0 10 0 0 322.84228515625 220.181478881836 512 424
0 0 0 0 0 11 0 0 270.691436767578 197.747161865234 512 424
0 0 0 0 0 12 0 0 248.276123046875 226.124658203125 512 424
0 0 0 0 0 13 0 0 246.355953979492 300.985882568359 512 424
0 0 0 0 0 14 0 0 247.981964111328 369.610382080078 512 424
0 0 0 0 0 15 0 0 244.814279174805 388.075939941406 512 424
0 0 0 0 0 16 0 0 283.804922485352 225.992401123047 512 424
0 0 0 0 0 17 0 0 289.456719970703 302.108624267578 512 424
0 0 0 0 0 18 0 0 289.199960327148 371.850115966797 512 424
0 0 0 0 0 19 0 0 289.301318359375 388.609564208984 512 424
0 0 0 0 0 20 0 0 263.619821166992 93.7326515197754 512 424
0 0 0 0 0 21 0 0 205.160659790039 243.80295715332 512 424
0 0 0 0 0 22 0 0 205.371934509277 228.981225585938 512 424
0 0 0 0 0 23 0 0 322.488998413086 251.505401611328 512 424
0 0 0 0 0 24 0 0 321.778982543945 237.15950012207 512 424
0 0 0 0 0 0 0 0 266.113455200195 226.065179443359 512 424
0 0 0 0 0 1 0 0 264.668783569336 150.747138977051 512 424
0 0 0 0 0 2 0 0 263.276663208008 74.7570983886719 512 424
0 0 0 0 0 3 0 0 264.375595092773 40.7567939758301 512 424
0 0 0 0 0 4 0 0 223.05466003418 105.165748596191 512 424
0 0 0 0 0 5 0 0 212.262118530273 168.388375854492 512 424
0 0 0 0 0 6 0 0 205.311004638672 217.836880493164 512 424
0 0 0 0 0 7 0 0 205.88533782959 225.964541625977 512 424
0 0 0 0 0 8 0 0 303.486901855469 105.352474975586 512 424
0 0 0 0 0 9 0 0 315.553701782227 170.710879516602 512 424
0 0 0 0 0 10 0 0 322.927722167969 220.877380371094 512 424
0 0 0 0 0 11 0 0 270.931701660156 197.479339599609 512 424
0 0 0 0 0 12 0 0 248.2708984375 226.174517822266 512 424
0 0 0 0 0 13 0 0 246.355197143555 301.041802978516 512 424
0 0 0 0 0 14 0 0 247.985681152344 369.675805664063 512 424
0 0 0 0 0 15 0 0 244.77526550293 388.13251953125 512 424
0 0 0 0 0 16 0 0 283.780419921875 226.01494140625 512 424
0 0 0 0 0 17 0 0 288.738095092773 302.322784423828 512 424
0 0 0 0 0 18 0 0 289.210537719727 371.851141357422 512 424
0 0 0 0 0 19 0 0 288.763562011719 388.898358154297 512 424
0 0 0 0 0 20 0 0 263.613220214844 93.7450675964355 512 424
0 0 0 0 0 21 0 0 205.276397705078 243.867797851563 512 424
0 0 0 0 0 22 0 0 205.521797180176 227.542163085938 512 424
0 0 0 0 0 23 0 0 322.978958129883 251.864022827148 512 424
0 0 0 0 0 24 0 0 322.192938232422 234.580297851563 512 424
0 0 0 0 0 0 0 0 266.145260620117 226.030661010742 512 424
0 0 0 0 0 1 0 0 264.681539916992 150.737619018555 512 424
0 0 0 0 0 2 0 0 263.277880859375 74.7574775695801 512 424
0 0 0 0 0 3 0 0 264.395776367188 40.7473844528198 512 424
0 0 0 0 0 4 0 0 223.104418945313 105.176635742188 512 424
0 0 0 0 0 5 0 0 212.279400634766 168.392718505859 512 424
0 0 0 0 0 6 0 0 205.325942993164 217.842681884766 512 424
0 0 0 0 0 7 0 0 205.874519348145 225.916018676758 512 424
0 0 0 0 0 8 0 0 303.47135925293 105.350184631348 512 424
0 0 0 0 0 9 0 0 315.561846923828 170.734518432617 512 424
0 0 0 0 0 10 0 0 322.968960571289 220.912841796875 512 424
0 0 0 0 0 11 0 0 270.971362304687 197.475479125977 512 424
0 0 0 0 0 12 0 0 248.380697631836 225.986059570313 512 424
0 0 0 0 0 13 0 0 246.33662109375 301.036599731445 512 424
0 0 0 0 0 14 0 0 247.980520629883 369.690045166016 512 424
0 0 0 0 0 15 0 0 244.782165527344 388.142095947266 512 424
0 0 0 0 0 16 0 0 283.933200073242 225.782461547852 512 424
0 0 0 0 0 17 0 0 288.737716674805 302.305426025391 512 424
0 0 0 0 0 18 0 0 289.207580566406 371.853076171875 512 424
0 0 0 0 0 19 0 0 288.744201660156 388.902490234375 512 424
0 0 0 0 0 20 0 0 263.615777587891 93.7447280883789 512 424
0 0 0 0 0 21 0 0 205.266955566406 243.855920410156 512 424
0 0 0 0 0 22 0 0 205.510572814941 227.316241455078 512 424
0 0 0 0 0 23 0 0 323.003295898438 251.844400024414 512 424
0 0 0 0 0 24 0 0 321.972579956055 234.76116027832 512 424
0 0 0 0 0 0 0 0 266.129144287109 226.022842407227 512 424
0 0 0 0 0 1 0 0 264.66877746582 150.736738586426 512 424
0 0 0 0 0 2 0 0 263.265518188477 74.7657737731934 512 424
0 0 0 0 0 3 0 0 264.40885925293 40.7540109634399 512 424
0 0 0 0 0 4 0 0 223.131161499023 105.212226867676 512 424
0 0 0 0 0 5 0 0 212.242977905273 168.379922485352 512 424
0 0 0 0 0 6 0 0 205.201538085938 217.83740234375 512 424
0 0 0 0 0 7 0 0 205.592323303223 225.900122070313 512 424
0 0 0 0 0 8 0 0 303.468041992188 105.360598754883 512 424
0 0 0 0 0 9 0 0 315.569540405273 170.767559814453 512 424
0 0 0 0 0 10 0 0 323.151519775391 220.284460449219 512 424
0 0 0 0 0 11 0 0 270.855807495117 197.790078735352 512 424
0 0 0 0 0 12 0 0 248.369320678711 225.993759155273 512 424
0 0 0 0 0 13 0 0 246.349682617188 301.068838500977 512 424
0 0 0 0 0 14 0 0 247.977697753906 369.69921875 512 424
0 0 0 0 0 15 0 0 244.728765869141 388.246020507813 512 424
0 0 0 0 0 16 0 0 283.911138916016 225.75322265625 512 424
0 0 0 0 0 17 0 0 288.551419067383 302.293658447266 512 424
0 0 0 0 0 18 0 0 289.187442016602 371.830230712891 512 424
0 0 0 0 0 19 0 0 288.734799194336 388.939031982422 512 424
0 0 0 0 0 20 0 0 263.603378295898 93.7506652832031 512 424
0 0 0 0 0 21 0 0 205.106700134277 243.996240234375 512 424
0 0 0 0 0 22 0 0 205.465040588379 228.273480224609 512 424
0 0 0 0 0 23 0 0 322.960678100586 251.713677978516 512 424
0 0 0 0 0 24 0 0 322.718835449219 237.630041503906 512 424
0 0 0 0 0 0 0 0 266.136080932617 226.047924804688 512 424
0 0 0 0 0 1 0 0 264.671276855469 150.748297119141 512 424
0 0 0 0 0 2 0 0 263.266912841797 74.777564239502 512 424
0 0 0 0 0 3 0 0 264.415585327148 40.7666646957397 512 424
0 0 0 0 0 4 0 0 223.136703491211 105.217611694336 512 424
0 0 0 0 0 5 0 0 212.253561401367 168.390640258789 512 424
0 0 0 0 0 6 0 0 205.207904052734 217.841683959961 512 424
0 0 0 0 0 7 0 0 205.601121520996 225.895462036133 512 424
0 0 0 0 0 8 0 0 303.459680175781 105.373666381836 512 424
0 0 0 0 0 9 0 0 315.556143188477 170.773620605469 512 424
0 0 0 0 0 10 0 0 323.168737792969 220.286819458008 512 424
0 0 0 0 0 11 0 0 270.861764526367 197.788616943359 512 424
0 0 0 0 0 12 0 0 248.37951965332 226.231240844727 512 424
0 0 0 0 0 13 0 0 246.346307373047 301.070999145508 512 424
0 0 0 0 0 14 0 0 247.976083374023 369.703656005859 512 424
0 0 0 0 0 15 0 0 247.106326293945 387.779479980469 512 424
0 0 0 0 0 16 0 0 283.966079711914 226.040380859375 512 424
0 0 0 0 0 17 0 0 289.310595703125 302.079238891602 512 424
0 0 0 0 0 18 0 0 289.108804321289 372.831311035156 512 424
0 0 0 0 0 19 0 0 288.377294921875 389.985833740234 512 424
0 0 0 0 0 20 0 0 263.604498291016 93.7617691040039 512 424
0 0 0 0 0 21 0 0 205.079920959473 243.971759033203 512 424
0 0 0 0 0 22 0 0 205.513258361816 228.46877746582 512 424
0 0 0 0 0 23 0 0 323.134878540039 251.752618408203 512 424
0 0 0 0 0 24 0 0 322.97663269043 237.759460449219 512 424
0 0 0 0 0 0 0 0 266.12255859375 226.069659423828 512 424
0 0 0 0 0 1 0 0 264.658920288086 150.760038757324 512 424
0 0 0 0 0 2 0 0 263.258114624023 74.786865234375 512 424
0 0 0 0 0 3 0 0 264.432284545898 40.7943027496338 512 424
0 0 0 0 0 4 0 0 223.166162109375 105.224897766113 512 424
0 0 0 0 0 5 0 0 212.219819641113 168.385278320313 512 424
0 0 0 0 0 6 0 0 205.13639831543 217.816540527344 512 424
0 0 0 0 0 7 0 0 205.407196044922 225.857476806641 512 424
0 0 0 0 0 8 0 0 303.402478027344 105.342286682129 512 424
0 0 0 0 0 9 0 0 315.538748168945 170.802862548828 512 424
0 0 0 0 0 10 0 0 323.16728515625 220.309982299805 512 424
0 0 0 0 0 11 0 0 270.746682739258 197.836883544922 512 424
0 0 0 0 0 12 0 0 248.348162841797 226.240798950195 512 424
0 0 0 0 0 13 0 0 246.354122924805 301.004653930664 512 424
0 0 0 0 0 14 0 0 247.957919311523 369.675463867188 512 424
0 0 0 0 0 15 0 0 247.152841186523 387.730554199219 512 424
0 0 0 0 0 16 0 0 283.971279907227 226.090438842773 512 424
0 0 0 0 0 17 0 0 289.412979125977 302.129623413086 512 424
0 0 0 0 0 18 0 0 289.130322265625 372.753778076172 512 424
0 0 0 0 0 19 0 0 288.387338256836 389.948919677734 512 424
0 0 0 0 0 20 0 0 263.594857788086 93.7712219238281 512 424
0 0 0 0 0 21 0 0 204.849938964844 243.923178100586 512 424
0 0 0 0 0 22 0 0 204.784172058105 225.909896850586 512 424
0 0 0 0 0 23 0 0 323.125619506836 251.634097290039 512 424
0 0 0 0 0 24 0 0 321.957662963867 236.002197265625 512 424
0 0 0 0 0 0 0 0 276.525547027588 236.736522674561 512 424
0 0 0 0 0 1 0 0 275.547779083252 157.100076675415 512 424
0 0 0 0 0 2 0 0 274.591445922852 76.7964477539063 512 424
0 0 0 0 0 3 0 0 275.409927368164 41.413770198822 512 424
0 0 0 0 0 4 0 0 231.942028045654 108.493202209473 512 424
0 0 0 0 0 5 0 0 220.15950012207 175.558174133301 512 424
0 0 0 0 0 6 0 0 212.82389831543 227.61767578125 512 424
0 0 0 0 0 7 0 0 213.026845932007 236.655948638916 512 424
0 0 0 0 0 8 0 0 316.834850311279 109.884105682373 512 424
0 0 0 0 0 9 0 0 329.829730987549 179.22575378418 512 424
0 0 0 0 0 10 0 0 338.644355773926 231.240829467773 512 424
0 0 0 0 0 11 0 0 338.427352905273 247.317428588867 512 424
0 0 0 0 0 12 0 0 257.780727386475 236.764621734619 512 424
0 0 0 0 0 13 0 0 256.237224578857 316.159069061279 512 424
0 0 0 0 0 14 0 0 257.981498718262 389.038299560547 512 424
0 0 0 0 0 15 0 0 254.455997467041 408.344741821289 512 424
0 0 0 0 0 16 0 0 295.169151306152 236.720798492432 512 424
0 0 0 0 0 17 0 0 302.493999481201 318.466751098633 512 424
0 0 0 0 0 18 0 0 302.168025970459 391.73705291748 512 424
0 0 0 0 0 19 0 0 302.2506980896 409.035629272461 512 424
0 0 0 0 0 20 0 0 274.822845458984 96.8576812744141 512 424
0 0 0 0 0 21 0 0 212.031698226929 255.299625396729 512 424
0 0 0 0 0 22 0 0 211.78787612915 237.520973205566 512 424
0 0 0 0 0 23 0 0 339.046356201172 264.761798858643 512 424
0 0 0 0 0 24 0 0 338.453430175781 248.900997161865 512 424
0 0 0 0 0 0 0 0 276.503349304199 236.74144744873 512 424
0 0 0 0 0 1 0 0 275.543170928955 157.113550186157 512 424
0 0 0 0 0 2 0 0 274.604873657227 76.835919380188 512 424
0 0 0 0 0 3 0 0 275.440700531006 41.4680576324463 512 424
0 0 0 0 0 4 0 0 231.974327087402 108.493350982666 512 424
0 0 0 0 0 5 0 0 220.150279998779 175.563827514648 512 424
0 0 0 0 0 6 0 0 212.842578887939 227.630722045898 512 424
0 0 0 0 0 7 0 0 213.076097488403 236.671821594238 512 424
0 0 0 0 0 8 0 0 316.868843078613 109.918445587158 512 424
0 0 0 0 0 9 0 0 329.811027526855 179.251350402832 512 424
0 0 0 0 0 10 0 0 338.668125152588 231.248672485352 512 424
0 0 0 0 0 11 0 0 338.462059020996 247.381225585938 512 424
0 0 0 0 0 12 0 0 257.761447906494 236.768524169922 512 424
0 0 0 0 0 13 0 0 256.20442199707 316.079147338867 512 424
0 0 0 0 0 14 0 0 257.976100921631 389.029426574707 512 424
0 0 0 0 0 15 0 0 254.458053588867 408.253799438477 512 424
0 0 0 0 0 16 0 0 295.149452209473 236.733123779297 512 424
0 0 0 0 0 17 0 0 302.272750854492 318.48970413208 512 424
0 0 0 0 0 18 0 0 302.193897247314 391.805824279785 512 424
0 0 0 0 0 19 0 0 302.191520690918 409.041130065918 512 424
0 0 0 0 0 20 0 0 274.831699371338 96.8891515731812 512 424
0 0 0 0 0 21 0 0 212.298198699951 255.596576690674 512 424
0 0 0 0 0 22 0 0 212.043399810791 238.576625823975 512 424
0 0 0 0 0 23 0 0 338.815029144287 264.676528930664 512 424
0 0 0 0 0 24 0 0 338.907081604004 249.268974304199 512 424
0 0 0 0 0 0 0 0 276.504325866699 236.750427246094 512 424
0 0 0 0 0 1 0 0 275.551448822021 157.120073318481 512 424
0 0 0 0 0 2 0 0 274.623302459717 76.8479328155518 512 424
0 0 0 0 0 3 0 0 275.453430175781 41.4812228679657 512 424
0 0 0 0 0 4 0 0 232.02209854126 108.511617660522 512 424
0 0 0 0 0 5 0 0 220.156105041504 175.569175720215 512 424
0 0 0 0 0 6 0 0 212.88380241394 227.641227722168 512 424
0 0 0 0 0 7 0 0 213.293571472168 236.542976379395 512 424
0 0 0 0 0 8 0 0 316.893569946289 109.938495635986 512 424
0 0 0 0 0 9 0 0 329.797451019287 179.264728546143 512 424
0 0 0 0 0 10 0 0 338.614826202393 231.288970947266 512 424
0 0 0 0 0 11 0 0 338.374626159668 247.48690032959 512 424
0 0 0 0 0 12 0 0 257.757423400879 236.778350830078 512 424
0 0 0 0 0 13 0 0 256.254470825195 316.164321899414 512 424
0 0 0 0 0 14 0 0 257.967151641846 389.017623901367 512 424
0 0 0 0 0 15 0 0 254.58597946167 408.145118713379 512 424
0 0 0 0 0 16 0 0 295.154472351074 236.741352081299 512 424
0 0 0 0 0 17 0 0 302.264503479004 318.479030609131 512 424
0 0 0 0 0 18 0 0 302.219524383545 391.721954345703 512 424
0 0 0 0 0 19 0 0 302.229923248291 408.993392944336 512 424
0 0 0 0 0 20 0 0 274.847499847412 96.8987884521484 512 424
0 0 0 0 0 21 0 0 212.408477783203 255.576999664307 512 424
0 0 0 0 0 22 0 0 212.781925201416 237.658451080322 512 424
0 0 0 0 0 23 0 0 338.703548431396 264.848052978516 512 424
0 0 0 0 0 24 0 0 338.418098449707 248.183002471924 512 424
0 0 0 0 0 0 0 0 276.50984954834 236.749828338623 512 424
0 0 0 0 0 1 0 0 275.554050445557 157.122598648071 512 424
0 0 0 0 0 2 0 0 274.621349334717 76.8519039154053 512 424
0 0 0 0 0 3 0 0 275.477005004883 41.4768950939178 512 424
0 0 0 0 0 4 0 0 232.019824981689 108.514539718628 512 424
0 0 0 0 0 5 0 0 220.153779983521 175.5641746521 512 424
0 0 0 0 0 6 0 0 212.915403366089 227.648124694824 512 424
0 0 0 0 0 7 0 0 213.269548416138 236.631500244141 512 424
0 0 0 0 0 8 0 0 316.901195526123 109.944549560547 512 424
0 0 0 0 0 9 0 0 329.799598693848 179.270401000977 512 424
0 0 0 0 0 10 0 0 338.627277374268 231.292671203613 512 424
0 0 0 0 0 11 0 0 338.41862487793 247.515075683594 512 424
0 0 0 0 0 12 0 0 257.762699127197 236.779678344727 512 424
0 0 0 0 0 13 0 0 256.273998260498 316.082996368408 512 424
0 0 0 0 0 14 0 0 257.960678100586 389.012222290039 512 424
0 0 0 0 0 15 0 0 254.486103057861 408.268142700195 512 424
0 0 0 0 0 16 0 0 295.160823822021 236.738426208496 512 424
0 0 0 0 0 17 0 0 302.269901275635 318.469932556152 512 424
0 0 0 0 0 18 0 0 302.215721130371 391.721382141113 512 424
0 0 0 0 0 19 0 0 302.193546295166 408.982849121094 512 424
0 0 0 0 0 20 0 0 274.846801757813 96.9027080535889 512 424
0 0 0 0 0 21 0 0 212.340450286865 255.553527832031 512 424
0 0 0 0 0 22 0 0 212.899627685547 237.514526367188 512 424
0 0 0 0 0 23 0 0 338.578525543213 264.893753051758 512 424
0 0 0 0 0 24 0 0 338.429870605469 248.374027252197 512 424
0 0 0 0 0 0 0 0 276.49577331543 236.771175384521 512 424
0 0 0 0 0 1 0 0 275.542503356934 157.136726379395 512 424
0 0 0 0 0 2 0 0 274.613327026367 76.8634252548218 512 424
0 0 0 0 0 3 0 0 275.479774475098 41.4900753498077 512 424
0 0 0 0 0 4 0 0 232.024477005005 108.545606613159 512 424
0 0 0 0 0 5 0 0 220.148977279663 175.582401275635 512 424
0 0 0 0 0 6 0 0 212.930179595947 227.666397094727 512 424
0 0 0 0 0 7 0 0 213.461175918579 236.711074829102 512 424
0 0 0 0 0 8 0 0 316.885051727295 109.969711303711 512 424
0 0 0 0 0 9 0 0 329.760375976563 179.29927444458 512 424
0 0 0 0 0 10 0 0 338.617530822754 231.319671630859 512 424
0 0 0 0 0 11 0 0 338.311992645264 247.51407623291 512 424
0 0 0 0 0 12 0 0 257.743824005127 236.798851013184 512 424
0 0 0 0 0 13 0 0 256.287075042725 316.17847442627 512 424
0 0 0 0 0 14 0 0 258.020153045654 389.055641174316 512 424
0 0 0 0 0 15 0 0 254.538398742676 408.380149841309 512 424
0 0 0 0 0 16 0 0 295.152324676514 236.765724182129 512 424
0 0 0 0 0 17 0 0 302.445373535156 318.435031890869 512 424
0 0 0 0 0 18 0 0 302.215797424316 391.691947937012 512 424
0 0 0 0 0 19 0 0 302.213344573975 408.979125976563 512 424
0 0 0 0 0 20 0 0 274.838275909424 96.9144191741943 512 424
0 0 0 0 0 21 0 0 212.616954803467 255.646823883057 512 424
0 0 0 0 0 22 0 0 210.99592590332 235.930522918701 512 424
0 0 0 0 0 23 0 0 338.577320098877 264.832977294922 512 424
0 0 0 0 0 24 0 0 339.945594787598 247.36795425415 512 424
0 0 0 0 0 0 0 0 276.492126464844 236.784950256348 512 424
0 0 0 0 0 1 0 0 275.540824890137 157.142026901245 512 424
0 0 0 0 0 2 0 0 274.613872528076 76.8674306869507 512 424
0 0 0 0 0 3 0 0 275.481876373291 41.4953768253326 512 424
0 0 0 0 0 4 0 0 232.017627716064 108.566047668457 512 424
0 0 0 0 0 5 0 0 220.168426513672 175.587028503418 512 424
0 0 0 0 0 6 0 0 212.997354507446 227.678546905518 512 424
0 0 0 0 0 7 0 0 213.627376556396 236.672779083252 512 424
0 0 0 0 0 8 0 0 316.884174346924 109.986442565918 512 424
0 0 0 0 0 9 0 0 329.767696380615 179.317470550537 512 424
0 0 0 0 0 10 0 0 338.594608306885 231.35334777832 512 424
0 0 0 0 0 11 0 0 338.203491210938 247.510219573975 512 424
0 0 0 0 0 12 0 0 257.740348815918 236.810749053955 512 424
0 0 0 0 0 13 0 0 256.23819732666 316.193302154541 512 424
0 0 0 0 0 14 0 0 258.000652313232 389.025497436523 512 424
0 0 0 0 0 15 0 0 254.558250427246 408.267211914063 512 424
0 0 0 0 0 16 0 0 295.148494720459 236.780750274658 512 424
0 0 0 0 0 17 0 0 302.462493896484 318.450756072998 512 424
0 0 0 0 0 18 0 0 302.716842651367 390.757797241211 512 424
0 0 0 0 0 19 0 0 302.325973510742 408.71875 512 424
0 0 0 0 0 20 0 0 274.83882522583 96.9177799224854 512 424
0 0 0 0 0 21 0 0 212.805353164673 255.611946105957 512 424
0 0 0 0 0 22 0 0 211.748086929321 237.81477355957 512 424
0 0 0 0 0 23 0 0 338.649250030518 264.853748321533 512 424
0 0 0 0 0 24 0 0 340.882446289063 245.600151062012 512 424
