Z           X            Y     Timestamp     Body id     Joint type ColorPointX ColorPointY  DepthPointX DepthPointY  WidthOfDisplay  HeightOfDisplay
1.525625 0.489804 0.009895381 63654458089614 72057594037929927 11 1346.043 522.9435 371.6072 202.8968 512 424 
1.526909 0.4903101 0.01075484 63654458089661 72057594037929927 11 1346.076 522.3502 371.63 202.6913 512 424 
1.545577 0.5058736 0.01193284 63654458093718 72057594037929927 11 1352.241 521.6066 373.9278 202.4413 512 424 
1.547799 0.5068114 0.0121964 63654458093805 72057594037929927 11 1352.334 521.4368 373.9782 202.3826 512 424 
1.549127 0.5074072 0.01243736 63654458094009 72057594037929927 11 1352.414 521.2781 374.0168 202.3277 512 424 
1.549812 0.5075198 0.01205223 63654458094066 72057594037929927 11 1352.321 521.5464 373.99 202.4207 512 424 
1.549812 0.5075198 0.01205223 63654458094066 72057594037929927 11 1352.321 521.5464 373.99 202.4207 512 424 
1.547417 0.5069762 0.01387984 63654458094143 72057594037929927 11 1352.541 520.2764 374.0479 201.9808 512 424 
1.546927 0.5067094 0.01345192 63654458094221 72057594037929927 11 1352.479 520.568 374.0223 202.0817 512 424 
1.546927 0.5067094 0.01345192 63654458094221 72057594037929927 11 1352.479 520.568 374.0223 202.0817 512 424 
1.546229 0.5061616 0.01305955 63654458094320 72057594037929927 11 1352.276 520.8346 373.9457 202.1738 512 424 
1.546229 0.5061616 0.01305955 63654458094320 72057594037929927 11 1352.276 520.8346 373.9457 202.1738 512 424 
1.545381 0.5056749 0.01358808 63654458094501 72057594037929927 11 1352.151 520.4662 373.8955 202.046 512 424 
1.54382 0.5048792 0.01384748 63654458094580 72057594037929927 11 1351.99 520.2787 373.827 201.9808 512 424 
1.544447 0.5046342 0.01408946 63654458094653 72057594037929927 11 1351.664 520.117 373.7189 201.9244 512 424 
1.542254 0.5036271 0.01250504 63654458094864 72057594037929927 11 1351.516 521.197 373.6489 202.2984 512 424 
1.542254 0.5036271 0.01250504 63654458094864 72057594037929927 11 1351.516 521.197 373.6489 202.2984 512 424 
1.541027 0.5030015 0.0115194 63654458094950 72057594037929927 11 1351.391 521.8713 373.5947 202.5319 512 424 
1.540324 0.5021251 0.01196727 63654458095149 72057594037929927 11 1350.958 521.5598 373.4388 202.4234 512 424 
1.540324 0.5021251 0.01196727 63654458095149 72057594037929927 11 1350.958 521.5598 373.4388 202.4234 512 424 
1.539474 0.5014235 0.01182764 63654458095237 72057594037929927 11 1350.684 521.6528 373.3365 202.4553 512 424 
1.539474 0.5014235 0.01182764 63654458095237 72057594037929927 11 1350.684 521.6528 373.3365 202.4553 512 424 
1.539651 0.5012814 0.01202943 63654458095528 72057594037929927 11 1350.541 521.5148 373.2883 202.4073 512 424 
1.54029 0.5012177 0.01248808 63654458095585 72057594037929927 11 1350.337 521.202 373.2229 202.2987 512 424 
1.539123 0.5013033 0.0127446 63654458095654 72057594037929927 11 1350.687 521.017 373.3351 202.235 512 424 
1.538149 0.5006788 0.01212968 63654458095727 72057594037929927 11 1350.498 521.4376 373.2609 202.3805 512 424 
1.539936 0.5012165 0.01275732 63654458095800 72057594037929927 11 1350.424 521.0137 373.2504 202.2336 512 424 
1.539936 0.5012165 0.01275732 63654458095800 72057594037929927 11 1350.424 521.0137 373.2504 202.2336 512 424 
1.539195 0.5012168 0.01209361 63654458096143 72057594037929927 11 1350.61 521.4677 373.3086 202.3911 512 424 
1.539195 0.5012168 0.01209361 63654458096143 72057594037929927 11 1350.61 521.4677 373.3086 202.3911 512 424 
1.539195 0.5012168 0.01209361 63654458096143 72057594037929927 11 1350.61 521.4677 373.3086 202.3911 512 424 
1.538672 0.5005913 0.01210228 63654458096250 72057594037929927 11 1350.306 521.46 373.1988 202.388 512 424 
1.538672 0.5005913 0.01210228 63654458096250 72057594037929927 11 1350.306 521.46 373.1988 202.388 512 424 
1.538673 0.5006774 0.01197207 63654458096325 72057594037929927 11 1350.366 521.5498 373.2195 202.4192 512 424 
1.538673 0.5006774 0.01197207 63654458096325 72057594037929927 11 1350.366 521.5498 373.2195 202.4192 512 424 
1.538673 0.5006774 0.01197207 63654458096325 72057594037