Z           X            Y     Timestamp     Body id     Joint type ColorPointX ColorPointY  DepthPointX DepthPointY  WidthOfDisplay  HeightOfDisplay
1.736506 -0.1424244 -0.1256649 63662857314518 72057594037928098 9 912.7067 607.9462 223.1727 231.8302 512 424 
1.608819 -0.1453782 -0.3633215 63662857314518 72057594037928098 10 906.9425 770.8094 220.007 288.3792 512 424 
1.593021 -0.154912 -0.4027724 63662857314518 72057594037928098 11 900.0685 799.4879 217.4494 298.3824 512 424 
1.705668 -0.4314819 -1.055965 63662857314518 72057594037928098 14 733.2665 1189.806 161.2277 430.5059 512 424 
1.570677 -0.4018267 -1.073148 63662857314518 72057594037928098 15 733.1666 1258.532 161.054 451.5264 512 424 
1.702363 -0.2598614 -1.062492 63662857314518 72057594037928098 18 839.9711 1195.042 197.5445 433.0701 512 424 
1.567013 -0.2331157 -1.079303 63662857314518 72057594037928098 19 847.0886 1264.312 199.4165 454.5543 512 424 
1.736506 -0.1424244 -0.1256649 63662857314518 72057594037928098 9 912.7067 607.9462 223.1727 231.8302 512 424 
1.608819 -0.1453782 -0.3633215 63662857314518 72057594037928098 10 906.9425 770.8094 220.007 288.3792 512 424 
1.593021 -0.154912 -0.4027724 63662857314518 72057594037928098 11 900.0685 799.4879 217.4494 298.3824 512 424 
1.705668 -0.4314819 -1.055965 63662857314518 72057594037928098 14 733.2665 1189.806 161.2277 430.5059 512 424 
1.570677 -0.4018267 -1.073148 63662857314518 72057594037928098 15 733.1666 1258.532 161.054 451.5264 512 424 
1.702363 -0.2598614 -1.062492 63662857314518 72057594037928098 18 839.9711 1195.042 197.5445 433.0701 512 424 
1.567013 -0.2331157 -1.079303 63662857314518 72057594037928098 19 847.0886 1264.312 199.4165 454.5543 512 424 
1.736506 -0.1424244 -0.1256649 63662857314518 72057594037928098 9 912.7067 607.9462 223.1727 231.8302 512 424 
1.608819 -0.1453782 -0.3633215 63662857314518 72057594037928098 10 906.9425 770.8094 220.007 288.3792 512 424 
1.593021 -0.154912 -0.4027724 63662857314518 72057594037928098 11 900.0685 799.4879 217.4494 298.3824 512 424 
1.705668 -0.4314819 -1.055965 63662857314518 72057594037928098 14 733.2665 1189.806 161.2277 430.5059 512 424 
1.570677 -0.4018267 -1.073148 63662857314518 72057594037928098 15 733.1666 1258.532 161.054 451.5264 512 424 
1.702363 -0.2598614 -1.062492 63662857314518 72057594037928098 18 839.9711 1195.042 197.5445 433.0701 512 424 
1.567013 -0.2331157 -1.079303 63662857314518 72057594037928098 19 847.0886 1264.312 199.4165 454.5543 512 424 
1.696388 -0.4253828 -1.050648 63662857314691 72057594037928098 14 735.7982 1190.072 162.025 430.6155 512 424 
1.562003 -0.3922819 -1.065901 63662857314691 72057594037928098 15 738.3508 1257.617 162.7057 451.3265 512 424 
1.71697 -0.2526419 -1.051962 63662857314691 72057594037928098 18 845.5138 1182.79 199.4801 429.1978 512 424 
1.582068 -0.2225202 -1.067095 63662857314691 72057594037928098 19 855.3422 1248.994 202.2313 449.9713 512 424 
1.696388 -0.4253828 -1.050648 63662857314691 72057594037928098 14 735.7982 1190.072 162.025 430.6155 512 424 
1.562003 -0.3922819 -1.065901 63662857314691 72057594037928098 15 738.3508 1257.617 162.7057 451.3265 512 424 
1.71697 -0.2526419 -1.051962 63662857314691 72057594037928098 18 845.5138 1182.79 199.4801 429.1978 512 424 
1.582068 -0.2225202 -1.067095 63662857314691 72057594037928098 19 855.3422 1248.994 202.2313 449.9713 512 424 
1.696388 -0.4253828 -1.050648 63662857314691 72057594037928098 14 735.7982 1190.072 162.025 430.6155 512 424 
1.562003 -0.3922819 -1.065901 63662857314691 72057594037928098 15 738.3508 1257.617 162.7057 451.3265 512 424 
1.71697 -0.2526419 -1.051962 63662857314691 72057594037928098 18 845.5138 1182.79 199.4801 429.1978 512 424 
1.582068 -0.2225202 -1.067095 63662857314691 72057594037928098 19 855.3422 1248.994 202.2313 449.9713 512 424 
1.693809 -0.4244052 -1.04952 63662857314769 72057594037928098 14 736.0568 1190.368 162.0982 430.7108 512 424 
1.560089 -0.3900235 -1.064319 63662857314769 72057594037928098 15 739.6064 1257.426 163.1077 451.2868 512 424 
1.716331 -0.2537721 -1.049659 63662857314769 72057594037928098 18 844.7654 1181.599 199.2143 428.8122 512 424 
1.582079 -0.222341 -1.064371 63662857314769 72057594037928098 19 855.4599 1247.142 202.26 449.4059 512 424 
1.692655 -0.4218736 -1.051513 63662857314859 72057594037928098 14 737.4907 1192.078 162.5921 431.2635 512 424 
1.559121 -0.3866448 -1.065672 63662857314859 72057594037928098 15 741.7699 1258.807 163.8413 451.7299 512 424 
1.716587 -0.25508 -1.050779 63662857314859 72057594037928098 18 843.9754 1182.2 198.9479 429.0005 512 424 
1.582517 -0.2227411 -1.064878 63662857314859 72057594037928098 19 855.2229 1247.287 202.1837 449.4485 512 424 
1.69007 -0.4201403 -1.051967 63662857314907 72057594037928098 14 738.2288 1193.38 162.8372 431.68 512 424 
1.556566 -0.384763 -1.065977 63662857314907 72057594037928098 15 742.6838 1260.219 164.1455 452.1631 512 424 
1.71712 -0.2551738 -1.050203 63662857314907 72057594037928098 18 843.955 1181.638 198.9419 428.8203 512 424 
1.58306 -0.2226653 -1.064192 63662857314907 72057594037928098 19 855.3115 1246.574 202.2136 449.2313 512 424 
1.68579 -0.4162063 -1.047271 63662857315126 72057594037928098 14 740.1208 1192.088 163.4356 431.2939 512 424 
1.552076 -0.3830388 -1.0609 63662857315126 72057594037928098 15 743.207 1258.835 164.2672 451.7562 512 424 
1.723612 -0.2511663 -1.046098 63662857315126 72057594037928098 18 846.8869 1176.622 199.9675 427.2275 512 424 
1.589293 -0.2209066 -1.059783 63662857315126 72057594037928098 19 856.9234 1240.771 202.7747 447.4626 512 424 
1.68579 -0.4162063 -1.047271 63662857315126 72057594037928098 14 740.1208 1192.088 163.4356 431.2939 512 424 
1.552076 -0.3830388 -1.0609 63662857315126 72057594037928098 15 743.207 1258.835 164.2672 451.7562 512 424 
1.723612 -0.2511663 -1.046098 63662857315126 72057594037928098 18 846.8869 1176.622 199.9675 427.2275 512 424 
1.589293 -0.2209066 -1.059783 63662857315126 72057594037928098 19 856.9234 1240.771 202.7747 447.4626 512 424 
1.68579 -0.4162063 -1.047271 63662857315126 72057594037928098 14 740.1208 1192.088 163.4356 431.2939 512 424 
1.552076 -0.3830388 -1.0609 63662857315126 72057594037928098 15 743.207 1258.835 164.2672 451.7562 512 424 
1.723612 -0.2511663 -1.046098 63662857315126 72057594037928098 18 846.8869 1176.622 199.9675 427.2275 512 424 
1.589293 -0.2209066 -1.059783 63662857315126 72057594037928098 19 856.9234 1240.771 202.7747 447.4626 512 424 
1.68579 -0.4162063 -1.047271 63662857315126 72057594037928098 14 740.1208 1192.088 163.4356 431.2939 512 424 
1.552076 -0.3830388 -1.0609 63662857315126 72057594037928098 15 743.207 1258.835 164.2672 451.7562 512 424 
1.723612 -0.2511663 -1.046098 63662857315126 72057594037928098 18 846.8869 1176.622 199.9675 427.2275 512 424 
1.589293 -0.2209066 -1.059783 63662857315126 72057594037928098 19 856.9234 1240.771 202.7747 447.4626 512 424 
1.685793 -0.4123214 -1.045749 63662857315448 72057594037928098 14 742.5691 1191.116 164.2545 431.0149 512 424 
1.552298 -0.3791108 -1.05916 63662857315448 72057594037928098 15 745.928 1257.523 165.1616 451.403 512 424 
1.725572 -0.2485415 -1.044536 63662857315448 72057594037928098 18 848.6387 1174.914 200.574 426.6877 512 424 
1.591468 -0.2182276 -1.058024 63662857315448 72057594037928098 19 858.8622 1238.607 203.4387 446.8097 512 424 
1.685793 -0.4123214 -1.045749 63662857315448 72057594037928098 14 742.5691 1191.116 164.2545 431.0149 512 424 
1.552298 -0.3791108 -1.05916 63662857315448 72057594037928098 15 745.928 1257.523 165.1616 451.403 512 424 
1.725572 -0.2485415 -1.044536 63662857315448 72057594037928098 18 848.6387 1174.914 200.574 426.6877 512 424 
1.591468 -0.2182276 -1.058024 63662857315448 72057594037928098 19 858.8622 1238.607 203.4387 446.8097 512 424 
1.685541 -0.4119762 -1.0451 63662857315523 72057594037928098 14 742.7524 1190.803 164.3118 430.9184 512 424 
1.551709 -0.3803619 -1.058507 63662857315523 72057594037928098 15 744.9857 1257.351 164.8396 451.3381 512 424 
1.725342 -0.2485615 -1.044261 63662857315523 72057594037928098 18 848.6102 1174.83 200.5624 426.6605 512 424 
1.590905 -0.2198392 -1.057741 63662857315523 72057594037928098 19 857.7463 1238.669 203.0549 446.8214 512 424 
1.685541 -0.4119762 -1.0451 63662857315523 72057594037928098 14 742.7524 1190.803 164.3118 430.9184 512 424 
1.551709 -0.3803619 -1.058507 63662857315523 72057594037928098 15 744.9857 1257.351 164.8396 451.3381 512 424 
1.725342 -0.2485615 -1.044261 63662857315523 72057594037928098 18 848.6102 1174.83 200.5624 426.6605 512 424 
1.590905 -0.2198392 -1.057741 63662857315523 72057594037928098 19 857.7463 1238.669 203.0549 446.8214 512 424 
1.685541 -0.4119762 -1.0451 63662857315523 72057594037928098 14 742.7524 1190.803 164.3118 430.9184 512 424 
1.551709 -0.3803619 -1.058507 63662857315523 72057594037928098 15 744.9857 1257.351 164.8396 451.3381 512 424 
1.725342 -0.2485615 -1.044261 63662857315523 72057594037928098 18 848.6102 1174.83 200.5624 426.6605 512 424 
1.590905 -0.2198392 -1.057741 63662857315523 72057594037928098 19 857.7463 1238.669 203.0549 446.8214 512 424 
1.685541 -0.4119762 -1.0451 63662857315523 72057594037928098 14 742.7524 1190.803 164.3118 430.9184 512 424 
1.551709 -0.3803619 -1.058507 63662857315523 72057594037928098 15 744.9857 1257.351 164.8396 451.3381 512 424 
1.725342 -0.2485615 -1.044261 63662857315523 72057594037928098 18 848.6102 1174.83 200.5624 426.6605 512 424 
1.590905 -0.2198392 -1.057741 63662857315523 72057594037928098 19 857.7463 1238.669 203.0549 446.8214 512 424 
1.68509 -0.4116129 -1.044092 63662857315663 72057594037928098 14 742.9201 1190.341 164.3611 430.7746 512 424 
1.551295 -0.3804708 -1.05746 63662857315663 72057594037928098 15 744.8504 1256.823 164.7843 451.1782 512 424 
1.724812 -0.2482868 -1.043671 63662857315663 72057594037928098 18 848.7419 1174.663 200.6035 426.6073 512 424 
1.590416 -0.2200373 -1.057106 63662857315663 72057594037928098 19 857.5791 1238.46 202.9931 446.7559 512 424 
1.68509 -0.4116129 -1.044092 63662857315663 72057594037928098 14 742.9201 1190.341 164.3611 430.7746 512 424 
1.551295 -0.3804708 -1.05746 63662857315663 72057594037928098 15 744.8504 1256.823 164.7843 451.1782 512 424 
1.724812 -0.2482868 -1.043671 63662857315663 72057594037928098 18 848.7419 1174.663 200.6035 426.6073 512 424 
1.590416 -0.2200373 -1.057106 63662857315663 72057594037928098 19 857.5791 1238.46 202.9931 446.7559 512 424 
1.684346 -0.4109947 -1.043344 63662857315766 72057594037928098 14 743.2101 1190.158 164.4525 430.72 512 424 
1.550562 -0.3799712 -1.056626 63662857315766 72057594037928098 15 745.0865 1256.592 164.8546 451.112 512 424 
1.724635 -0.2482126 -1.042923 63662857315766 72057594037928098 18 848.7745 1174.266 200.6119 426.4796 512 424 
1.590248 -0.2200754 -1.056278 63662857315766 72057594037928098 19 857.541 1237.978 202.9761 446.6068 512 424 
1.684346 -0.4109947 -1.043344 63662857315766 72057594037928098 14 743.2101 1190.158 164.4525 430.72 512 424 
1.550562 -0.3799712 -1.056626 63662857315766 72057594037928098 15 745.0865 1256.592 164.8546 451.112 512 424 
1.724635 -0.2482126 -1.042923 63662857315766 72057594037928098 18 848.7745 1174.266 200.6119 426.4796 512 424 
1.590248 -0.2200754 -1.056278 63662857315766 72057594037928098 19 857.541 1237.978 202.9761 446.6068 512 424 
1.683088 -0.4101091 -1.036511 63662857315837 72057594037928098 14 743.5937 1186.308 164.5381 429.511 512 424 
1.549394 -0.3791557 -1.049754 63662857315837 72057594037928098 15 745.4708 1252.384 164.9203 449.8564 512 424 
1.723253 -0.247568 -1.036983 63662857315837 72057594037928098 18 849.0687 1171.097 200.6913 425.46 512 424 
1.588965 -0.2195047 -1.050286 63662857315837 72057594037928098 19 857.8255 1234.51 203.0438 445.538 512 424 
1.683088 -0.4101091 -1.036511 63662857315837 72057594037928098 14 743.5937 1186.308 164.5381 429.511 512 424 
1.549394 -0.3791557 -1.049754 63662857315837 72057594037928098 15 745.4708 1252.384 164.9203 449.8564 512 424 
1.723253 -0.247568 -1.036983 63662857315837 72057594037928098 18 849.0687 1171.097 200.6913 425.46 512 424 
1.588965 -0.2195047 -1.050286 63662857315837 72057594037928098 19 857.8255 1234.51 203.0438 445.538 512 424 
1.679301 -0.4085516 -1.01658 63662857316105 72057594037928098 14 744.0508 1175.097 164.5674 425.9648 512 424 
1.54578 -0.3783433 -1.029615 63662857316105 72057594037928098 15 745.4873 1240.115 164.7462 446.1534 512 424 
1.718791 -0.2455992 -1.017949 63662857316105 72057594037928098 18 849.9523 1160.923 200.9272 422.1732 512 424 
1.584682 -0.2183088 -1.031028 63662857316105 72057594037928098 19 858.3039 1223.4 203.1143 442.0913 512 424 
1.677941 -0.4085966 -1.012905 63662857316155 72057594037928098 14 743.8367 1173.28 164.4698 425.3846 512 424 
1.544523 -0.3783063 -1.025895 63662857316155 72057594037928098 15 745.3275 1238.115 164.6587 445.5439 512 424 
1.717836 -0.2450945 -1.014167 63662857316155 72057594037928098 18 850.194 1158.921 200.9969 421.5242 512 424 
1.583825 -0.217737 -1.027204 63662857316155 72057594037928098 19 858.6232 1221.19 203.2053 441.4038 512 424 
1.677941 -0.4085966 -1.012905 63662857316155 72057594037928098 14 743.8367 1173.28 164.4698 425.3846 512 424 
1.544523 -0.3783063 -1.025895 63662857316155 72057594037928098 15 745.3275 1238.115 164.6587 445.5439 512 424 
1.717836 -0.2450945 -1.014167 63662857316155 72057594037928098 18 850.194 1158.921 200.9969 421.5242 512 424 
1.583825 -0.217737 -1.027204 63662857316155 72057594037928098 19 858.6232 1221.19 203.2053 441.4038 512 424 
1.677765 -0.4087275 -1.013838 63662857316250 72057594037928098 14 743.7314 1173.942 164.4386 425.5942 512 424 
1.544277 -0.3787298 -1.026778 63662857316250 72057594037928098 15 745.0014 1238.842 164.556 445.7603 512 424 
1.717874 -0.2453486 -1.015185 63662857316250 72057594037928098 18 850.0408 1159.541 200.9467 421.725 512 424 
1.583792 -0.2182818 -1.028174 63662857316250 72057594037928098 19 858.2566 1221.861 203.0834 441.611 512 424 
1.677765 -0.4087275 -1.013838 63662857316250 72057594037928098 14 743.7314 1173.942 164.4386 425.5942 512 424 
1.544277 -0.3787298 -1.026778 63662857316250 72057594037928098 15 745.0014 1238.842 164.556 445.7603 512 424 
1.717874 -0.2453486 -1.015185 63662857316250 72057594037928098 18 850.0408 1159.541 200.9467 421.725 512 424 
1.583792 -0.2182818 -1.028174 63662857316250 72057594037928098 19 858.2566 1221.861 203.0834 441.611 512 424 
1.677315 -0.4086034 -1.013896 63662857316382 72057594037928098 14 743.7498 1174.153 164.4437 425.6613 512 424 
1.543831 -0.3784951 -1.026782 63662857316382 72057594037928098 15 745.0985 1239.05 164.5876 445.8246 512 424 
1.717763 -0.2450768 -1.015807 63662857316382 72057594037928098 18 850.2021 1159.968 201.0029 421.8644 512 424 
1.583688 -0.217904 -1.028735 63662857316382 72057594037928098 19 858.5037 1222.286 203.1691 441.7452 512 424 
1.677315 -0.4086034 -1.013896 63662857316382 72057594037928098 14 743.7498 1174.153 164.4437 425.6613 512 424 
1.543831 -0.3784951 -1.026782 63662857316382 72057594037928098 15 745.0985 1239.05 164.5876 445.8246 512 424 
1.717763 -0.2450768 -1.015807 63662857316382 72057594037928098 18 850.2021 1159.968 201.0029 421.8644 512 424 
1.583688 -0.217904 -1.028735 63662857316382 72057594037928098 19 858.5037 1222.286 203.1691 441.7452 512 424 
1.677315 -0.4086034 -1.013896 63662857316382 72057594037928098 14 743.7498 1174.153 164.4437 425.6613 512 424 
1.543831 -0.3784951 -1.026782 63662857316382 72057594037928098 15 745.0985 1239.05 164.5876 445.8246 512 424 
1.717763 -0.2450768 -1.015807 63662857316382 72057594037928098 18 850.2021 1159.968 201.0029 421.8644 512 424 
1.583688 -0.217904 -1.028735 63662857316382 72057594037928098 19 858.5037 1222.286 203.1691 441.7452 512 424 
1.677315 -0.4086034 -1.013896 63662857316382 72057594037928098 14 743.7498 1174.153 164.4437 425.6613 512 424 
1.543831 -0.3784951 -1.026782 63662857316382 72057594037928098 15 745.0985 1239.05 164.5876 445.8246 512 424 
1.717763 -0.2450768 -1.015807 63662857316382 72057594037928098 18 850.2021 1159.968 201.0029 421.8644 512 424 
1.583688 -0.217904 -1.028735 63662857316382 72057594037928098 19 858.5037 1222.286 203.1691 441.7452 512 424 
1.677315 -0.4086034 -1.013896 63662857316382 72057594037928098 14 743.7498 1174.153 164.4437 425.6613 512 424 
1.543831 -0.3784951 -1.026782 63662857316382 72057594037928098 15 745.0985 1239.05 164.5876 445.8246 512 424 
1.717763 -0.2450768 -1.015807 63662857316382 72057594037928098 18 850.2021 1159.968 201.0029 421.8644 512 424 
1.583688 -0.217904 -1.028735 63662857316382 72057594037928098 19 858.5037 1222.286 203.1691 441.7452 512 424 
1.676887 -0.4086241 -1.016157 63662857316611 72057594037928098 14 743.6821 1175.76 164.4317 426.1713 512 424 
1.543498 -0.3780863 -1.028961 63662857316611 72057594037928098 15 745.3344 1240.717 164.6841 446.3331 512 424 
1.717925 -0.245556 -1.017999 63662857316611 72057594037928098 18 849.9198 1161.274 200.9117 422.2866 512 424 
1.583942 -0.2179462 -1.030852 63662857316611 72057594037928098 19 858.4958 1223.606 203.1753 442.1569 512 424 
1.676369 -0.4087411 -1.017063 63662857316705 72057594037928098 14 743.5397 1176.538 164.3867 426.4171 512 424 
1.543058 -0.3778594 -1.029826 63662857316705 72057594037928098 15 745.428 1241.521 164.7217 446.5779 512 424 
1.717944 -0.2458161 -1.01892 63662857316705 72057594037928098 18 849.7615 1161.84 200.8595 422.4694 512 424 
1.584037 -0.217861 -1.031735 63662857316705 72057594037928098 19 858.5609 1224.162 203.201 442.3305 512 424 
1.675898 -0.4087723 -1.018197 63662857316788 72057594037928098 14 743.4579 1177.445 164.3637 426.7039 512 424 
1.542584 -0.37793 -1.030933 63662857316788 72057594037928098 15 745.312 1242.51 164.6911 446.8758 512 424 
1.717927 -0.2459573 -1.019975 63662857316788 72057594037928098 18 849.6744 1162.504 200.8318 422.6841 512 424 
1.584014 -0.2180403 -1.032769 63662857316788 72057594037928098 19 858.4404 1224.871 203.1635 442.5506 512 424 
1.67601 -0.4088544 -1.019022 63662857316890 72057594037928098 14 743.4219 1177.928 164.3565 426.8567 512 424 
1.5428 -0.3775423 -1.03172 63662857316890 72057594037928098 15 745.6114 1242.956 164.7986 447.0148 512 424 
1.718137 -0.2461366 -1.020861 63662857316890 72057594037928098 18 849.5792 1162.977 200.8022 422.8372 512 424 
1.584328 -0.2177478 -1.033617 63662857316890 72057594037928098 19 858.6594 1225.306 203.2429 442.6874 512 424 
1.67601 -0.4088544 -1.019022 63662857316890 72057594037928098 14 743.4219 1177.928 164.3565 426.8567 512 424 
1.5428 -0.3775423 -1.03172 63662857316890 72057594037928098 15 745.6114 1242.956 164.7986 447.0148 512 424 
1.718137 -0.2461366 -1.020861 63662857316890 72057594037928098 18 849.5792 1162.977 200.8022 422.8372 512 424 
1.584328 -0.2177478 -1.033617 63662857316890 72057594037928098 19 858.6594 1225.306 203.2429 442.6874 512 424 
1.67601 -0.4088544 -1.019022 63662857316890 72057594037928098 14 743.4219 1177.928 164.3565 426.8567 512 424 
1.5428 -0.3775423 -1.03172 63662857316890 72057594037928098 15 745.6114 1242.956 164.7986 447.0148 512 424 
1.718137 -0.2461366 -1.020861 63662857316890 72057594037928098 18 849.5792 1162.977 200.8022 422.8372 512 424 
1.584328 -0.2177478 -1.033617 63662857316890 72057594037928098 19 858.6594 1225.306 203.2429 442.6874 512 424 
1.676595 -0.4100419 -1.019439 63662857317050 72057594037928098 14 742.7479 1177.968 164.1323 426.8629 512 424 
1.54337 -0.378473 -1.032147 63662857317050 72057594037928098 15 745.0529 1242.989 164.6162 447.0174 512 424 
1.718082 -0.246319 -1.021563 63662857317050 72057594037928098 18 849.4634 1163.434 200.7639 422.9848 512 424 
1.584261 -0.2176889 -1.034317 63662857317050 72057594037928098 19 858.6953 1225.81 203.2573 442.8444 512 424 
1.676274 -0.4110784 -1.02003 63662857317118 72057594037928098 14 742.0482 1178.471 163.8974 427.0152 512 424 
1.542955 -0.3796585 -1.032744 63662857317118 72057594037928098 15 744.1766 1243.598 164.3266 447.1897 512 424 
1.718273 -0.2463363 -1.022177 63662857317118 72057594037928098 18 849.4667 1163.746 200.7674 423.0858 512 424 
1.584352 -0.2178737 -1.03494 63662857317118 72057594037928098 19 858.5784 1226.19 203.2201 442.9621 512 424 
1.676274 -0.4110784 -1.02003 63662857317118 72057594037928098 14 742.0482 1178.471 163.8974 427.0152 512 424 
1.542955 -0.3796585 -1.032744 63662857317118 72057594037928098 15 744.1766 1243.598 164.3266 447.1897 512 424 
1.718273 -0.2463363 -1.022177 63662857317118 72057594037928098 18 849.4667 1163.746 200.7674 423.0858 512 424 
1.584352 -0.2178737 -1.03494 63662857317118 72057594037928098 19 858.5784 1226.19 203.2201 442.9621 512 424 
1.677034 -0.4105857 -1.020416 63662857317195 72057594037928098 14 742.4633 1178.422 164.0428 427.0039 512 424 
1.543757 -0.3787407 -1.033122 63662857317195 72057594037928098 15 744.9254 1243.487 164.5826 447.1664 512 424 
1.718406 -0.2463633 -1.02282 63662857317195 72057594037928098 18 849.46 1164.097 200.7672 423.1993 512 424 
1.584533 -0.2174649 -1.035566 63662857317195 72057594037928098 19 858.866 1226.534 203.3214 443.0707 512 424 
1.677034 -0.4105857 -1.020416 63662857317195 72057594037928098 14 742.4633 1178.422 164.0428 427.0039 512 424 
1.543757 -0.3787407 -1.033122 63662857317195 72057594037928098 15 744.9254 1243.487 164.5826 447.1664 512 424 
1.718406 -0.2463633 -1.02282 63662857317195 72057594037928098 18 849.46 1164.097 200.7672 423.1993 512 424 
1.584533 -0.2174649 -1.035566 63662857317195 72057594037928098 19 858.866 1226.534 203.3214 443.0707 512 424 
1.676936 -0.4104959 -1.021005 63662857317295 72057594037928098 14 742.5078 1178.835 164.0609 427.1353 512 424 
1.54371 -0.3782616 -1.033696 63662857317295 72057594037928098 15 745.2491 1243.907 164.6959 447.2977 512 424 
1.718338 -0.2469386 -1.023512 63662857317295 72057594037928098 18 849.1006 1164.553 200.6451 423.3452 512 424 
1.584518 -0.2176393 -1.036244 63662857317295 72057594037928098 19 858.749 1226.999 203.2838 443.2148 512 424 
1.676936 -0.4104959 -1.021005 63662857317295 72057594037928098 14 742.5078 1178.835 164.0609 427.1353 512 424 
1.54371 -0.3782616 -1.033696 63662857317295 72057594037928098 15 745.2491 1243.907 164.6959 447.2977 512 424 
1.718338 -0.2469386 -1.023512 63662857317295 72057594037928098 18 849.1006 1164.553 200.6451 423.3452 512 424 
1.584518 -0.2176393 -1.036244 63662857317295 72057594037928098 19 858.749 1226.999 203.2838 443.2148 512 424 
1.677072 -0.4105774 -1.021564 63662857317367 72057594037928098 14 742.475 1179.139 164.0535 427.2312 512 424 
1.543752 -0.3785518 -1.034269 63662857317367 72057594037928098 15 745.0562 1244.285 164.6362 447.4095 512 424 
1.718412 -0.2469057 -1.024318 63662857317367 72057594037928098 18 849.1271 1165.028 200.6564 423.499 512 424 
1.5845 -0.2178168 -1.037061 63662857317367 72057594037928098 19 858.6298 1227.559 203.246 443.3881 512 424 
1.677072 -0.4105774 -1.021564 63662857317367 72057594037928098 14 742.475 1179.139 164.0535 427.2312 512 424 
1.543752 -0.3785518 -1.034269 63662857317367 72057594037928098 15 745.0562 1244.285 164.6362 447.4095 512 424 
1.718412 -0.2469057 -1.024318 63662857317367 72057594037928098 18 849.1271 1165.028 200.6564 423.499 512 424 
1.5845 -0.2178168 -1.037061 63662857317367 72057594037928098 19 858.6298 1227.559 203.246 443.3881 512 424 
1.676594 -0.4111101 -1.022134 63662857317445 72057594037928098 14 742.0735 1179.689 163.9191 427.4015 512 424 
1.543326 -0.3786902 -1.034824 63662857317445 72057594037928098 15 744.8997 1244.869 164.5875 447.5837 512 424 
1.718527 -0.2473987 -1.024876 63662857317445 72057594037928098 18 848.8309 1165.333 200.5566 423.5962 512 424 
1.584663 -0.2179174 -1.037607 63662857317445 72057594037928098 19 858.5742 1227.857 203.2299 443.4802 512 424 
1.676594 -0.4111101 -1.022134 63662857317445 72057594037928098 14 742.0735 1179.689 163.9191 427.4015 512 424 
1.543326 -0.3786902 -1.034824 63662857317445 72057594037928098 15 744.8997 1244.869 164.5875 447.5837 512 424 
1.718527 -0.2473987 -1.024876 63662857317445 72057594037928098 18 848.8309 1165.333 200.5566 423.5962 512 424 
1.584663 -0.2179174 -1.037607 63662857317445 72057594037928098 19 858.5742 1227.857 203.2299 443.4802 512 424 
1.67606 -0.4118712 -1.02365 63662857317557 72057594037928098 14 741.5206 1180.866 163.7387 427.7682 512 424 
1.542647 -0.379506 -1.036314 63662857317557 72057594037928098 15 744.2407 1246.222 164.378 447.9832 512 424 
1.718436 -0.2481738 -1.026581 63662857317557 72057594037928098 18 848.3475 1166.428 200.3942 423.9482 512 424 
1.584425 -0.218748 -1.039287 63662857317557 72057594037928098 19 858.0029 1229.099 203.04 443.8622 512 424 
1.675079 -0.4120739 -1.024669 63662857317631 72057594037928098 14 741.2604 1181.899 163.6533 428.0923 512 424 
1.541715 -0.3791902 -1.037313 63662857317631 72057594037928098 15 744.3242 1247.352 164.4127 448.3246 512 424 
1.717836 -0.2485452 -1.027633 63662857317631 72057594037928098 18 848.0775 1167.306 200.301 424.2305 512 424 
1.583874 -0.2185995 -1.040321 63662857317631 72057594037928098 19 858.0657 1230.043 203.0623 444.1557 512 424 
1.675079 -0.4120739 -1.024669 63662857317631 72057594037928098 14 741.2604 1181.899 163.6533 428.0923 512 424 
1.541715 -0.3791902 -1.037313 63662857317631 72057594037928098 15 744.3242 1247.352 164.4127 448.3246 512 424 
1.717836 -0.2485452 -1.027633 63662857317631 72057594037928098 18 848.0775 1167.306 200.301 424.2305 512 424 
1.583874 -0.2185995 -1.040321 63662857317631 72057594037928098 19 858.0657 1230.043 203.0623 444.1557 512 424 
1.675079 -0.4120739 -1.024669 63662857317631 72057594037928098 14 741.2604 1181.899 163.6533 428.0923 512 424 
1.541715 -0.3791902 -1.037313 63662857317631 72057594037928098 15 744.3242 1247.352 164.4127 448.3246 512 424 
1.717836 -0.2485452 -1.027633 63662857317631 72057594037928098 18 848.0775 1167.306 200.301 424.2305 512 424 
1.583874 -0.2185995 -1.040321 63662857317631 72057594037928098 19 858.0657 1230.043 203.0623 444.1557 512 424 
