First JointType Second JointType  Angel
3 20 153.941105565207
2 1 159.350025634754
2 8 98.2594384383056
2 4 113.794729126599
20 0 163.851073027176
1 16 95.5867078125105
1 12 93.1308396649324
20 9 101.40527781401
20 5 106.377056580187
0 17 93.1329821461781
0 13 77.076253746509
8 10 146.811249757677
9 11 110.669830918866
9 24 130.304711194967
10 23 111.274507563166
4 6 172.373775353879
5 7 170.745975630605
5 22 145.77893153815
6 21 168.431872877174
16 18 100.429466961527
17 19 96.8896122838183
12 14 111.474264814344
13 15 96.710278026746
3 20 174.369859209026
2 1 179.904013774218
2 8 107.089646544506
2 4 106.631250055963
20 0 179.920273181123
1 16 90.6864309398116
1 12 89.3446278856775
20 9 112.874790511303
20 5 117.509776381427
0 17 92.8436366554277
0 13 88.9094510626441
8 10 162.316361092835
9 11 109.242751281241
9 24 130.803768501252
10 23 111.271861378512
4 6 174.340154045579
5 7 170.610503204016
5 22 137.520332859616
6 21 169.108777333888
16 18 100.427215040143
17 19 96.8942415281897
12 14 120.912812264734
13 15 96.6966359526587
3 20 175.478399562521
2 1 179.833431158896
2 8 106.841698155891
2 4 106.012001597169
20 0 179.842327004378
1 16 90.9190275762474
1 12 89.1005862199749
20 9 92.629174243768
20 5 117.789637594572
0 17 93.1664336194594
0 13 86.9074805018329
8 10 138.016559413631
9 11 127.679348618349
9 24 119.047873284614
10 23 129.35975637797
4 6 174.349056686686
5 7 168.950746600275
5 22 139.512026974202
6 21 169.252082368014
16 18 100.061360776195
17 19 96.8293038350856
12 14 120.94473776951
13 15 96.6133843530024
3 20 176.31197828051
2 1 179.910894981443
2 8 106.576181280769
2 4 105.056039551592
20 0 179.925414104907
1 16 90.9433850357786
1 12 88.7279300127709
20 9 116.845420583378
20 5 117.136476484445
0 17 92.9792432144588
0 13 88.2998154565017
8 10 171.743112262736
9 11 162.335166026588
9 24 143.607055000432
10 23 163.688518351238
4 6 174.008029717424
5 7 168.212475821672
5 22 143.871871650943
6 21 168.990074097516
16 18 120.631037152432
17 19 96.8447139947965
12 14 121.607045826493
13 15 96.6052343609784
3 20 176.262130670494
2 1 179.904714168685
2 8 106.599466269791
2 4 105.04222944708
20 0 179.9222854584
1 16 90.9444665421363
1 12 88.9178844631683
20 9 116.862224059277
20 5 117.103103787457
0 17 93.0381372382383
0 13 88.4928040881965
8 10 171.975265078309
9 11 163.453049065288
9 24 141.745195555403
10 23 164.62815060744
4 6 174.042311548874
5 7 168.441403008094
5 22 144.876123570523
6 21 169.754481731555
16 18 120.5737123356
17 19 97.2001249965263
12 14 121.657481327638
13 15 96.5233628104857
3 20 176.282679392764
2 1 179.904074656265
2 8 106.602546642444
2 4 105.074261810691
20 0 179.920930455469
1 16 90.9473392167179
1 12 88.9133803954399
20 9 116.85892817405
20 5 117.133666193693
0 17 93.0513736998394
0 13 88.5230662478944
8 10 172.00034089377
9 11 163.421073426116
9 24 141.701888722529
10 23 164.792939100414
4 6 173.979305872917
5 7 168.109523259878
5 22 143.031949118147
6 21 169.310194202769
16 18 120.5720230117
17 19 97.2879031058779
12 14 121.663126139061
13 15 97.1612464524799
3 20 176.307186838659
2 1 179.910888662128
2 8 106.445682803654
2 4 105.240633882158
20 0 179.948313209555
1 16 90.7041486030733
1 12 89.2249350860872
20 9 116.177910994427
20 5 116.898811590531
0 17 93.6688064786104
0 13 88.4783114812299
8 10 173.441753937723
9 11 163.249015356081
9 24 143.870355859428
10 23 164.788038345466
4 6 175.237160525496
5 7 167.744818239308
5 22 141.542844073962
6 21 169.476167050538
16 18 120.717739479385
17 19 96.7968734963421
12 14 121.605458487102
13 15 96.4853022742605
3 20 176.558616957556
2 1 179.894872346658
2 8 106.560638688138
2 4 105.308421299034
20 0 179.962548188263
1 16 90.7031025620884
1 12 89.2203049729935
20 9 116.230068717733
20 5 116.996003873696
0 17 93.6099581206229
0 13 88.4690623504295
8 10 173.5663757028
9 11 164.085526808696
9 24 142.92048013059
10 23 165.869656504487
4 6 175.421268049011
5 7 168.223801515764
5 22 139.210413595699
6 21 168.460518163553
16 18 120.792261923634
17 19 97.0693588425655
12 14 121.709617525298
13 15 96.4738499877493
3 20 176.155310348043
2 1 179.901420901823
2 8 106.56466068378
2 4 105.252639868674
20 0 179.952592302866
1 16 90.6416622550507
1 12 89.2782354870939
20 9 116.785635311378
20 5 117.1780417932
0 17 95.1240671527606
0 13 89.5546617962574
8 10 174.275808310469
9 11 162.643613295302
9 24 142.778329507817
10 23 163.448492117237
4 6 175.10638826341
5 7 169.014597924656
5 22 137.715879938075
6 21 167.73350040973
16 18 118.020342699204
17 19 95.612126023799
12 14 121.145074257085
13 15 96.4710886971331
3 20 176.330800174003
2 1 179.890003492181
2 8 106.558631750556
2 4 105.60862185191
20 0 179.919181056205
1 16 90.2934492844451
1 12 89.6502599641073
20 9 117.163221204128
20 5 117.15938086729
0 17 93.2404555329161
0 13 90.2493009617082
8 10 174.651624916938
9 11 164.96105987947
9 24 148.592248353681
10 23 167.392820018993
4 6 175.363415962801
5 7 167.944404193504
5 22 139.228393626555
6 21 167.784544421977
16 18 121.232246273005
17 19 97.3838984822741
12 14 121.329250249928
13 15 96.4428589066977
3 20 176.229046204732
2 1 179.876331927598
2 8 106.552985457254
2 4 105.746157324803
20 0 179.91422276569
1 16 90.3024657994073
1 12 89.641793615427
20 9 117.262441263269
20 5 117.729297713794
0 17 93.4805687300461
0 13 90.3913264189019
8 10 174.696933927545
9 11 165.826886780557
9 24 135.359887929506
10 23 167.019363477611
4 6 175.640083817725
5 7 167.617646058956
5 22 144.161096226094
6 21 167.439665356616
16 18 120.872994498934
17 19 98.1736888970491
12 14 121.046106613658
13 15 96.6357970634669
3 20 176.359555595645
2 1 179.875562924615
2 8 106.472287256959
2 4 105.578126695538
20 0 179.91632967733
1 16 90.2753246703961
1 12 89.6800694999876
20 9 117.396748249898
20 5 116.886568388768
0 17 93.5299762741986
0 13 90.9161842136678
8 10 174.371325334941
9 11 166.58605736378
9 24 148.679134203593
10 23 168.350652623389
4 6 175.858807622735
5 7 166.513634183818
5 22 138.711567622679
6 21 168.716200520869
16 18 120.872994498934
17 19 98.1736888970491
12 14 121.046106613658
13 15 96.6357970634669
3 20 176.601807656249
2 1 179.855712578723
2 8 106.600453593609
2 4 105.802416291099
20 0 179.902206214788
1 16 90.0948861397557
1 12 89.8698649789774
20 9 117.392116920436
20 5 117.17636633927
0 17 93.6215999128175
0 13 91.4275906267068
8 10 174.013673238049
9 11 168.914722317531
9 24 153.592746663827
10 23 169.509492718331
4 6 177.33855270514
5 7 167.426271945793
5 22 140.120723705115
6 21 167.975129343484
16 18 120.849371106507
17 19 99.067705752541
12 14 120.769112692187
13 15 94.7752577731262
3 20 176.868095263358
2 1 179.856293072905
2 8 106.663253303238
2 4 105.912068554238
20 0 179.893584715874
1 16 90.0428805625391
1 12 89.9238966056337
20 9 117.693513358307
20 5 116.893941447445
0 17 93.6532863991012
0 13 91.5053738553163
8 10 174.044249483932
9 11 168.403025440267
9 24 152.364819137579
10 23 169.109030617899
4 6 177.232297548886
5 7 164.986360654769
5 22 139.743727238198
6 21 167.626446037467
16 18 120.77597374375
17 19 98.9440204727188
12 14 120.904706914246
13 15 94.8974512172154
3 20 176.567987848369
2 1 179.851779984432
2 8 106.601047099416
2 4 106.008262664792
20 0 179.894527690407
1 16 89.9831439067605
1 12 89.9869425496091
20 9 117.528291503555
20 5 116.98383737504
0 17 94.3778614345051
0 13 91.8831813028389
8 10 174.598978511502
9 11 168.969739894888
9 24 149.713779846815
10 23 169.991825078265
4 6 176.889020446249
5 7 163.004460507841
5 22 134.258831640682
6 21 165.106127137081
16 18 118.827493034046
17 19 97.9190366809231
12 14 120.813524250051
13 15 94.9384544734228
3 20 176.53927434046
2 1 179.851730993122
2 8 106.586765566328
2 4 105.988052656165
20 0 179.900799972094
1 16 90.0061289205508
1 12 89.9621887592647
20 9 117.526684373387
20 5 116.893119466641
0 17 94.3594800716224
0 13 91.7685072157653
8 10 174.799221748678
9 11 169.747513870406
9 24 149.976395528639
10 23 171.136964667714
4 6 176.556960786482
5 7 163.592175350645
5 22 139.051545636992
6 21 165.567130635255
16 18 118.888943979086
17 19 98.005936574137
12 14 121.119826788874
13 15 95.2863240500555
3 20 176.549847432243
2 1 179.853259383773
2 8 106.582902168538
2 4 106.104496196917
20 0 179.899423994922
1 16 89.9703975452154
1 12 90.0223276960815
20 9 117.382903222927
20 5 117.001482947995
0 17 94.0006992097057
0 13 91.8168550328813
8 10 174.854025517434
9 11 169.152245924866
9 24 150.84847822003
10 23 170.045929539728
4 6 176.495947762582
5 7 166.744123189565
5 22 133.836948188193
6 21 169.806710347279
16 18 119.891956226431
17 19 98.5170400655095
12 14 121.222485166301
13 15 95.3981204564999
3 20 176.474027932258
2 1 179.855676456663
2 8 106.609475756223
2 4 106.149198912864
20 0 179.901100061749
1 16 89.987216523542
1 12 90.0052316568713
20 9 117.418129256078
20 5 116.950249410946
0 17 94.0062813684304
0 13 91.772610540306
8 10 175.184942638096
9 11 169.673585861725
9 24 152.090188458528
10 23 170.652562199153
4 6 176.249304752945
5 7 167.030866062561
5 22 129.768866976008
6 21 169.380520403869
16 18 119.882099528192
17 19 98.5839242191343
12 14 121.344729927238
13 15 95.71720844709
3 20 176.35674351223
2 1 179.840855791006
2 8 106.642151305359
2 4 106.266825937801
20 0 179.886353042548
1 16 89.9944262621203
1 12 90.0361946698361
20 9 117.439585909186
20 5 117.484937709564
0 17 94.3506216268876
0 13 91.4834173024438
8 10 175.074264952028
9 11 169.315266648345
9 24 153.52556684548
10 23 169.631160362449
4 6 175.941247896944
5 7 168.644297531909
5 22 138.621261062836
6 21 165.136204252255
16 18 120.681099193069
17 19 98.7752828177916
12 14 121.42492628671
13 15 95.8369765265119
3 20 175.964241980659
2 1 179.875782546594
2 8 106.407648072606
2 4 106.114898020687
20 0 179.902534423345
1 16 90.0839695496743
1 12 89.9447575556929
20 9 116.952664394943
20 5 118.192231456448
0 17 94.3749006621471
0 13 91.194405339862
8 10 175.076819060649
9 11 170.52248180112
9 24 157.263487732372
10 23 170.729410236511
4 6 175.301496343914
5 7 167.87278546302
5 22 141.362053399599
6 21 165.815536696971
16 18 120.663016571721
17 19 98.8858711127621
12 14 121.397516030773
13 15 95.9783502388819
3 20 176.032180272096
2 1 179.875306859535
2 8 106.393545953595
2 4 106.212859547693
20 0 179.908409933681
1 16 90.1499789310133
1 12 89.8722348796152
20 9 117.196375445852
20 5 118.486168131342
0 17 94.3840843416942
0 13 91.1768037451971
8 10 175.137698704891
9 11 170.989117218502
9 24 157.886700697727
10 23 171.820449319663
4 6 175.06051177937
5 7 167.519602743763
5 22 141.848076444466
6 21 165.372087195643
16 18 120.770782733179
17 19 99.0340456431781
12 14 121.378420805008
13 15 95.8073115286324
3 20 175.906624204217
2 1 179.875653913981
2 8 106.591032618301
2 4 106.101286513348
20 0 179.913570401053
1 16 90.1589515830446
1 12 89.862412974804
20 9 117.967680908564
20 5 119.457790881825
0 17 94.1950838600234
0 13 91.2404768356004
8 10 175.537973349354
9 11 170.893000445727
9 24 157.003051704988
10 23 171.918101091916
4 6 173.714605101905
5 7 167.873964928443
5 22 148.958530173077
6 21 166.244647936569
16 18 120.81383493676
17 19 98.9805420658698
12 14 121.125343352006
13 15 95.6838426826341
3 20 176.028520096041
2 1 179.872937216569
2 8 106.663044718203
2 4 106.060733544825
20 0 179.916340488868
1 16 90.1322386847635
1 12 89.8754685423195
20 9 117.996350177658
20 5 119.664900545881
0 17 93.7569690801275
0 13 91.2450374013912
8 10 175.624505929599
9 11 171.461289175707
9 24 158.212093576713
10 23 172.613983107585
4 6 173.415860644939
5 7 167.968370330559
5 22 149.291928880212
6 21 166.80799187247
16 18 120.836657534846
17 19 98.9490144307265
12 14 121.170010979575
13 15 95.7154335570414
3 20 176.08330560791
2 1 179.878389672033
2 8 106.667707375094
2 4 106.017261923641
20 0 179.920602802921
1 16 90.1754306308442
1 12 89.831937660118
20 9 118.119509292057
20 5 119.753582609088
0 17 94.9093002453186
0 13 91.3038328109582
8 10 175.411913014887
9 11 171.60248531843
9 24 154.730180049467
10 23 173.520067967255
4 6 172.612024872477
5 7 169.456995708857
5 22 144.802237146592
6 21 166.104470983208
16 18 118.54895108213
17 19 97.2793221215377
12 14 121.065411971273
13 15 95.630836606591
3 20 176.068673157643
2 1 179.871255695539
2 8 106.704855865449
2 4 105.957357896501
20 0 179.916020838045
1 16 90.2187589999558
1 12 89.7954438981727
20 9 117.938956393222
20 5 119.779990066489
0 17 94.2948318757275
0 13 91.2423584318391
8 10 174.912505545424
9 11 171.765722237337
9 24 156.368585422741
10 23 173.872711689681
4 6 172.694928971341
5 7 169.794712260002
5 22 147.300499233156
6 21 168.021913370669
16 18 118.602751732913
17 19 96.8783281505738
12 14 121.020639190603
13 15 95.6534569893937
3 20 176.020759190742
2 1 179.872353928309
2 8 106.759784658213
2 4 105.960698641584
20 0 179.915255691094
1 16 90.2124522788583
1 12 89.8074533075163
20 9 118.031210038904
20 5 119.872568782763
0 17 94.2322988068294
0 13 91.2786340656085
8 10 174.966313960979
9 11 171.749173896004
9 24 150.783939790209
10 23 173.575622035371
4 6 172.635923916164
5 7 170.173687235028
5 22 140.828042620732
6 21 168.247325757869
16 18 118.692316531572
17 19 96.8127653642451
12 14 120.962249809239
13 15 95.3947957291144
3 20 176.011325666313
2 1 179.872206442288
2 8 106.797838380661
2 4 106.007773642747
20 0 179.91515075169
1 16 90.2588701325759
1 12 89.7644714171503
20 9 118.080985494502
20 5 119.92581481224
0 17 94.0460658039406
0 13 91.1925163997637
8 10 174.897689963677
9 11 171.571905566715
9 24 150.365278397328
10 23 173.382356328789
4 6 172.748797720992
5 7 170.277648359973
5 22 139.833232887854
6 21 167.996854672791
16 18 119.157647237527
17 19 97.069610046187
12 14 120.985707515637
13 15 95.4031393249113
3 20 176.010972770708
2 1 179.873968709901
2 8 106.863909468641
2 4 106.09347144233
20 0 179.919246374902
1 16 90.2774979415379
1 12 89.7411338139797
20 9 118.140567366416
20 5 119.957551874547
0 17 94.0285896119447
0 13 91.0756554366288
8 10 174.973452325748
9 11 172.03706852468
9 24 150.825126835415
10 23 174.22658200385
4 6 172.639104432732
5 7 169.381036794818
5 22 138.906099036532
6 21 169.633432677448
16 18 119.301471083112
17 19 97.0010183265281
12 14 120.874731292597
13 15 95.4653773213092
3 20 175.918398124118
2 1 179.875966603183
2 8 106.845793040182
2 4 105.994921593916
20 0 179.914753988947
1 16 90.287199913844
1 12 89.7271374446428
20 9 118.082803303741
20 5 119.816885022758
0 17 94.1056523528106
0 13 91.0493694571525
8 10 174.92186823405
9 11 172.022257332022
9 24 154.628211526901
10 23 173.676470653874
4 6 174.029434743305
5 7 167.973065240785
5 22 142.235763106027
6 21 167.961751306231
16 18 119.314923782851
17 19 97.1813770540116
12 14 120.832123674551
13 15 95.4899726619458
3 20 176.145270061135
2 1 179.88493593511
2 8 106.754206712852
2 4 106.037114421269
20 0 179.922517511647
1 16 90.3053002225056
1 12 89.706422145086
20 9 117.827444600953
20 5 119.867733565257
0 17 93.2596685510215
0 13 90.8966248659412
8 10 174.678999676543
9 11 171.872838311474
9 24 152.029423394324
10 23 173.515710209728
4 6 174.301283752457
5 7 167.725793819578
5 22 141.113001223406
6 21 167.932156583181
16 18 121.369197155535
17 19 98.5601623079915
12 14 120.760494857698
13 15 95.4074188339695
3 20 175.888767009299
2 1 179.892520267974
2 8 106.732512588906
2 4 106.075465921941
20 0 179.928483623384
1 16 90.3101754190338
1 12 89.6604752352204
20 9 117.670691582134
20 5 119.990943313428
0 17 93.1620798340989
0 13 90.8812141685585
8 10 174.642319863972
9 11 172.174988242842
9 24 154.21246225475
10 23 173.711697022678
4 6 175.413412552538
5 7 167.875122255289
5 22 141.321998887653
6 21 167.024997255699
16 18 121.424420315413
17 19 98.5598649599735
12 14 120.733012215161
13 15 95.4544600605591
3 20 175.803614765669
2 1 179.898651083619
2 8 106.658018933511
2 4 106.106272109677
20 0 179.941659919087
1 16 90.2921434012351
1 12 89.6704176131934
20 9 117.468884834215
20 5 119.954689989199
0 17 93.2417438786824
0 13 90.8783960894727
8 10 174.415520255235
9 11 172.021137869863
9 24 151.784714437195
10 23 174.046111239752
4 6 175.835602693426
5 7 168.523390448316
5 22 134.488738359376
6 21 167.790163115457
16 18 121.445305536704
17 19 98.5595536012306
12 14 120.74383005192
13 15 95.4529235200311
3 20 175.678563710807
2 1 179.902292261872
2 8 106.601064437724
2 4 106.169842947427
20 0 179.943077777592
1 16 90.1954554210614
1 12 89.7514577243233
20 9 117.285865358691
20 5 120.073884924214
0 17 93.0186213519562
0 13 90.8784426974345
8 10 174.136903650136
9 11 171.631592614881
9 24 152.366745167638
10 23 174.190247674014
4 6 175.436871686238
5 7 169.17589704483
5 22 139.705113469766
6 21 167.014152005085
16 18 121.19827992866
17 19 98.0356224787064
12 14 120.708731194233
13 15 95.4362151631997
3 20 175.735405891805
2 1 179.900008105256
2 8 106.597378008138
2 4 106.202890834061
20 0 179.934191535942
1 16 90.1970221712573
1 12 89.7570361307359
20 9 117.280641761528
20 5 120.011225357159
0 17 93.0423668854767
0 13 90.7953569181669
8 10 174.111080649053
9 11 171.722375777839
9 24 152.909097600037
10 23 174.445123536445
4 6 175.558115958574
5 7 169.406826724694
5 22 142.062288024194
6 21 167.135521049101
16 18 121.197509427897
17 19 97.9037720263579
12 14 120.734213324162
13 15 95.4922254399275
3 20 175.730549579146
2 1 179.903327588809
2 8 106.59830863954
2 4 106.177700298945
20 0 179.937879908106
1 16 90.2846657027785
1 12 89.7029033213688
20 9 117.290035371413
20 5 119.993640829321
0 17 93.1900818289246
0 13 90.7254271864108
8 10 174.035440348805
9 11 170.300116530622
9 24 151.117381086755
10 23 176.104182159065
4 6 175.612995970136
5 7 170.351959139532
5 22 143.770547142302
6 21 168.101248255499
16 18 121.14265466848
17 19 97.6938702291845
12 14 120.674351550891
13 15 95.4481000211209
3 20 175.711772031937
2 1 179.906907187761
2 8 106.614430126914
2 4 106.18105486623
20 0 179.937781880227
1 16 90.2804230963774
1 12 89.7110247799665
20 9 117.294841602736
20 5 119.588999656509
0 17 93.1745866204568
0 13 90.7474933294651
8 10 174.069471401053
9 11 170.364006771109
9 24 149.286877823253
10 23 176.177405183959
4 6 176.408373712204
5 7 171.214925669077
5 22 139.263560591322
6 21 168.447661389344
16 18 121.101622935449
17 19 97.5404096654971
12 14 120.658281077173
13 15 95.5095702406946
3 20 175.763266622562
2 1 179.913726217086
2 8 106.609107113408
2 4 106.188366087758
20 0 179.937521218163
1 16 90.2451630291506
1 12 89.7426413541754
20 9 117.253231437548
20 5 119.618395347183
0 17 93.1553227317502
0 13 90.7632738972483
8 10 174.234873406132
9 11 171.758429419904
9 24 154.273301124266
10 23 174.773696300049
4 6 176.662247662992
5 7 170.694277194131
5 22 142.752762672382
6 21 169.37541108269
16 18 121.065883329357
17 19 97.5373325107897
12 14 120.660705144451
13 15 95.4441013493426
3 20 175.76476395166
2 1 179.913663394767
2 8 106.60732583114
2 4 106.197790114319
20 0 179.937039746173
1 16 90.2633449169051
1 12 89.7295239933476
20 9 117.26319798207
20 5 119.587486578005
0 17 93.1797277617592
0 13 90.7334148762485
8 10 174.216358603931
9 11 171.025156772138
9 24 153.856169363001
10 23 174.294154071408
4 6 176.658349371974
5 7 170.546484783314
5 22 142.810674060373
6 21 169.609945166211
16 18 121.072392723448
17 19 97.5308214847344
12 14 120.674975731441
13 15 95.4511217229985
3 20 175.755391836737
2 1 179.914787666305
2 8 106.612778878037
2 4 106.190189688812
20 0 179.93695642793
1 16 90.3015891335825
1 12 89.7031554535391
20 9 117.24189373349
20 5 119.575523737782
0 17 93.2265424427555
0 13 90.6697071509578
8 10 174.277082752353
9 11 171.581470280479
9 24 155.311566361933
10 23 174.733762685224
4 6 176.625923178959
5 7 170.428046085829
5 22 143.91745937896
6 21 168.810308743553
16 18 121.046996635905
17 19 97.4165174517982
12 14 120.710594612085
13 15 95.3864250603247
3 20 175.754085492316
2 1 179.915256610135
2 8 106.542672788468
2 4 106.189968328778
20 0 179.930259755521
1 16 90.2988129302056
1 12 89.7055051342217
20 9 116.974517282069
20 5 119.549854081898
0 17 93.2350976126187
0 13 90.6577458254983
8 10 174.17957153499
9 11 171.117144071962
9 24 161.514485590261
10 23 174.562396147267
4 6 176.645153141895
5 7 170.113036672039
5 22 144.250859932597
6 21 168.71797844894
16 18 121.060048874078
17 19 97.4190942385487
12 14 120.714191512349
13 15 95.420438296745
3 20 174.653752647164
2 1 179.912483921188
2 8 106.53108741839
2 4 106.255168737468
20 0 179.922341758442
1 16 90.0002660589411
1 12 90.0158162065428
20 9 116.886894756427
20 5 119.295925942554
0 17 94.4914617910529
0 13 91.0913033203313
8 10 174.090088321699
9 11 171.792263296591
9 24 161.580363425632
10 23 173.478287937241
4 6 176.334217300997
5 7 170.424730410853
5 22 140.549353785308
6 21 168.031752649042
16 18 99.5289970335095
17 19 96.8400916171704
12 14 120.606348798177
13 15 95.3129434666699
3 20 174.988846222086
2 1 179.918653778958
2 8 106.548933240037
2 4 106.230882685569
20 0 179.924194952782
1 16 89.9126539062199
1 12 90.0662282085883
20 9 117.21855775158
20 5 119.067799515444
0 17 94.2540688298773
0 13 91.0475824078763
8 10 174.233784858675
9 11 172.003472889849
9 24 159.212824973317
10 23 173.502279000679
4 6 176.195590380039
5 7 169.791873658747
5 22 137.195925274612
6 21 169.457072949232
16 18 100.107849597536
17 19 97.1522567534989
12 14 120.70010085501
13 15 95.3117300331812
3 20 174.447876096428
2 1 179.918088644537
2 8 106.53910823777
2 4 106.362641205061
20 0 179.923017690471
1 16 89.8834404291248
1 12 90.0962008122526
20 9 117.515327543243
20 5 119.075995497979
0 17 94.7032006854641
0 13 91.0087438602934
8 10 174.076865343569
9 11 171.760827201612
9 24 162.106052867924
10 23 173.581513680796
4 6 175.594536525092
5 7 169.514323668189
5 22 138.110458154428
6 21 170.416993710559
16 18 100.11416022952
17 19 97.171956144218
12 14 121.086910055578
13 15 95.288788795979
3 20 174.536487485795
2 1 179.916775461388
2 8 106.330440006807
2 4 106.588166915569
20 0 179.928112358591
1 16 89.8201452149569
1 12 90.1806897383792
20 9 117.818807095891
20 5 119.372058015071
0 17 94.8985816470203
0 13 91.086356285949
8 10 173.776158770293
9 11 171.083520831201
9 24 162.577590425923
10 23 172.264679388884
4 6 174.785737624894
5 7 170.551896940563
5 22 134.121568508062
6 21 169.6347429427
16 18 100.272694786127
17 19 97.1363972073244
12 14 121.282059600017
13 15 95.326921155123
3 20 174.49078658897
2 1 179.916863746983
2 8 106.318899077173
2 4 106.576372680039
20 0 179.932496676704
1 16 89.821038837179
1 12 90.1769279760853
20 9 117.715992876996
20 5 119.325303048941
0 17 94.9016817423178
0 13 91.028967888647
8 10 173.721371013151
9 11 170.929784104564
9 24 160.637390497418
10 23 172.719801178579
4 6 174.831159294089
5 7 171.17959323755
5 22 140.375238782351
6 21 169.856314014083
16 18 100.269063754815
17 19 97.1565434962707
12 14 121.342212446345
13 15 95.5211872731297
3 20 174.52481123537
2 1 179.917118072755
2 8 106.342465118842
2 4 106.614066806665
20 0 179.931981704517
1 16 89.8510598074624
1 12 90.1687119002979
20 9 117.729422541832
20 5 119.290264742265
0 17 94.9200924097285
0 13 90.9728735495171
8 10 173.638445908494
9 11 171.609685361651
9 24 161.557891419994
10 23 172.176096812218
4 6 174.863355304909
5 7 171.401800391009
5 22 144.112867760575
6 21 169.568774437251
16 18 100.338080852664
17 19 97.1965683189164
12 14 121.377696053635
13 15 95.6206812837238
3 20 174.54066904833
2 1 179.91587319215
2 8 106.526311113921
2 4 107.084383690576
20 0 179.933453520499
1 16 89.8109467753702
1 12 90.2099122530493
20 9 118.178629492242
20 5 119.950727659975
0 17 82.8761273472149
0 13 91.1713789836673
8 10 173.076693894803
9 11 171.240319983882
9 24 162.484158343744
10 23 172.197365397208
4 6 174.348518618015
5 7 170.926110808745
5 22 140.319966945412
6 21 169.800080567668
16 18 100.33545087427
17 19 97.1984108620374
12 14 100.73484771385
13 15 95.6293900742969
3 20 174.579212623287
2 1 179.916944508132
2 8 106.503722162694
2 4 107.070749763787
20 0 179.938291242942
1 16 89.7941121037363
1 12 90.2236848740532
20 9 118.143425851885
20 5 119.942310592316
0 17 82.8930908098978
0 13 91.0946918477433
8 10 173.059874386956
9 11 171.147203968741
9 24 163.59061933085
10 23 172.457955924903
4 6 174.372100451463
5 7 170.231128419278
5 22 142.89789338878
6 21 169.715596709133
16 18 100.616631305765
17 19 96.6097496189018
12 14 100.793051567545
13 15 95.7590383237969
3 20 174.728393753876
2 1 179.909481692756
2 8 106.716136532288
2 4 106.805896085569
20 0 179.924806819096
1 16 89.7971025975072
1 12 90.2025685992997
20 9 118.941057365319
20 5 119.374686816818
0 17 83.3321989097173
0 13 90.985442669862
8 10 172.778843149626
9 11 170.598824881633
9 24 158.955797071482
10 23 171.867927951823
4 6 174.233467080648
5 7 170.440265927481
5 22 135.163385867644
6 21 169.619008442343
16 18 99.4291434832783
17 19 96.9269031764253
12 14 100.810147103038
13 15 95.7430640369906
3 20 175.012031067438
2 1 179.910116528681
2 8 106.654389429223
2 4 106.753574997199
20 0 179.921859847915
1 16 89.6966546630597
1 12 90.3097831338816
20 9 119.465250285361
20 5 118.732188171887
0 17 83.0438409147116
0 13 79.8581561104554
8 10 172.34244229138
9 11 169.371537789225
9 24 159.21661980534
10 23 171.195585793883
4 6 174.529629935784
5 7 170.716978510419
5 22 136.041154686371
6 21 170.6119653848
16 18 100.105539930231
17 19 97.2451395241609
12 14 100.823332265816
13 15 95.6596566943681
3 20 175.094858146677
2 1 179.916036153918
2 8 106.258747075706
2 4 107.389729088141
20 0 179.914898193008
1 16 89.6788060440316
1 12 90.3244263717107
20 9 120.132484555242
20 5 118.321454576456
0 17 83.0381308257399
0 13 79.85599258444
8 10 172.100115649189
9 11 159.642418826659
9 24 151.086203848353
10 23 151.591605364876
4 6 173.061316041206
5 7 171.042186714859
5 22 133.577286899744
6 21 170.263976654989
16 18 100.105710495314
17 19 97.2539073502733
12 14 100.825109591786
13 15 95.6892824775977
3 20 174.798507946474
2 1 179.917772121232
2 8 106.135304755918
2 4 107.360449087376
20 0 179.91754924971
1 16 89.6913929439543
1 12 90.3093193523581
20 9 119.954555370116
20 5 118.413657078061
0 17 83.0037194408552
0 13 79.7866183595686
8 10 172.095093304626
9 11 160.29012968323
9 24 152.029411912148
10 23 152.836173147588
4 6 173.042738744601
5 7 171.156975354643
5 22 142.659916947404
6 21 170.00287420327
16 18 100.270260850736
17 19 97.3528676177749
12 14 100.843492733574
13 15 95.5961871923942
3 20 174.770082655697
2 1 179.916531929392
2 8 106.139220622649
2 4 107.358495088906
20 0 179.914623529687
1 16 89.7333320767251
1 12 90.2925718768586
20 9 119.96415193125
20 5 118.415396861247
0 17 83.3876347944023
0 13 79.7679078045343
8 10 172.072086988064
9 11 160.278137705302
9 24 152.195680032227
10 23 152.839387989962
4 6 173.02984395962
5 7 171.079352695161
5 22 142.893589670313
6 21 169.965962794523
16 18 99.5414483617481
17 19 96.9676076786478
12 14 100.8483459181
13 15 95.5972751144906
3 20 174.763336926044
2 1 179.916265140849
2 8 106.113621118533
2 4 107.344883397145
20 0 179.918827900133
1 16 89.8046877495784
1 12 90.2534377451724
20 9 119.884903122295
20 5 118.460589587914
0 17 83.5027251508749
0 13 79.6878633905768
8 10 172.030616410742
9 11 159.71970789671
9 24 150.392971730894
10 23 153.147189683407
4 6 172.918718848833
5 7 171.311230754652
5 22 130.646980033399
6 21 169.346048255843
16 18 99.453941314341
17 19 96.8833783437639
12 14 100.893620622673
13 15 95.7510060170079
3 20 174.389049058799
2 1 179.923282769152
2 8 105.503945900629
2 4 107.668790027975
20 0 179.925576121208
1 16 89.9369879868749
1 12 90.1020907179003
20 9 120.255503371463
20 5 116.323067337935
0 17 83.4755848002937
0 13 79.7195104451857
8 10 154.537768641341
9 11 149.408543353524
9 24 141.557071374219
10 23 153.185951350948
4 6 173.663991731778
5 7 168.695679159008
5 22 133.908918604159
6 21 169.452753207968
16 18 99.4849102969943
17 19 96.943542325069
12 14 100.890166018304
13 15 95.8940606566651
