Z           X            Y     Timestamp     Body id     Joint type ColorPointX ColorPointY  DepthPointX DepthPointY  WidthOfDisplay  HeightOfDisplay
1.453675 0.09199612 -0.3798539 63662611620826 72057594037928355 11 1074.067 808.175 276.5555 301.4962 512 424 
1.336255 0.01947678 -0.8320834 63662611620826 72057594037928355 14 1026.787 1193.402 258.5856 433.0264 512 424 
1.202299 -0.009076271 -0.8160581 63662611620826 72057594037928355 15 1008.102 1253.495 250.5123 451.8737 512 424 
1.428406 0.04981091 -0.9957795 63662611620826 72057594037928355 18 1045.879 1273.24 265.8882 457.8414 512 424 
1.308479 0.01458894 -1.023538 63662611620826 72057594037928355 19 1024.485 1364.821 257.2317 484.2932 512 424 
1.453675 0.09199612 -0.3798539 63662611620826 72057594037928355 11 1074.067 808.175 276.5555 301.4962 512 424 
1.336255 0.01947678 -0.8320834 63662611620826 72057594037928355 14 1026.787 1193.402 258.5856 433.0264 512 424 
1.202299 -0.009076271 -0.8160581 63662611620826 72057594037928355 15 1008.102 1253.495 250.5123 451.8737 512 424 
1.428406 0.04981091 -0.9957795 63662611620826 72057594037928355 18 1045.879 1273.24 265.8882 457.8414 512 424 
1.308479 0.01458894 -1.023538 63662611620826 72057594037928355 19 1024.485 1364.821 257.2317 484.2932 512 424 
1.619771 0.1693745 -0.1079227 63662611620902 72057594037928355 9 1113.393 601.3564 291.6179 229.7321 512 424 
1.507357 0.1338073 -0.316797 63662611620902 72057594037928355 10 1099.627 753.8094 285.9033 282.5849 512 424 
1.504201 0.1132469 -0.3664506 63662611620902 72057594037928355 11 1085.473 789.3639 280.9643 294.9514 512 424 
1.425449 0.02288965 -0.9739949 63662611620902 72057594037928355 14 1025.904 1258.375 259.0848 453.3601 512 424 
1.293433 -0.004619023 -0.9784375 63662611620902 72057594037928355 15 1009.249 1337.044 251.9743 476.5495 512 424 
1.527103 0.04229996 -1.010213 63662611620902 72057594037928355 18 1035.6 1235.018 263.3404 446.1499 512 424 
1.41109 0.01127584 -1.05075 63662611620902 72057594037928355 19 1017.895 1324.315 256.1269 472.9153 512 424 
1.705639 -0.04009649 -0.9975672 63662611620940 72057594037928355 14 977.0713 1152.924 244.6287 419.9006 512 424 
1.588799 -0.047527 -1.041803 63662611620940 72057594037928355 15 972.8782 1228.793 242.3554 444.2067 512 424 
1.626739 0.08309078 -1.01083 63662611620940 72057594037928355 18 1058.095 1191.996 271.9345 432.532 512 424 
1.509601 0.07382832 -1.053204 63662611620940 72057594037928355 19 1058.698 1273.832 270.9687 457.9848 512 424 
1.705158 -0.042992 -0.9869351 63662611620993 72057594037928355 14 975.2513 1146.434 243.999 417.7687 512 424 
1.592822 -0.0505926 -1.027298 63662611620993 72057594037928355 15 970.7939 1217.257 241.667 440.5845 512 424 
1.638342 0.08232911 -0.9979865 63662611620993 72057594037928355 18 1056.934 1178.887 271.654 428.3203 512 424 
1.526274 0.07303666 -1.037566 63662611620993 72057594037928355 19 1057.116 1254.642 270.6331 452.1639 512 424 
1.705158 -0.042992 -0.9869351 63662611620993 72057594037928355 14 975.2513 1146.434 243.999 417.7687 512 424 
1.592822 -0.0505926 -1.027298 63662611620993 72057594037928355 15 970.7939 1217.257 241.667 440.5845 512 424 
1.638342 0.08232911 -0.9979865 63662611620993 72057594037928355 18 1056.934 1178.887 271.654 428.3203 512 424 
1.526274 0.07303666 -1.037566 63662611620993 72057594037928355 19 1057.116 1254.642 270.6331 452.1639 512 424 
1.708959 -0.03454289 -1.013862 63662611621065 72057594037928355 14 980.5339 1161.905 245.8428 422.8398 512 424 
1.591168 -0.03880581 -1.049918 63662611621065 72057594037928355 15 978.7122 1233.214 244.373 445.5927 512 424 
1.664407 0.09033445 -1.024307 63662611621065 72057594037928355 18 1060.695 1185.606 273.1145 430.4766 512 424 
1.544882 0.08078469 -1.055978 63662611621065 72057594037928355 19 1061.407 1258.649 272.2342 453.3755 512 424 
1.708959 -0.03454289 -1.013862 63662611621065 72057594037928355 14 980.5339 1161.905 245.8428 422.8398 512 424 
1.591168 -0.03880581 -1.049918 63662611621065 72057594037928355 15 978.7122 1233.214 244.373 445.5927 512 424 
1.664407 0.09033445 -1.024307 63662611621065 72057594037928355 18 1060.695 1185.606 273.1145 430.4766 512 424 
1.544882 0.08078469 -1.055978 63662611621065 72057594037928355 19 1061.407 1258.649 272.2342 453.3755 512 424 
1.708959 -0.03454289 -1.013862 63662611621065 72057594037928355 14 980.5339 1161.905 245.8428 422.8398 512 424 
1.591168 -0.03880581 -1.049918 63662611621065 72057594037928355 15 978.7122 1233.214 244.373 445.5927 512 424 
1.664407 0.09033445 -1.024307 63662611621065 72057594037928355 18 1060.695 1185.606 273.1145 430.4766 512 424 
1.544882 0.08078469 -1.055978 63662611621065 72057594037928355 19 1061.407 1258.649 272.2342 453.3755 512 424 
1.707256 -0.03453797 -1.028686 63662611621173 72057594037928355 14 980.5741 1171.828 245.8423 426.0674 512 424 
1.588299 -0.03974416 -1.065212 63662611621173 72057594037928355 15 978.1299 1244.821 244.1546 449.1907 512 424 
1.671914 0.09174849 -1.033848 63662611621173 72057594037928355 18 1061.193 1188.759 273.3289 431.4874 512 424 
1.551891 0.08108047 -1.067388 63662611621173 72057594037928355 19 1061.207 1263.229 272.2059 454.7694 512 424 
1.707256 -0.03453797 -1.028686 63662611621173 72057594037928355 14 980.5741 1171.828 245.8423 426.0674 512 424 
1.588299 -0.03974416 -1.065212 63662611621173 72057594037928355 15 978.1299 1244.821 244.1546 449.1907 512 424 
1.671914 0.09174849 -1.033848 63662611621173 72057594037928355 18 1061.193 1188.759 273.3289 431.4874 512 424 
1.551891 0.08108047 -1.067388 63662611621173 72057594037928355 19 1061.207 1263.229 272.2059 454.7694 512 424 
1.703436 -0.04850428 -1.044559 63662611621219 72057594037928355 14 971.9122 1183.251 242.8318 429.7521 512 424 
1.584369 -0.05113347 -1.084818 63662611621219 72057594037928355 15 970.5439 1259.885 241.5411 453.8015 512 424 
1.688947 0.09043077 -1.048194 63662611621219 72057594037928355 18 1059.442 1191.177 272.8369 432.265 512 424 
1.568426 0.08075181 -1.08534 63662611621219 72057594037928355 19 1060.029 1267.734 271.9187 456.1371 512 424 
1.706536 -0.05054013 -1.045468 63662611621287 72057594037928355 14 970.6373 1182.63 242.4136 429.5505 512 424 
1.588988 -0.05274605 -1.089287 63662611621287 72057594037928355 15 969.4634 1260.768 241.2083 454.0691 512 424 
1.69179 0.08842239 -1.049036 63662611621287 72057594037928355 18 1058.025 1190.593 272.3711 432.0804 512 424 
1.57074 0.0774593 -1.086516 63662611621287 72057594037928355 19 1057.664 1267.442 271.1324 456.0551 512 424 
1.706536 -0.05054013 -1.045468 63662611621287 72057594037928355 14 970.6373 1182.63 242.4136 429.5505 512 424 
1.588988 -0.05274605 -1.089287 63662611621287 72057594037928355 15 969.4634 1260.768 241.2083 454.0691 512 424 
1.69179 0.08842239 -1.049036 63662611621287 72057594037928355 18 1058.025 1190.593 272.3711 432.0804 512 424 
1.57074 0.0774593 -1.086516 63662611621287 72057594037928355 19 1057.664 1267.442 271.1324 456.0551 512 424 
1.708325 -0.08726666 -1.055951 63662611621384 72057594037928355 14 947.7949 1188.523 234.5674 431.4117 512 424 
1.587348 -0.0897358 -1.096665 63662611621384 72057594037928355 15 944.6963 1266.523 232.7597 455.7603 512 424 
1.691728 0.08775225 -1.054534 63662611621384 72057594037928355 18 1057.617 1194.099 272.2207 433.2031 512 424 
1.568892 0.08260623 -1.092061 63662611621384 72057594037928355 19 1061.273 1272.116 272.3296 457.457 512 424 
1.708325 -0.08726666 -1.055951 63662611621384 72057594037928355 14 947.7949 1188.523 234.5674 431.4117 512 424 
1.587348 -0.0897358 -1.096665 63662611621384 72057594037928355 15 944.6963 1266.523 232.7597 455.7603 512 424 
1.691728 0.08775225 -1.054534 63662611621384 72057594037928355 18 1057.617 1194.099 272.2207 433.2031 512 424 
1.568892 0.08260623 -1.092061 63662611621384 72057594037928355 19 1061.273 1272.116 272.3296 457.457 512 424 
1.719569 -0.1005091 -1.059056 63662611621460 72057594037928355 14 939.7423 1186.133 231.869 430.6285 512 424 
1.596876 -0.09990885 -1.098124 63662611621460 72057594037928355 15 938.0615 1263.08 230.5634 454.696 512 424 
1.692259 0.08961125 -1.055842 63662611621460 72057594037928355 18 1058.76 1194.718 272.6151 433.3987 512 424 
1.569154 0.0891212 -1.093897 63662611621460 72057594037928355 19 1065.679 1273.251 273.8262 457.7853 512 424 
1.719569 -0.1005091 -1.059056 63662611621460 72057594037928355 14 939.7423 1186.133 231.869 430.6285 512 424 
1.596876 -0.09990885 -1.098124 63662611621460 72057594037928355 15 938.0615 1263.08 230.5634 454.696 512 424 
1.692259 0.08961125 -1.055842 63662611621460 72057594037928355 18 1058.76 1194.718 272.6151 433.3987 512 424 
1.569154 0.0891212 -1.093897 63662611621460 72057594037928355 19 1065.679 1273.251 273.8262 457.7853 512 424 
1.734697 -0.109168 -1.060694 63662611621564 72057594037928355 14 934.6815 1181.398 230.2204 429.0946 512 424 
1.611702 -0.1030718 -1.099727 63662611621564 72057594037928355 15 936.2498 1257.359 230.0428 452.9493 512 424 
1.69243 0.08942471 -1.059326 63662611621564 72057594037928355 18 1058.64 1196.856 272.5689 434.0816 512 424 
1.569078 0.09456297 -1.09692 63662611621564 72057594037928355 19 1069.381 1275.359 275.0757 458.4072 512 424 
1.754176 -0.1187255 -1.0647 63662611621642 72057594037928355 14 929.2612 1176.579 228.4727 427.5278 512 424 
1.631401 -0.1102379 -1.104812 63662611621642 72057594037928355 15 931.9663 1251.864 228.7122 451.2559 512 424 
1.684595 0.07932304 -1.064659 63662611621642 72057594037928355 18 1052.695 1203.365 270.4566 436.1658 512 424 
1.56036 0.0878704 -1.100778 63662611621642 72057594037928355 19 1065.394 1282.212 273.6253 460.4737 512 424 
1.754176 -0.1187255 -1.0647 63662611621642 72057594037928355 14 929.2612 1176.579 228.4727 427.5278 512 424 
1.631401 -0.1102379 -1.104812 63662611621642 72057594037928355 15 931.9663 1251.864 228.7122 451.2559 512 424 
1.684595 0.07932304 -1.064659 63662611621642 72057594037928355 18 1052.695 1203.365 270.4566 436.1658 512 424 
1.56036 0.0878704 -1.100778 63662611621642 72057594037928355 19 1065.394 1282.212 273.6253 460.4737 512 424 
1.755551 -0.119177 -1.065292 63662611621708 72057594037928355 14 929.0187 1176.431 228.3977 427.4796 512 424 
1.632738 -0.1069155 -1.104907 63662611621708 72057594037928355 15 934.1593 1251.331 229.4691 451.0997 512 424 
1.676622 0.02564454 -1.066426 63662611621708 72057594037928355 18 1019.048 1207.714 258.841 437.5861 512 424 
1.551258 0.02953507 -1.101246 63662611621708 72057594037928355 19 1025.953 1286.964 260.1393 461.9787 512 424 
1.755315 -0.120253 -1.0659 63662611621785 72057594037928355 14 928.3629 1176.89 228.1711 427.6262 512 424 
1.632164 -0.108119 -1.105006 63662611621785 72057594037928355 15 933.3637 1251.651 229.1941 451.1954 512 424 
1.687749 0.01996636 -1.066785 63662611621785 72057594037928355 18 1015.13 1203.448 257.5774 436.2332 512 424 
1.563403 0.0258839 -1.103416 63662611621785 72057594037928355 19 1023.017 1282.529 259.2454 460.6581 512 424 
1.755315 -0.120253 -1.0659 63662611621785 72057594037928355 14 928.3629 1176.89 228.1711 427.6262 512 424 
1.632164 -0.108119 -1.105006 63662611621785 72057594037928355 15 933.3637 1251.651 229.1941 451.1954 512 424 
1.687749 0.01996636 -1.066785 63662611621785 72057594037928355 18 1015.13 1203.448 257.5774 436.2332 512 424 
1.563403 0.0258839 -1.103416 63662611621785 72057594037928355 19 1023.017 1282.529 259.2454 460.6581 512 424 
1.752756 -0.1240057 -1.060643 63662611621876 72057594037928355 14 926.0221 1174.631 227.3461 426.8904 512 424 
1.629157 -0.1133355 -1.099358 63662611621876 72057594037928355 15 929.8873 1249.274 227.9801 450.454 512 424 
1.703637 0.01500427 -1.064399 63662611621876 72057594037928355 18 1011.583 1195.634 256.4753 433.7425 512 424 
1.577257 0.02409836 -1.097252 63662611621876 72057594037928355 19 1021.314 1271.67 258.7918 457.3971 512 424 
1.752756 -0.1240057 -1.060643 63662611621876 72057594037928355 14 926.0221 1174.631 227.3461 426.8904 512 424 
1.629157 -0.1133355 -1.099358 63662611621876 72057594037928355 15 929.8873 1249.274 227.9801 450.454 512 424 
1.703637 0.01500427 -1.064399 63662611621876 72057594037928355 18 1011.583 1195.634 256.4753 433.7425 512 424 
1.577257 0.02409836 -1.097252 63662611621876 72057594037928355 19 1021.314 1271.67 258.7918 457.3971 512 424 
1.752756 -0.1240057 -1.060643 63662611621876 72057594037928355 14 926.0221 1174.631 227.3461 426.8904 512 424 
1.629157 -0.1133355 -1.099358 63662611621876 72057594037928355 15 929.8873 1249.274 227.9801 450.454 512 424 
1.703637 0.01500427 -1.064399 63662611621876 72057594037928355 18 1011.583 1195.634 256.4753 433.7425 512 424 
1.577257 0.02409836 -1.097252 63662611621876 72057594037928355 19 1021.314 1271.67 258.7918 457.3971 512 424 
1.750999 -0.1253404 -1.055727 63662611622007 72057594037928355 14 925.1628 1172.277 227.036 426.1264 512 424 
1.627092 -0.1162723 -1.0942 63662611622007 72057594037928355 15 927.9127 1246.793 227.2847 449.6844 512 424 
1.719056 0.008296292 -1.058516 63662611622007 72057594037928355 18 1007.027 1185.968 255.0212 430.6436 512 424 
1.594205 0.01572366 -1.094788 63662611622007 72057594037928355 19 1015.148 1262.066 256.834 454.4901 512 424 
1.750999 -0.1253404 -1.055727 63662611622007 72057594037928355 14 925.1628 1172.277 227.036 426.1264 512 424 
1.627092 -0.1162723 -1.0942 63662611622007 72057594037928355 15 927.9127 1246.793 227.2847 449.6844 512 424 
1.719056 0.008296292 -1.058516 63662611622007 72057594037928355 18 1007.027 1185.968 255.0212 430.6436 512 424 
1.594205 0.01572366 -1.094788 63662611622007 72057594037928355 19 1015.148 1262.066 256.834 454.4901 512 424 
1.751419 -0.124955 -1.050243 63662611622055 72057594037928355 14 925.399 1168.772 227.1152 424.991 512 424 
1.628531 -0.1168671 -1.090581 63662611622055 72057594037928355 15 927.554 1243.772 227.1651 448.7526 512 424 
1.720114 0.006873227 -1.054289 63662611622055 72057594037928355 18 1006.116 1182.932 254.7177 429.6662 512 424 
1.59483 0.01296527 -1.090047 63662611622055 72057594037928355 19 1013.281 1258.585 256.2064 453.4299 512 424 
1.751419 -0.124955 -1.050243 63662611622055 72057594037928355 14 925.399 1168.772 227.1152 424.991 512 424 
1.628531 -0.1168671 -1.090581 63662611622055 72057594037928355 15 927.554 1243.772 227.1651 448.7526 512 424 
1.720114 0.006873227 -1.054289 63662611622055 72057594037928355 18 1006.116 1182.932 254.7177 429.6662 512 424 
1.59483 0.01296527 -1.090047 63662611622055 72057594037928355 19 1013.281 1258.585 256.2064 453.4299 512 424 
1.749614 -0.1240323 -1.046321 63662611622139 72057594037928355 14 925.9102 1167.036 227.2777 424.4283 512 424 
1.625975 -0.1154118 -1.085447 63662611622139 72057594037928355 15 928.4349 1241.515 227.442 448.0584 512 424 
1.720274 0.00641039 -1.05019 63662611622139 72057594037928355 18 1005.82 1180.319 254.6194 428.8238 512 424 
1.594623 0.01177802 -1.085477 63662611622139 72057594037928355 19 1012.487 1255.604 255.9375 452.5191 512 424 
1.748399 -0.122932 -1.042406 63662611622211 72057594037928355 14 926.5443 1165.085 227.4861 423.7957 512 424 
1.624606 -0.1146823 -1.081371 63662611622211 72057594037928355 15 928.873 1239.427 227.5768 447.4142 512 424 
1.721289 0.00898337 -1.046219 63662611622211 72057594037928355 18 1007.38 1177.464 255.1664 427.9015 512 424 
1.59561 0.01392402 -1.081588 63662611622211 72057594037928355 19 1013.883 1252.535 256.4256 451.5783 512 424 
1.747745 -0.1233214 -1.038459 63662611622289 72057594037928355 14 926.2864 1162.908 227.3904 423.0868 512 424 
1.624131 -0.1160899 -1.077919 63662611622289 72057594037928355 15 927.935 1237.357 227.2477 446.7699 512 424 
1.721406 0.008989983 -1.042489 63662611622289 72057594037928355 18 1007.375 1175.1 255.168 427.1367 512 424 
1.595667 0.0134586 -1.077904 63662611622289 72057594037928355 19 1013.565 1250.032 256.3205 450.8096 512 424 
1.747745 -0.1233214 -1.038459 63662611622289 72057594037928355 14 926.2864 1162.908 227.3904 423.0868 512 424 
1.624131 -0.1160899 -1.077919 63662611622289 72057594037928355 15 927.935 1237.357 227.2477 446.7699 512 424 
1.721406 0.008989983 -1.042489 63662611622289 72057594037928355 18 1007.375 1175.1 255.168 427.1367 512 424 
1.595667 0.0134586 -1.077904 63662611622289 72057594037928355 19 1013.565 1250.032 256.3205 450.8096 512 424 
1.747745 -0.1233214 -1.038459 63662611622289 72057594037928355 14 926.2864 1162.908 227.3904 423.0868 512 424 
1.624131 -0.1160899 -1.077919 63662611622289 72057594037928355 15 927.935 1237.357 227.2477 446.7699 512 424 
1.721406 0.008989983 -1.042489 63662611622289 72057594037928355 18 1007.375 1175.1 255.168 427.1367 512 424 
1.595667 0.0134586 -1.077904 63662611622289 72057594037928355 19 1013.565 1250.032 256.3205 450.8096 512 424 
1.74692 -0.1224228 -1.034971 63662611622390 72057594037928355 14 926.8083 1161.072 227.5629 422.4897 512 424 
1.623302 -0.1150635 -1.074463 63662611622390 72057594037928355 15 928.5817 1235.437 227.4583 446.1763 512 424 
1.721437 0.009617784 -1.038947 63662611622390 72057594037928355 18 1007.756 1172.887 255.302 426.4196 512 424 
1.595685 0.01405125 -1.074409 63662611622390 72057594037928355 19 1013.953 1247.674 256.4564 450.0838 512 424 
1.74692 -0.1224228 -1.034971 63662611622390 72057594037928355 14 926.8083 1161.072 227.5629 422.4897 512 424 
1.623302 -0.1150635 -1.074463 63662611622390 72057594037928355 15 928.5817 1235.437 227.4583 446.1763 512 424 
1.721437 0.009617784 -1.038947 63662611622390 72057594037928355 18 1007.756 1172.887 255.302 426.4196 512 424 
1.595685 0.01405125 -1.074409 63662611622390 72057594037928355 19 1013.953 1247.674 256.4564 450.0838 512 424 
1.74692 -0.1224228 -1.034971 63662611622390 72057594037928355 14 926.8083 1161.072 227.5629 422.4897 512 424 
1.623302 -0.1150635 -1.074463 63662611622390 72057594037928355 15 928.5817 1235.437 227.4583 446.1763 512 424 
1.721437 0.009617784 -1.038947 63662611622390 72057594037928355 18 1007.756 1172.887 255.302 426.4196 512 424 
1.595685 0.01405125 -1.074409 63662611622390 72057594037928355 19 1013.953 1247.674 256.4564 450.0838 512 424 
1.744662 -0.1220997 -1.028614 63662611622499 72057594037928355 14 926.943 1157.995 227.5914 421.4864 512 424 
1.620784 -0.1160093 -1.068094 63662611622499 72057594037928355 15 927.8907 1232.327 227.1964 445.2072 512 424 
1.721176 0.01147075 -1.032382 63662611622499 72057594037928355 18 1008.896 1168.902 255.6975 425.1263 512 424 
1.595311 0.01507038 -1.068074 63662611622499 72057594037928355 19 1014.632 1243.582 256.6911 448.8212 512 424 
1.743448 -0.121603 -1.025648 63662611622569 72057594037928355 14 927.2131 1156.615 227.6753 421.0362 512 424 
1.619396 -0.1161435 -1.065077 63662611622569 72057594037928355 15 927.764 1230.935 227.1397 444.7733 512 424 
1.721336 0.01138028 -1.029389 63662611622569 72057594037928355 18 1008.832 1166.982 255.6784 424.5021 512 424 
1.595445 0.01428162 -1.065308 63662611622569 72057594037928355 19 1014.097 1241.662 256.5118 448.2277 512 424 
1.743448 -0.121603 -1.025648 63662611622569 72057594037928355 14 927.2131 1156.615 227.6753 421.0362 512 424 
1.619396 -0.1161435 -1.065077 63662611622569 72057594037928355 15 927.764 1230.935 227.1397 444.7733 512 424 
1.721336 0.01138028 -1.029389 63662611622569 72057594037928355 18 1008.832 1166.982 255.6784 424.5021 512 424 
1.595445 0.01428162 -1.065308 63662611622569 72057594037928355 19 1014.097 1241.662 256.5118 448.2277 512 424 
1.743448 -0.121603 -1.025648 63662611622569 72057594037928355 14 927.2131 1156.615 227.6753 421.0362 512 424 
1.619396 -0.1161435 -1.065077 63662611622569 72057594037928355 15 927.764 1230.935 227.1397 444.7733 512 424 
1.721336 0.01138028 -1.029389 63662611622569 72057594037928355 18 1008.832 1166.982 255.6784 424.5021 512 424 
1.595445 0.01428162 -1.065308 63662611622569 72057594037928355 19 1014.097 1241.662 256.5118 448.2277 512 424 
1.742251 -0.1214075 -1.020123 63662611622695 72057594037928355 14 927.2963 1153.656 227.6932 420.069 512 424 
1.61815 -0.1166457 -1.060012 63662611622695 72057594037928355 15 927.3957 1228.123 226.9981 443.8952 512 424 
1.721987 0.0104676 -1.024112 63662611622695 72057594037928355 18 1008.244 1163.461 255.4838 423.3559 512 424 
1.596318 0.01259631 -1.061013 63662611622695 72057594037928355 19 1012.941 1238.384 256.127 447.2125 512 424 
1.741376 -0.1215242 -1.017592 63662611622738 72057594037928355 14 927.2011 1152.416 227.6535 419.663 512 424 
1.617272 -0.1169566 -1.057743 63662611622738 72057594037928355 15 927.1658 1227 226.9105 443.5437 512 424 
1.721871 0.01033873 -1.021627 63662611622738 72057594037928355 18 1008.162 1161.96 255.4568 422.8666 512 424 
1.596263 0.01242249 -1.058919 63662611622738 72057594037928355 19 1012.823 1237.001 256.088 446.7834 512 424 
1.740819 -0.1216023 -1.014964 63662611622767 72057594037928355 14 927.1366 1151.002 227.6262 419.1996 512 424 
1.616581 -0.1170344 -1.055146 63662611622767 72057594037928355 15 927.0935 1225.578 226.8774 443.0991 512 424 
1.721964 0.009859853 -1.019342 63662611622767 72057594037928355 18 1007.861 1160.506 255.3549 422.3922 512 424 
1.596372 0.01182046 -1.05693 63662611622767 72057594037928355 19 1012.416 1235.615 255.9509 446.353 512 424 
1.740342 -0.121386 -1.012468 63662611622847 72057594037928355 14 927.2538 1149.64 227.6623 418.7532 512 424 
1.616132 -0.1163539 -1.052914 63662611622847 72057594037928355 15 927.5264 1224.292 227.0195 442.6981 512 424 
1.721972 0.009813304 -1.017107 63662611622847 72057594037928355 18 1007.828 1159.115 255.3452 421.9379 512 424 
1.596555 0.01218725 -1.055229 63662611622847 72057594037928355 19 1012.652 1234.391 256.0347 445.9722 512 424 
1.741381 -0.1226296 -1.00894 63662611622917 72057594037928355 14 926.5135 1147.103 227.411 417.9194 512 424 
1.619683 -0.1185127 -1.053578 63662611622917 72057594037928355 15 926.1985 1223.201 226.5885 442.3524 512 424 
1.722305 0.009694907 -1.014745 63662611622917 72057594037928355 18 1007.743 1157.525 255.3198 421.4183 512 424 
1.597399 0.01199092 -1.053975 63662611622917 72057594037928355 19 1012.495 1233.175 255.9888 445.5935 512 424 
1.740764 -0.1228399 -1.007121 63662611622989 72057594037928355 14 926.3678 1146.206 227.3559 417.6245 512 424 
1.61885 -0.1184373 -1.051611 63662611622989 72057594037928355 15 926.2236 1222.258 226.5889 442.0568 512 424 
1.721996 0.008934484 -1.013445 63662611622989 72057594037928355 18 1007.279 1156.832 255.1583 421.1916 512 424 
1.597116 0.01139206 -1.052903 63662611622989 72057594037928355 19 1012.102 1232.58 255.8529 445.4084 512 424 
1.740764 -0.1228399 -1.007121 63662611622989 72057594037928355 14 926.3678 1146.206 227.3559 417.6245 512 424 
1.61885 -0.1184373 -1.051611 63662611622989 72057594037928355 15 926.2236 1222.258 226.5889 442.0568 512 424 
1.721996 0.008934484 -1.013445 63662611622989 72057594037928355 18 1007.279 1156.832 255.1583 421.1916 512 424 
1.597116 0.01139206 -1.052903 63662611622989 72057594037928355 19 1012.102 1232.58 255.8529 445.4084 512 424 
1.740764 -0.1228399 -1.007121 63662611622989 72057594037928355 14 926.3678 1146.206 227.3559 417.6245 512 424 
1.61885 -0.1184373 -1.051611 63662611622989 72057594037928355 15 926.2236 1222.258 226.5889 442.0568 512 424 
1.721996 0.008934484 -1.013445 63662611622989 72057594037928355 18 1007.279 1156.832 255.1583 421.1916 512 424 
1.597116 0.01139206 -1.052903 63662611622989 72057594037928355 19 1012.102 1232.58 255.8529 445.4084 512 424 
1.740342 -0.1226369 -1.004335 63662611623130 72057594037928355 14 926.4777 1144.645 227.3896 417.1116 512 424 
1.618021 -0.1185682 -1.048507 63662611623130 72057594037928355 15 926.1116 1220.558 226.5407 441.5233 512 424 
1.721519 0.008115302 -1.011246 63662611623130 72057594037928355 18 1006.78 1155.64 254.9844 420.8017 512 424 
1.596377 0.01006074 -1.050569 63662611623130 72057594037928355 19 1011.232 1231.34 255.5507 445.022 512 424 
1.740342 -0.1226369 -1.004335 63662611623130 72057594037928355 14 926.4777 1144.645 227.3896 417.1116 512 424 
1.618021 -0.1185682 -1.048507 63662611623130 72057594037928355 15 926.1116 1220.558 226.5407 441.5233 512 424 
1.721519 0.008115302 -1.011246 63662611623130 72057594037928355 18 1006.78 1155.64 254.9844 420.8017 512 424 
1.596377 0.01006074 -1.050569 63662611623130 72057594037928355 19 1011.232 1231.34 255.5507 445.022 512 424 
1.739737 -0.122219 -1.003013 63662611623222 72057594037928355 14 926.7166 1144.046 227.4677 416.9153 512 424 
1.617331 -0.1184707 -1.047159 63662611623222 72057594037928355 15 926.1559 1219.962 226.5495 441.3361 512 424 
1.721291 0.007938419 -1.0098 63662611623222 72057594037928355 18 1006.674 1154.824 254.947 420.5348 512 424 
1.596257 0.009508368 -1.049424 63662611623222 72057594037928355 19 1010.865 1230.624 255.425 444.7986 512 424 
1.739737 -0.122219 -1.003013 63662611623222 72057594037928355 14 926.7166 1144.046 227.4677 416.9153 512 424 
1.617331 -0.1184707 -1.047159 63662611623222 72057594037928355 15 926.1559 1219.962 226.5495 441.3361 512 424 
1.721291 0.007938419 -1.0098 63662611623222 72057594037928355 18 1006.674 1154.824 254.947 420.5348 512 424 
1.596257 0.009508368 -1.049424 63662611623222 72057594037928355 19 1010.865 1230.624 255.425 444.7986 512 424 
1.739311 -0.1216475 -1.001319 63662611623317 72057594037928355 14 927.0533 1143.156 227.5803 416.6232 512 424 
1.616696 -0.1183752 -1.045239 63662611623317 72057594037928355 15 926.1995 1218.962 226.5576 441.0222 512 424 
1.72105 0.007458453 -1.00789 63662611623317 72057594037928355 18 1006.379 1153.725 254.8451 420.1747 512 424 
1.596083 0.008281253 -1.047732 63662611623317 72057594037928355 19 1010.049 1229.563 255.1454 444.4678 512 424 
1.73935 -0.121359 -1.000503 63662611623390 72057594037928355 14 927.2292 1142.641 227.6409 416.454 512 424 
1.616729 -0.1182318 -1.044474 63662611623390 72057594037928355 15 926.2934 1218.44 226.5889 440.8585 512 424 
1.720781 0.006882217 -1.006826 63662611623390 72057594037928355 18 1006.028 1153.162 254.7225 419.9902 512 424 
1.595913 0.007556443 -1.046896 63662611623390 72057594037928355 19 1009.569 1229.076 254.9802 444.3159 512 424 
1.73935 -0.121359 -1.000503 63662611623390 72057594037928355 14 927.2292 1142.641 227.6409 416.454 512 424 
1.616729 -0.1182318 -1.044474 63662611623390 72057594037928355 15 926.2934 1218.44 226.5889 440.8585 512 424 
1.720781 0.006882217 -1.006826 63662611623390 72057594037928355 18 1006.028 1153.162 254.7225 419.9902 512 424 
1.595913 0.007556443 -1.046896 63662611623390 72057594037928355 19 1009.569 1229.076 254.9802 444.3159 512 424 
1.605785 -0.1179014 -0.981842 63662611623499 72057594037928355 15 926.1323 1181.387 226.3835 429.0637 512 424 
1.720299 0.007018254 -1.003668 63662611623499 72057594037928355 18 1006.117 1151.373 254.7521 419.404 512 424 
1.596197 0.006930423 -1.045142 63662611623499 72057594037928355 19 1009.141 1227.773 254.8372 443.9086 512 424 
1.605785 -0.1179014 -0.981842 63662611623499 72057594037928355 15 926.1323 1181.387 226.3835 429.0637 512 424 
1.720299 0.007018254 -1.003668 63662611623499 72057594037928355 18 1006.117 1151.373 254.7521 419.404 512 424 
1.596197 0.006930423 -1.045142 63662611623499 72057594037928355 19 1009.141 1227.773 254.8372 443.9086 512 424 
1.60553 -0.1167138 -0.9814181 63662611623570 72057594037928355 15 926.9113 1181.208 226.6493 429.008 512 424 
1.720193 0.007121135 -1.00203 63662611623570 72057594037928355 18 1006.181 1150.394 254.7743 419.0825 512 424 
1.596623 0.007039371 -1.044418 63662611623570 72057594037928355 19 1009.201 1227.099 254.8618 443.6979 512 424 
1.60553 -0.1167138 -0.9814181 63662611623570 72057594037928355 15 926.9113 1181.208 226.6493 429.008 512 424 
1.720193 0.007121135 -1.00203 63662611623570 72057594037928355 18 1006.181 1150.394 254.7743 419.0825 512 424 
1.596623 0.007039371 -1.044418 63662611623570 72057594037928355 19 1009.201 1227.099 254.8618 443.6979 512 424 
1.60553 -0.1167138 -0.9814181 63662611623570 72057594037928355 15 926.9113 1181.208 226.6493 429.008 512 424 
1.720193 0.007121135 -1.00203 63662611623570 72057594037928355 18 1006.181 1150.394 254.7743 419.0825 512 424 
1.596623 0.007039371 -1.044418 63662611623570 72057594037928355 19 1009.201 1227.099 254.8618 443.6979 512 424 
1.605268 -0.1180243 -0.9812097 63662611623662 72057594037928355 15 926.0366 1181.176 226.3463 428.9955 512 424 
1.719769 0.006745326 -1.000566 63662611623662 72057594037928355 18 1005.955 1149.637 254.6945 418.834 512 424 
1.596256 0.006068087 -1.04311 63662611623662 72057594037928355 19 1008.561 1226.383 254.6405 443.4736 512 424 
1.604851 -0.1185657 -0.9811144 63662611623713 72057594037928355 15 925.6671 1181.283 226.2162 429.0289 512 424 
1.718964 0.006437472 -0.9986463 63662611623713 72057594037928355 18 1005.78 1148.734 254.6295 418.5376 512 424 
1.595388 0.005542497 -1.041169 63662611623713 72057594037928355 19 1008.23 1225.459 254.5213 443.1845 512 424 
1.604851 -0.1185657 -0.9811144 63662611623713 72057594037928355 15 925.6671 1181.283 226.2162 429.0289 512 424 
1.718964 0.006437472 -0.9986463 63662611623713 72057594037928355 18 1005.78 1148.734 254.6295 418.5376 512 424 
1.595388 0.005542497 -1.041169 63662611623713 72057594037928355 19 1008.23 1225.459 254.5213 443.1845 512 424 
1.604293 -0.1192957 -0.9812348 63662611623804 72057594037928355 15 925.169 1181.591 226.0412 429.1268 512 424 
1.718159 0.006652553 -0.9972442 63662611623804 72057594037928355 18 1005.928 1148.152 254.6762 418.3466 512 424 
1.594669 0.005653033 -1.039965 63662611623804 72057594037928355 19 1008.32 1224.965 254.5472 443.0297 512 424 
1.604293 -0.1192957 -0.9812348 63662611623804 72057594037928355 15 925.169 1181.591 226.0412 429.1268 512 424 
1.718159 0.006652553 -0.9972442 63662611623804 72057594037928355 18 1005.928 1148.152 254.6762 418.3466 512 424 
1.594669 0.005653033 -1.039965 63662611623804 72057594037928355 19 1008.32 1224.965 254.5472 443.0297 512 424 
1.603925 -0.1196629 -0.9811295 63662611623885 72057594037928355 15 924.9157 1181.671 225.9514 429.1519 512 424 
1.717634 0.006289981 -0.9959427 63662611623885 72057594037928355 18 1005.714 1147.532 254.5992 418.1427 512 424 
1.594138 0.005619122 -1.038719 63662611623885 72057594037928355 19 1008.309 1224.36 254.54 442.84 512 424 
1.603925 -0.1196629 -0.9811295 63662611623885 72057594037928355 15 924.9157 1181.671 225.9514 429.1519 512 424 
1.717634 0.006289981 -0.9959427 63662611623885 72057594037928355 18 1005.714 1147.532 254.5992 418.1427 512 424 
1.594138 0.005619122 -1.038719 63662611623885 72057594037928355 19 1008.309 1224.36 254.54 442.84 512 424 
1.603925 -0.1196629 -0.9811295 63662611623885 72057594037928355 15 924.9157 1181.671 225.9514 429.1519 512 424 
1.717634 0.006289981 -0.9959427 63662611623885 72057594037928355 18 1005.714 1147.532 254.5992 418.1427 512 424 
1.594138 0.005619122 -1.038719 63662611623885 72057594037928355 19 1008.309 1224.36 254.54 442.84 512 424 
1.603801 -0.1198084 -0.981333 63662611623970 72057594037928355 15 924.8163 1181.858 225.9166 429.2117 512 424 
1.717337 0.006274004 -0.9946455 63662611623970 72057594037928355 18 1005.708 1146.831 254.5961 417.9124 512 424 
1.593845 0.005627708 -1.037494 63662611623970 72057594037928355 19 1008.32 1223.664 254.5423 442.6217 512 424 
1.603801 -0.1198084 -0.981333 63662611623970 72057594037928355 15 924.8163 1181.858 225.9166 429.2117 512 424 
1.717337 0.006274004 -0.9946455 63662611623970 72057594037928355 18 1005.708 1146.831 254.5961 417.9124 512 424 
1.593845 0.005627708 -1.037494 63662611623970 72057594037928355 19 1008.32 1223.664 254.5423 442.6217 512 424 
1.603485 -0.1199679 -0.9811238 63662611624039 72057594037928355 15 924.7018 1181.847 225.8748 429.2079 512 424 
1.71665 0.006433249 -0.9933954 63662611624039 72057594037928355 18 1005.82 1146.3 254.6307 417.7379 512 424 
1.593138 0.005747755 -1.03627 63662611624039 72057594037928355 19 1008.416 1223.151 254.5704 442.4607 512 424 
1.606714 -0.119642 -0.997278 63662611624096 72057594037928355 15 925.0292 1191.292 226.0276 432.2413 512 424 
1.71627 0.006269455 -0.9919775 63662611624096 72057594037928355 18 1005.725 1145.554 254.5961 417.4923 512 424 
1.592817 0.004937612 -1.034999 63662611624096 72057594037928355 19 1007.881 1222.435 254.3853 442.2363 512 424 
1.606714 -0.119642 -0.997278 63662611624096 72057594037928355 15 925.0292 1191.292 226.0276 432.2413 512 424 
1.71627 0.006269455 -0.9919775 63662611624096 72057594037928355 18 1005.725 1145.554 254.5961 417.4923 512 424 
1.592817 0.004937612 -1.034999 63662611624096 72057594037928355 19 1007.881 1222.435 254.3853 442.2363 512 424 
1.606714 -0.119642 -0.997278 63662611624096 72057594037928355 15 925.0292 1191.292 226.0276 432.2413 512 424 
1.71627 0.006269455 -0.9919775 63662611624096 72057594037928355 18 1005.725 1145.554 254.5961 417.4923 512 424 
1.592817 0.004937612 -1.034999 63662611624096 72057594037928355 19 1007.881 1222.435 254.3853 442.2363 512 424 
1.603987 -0.1194087 -0.9828553 63662611624182 72057594037928355 15 925.0885 1182.797 226.0132 429.5148 512 424 
1.716015 0.006071517 -0.9907561 63662611624182 72057594037928355 18 1005.605 1144.885 254.554 417.2722 512 424 
1.592624 0.004951522 -1.033935 63662611624182 72057594037928355 19 1007.893 1221.804 254.3887 442.0379 512 424 
1.603606 -0.1195332 -0.9828172 63662611624252 72057594037928355 15 924.996 1182.927 225.9787 429.5564 512 424 
1.714908 0.006198758 -0.9896827 63662611624252 72057594037928355 18 1005.707 1144.614 254.5821 417.1831 512 424 
1.591396 0.005096843 -1.032715 63662611624252 72057594037928355 19 1008.019 1221.519 254.4229 441.9484 512 424 
1.603606 -0.1195332 -0.9828172 63662611624252 72057594037928355 15 924.996 1182.927 225.9787 429.5564 512 424 
1.714908 0.006198758 -0.9896827 63662611624252 72057594037928355 18 1005.707 1144.614 254.5821 417.1831 512 424 
1.591396 0.005096843 -1.032715 63662611624252 72057594037928355 19 1008.019 1221.519 254.4229 441.9484 512 424 
1.603606 -0.1195332 -0.9828172 63662611624252 72057594037928355 15 924.996 1182.927 225.9787 429.5564 512 424 
1.714908 0.006198758 -0.9896827 63662611624252 72057594037928355 18 1005.707 1144.614 254.5821 417.1831 512 424 
1.591396 0.005096843 -1.032715 63662611624252 72057594037928355 19 1008.019 1221.519 254.4229 441.9484 512 424 
1.603497 -0.1199301 -0.9831415 63662611624321 72057594037928355 15 924.7304 1183.189 225.8869 429.6398 512 424 
1.71396 0.006558461 -0.9881665 63662611624321 72057594037928355 18 1005.949 1144.009 254.6599 416.984 512 424 
1.590712 0.005388649 -1.031654 63662611624321 72057594037928355 19 1008.23 1221.103 254.4904 441.8177 512 424 
1.603497 -0.1199301 -0.9831415 63662611624321 72057594037928355 15 924.7304 1183.189 225.8869 429.6398 512 424 
1.71396 0.006558461 -0.9881665 63662611624321 72057594037928355 18 1005.949 1144.009 254.6599 416.984 512 424 
1.590712 0.005388649 -1.031654 63662611624321 72057594037928355 19 1008.23 1221.103 254.4904 441.8177 512 424 
1.603008 -0.1196936 -0.9828236 63662611624422 72057594037928355 15 924.8736 1183.177 225.9325 429.6363 512 424 
1.712938 0.006617889 -0.9870772 63662611624422 72057594037928355 18 1006.007 1143.697 254.6735 416.8812 512 424 
1.589722 0.005489292 -1.030652 63662611624422 72057594037928355 19 1008.321 1220.86 254.5143 441.7414 512 424 
1.603008 -0.1196936 -0.9828236 63662611624422 72057594037928355 15 924.8736 1183.177 225.9325 429.6363 512 424 
1.712938 0.006617889 -0.9870772 63662611624422 72057594037928355 18 1006.007 1143.697 254.6735 416.8812 512 424 
1.589722 0.005489292 -1.030652 63662611624422 72057594037928355 19 1008.321 1220.86 254.5143 441.7414 512 424 
1.602464 -0.118911 -0.9830971 63662611624509 72057594037928355 15 925.3786 1183.582 226.1028 429.7679 512 424 
1.706399 0.01244078 -0.9845882 63662611624509 72057594037928355 18 1009.779 1144.497 255.9318 417.1445 512 424 
1.582494 0.01288532 -1.027141 63662611624509 72057594037928355 19 1013.472 1221.657 256.2243 441.9905 512 424 
1.602464 -0.118911 -0.9830971 63662611624509 72057594037928355 15 925.3786 1183.582 226.1028 429.7679 512 424 
1.706399 0.01244078 -0.9845882 63662611624509 72057594037928355 18 1009.779 1144.497 255.9318 417.1445 512 424 
1.582494 0.01288532 -1.027141 63662611624509 72057594037928355 19 1013.472 1221.657 256.2243 441.9905 512 424 
1.602464 -0.118911 -0.9830971 63662611624509 72057594037928355 15 925.3786 1183.582 226.1028 429.7679 512 424 
1.706399 0.01244078 -0.9845882 63662611624509 72057594037928355 18 1009.779 1144.497 255.9318 417.1445 512 424 
1.582494 0.01288532 -1.027141 63662611624509 72057594037928355 19 1013.472 1221.657 256.2243 441.9905 512 424 
1.601306 -0.117693 -0.9811965 63662611624589 72057594037928355 15 926.1537 1182.786 226.3593 429.5139 512 424 
1.706421 0.0112944 -0.9836441 63662611624589 72057594037928355 18 1009.063 1143.898 255.6852 416.9473 512 424 
1.582788 0.01128074 -1.026673 63662611624589 72057594037928355 19 1012.385 1221.21 255.8542 441.8505 512 424 
1.607501 -0.1184144 -1.006371 63662611624650 72057594037928355 15 925.8761 1197.023 226.3347 434.0747 512 424 
1.706425 0.0110575 -0.9831028 63662611624650 72057594037928355 18 1008.914 1143.557 255.6343 416.8352 512 424 
1.582986 0.01087945 -1.026468 63662611624650 72057594037928355 19 1012.109 1220.984 255.7615 441.7795 512 424 
1.607501 -0.1184144 -1.006371 63662611624650 72057594037928355 15 925.8761 1197.023 226.3347 434.0747 512 424 
1.706425 0.0110575 -0.9831028 63662611624650 72057594037928355 18 1008.914 1143.557 255.6343 416.8352 512 424 
1.582986 0.01087945 -1.026468 63662611624650 72057594037928355 19 1012.109 1220.984 255.7615 441.7795 512 424 
1.606316 -0.1174123 -1.005925 63662611624698 72057594037928355 15 926.5077 1197.22 226.5432 434.1392 512 424 
1.5847 -0.01036198 -1.000359 63662611624698 72057594037928355 19 997.7592 1202.577 250.8656 435.9574 512 424 
1.604368 -0.1163732 -1.005464 63662611624762 72057594037928355 15 927.1456 1197.726 226.7486 434.3023 512 424 
1.703221 0.01288961 -0.9814228 63662611624762 72057594037928355 18 1010.133 1143.661 256.0337 416.8693 512 424 
1.579653 0.01272059 -1.024631 63662611624762 72057594037928355 19 1013.44 1221.204 256.1917 441.8484 512 424 
1.603004 -0.1129552 -1.005141 63662611624812 72057594037928355 15 929.3771 1198.08 227.5055 434.4212 512 424 
1.703464 0.01220343 -0.9794214 63662611624812 72057594037928355 18 1009.695 1142.317 255.8857 416.4266 512 424 
1.5804 0.01159796 -1.023483 63662611624812 72057594037928355 19 1012.66 1220.097 255.9316 441.5005 512 424 
1.603004 -0.1129552 -1.005141 63662611624812 72057594037928355 15 929.3771 1198.08 227.5055 434.4212 512 424 
1.703464 0.01220343 -0.9794214 63662611624812 72057594037928355 18 1009.695 1142.317 255.8857 416.4266 512 424 
1.5804 0.01159796 -1.023483 63662611624812 72057594037928355 19 1012.66 1220.097 255.9316 441.5005 512 424 
1.598083 -0.1089314 -1.010549 63662611624877 72057594037928355 15 931.9445 1203.77 228.3597 436.2385 512 424 
1.570831 0.01694872 -0.9695978 63662611624877 72057594037928355 19 1016.46 1187.57 257.2031 431.1575 512 424 
1.598083 -0.1089314 -1.010549 63662611624877 72057594037928355 15 931.9445 1203.77 228.3597 436.2385 512 424 
1.570831 0.01694872 -0.9695978 63662611624877 72057594037928355 19 1016.46 1187.57 257.2031 431.1575 512 424 
1.598083 -0.1089314 -1.010549 63662611624877 72057594037928355 15 931.9445 1203.77 228.3597 436.2385 512 424 
1.570831 0.01694872 -0.9695978 63662611624877 72057594037928355 19 1016.46 1187.57 257.2031 431.1575 512 424 
1.587876 -0.07423554 -0.9304884 63662611624953 72057594037928355 15 954.811 1154.147 236.1031 420.2737 512 424 
1.569342 0.01743782 -0.9688244 63662611624953 72057594037928355 19 1016.837 1187.669 257.3209 431.1892 512 424 
1.587876 -0.07423554 -0.9304884 63662611624953 72057594037928355 15 954.811 1154.147 236.1031 420.2737 512 424 
1.569342 0.01743782 -0.9688244 63662611624953 72057594037928355 19 1016.837 1187.669 257.3209 431.1892 512 424 
1.587876 -0.07423554 -0.9304884 63662611624953 72057594037928355 15 954.811 1154.147 236.1031 420.2737 512 424 
1.569342 0.01743782 -0.9688244 63662611624953 72057594037928355 19 1016.837 1187.669 257.3209 431.1892 512 424 
1.642388 -0.1116729 -0.9769903 63662611625046 72057594037928355 14 931.0795 1163.643 228.3318 423.332 512 424 
1.520424 -0.1025068 -1.021411 63662611625046 72057594037928355 15 934.6313 1246.047 228.7494 449.469 512 424 
1.685635 -0.05970545 -0.9894657 63662611625046 72057594037928355 19 964.8052 1155.213 240.2604 420.6382 512 424 
1.648601 -0.1193074 -0.9730366 63662611625121 72057594037928355 14 926.2886 1158.684 226.7192 421.7054 512 424 
1.530584 -0.11181 -1.023311 63662611625121 72057594037928355 15 928.3912 1242.597 226.6933 448.3853 512 424 
1.697617 0.01089151 -0.9764987 63662611625121 72057594037928355 18 1009.014 1142.594 255.6109 416.5179 512 424 
1.580144 0.01391402 -1.028228 63662611625121 72057594037928355 19 1014.235 1223.429 256.4655 442.5466 512 424 
1.575471 -0.1243783 -0.9563973 63662611625198 72057594037928355 14 920.9236 1176.698 224.3518 427.5356 512 424 
1.461372 -0.1156959 -1.010798 63662611625198 72057594037928355 15 923.681 1267.388 224.5657 455.9362 512 424 
1.687312 0.006203847 -0.9773218 63662611625198 72057594037928355 18 1006.316 1146.873 254.6047 417.9262 512 424 
1.568852 0.01018872 -1.027621 63662611625198 72057594037928355 19 1012.045 1228.035 255.6216 443.9901 512 424 
1.575471 -0.1243783 -0.9563973 63662611625198 72057594037928355 14 920.9236 1176.698 224.3518 427.5356 512 424 
1.461372 -0.1156959 -1.010798 63662611625198 72057594037928355 15 923.681 1267.388 224.5657 455.9362 512 424 
1.687312 0.006203847 -0.9773218 63662611625198 72057594037928355 18 1006.316 1146.873 254.6047 417.9262 512 424 
1.568852 0.01018872 -1.027621 63662611625198 72057594037928355 19 1012.045 1228.035 255.6216 443.9901 512 424 
1.575471 -0.1243783 -0.9563973 63662611625198 72057594037928355 14 920.9236 1176.698 224.3518 427.5356 512 424 
1.461372 -0.1156959 -1.010798 63662611625198 72057594037928355 15 923.681 1267.388 224.5657 455.9362 512 424 
1.687312 0.006203847 -0.9773218 63662611625198 72057594037928355 18 1006.316 1146.873 254.6047 417.9262 512 424 
1.568852 0.01018872 -1.027621 63662611625198 72057594037928355 19 1012.045 1228.035 255.6216 443.9901 512 424 
1.575471 -0.1243783 -0.9563973 63662611625198 72057594037928355 14 920.9236 1176.698 224.3518 427.5356 512 424 
1.461372 -0.1156959 -1.010798 63662611625198 72057594037928355 15 923.681 1267.388 224.5657 455.9362 512 424 
1.687312 0.006203847 -0.9773218 63662611625198 72057594037928355 18 1006.316 1146.873 254.6047 417.9262 512 424 
1.568852 0.01018872 -1.027621 63662611625198 72057594037928355 19 1012.045 1228.035 255.6216 443.9901 512 424 
1.462714 -0.1255518 -0.9491389 63662611625319 72057594037928355 14 916.4568 1221.5 221.9728 441.7724 512 424 
1.336839 -0.1162613 -0.9850683 63662611625319 72057594037928355 15 919.077 1315.944 221.9824 470.2555 512 424 
1.68399 0.04989136 -0.9718341 63662611625319 72057594037928355 18 1033.97 1144.602 264.1324 417.1704 512 424 
1.571251 0.06847543 -1.026632 63662611625319 72057594037928355 19 1051.436 1226.293 269.1369 443.4023 512 424 
1.462714 -0.1255518 -0.9491389 63662611625319 72057594037928355 14 916.4568 1221.5 221.9728 441.7724 512 424 
1.336839 -0.1162613 -0.9850683 63662611625319 72057594037928355 15 919.077 1315.944 221.9824 470.2555 512 424 
1.68399 0.04989136 -0.9718341 63662611625319 72057594037928355 18 1033.97 1144.602 264.1324 417.1704 512 424 
1.571251 0.06847543 -1.026632 63662611625319 72057594037928355 19 1051.436 1226.293 269.1369 443.4023 512 424 
1.462714 -0.1255518 -0.9491389 63662611625319 72057594037928355 14 916.4568 1221.5 221.9728 441.7724 512 424 
1.336839 -0.1162613 -0.9850683 63662611625319 72057594037928355 15 919.077 1315.944 221.9824 470.2555 512 424 
1.68399 0.04989136 -0.9718341 63662611625319 72057594037928355 18 1033.97 1144.602 264.1324 417.1704 512 424 
1.571251 0.06847543 -1.026632 63662611625319 72057594037928355 19 1051.436 1226.293 269.1369 443.4023 512 424 
1.379518 -0.120997 -0.9368401 63662611625427 72057594037928355 14 916.8541 1253.902 221.4172 451.7968 512 424 
1.252137 -0.1091426 -0.9682613 63662611625427 72057594037928355 15 921.7921 1355.15 222.1374 481.3472 512 424 
1.667905 0.04918054 -0.9626504 63662611625427 72057594037928355 18 1034.143 1144.665 264.0808 417.1914 512 424 
1.564847 0.06606567 -1.027613 63662611625427 72057594037928355 19 1050.144 1229.833 268.6346 444.5109 512 424 
1.34535 -0.1126535 -0.9377229 63662611625522 72057594037928355 14 922.1568 1273.116 222.9382 457.6425 512 424 
1.222417 -0.09994511 -0.9759912 63662611625522 72057594037928355 15 928.6873 1382.233 224.2254 488.7685 512 424 
1.604304 0.03527965 -0.9612225 63662611625522 72057594037928355 18 1027.573 1168.193 261.3149 424.8901 512 424 
1.492608 0.04633624 -1.01797 63662611625522 72057594037928355 19 1040.069 1257.002 264.5268 452.9215 512 424 
1.34535 -0.1126535 -0.9377229 63662611625522 72057594037928355 14 922.1568 1273.116 222.9382 457.6425 512 424 
1.222417 -0.09994511 -0.9759912 63662611625522 72057594037928355 15 928.6873 1382.233 224.2254 488.7685 512 424 
1.604304 0.03527965 -0.9612225 63662611625522 72057594037928355 18 1027.573 1168.193 261.3149 424.8901 512 424 
1.492608 0.04633624 -1.01797 63662611625522 72057594037928355 19 1040.069 1257.002 264.5268 452.9215 512 424 
1.34535 -0.1126535 -0.9377229 63662611625522 72057594037928355 14 922.1568 1273.116 222.9382 457.6425 512 424 
1.222417 -0.09994511 -0.9759912 63662611625522 72057594037928355 15 928.6873 1382.233 224.2254 488.7685 512 424 
1.604304 0.03527965 -0.9612225 63662611625522 72057594037928355 18 1027.573 1168.193 261.3149 424.8901 512 424 
1.492608 0.04633624 -1.01797 63662611625522 72057594037928355 19 1040.069 1257.002 264.5268 452.9215 512 424 
1.104175 -0.06624269 -0.9303691 63662611625602 72057594037928355 14 0 0 232.1757 501.3425 512 424 
0.9702762 -0.04727998 -0.9320695 63662611625602 72057594037928355 15 0 0 236.7276 531.1043 512 424 
1.534618 0.04703074 -0.9273335 63662611625602 72057594037928355 18 1038.385 1173.676 264.4821 426.662 512 424 
1.445529 0.0550657 -1.003151 63662611625602 72057594037928355 19 1048.832 1269.849 267.0617 456.8112 512 424 
1.104175 -0.06624269 -0.9303691 63662611625602 72057594037928355 14 0 0 232.1757 501.3425 512 424 
0.9702762 -0.04727998 -0.9320695 63662611625602 72057594037928355 15 0 0 236.7276 531.1043 512 424 
1.534618 0.04703074 -0.9273335 63662611625602 72057594037928355 18 1038.385 1173.676 264.4821 426.662 512 424 
1.445529 0.0550657 -1.003151 63662611625602 72057594037928355 19 1048.832 1269.849 267.0617 456.8112 512 424 
1.104175 -0.06624269 -0.9303691 63662611625602 72057594037928355 14 0 0 232.1757 501.3425 512 424 
0.9702762 -0.04727998 -0.9320695 63662611625602 72057594037928355 15 0 0 236.7276 531.1043 512 424 
1.534618 0.04703074 -0.9273335 63662611625602 72057594037928355 18 1038.385 1173.676 264.4821 426.662 512 424 
1.445529 0.0550657 -1.003151 63662611625602 72057594037928355 19 1048.832 1269.849 267.0617 456.8112 512 424 
1.072166 -0.05937174 -0.9339668 63662611625708 72057594037928355 14 0 0 233.9473 509.0124 512 424 
0.9392934 -0.0430783 -0.9393075 63662611625708 72057594037928355 15 0 0 237.9053 539.9796 512 424 
1.335227 0.02413349 -0.9373332 63662611625708 72057594037928355 18 1030.769 1278.472 259.7986 459.4416 512 424 
1.220431 0.03050929 -0.9872708 63662611625708 72057594037928355 19 1042.402 1393.662 262.1168 492.0559 512 424 
1.086945 -0.04644515 -0.9350725 63662611625784 72057594037928355 14 0 0 238.3083 506.205 512 424 
0.9566036 -0.02955631 -0.9487464 63662611625784 72057594037928355 15 0 0 242.8827 538.2314 512 424 
1.19227 0.05608508 -0.9412097 63662611625784 72057594037928355 18 1066.901 1372.612 270.0018 486.3311 512 424 
1.067946 0.06596795 -0.9729501 63662611625784 72057594037928355 19 0 0 274.5367 519.1697 512 424 
1.063703 -0.05176991 -0.6188994 63662611625866 72057594037928355 13 970.2117 1149.699 235.3939 418.8129 512 424 
1.034976 -0.05788476 -0.9202073 63662611625866 72057594037928355 14 0 0 233.8558 513.6797 512 424 
0.906776 -0.03967562 -0.9376133 63662611625866 72057594037928355 15 0 0 238.7818 547.3147 512 424 
1.023304 0.1087867 -0.6154963 63662611625866 72057594037928355 17 1137.188 1170.693 292.1806 425.5225 512 424 
0.9472123 0.1125145 -0.9112923 63662611625866 72057594037928355 18 0 0 293.4421 530.7778 512 424 
0.8163767 0.1278143 -0.9160959 63662611625866 72057594037928355 19 0 0 303.3819 564.5679 512 424 
1.048031 -0.05482234 -0.6102663 63662611625944 72057594037928355 13 967.1341 1150.197 234.0591 418.9703 512 424 
1.048115 -0.07205459 -0.9108584 63662611625944 72057594037928355 14 0 0 229.2777 508.3891 512 424 
0.9237679 -0.05379172 -0.9376201 63662611625944 72057594037928355 15 0 0 233.8707 543.1646 512 424 
0.9301528 0.1439417 -0.5871139 63662611625944 72057594037928355 17 1194.37 1202.572 309.6845 435.4547 512 424 
0.7969623 0.1723306 -0.8643969 63662611625944 72057594037928355 18 0 0 323.0759 555.5046 512 424 
0.6662349 0.189741 -0.8568744 63662611625944 72057594037928355 19 0 0 342.4097 607.9125 512 424 
0.9950742 -0.03779158 -0.6046443 63662611626010 72057594037928355 13 985.2919 1177.294 239.3463 427.8177 512 424 
1.004283 -0.05206086 -0.904563 63662611626010 72057594037928355 14 0 0 235.3351 516.6458 512 424 
0.8816012 -0.03545164 -0.9335784 63662611626010 72057594037928355 15 0 0 240.0672 552.5718 512 424 
0.8399727 0.1787894 -0.5640121 63662611626010 72057594037928355 17 1262.928 1245.862 330.2897 448.3032 512 424 
0.6772832 0.225457 -0.8246183 63662611626010 72057594037928355 18 0 0 357.1751 585.3804 512 424 
0.5475633 0.2404709 -0.811125 63662611626010 72057594037928355 19 0 0 417.8428 760.4544 512 424 
0.9950742 -0.03779158 -0.6046443 63662611626010 72057594037928355 13 985.2919 1177.294 239.3463 427.8177 512 424 
1.004283 -0.05206086 -0.904563 63662611626010 72057594037928355 14 0 0 235.3351 516.6458 512 424 
0.8816012 -0.03545164 -0.9335784 63662611626010 72057594037928355 15 0 0 240.0672 552.5718 512 424 
0.8399727 0.1787894 -0.5640121 63662611626010 72057594037928355 17 1262.928 1245.862 330.2897 448.3032 512 424 
0.6772832 0.225457 -0.8246183 63662611626010 72057594037928355 18 0 0 357.1751 585.3804 512 424 
0.5475633 0.2404709 -0.811125 63662611626010 72057594037928355 19 0 0 417.8428 760.4544 512 424 
0.9950742 -0.03779158 -0.6046443 63662611626010 72057594037928355 13 985.2919 1177.294 239.3463 427.8177 512 424 
1.004283 -0.05206086 -0.904563 63662611626010 72057594037928355 14 0 0 235.3351 516.6458 512 424 
0.8816012 -0.03545164 -0.9335784 63662611626010 72057594037928355 15 0 0 240.0672 552.5718 512 424 
0.8399727 0.1787894 -0.5640121 63662611626010 72057594037928355 17 1262.928 1245.862 330.2897 448.3032 512 424 
0.6772832 0.225457 -0.8246183 63662611626010 72057594037928355 18 0 0 357.1751 585.3804 512 424 
0.5475633 0.2404709 -0.811125 63662611626010 72057594037928355 19 0 0 417.8428 760.4544 512 424 
0.8935183 -0.007321012 -0.6153913 63662611626155 72057594037928355 13 1023.607 1264.209 250.2825 455.1434 512 424 
0.8873894 -0.01143255 -0.9158864 63662611626155 72057594037928355 14 0 0 248.9893 547.0134 512 424 
0.7627752 -0.003438169 -0.93779 63662611626155 72057594037928355 15 0 0 251.8435 590.2623 512 424 
0.7223852 0.2721378 -0.5371485 63662611626155 72057594037928355 17 1449.181 1323.951 386.0046 467.3107 512 424 
0.5370497 0.3861047 -0.760165 63662611626155 72057594037928355 18 0 0 542.7206 775.1893 512 424 
0.409443 0.3925802 -0.741094 63662611626155 72057594037928355 19 0 0 1663.755 2867.961 512 424 
0.8287128 0.02944025 -0.6338024 63662611626233 72057594037928355 13 1075.26 1346.052 265.9706 479.0361 512 424 
0.825991 0.03309939 -0.9334013 63662611626233 72057594037928355 14 0 0 266.0937 567.342 512 424 
0.7026748 0.03484379 -0.9551178 63662611626233 72057594037928355 15 0 0 268.9468 635.4252 512 424 
0.6485295 0.3767319 -0.5014704 63662611626233 72057594037928355 17 1677.354 1357.025 449.9337 467.0883 512 424 
0.464996 0.5586591 -0.6737779 63662611626233 72057594037928355 18 0 0 1296.354 1463.33 512 424 
0.3395752 0.5599064 -0.6522211 63662611626233 72057594037928355 19 0 0 10478.83 12116.81 512 424 
0.6999894 0.4938374 -0.1910575 63662611626233 72057594037928355 23 1802.702 819.8159 506.2394 303.1633 512 424 
0.7047566 0.549132 -0.1490096 63662611626300 72057594037928355 10 1881.607 753.9991 529.5984 280.275 512 424 
0.6564677 0.5934004 -0.1775079 63662611626300 72057594037928355 11 2023.049 817.0592 561.6995 297.5549 512 424 
0.7502681 0.07769776 -0.6346599 63662611626300 72057594037928355 13 0 0 289.5693 501.9152 512 424 
0.7496756 0.1033568 -0.9323317 63662611626300 72057594037928355 14 0 0 296.324 593.7935 512 424 
0.6279688 0.1012204 -0.953733 63662611626300 72057594037928355 15 0 0 312.0995 759.7419 512 424 
0.5926158 0.4823204 -0.4325428 63662611626300 72057594037928355 17 1937.071 1311.624 517.1533 441.9507 512 424 
0.4436997 0.7308256 -0.5359102 63662611626300 72057594037928355 18 0 0 2632.021 1949.624 512 424 
0.3202138 0.7303751 -0.5124699 63662611626300 72057594037928355 19 0 0 27415.7 19263.89 512 424 
0.5858209 0.6145283 -0.2011669 63662611626300 72057594037928355 23 0 0 592.2129 316.2462 512 424 
0.5897128 0.5854962 -0.1606472 63662611626300 72057594037928355 24 2129.72 819.2449 582.2837 295.566 512 424 
0.7047566 0.549132 -0.1490096 63662611626300 72057594037928355 10 1881.607 753.9991 529.5984 280.275 512 424 
0.6564677 0.5934004 -0.1775079 63662611626300 72057594037928355 11 2023.049 817.0592 561.6995 297.5549 512 424 
0.7502681 0.07769776 -0.6346599 63662611626300 72057594037928355 13 0 0 289.5693 501.9152 512 424 
0.7496756 0.1033568 -0.9323317 63662611626300 72057594037928355 14 0 0 296.324 593.7935 512 424 
0.6279688 0.1012204 -0.953733 63662611626300 72057594037928355 15 0 0 312.0995 759.7419 512 424 
0.5926158 0.4823204 -0.4325428 63662611626300 72057594037928355 17 1937.071 1311.624 517.1533 441.9507 512 424 
0.4436997 0.7308256 -0.5359102 63662611626300 72057594037928355 18 0 0 2632.021 1949.624 512 424 
0.3202138 0.7303751 -0.5124699 63662611626300 72057594037928355 19 0 0 27415.7 19263.89 512 424 
0.5858209 0.6145283 -0.2011669 63662611626300 72057594037928355 23 0 0 592.2129 316.2462 512 424 
0.5897128 0.5854962 -0.1606472 63662611626300 72057594037928355 24 2129.72 819.2449 582.2837 295.566 512 424 
0.6871374 0.5017731 -0.02831363 63662611626379 72057594037928355 9 1830.356 572.2085 516.3458 220.1333 512 424 
0.7334435 0.6604791 -0.1386552 63662611626379 72057594037928355 10 2010.093 729.8851 562.8339 270.2781 512 424 
0.7524691 0.7166376 -0.1761346 63662611626379 72057594037928355 11 2064.782 778.1019 574.2322 284.1774 512 424 
0.6652938 0.01277694 -0.61242 63662611626379 72057594037928355 13 0 0 259.856 521.6876 512 424 
0.6930104 -0.08924292 -0.8908839 63662611626379 72057594037928355 14 0 0 213.0488 606.6525 512 424 
0.5794277 -0.1281072 -0.9092693 63662611626379 72057594037928355 15 0 0 164.6915 833.8857 512 424 
0.4869756 0.5782145 -0.3946121 63662611626379 72057594037928355 17 0 0 645.9032 473.2572 512 424 
0.3776022 0.8530839 -0.4584392 63662611626379 72057594037928355 18 0 0 15578.22 8440.778 512 424 
0.2563673 0.8472294 -0.4373046 63662611626379 72057594037928355 19 0 0 263481.7 136072.8 512 424 
0.5314083 0.06665856 -0.3088589 63662611626379 72057594037928355 21 1208.346 1149 299.2497 418.4021 512 424 
0.6820595 0.7374523 -0.2000145 63662611626379 72057594037928355 23 0 0 600.7856 299.5464 512 424 
0.6860229 0.7082155 -0.1599549 63662611626379 72057594037928355 24 0 0 591.9725 281.7893 512 424 
0.6871374 0.5017731 -0.02831363 63662611626379 72057594037928355 9 1830.356 572.2085 516.3458 220.1333 512 424 
0.7334435 0.6604791 -0.1386552 63662611626379 72057594037928355 10 2010.093 729.8851 562.8339 270.2781 512 424 
0.7524691 0.7166376 -0.1761346 63662611626379 72057594037928355 11 2064.782 778.1019 574.2322 284.1774 512 424 
0.6652938 0.01277694 -0.61242 63662611626379 72057594037928355 13 0 0 259.856 521.6876 512 424 
0.6930104 -0.08924292 -0.8908839 63662611626379 72057594037928355 14 0 0 213.0488 606.6525 512 424 
0.5794277 -0.1281072 -0.9092693 63662611626379 72057594037928355 15 0 0 164.6915 833.8857 512 424 
0.4869756 0.5782145 -0.3946121 63662611626379 72057594037928355 17 0 0 645.9032 473.2572 512 424 
0.3776022 0.8530839 -0.4584392 63662611626379 72057594037928355 18 0 0 15578.22 8440.778 512 424 
0.2563673 0.8472294 -0.4373046 63662611626379 72057594037928355 19 0 0 263481.7 136072.8 512 424 
0.5314083 0.06665856 -0.3088589 63662611626379 72057594037928355 21 1208.346 1149 299.2497 418.4021 512 424 
0.6820595 0.7374523 -0.2000145 63662611626379 72057594037928355 23 0 0 600.7856 299.5464 512 424 
0.6860229 0.7082155 -0.1599549 63662611626379 72057594037928355 24 0 0 591.9725 281.7893 512 424 
0.5950557 0.1825266 -0.4194781 63662611626471 72057594037928355 0 1390.825 1282.072 362.9756 457.4452 512 424 
0.5772164 0.2990862 0.07984473 63662611626471 72057594037928355 8 1617.373 381.5261 443.9738 154.373 512 424 
0.621691 0.4758861 -0.04719375 63662611626471 72057594037928355 9 1877.12 609.1679 527.0394 232.4391 512 424 
0.6680164 0.6343611 -0.1572715 63662611626471 72057594037928355 10 2071.222 779.5565 573.5573 284.6975 512 424 
0.6870078 0.6904814 -0.1947345 63662611626471 72057594037928355 11 0 0 584.6295 298.7444 512 424 
0.5690399 0.07632147 -0.3892557 63662611626471 72057594037928355 12 1210.947 1259.28 301.8516 453.1413 512 424 
0.6719972 0.005408561 -0.633911 63662611626471 72057594037928355 13 0 0 256.0014 527.1904 512 424 
0.8010944 -0.05812766 -0.8884877 63662611626471 72057594037928355 14 0 0 229.867 562.7747 512 424 
0.7309802 -0.09629537 -0.9552066 63662611626471 72057594037928355 15 0 0 212.0396 614.1251 512 424 
0.5636359 0.2701303 -0.4090929 63662611626471 72057594037928355 16 1580.892 1305.194 420.5043 458.575 512 424 
0.4129377 0.5530633 -0.365994 63662611626471 72057594037928355 17 0 0 811.7461 574.8738 512 424 
0.289096 0.8315377 -0.3391537 63662611626471 72057594037928355 18 0 0 71091.24 29097.5 512 424 
0.1715573 0.8245229 -0.3076734 63662611626471 72057594037928355 19 0 0 2916884 1088555 512 424 
0.5181778 0.1811914 -0.304245 63662611626471 72057594037928355 21 1450.203 1155.608 380.2065 418.4568 512 424 
0.6167513 0.7111542 -0.2183479 63662611626471 72057594037928355 23 0 0 615.6918 316.5679 512 424 
0.6210757 0.6817098 -0.1778883 63662611626471 72057594037928355 24 0 0 604.5402 296.9537 512 424 
0.5950557 0.1825266 -0.4194781 63662611626471 72057594037928355 0 1390.825 1282.072 362.9756 457.4452 512 424 
0.5772164 0.2990862 0.07984473 63662611626471 72057594037928355 8 1617.373 381.5261 443.9738 154.373 512 424 
0.621691 0.4758861 -0.04719375 63662611626471 72057594037928355 9 1877.12 609.1679 527.0394 232.4391 512 424 
0.6680164 0.6343611 -0.1572715 63662611626471 72057594037928355 10 2071.222 779.5565 573.5573 284.6975 512 424 
0.6870078 0.6904814 -0.1947345 63662611626471 72057594037928355 11 0 0 584.6295 298.7444 512 424 
0.5690399 0.07632147 -0.3892557 63662611626471 72057594037928355 12 1210.947 1259.28 301.8516 453.1413 512 424 
0.6719972 0.005408561 -0.633911 63662611626471 72057594037928355 13 0 0 256.0014 527.1904 512 424 
0.8010944 -0.05812766 -0.8884877 63662611626471 72057594037928355 14 0 0 229.867 562.7747 512 424 
0.7309802 -0.09629537 -0.9552066 63662611626471 72057594037928355 15 0 0 212.0396 614.1251 512 424 
0.5636359 0.2701303 -0.4090929 63662611626471 72057594037928355 16 1580.892 1305.194 420.5043 458.575 512 424 
0.4129377 0.5530633 -0.365994 63662611626471 72057594037928355 17 0 0 811.7461 574.8738 512 424 
0.289096 0.8315377 -0.3391537 63662611626471 72057594037928355 18 0 0 71091.24 29097.5 512 424 
0.1715573 0.8245229 -0.3076734 63662611626471 72057594037928355 19 0 0 2916884 1088555 512 424 
0.5181778 0.1811914 -0.304245 63662611626471 72057594037928355 21 1450.203 1155.608 380.2065 418.4568 512 424 
0.6167513 0.7111542 -0.2183479 63662611626471 72057594037928355 23 0 0 615.6918 316.5679 512 424 
0.6210757 0.6817098 -0.1778883 63662611626471 72057594037928355 24 0 0 604.5402 296.9537 512 424 
0.2745008 0.03861041 0.04487669 63662611626563 72057594037928355 10 1321.264 356.5638 304.9698 145.1799 512 424 
0.3088009 0.0784758 -0.04091842 63662611626563 72057594037928355 11 1420.245 670.936 346.8634 254.0966 512 424 
0.4021356 0.113074 0.1656017 63662611626563 72057594037928355 15 1405.682 90.29544 356.907 53.48482 512 424 
0.4099848 0.1488721 -0.1078957 63662611626563 72057594037928355 19 1491.996 809.6903 387.2458 302.3983 512 424 
0.2973723 0.09668844 0.014983 63662611626563 72057594037928355 23 1502.55 476.2103 373.1348 186.711 512 424 
0.2932357 0.03851428 -0.02125297 63662611626563 72057594037928355 24 1298.949 607.4922 301.4672 231.8923 512 424 
0.2745008 0.03861041 0.04487669 63662611626563 72057594037928355 10 1321.264 356.5638 304.9698 145.1799 512 424 
0.3088009 0.0784758 -0.04091842 63662611626563 72057594037928355 11 1420.245 670.936 346.8634 254.0966 512 424 
0.4021356 0.113074 0.1656017 63662611626563 72057594037928355 15 1405.682 90.29544 356.907 53.48482 512 424 
0.4099848 0.1488721 -0.1078957 63662611626563 72057594037928355 19 1491.996 809.6903 387.2458 302.3983 512 424 
0.2973723 0.09668844 0.014983 63662611626563 72057594037928355 23 1502.55 476.2103 373.1348 186.711 512 424 
0.2932357 0.03851428 -0.02125297 63662611626563 72057594037928355 24 1298.949 607.4922 301.4672 231.8923 512 424 
0.2745008 0.03861041 0.04487669 63662611626563 72057594037928355 10 1321.264 356.5638 304.9698 145.1799 512 424 
0.3088009 0.0784758 -0.04091842 63662611626563 72057594037928355 11 1420.245 670.936 346.8634 254.0966 512 424 
0.4021356 0.113074 0.1656017 63662611626563 72057594037928355 15 1405.682 90.29544 356.907 53.48482 512 424 
0.4099848 0.1488721 -0.1078957 63662611626563 72057594037928355 19 1491.996 809.6903 387.2458 302.3983 512 424 
0.2973723 0.09668844 0.014983 63662611626563 72057594037928355 23 1502.55 476.2103 373.1348 186.711 512 424 
0.2932357 0.03851428 -0.02125297 63662611626563 72057594037928355 24 1298.949 607.4922 301.4672 231.8923 512 424 
0.2745008 0.03861041 0.04487669 63662611626563 72057594037928355 10 1321.264 356.5638 304.9698 145.1799 512 424 
0.3088009 0.0784758 -0.04091842 63662611626563 72057594037928355 11 1420.245 670.936 346.8634 254.0966 512 424 
0.4021356 0.113074 0.1656017 63662611626563 72057594037928355 15 1405.682 90.29544 356.907 53.48482 512 424 
0.4099848 0.1488721 -0.1078957 63662611626563 72057594037928355 19 1491.996 809.6903 387.2458 302.3983 512 424 
0.2973723 0.09668844 0.014983 63662611626563 72057594037928355 23 1502.55 476.2103 373.1348 186.711 512 424 
0.2932357 0.03851428 -0.02125297 63662611626563 72057594037928355 24 1298.949 607.4922 301.4672 231.8923 512 424 
0.2745008 0.03861041 0.04487669 63662611626563 72057594037928355 10 1321.264 356.5638 304.9698 145.1799 512 424 
0.3088009 0.0784758 -0.04091842 63662611626563 72057594037928355 11 1420.245 670.936 346.8634 254.0966 512 424 
0.4021356 0.113074 0.1656017 63662611626563 72057594037928355 15 1405.682 90.29544 356.907 53.48482 512 424 
0.4099848 0.1488721 -0.1078957 63662611626563 72057594037928355 19 1491.996 809.6903 387.2458 302.3983 512 424 
0.2973723 0.09668844 0.014983 63662611626563 72057594037928355 23 1502.55 476.2103 373.1348 186.711 512 424 
0.2932357 0.03851428 -0.02125297 63662611626563 72057594037928355 24 1298.949 607.4922 301.4672 231.8923 512 424 
0.2745008 0.03861041 0.04487669 63662611626563 72057594037928355 10 1321.264 356.5638 304.9698 145.1799 512 424 
0.3088009 0.0784758 -0.04091842 63662611626563 72057594037928355 11 1420.245 670.936 346.8634 254.0966 512 424 
0.4021356 0.113074 0.1656017 63662611626563 72057594037928355 15 1405.682 90.29544 356.907 53.48482 512 424 
0.4099848 0.1488721 -0.1078957 63662611626563 72057594037928355 19 1491.996 809.6903 387.2458 302.3983 512 424 
0.2973723 0.09668844 0.014983 63662611626563 72057594037928355 23 1502.55 476.2103 373.1348 186.711 512 424 
0.2932357 0.03851428 -0.02125297 63662611626563 72057594037928355 24 1298.949 607.4922 301.4672 231.8923 512 424 
0.2745008 0.03861041 0.04487669 63662611626563 72057594037928355 10 1321.264 356.5638 304.9698 145.1799 512 424 
0.3088009 0.0784758 -0.04091842 63662611626563 72057594037928355 11 1420.245 670.936 346.8634 254.0966 512 424 
0.4021356 0.113074 0.1656017 63662611626563 72057594037928355 15 1405.682 90.29544 356.907 53.48482 512 424 
0.4099848 0.1488721 -0.1078957 63662611626563 72057594037928355 19 1491.996 809.6903 387.2458 302.3983 512 424 
0.2973723 0.09668844 0.014983 63662611626563 72057594037928355 23 1502.55 476.2103 373.1348 186.711 512 424 
0.2932357 0.03851428 -0.02125297 63662611626563 72057594037928355 24 1298.949 607.4922 301.4672 231.8923 512 424 
0.2745008 0.03861041 0.04487669 63662611626563 72057594037928355 10 1321.264 356.5638 304.9698 145.1799 512 424 
0.3088009 0.0784758 -0.04091842 63662611626563 72057594037928355 11 1420.245 670.936 346.8634 254.0966 512 424 
0.4021356 0.113074 0.1656017 63662611626563 72057594037928355 15 1405.682 90.29544 356.907 53.48482 512 424 
0.4099848 0.1488721 -0.1078957 63662611626563 72057594037928355 19 1491.996 809.6903 387.2458 302.3983 512 424 
0.2973723 0.09668844 0.014983 63662611626563 72057594037928355 23 1502.55 476.2103 373.1348 186.711 512 424 
0.2932357 0.03851428 -0.02125297 63662611626563 72057594037928355 24 1298.949 607.4922 301.4672 231.8923 512 424 
0.2745008 0.03861041 0.04487669 63662611626563 72057594037928355 10 1321.264 356.5638 304.9698 145.1799 512 424 
0.3088009 0.0784758 -0.04091842 63662611626563 72057594037928355 11 1420.245 670.936 346.8634 254.0966 512 424 
0.4021356 0.113074 0.1656017 63662611626563 72057594037928355 15 1405.682 90.29544 356.907 53.48482 512 424 
0.4099848 0.1488721 -0.1078957 63662611626563 72057594037928355 19 1491.996 809.6903 387.2458 302.3983 512 424 
0.2973723 0.09668844 0.014983 63662611626563 72057594037928355 23 1502.55 476.2103 373.1348 186.711 512 424 
0.2932357 0.03851428 -0.02125297 63662611626563 72057594037928355 24 1298.949 607.4922 301.4672 231.8923 512 424 
0.2745008 0.03861041 0.04487669 63662611626563 72057594037928355 10 1321.264 356.5638 304.9698 145.1799 512 424 
0.3088009 0.0784758 -0.04091842 63662611626563 72057594037928355 11 1420.245 670.936 346.8634 254.0966 512 424 
0.4021356 0.113074 0.1656017 63662611626563 72057594037928355 15 1405.682 90.29544 356.907 53.48482 512 424 
0.4099848 0.1488721 -0.1078957 63662611626563 72057594037928355 19 1491.996 809.6903 387.2458 302.3983 512 424 
0.2973723 0.09668844 0.014983 63662611626563 72057594037928355 23 1502.55 476.2103 373.1348 186.711 512 424 
0.2932357 0.03851428 -0.02125297 63662611626563 72057594037928355 24 1298.949 607.4922 301.4672 231.8923 512 424 
0.2745008 0.03861041 0.04487669 63662611626563 72057594037928355 10 1321.264 356.5638 304.9698 145.1799 512 424 
0.3088009 0.0784758 -0.04091842 63662611626563 72057594037928355 11 1420.245 670.936 346.8634 254.0966 512 424 
0.4021356 0.113074 0.1656017 63662611626563 72057594037928355 15 1405.682 90.29544 356.907 53.48482 512 424 
0.4099848 0.1488721 -0.1078957 63662611626563 72057594037928355 19 1491.996 809.6903 387.2458 302.3983 512 424 
0.2973723 0.09668844 0.014983 63662611626563 72057594037928355 23 1502.55 476.2103 373.1348 186.711 512 424 
0.2932357 0.03851428 -0.02125297 63662611626563 72057594037928355 24 1298.949 607.4922 301.4672 231.8923 512 424 
0.2745008 0.03861041 0.04487669 63662611626563 72057594037928355 10 1321.264 356.5638 304.9698 145.1799 512 424 
0.3088009 0.0784758 -0.04091842 63662611626563 72057594037928355 11 1420.245 670.936 346.8634 254.0966 512 424 
0.4021356 0.113074 0.1656017 63662611626563 72057594037928355 15 1405.682 90.29544 356.907 53.48482 512 424 
0.4099848 0.1488721 -0.1078957 63662611626563 72057594037928355 19 1491.996 809.6903 387.2458 302.3983 512 424 
0.2973723 0.09668844 0.014983 63662611626563 72057594037928355 23 1502.55 476.2103 373.1348 186.711 512 424 
0.2932357 0.03851428 -0.02125297 63662611626563 72057594037928355 24 1298.949 607.4922 301.4672 231.8923 512 424 
0.2745008 0.03861041 0.04487669 63662611626563 72057594037928355 10 1321.264 356.5638 304.9698 145.1799 512 424 
0.3088009 0.0784758 -0.04091842 63662611626563 72057594037928355 11 1420.245 670.936 346.8634 254.0966 512 424 
0.4021356 0.113074 0.1656017 63662611626563 72057594037928355 15 1405.682 90.29544 356.907 53.48482 512 424 
0.4099848 0.1488721 -0.1078957 63662611626563 72057594037928355 19 1491.996 809.6903 387.2458 302.3983 512 424 
0.2973723 0.09668844 0.014983 63662611626563 72057594037928355 23 1502.55 476.2103 373.1348 186.711 512 424 
0.2932357 0.03851428 -0.02125297 63662611626563 72057594037928355 24 1298.949 607.4922 301.4672 231.8923 512 424 
0.2745008 0.03861041 0.04487669 63662611626563 72057594037928355 10 1321.264 356.5638 304.9698 145.1799 512 424 
0.3088009 0.0784758 -0.04091842 63662611626563 72057594037928355 11 1420.245 670.936 346.8634 254.0966 512 424 
0.4021356 0.113074 0.1656017 63662611626563 72057594037928355 15 1405.682 90.29544 356.907 53.48482 512 424 
0.4099848 0.1488721 -0.1078957 63662611626563 72057594037928355 19 1491.996 809.6903 387.2458 302.3983 512 424 
0.2973723 0.09668844 0.014983 63662611626563 72057594037928355 23 1502.55 476.2103 373.1348 186.711 512 424 
0.2932357 0.03851428 -0.02125297 63662611626563 72057594037928355 24 1298.949 607.4922 301.4672 231.8923 512 424 
0.2745008 0.03861041 0.04487669 63662611626563 72057594037928355 10 1321.264 356.5638 304.9698 145.1799 512 424 
0.3088009 0.0784758 -0.04091842 63662611626563 72057594037928355 11 1420.245 670.936 346.8634 254.0966 512 424 
0.4021356 0.113074 0.1656017 63662611626563 72057594037928355 15 1405.682 90.29544 356.907 53.48482 512 424 
0.4099848 0.1488721 -0.1078957 63662611626563 72057594037928355 19 1491.996 809.6903 387.2458 302.3983 512 424 
0.2973723 0.09668844 0.014983 63662611626563 72057594037928355 23 1502.55 476.2103 373.1348 186.711 512 424 
0.2932357 0.03851428 -0.02125297 63662611626563 72057594037928355 24 1298.949 607.4922 301.4672 231.8923 512 424 
0.2745008 0.03861041 0.04487669 63662611626563 72057594037928355 10 1321.264 356.5638 304.9698 145.1799 512 424 
0.3088009 0.0784758 -0.04091842 63662611626563 72057594037928355 11 1420.245 670.936 346.8634 254.0966 512 424 
0.4021356 0.113074 0.1656017 63662611626563 72057594037928355 15 1405.682 90.29544 356.907 53.48482 512 424 
0.4099848 0.1488721 -0.1078957 63662611626563 72057594037928355 19 1491.996 809.6903 387.2458 302.3983 512 424 
0.2973723 0.09668844 0.014983 63662611626563 72057594037928355 23 1502.55 476.2103 373.1348 186.711 512 424 
0.2932357 0.03851428 -0.02125297 63662611626563 72057594037928355 24 1298.949 607.4922 301.4672 231.8923 512 424 
0.2745008 0.03861041 0.04487669 63662611626563 72057594037928355 10 1321.264 356.5638 304.9698 145.1799 512 424 
0.3088009 0.0784758 -0.04091842 63662611626563 72057594037928355 11 1420.245 670.936 346.8634 254.0966 512 424 
0.4021356 0.113074 0.1656017 63662611626563 72057594037928355 15 1405.682 90.29544 356.907 53.48482 512 424 
0.4099848 0.1488721 -0.1078957 63662611626563 72057594037928355 19 1491.996 809.6903 387.2458 302.3983 512 424 
0.2973723 0.09668844 0.014983 63662611626563 72057594037928355 23 1502.55 476.2103 373.1348 186.711 512 424 
0.2932357 0.03851428 -0.02125297 63662611626563 72057594037928355 24 1298.949 607.4922 301.4672 231.8923 512 424 
0.2745008 0.03861041 0.04487669 63662611626563 72057594037928355 10 1321.264 356.5638 304.9698 145.1799 512 424 
0.3088009 0.0784758 -0.04091842 63662611626563 72057594037928355 11 1420.245 670.936 346.8634 254.0966 512 424 
0.4021356 0.113074 0.1656017 63662611626563 72057594037928355 15 1405.682 90.29544 356.907 53.48482 512 424 
0.4099848 0.1488721 -0.1078957 63662611626563 72057594037928355 19 1491.996 809.6903 387.2458 302.3983 512 424 
0.2973723 0.09668844 0.014983 63662611626563 72057594037928355 23 1502.55 476.2103 373.1348 186.711 512 424 
0.2932357 0.03851428 -0.02125297 63662611626563 72057594037928355 24 1298.949 607.4922 301.4672 231.8923 512 424 
0.2745008 0.03861041 0.04487669 63662611626563 72057594037928355 10 1321.264 356.5638 304.9698 145.1799 512 424 
0.3088009 0.0784758 -0.04091842 63662611626563 72057594037928355 11 1420.245 670.936 346.8634 254.0966 512 424 
0.4021356 0.113074 0.1656017 63662611626563 72057594037928355 15 1405.682 90.29544 356.907 53.48482 512 424 
0.4099848 0.1488721 -0.1078957 63662611626563 72057594037928355 19 1491.996 809.6903 387.2458 302.3983 512 424 
0.2973723 0.09668844 0.014983 63662611626563 72057594037928355 23 1502.55 476.2103 373.1348 186.711 512 424 
0.2932357 0.03851428 -0.02125297 63662611626563 72057594037928355 24 1298.949 607.4922 301.4672 231.8923 512 424 
0.2745008 0.03861041 0.04487669 63662611626563 72057594037928355 10 1321.264 356.5638 304.9698 145.1799 512 424 
0.3088009 0.0784758 -0.04091842 63662611626563 72057594037928355 11 1420.245 670.936 346.8634 254.0966 512 424 
0.4021356 0.113074 0.1656017 63662611626563 72057594037928355 15 1405.682 90.29544 356.907 53.48482 512 424 
0.4099848 0.1488721 -0.1078957 63662611626563 72057594037928355 19 1491.996 809.6903 387.2458 302.3983 512 424 
0.2973723 0.09668844 0.014983 63662611626563 72057594037928355 23 1502.55 476.2103 373.1348 186.711 512 424 
0.2932357 0.03851428 -0.02125297 63662611626563 72057594037928355 24 1298.949 607.4922 301.4672 231.8923 512 424 
0.2745008 0.03861041 0.04487669 63662611626563 72057594037928355 10 1321.264 356.5638 304.9698 145.1799 512 424 
0.3088009 0.0784758 -0.04091842 63662611626563 72057594037928355 11 1420.245 670.936 346.8634 254.0966 512 424 
0.4021356 0.113074 0.1656017 63662611626563 72057594037928355 15 1405.682 90.29544 356.907 53.48482 512 424 
0.4099848 0.1488721 -0.1078957 63662611626563 72057594037928355 19 1491.996 809.6903 387.2458 302.3983 512 424 
0.2973723 0.09668844 0.014983 63662611626563 72057594037928355 23 1502.55 476.2103 373.1348 186.711 512 424 
0.2932357 0.03851428 -0.02125297 63662611626563 72057594037928355 24 1298.949 607.4922 301.4672 231.8923 512 424 
0.2745008 0.03861041 0.04487669 63662611626563 72057594037928355 10 1321.264 356.5638 304.9698 145.1799 512 424 
0.3088009 0.0784758 -0.04091842 63662611626563 72057594037928355 11 1420.245 670.936 346.8634 254.0966 512 424 
0.4021356 0.113074 0.1656017 63662611626563 72057594037928355 15 1405.682 90.29544 356.907 53.48482 512 424 
0.4099848 0.1488721 -0.1078957 63662611626563 72057594037928355 19 1491.996 809.6903 387.2458 302.3983 512 424 
0.2973723 0.09668844 0.014983 63662611626563 72057594037928355 23 1502.55 476.2103 373.1348 186.711 512 424 
0.2932357 0.03851428 -0.02125297 63662611626563 72057594037928355 24 1298.949 607.4922 301.4672 231.8923 512 424 
0.2745008 0.03861041 0.04487669 63662611626563 72057594037928355 10 1321.264 356.5638 304.9698 145.1799 512 424 
0.3088009 0.0784758 -0.04091842 63662611626563 72057594037928355 11 1420.245 670.936 346.8634 254.0966 512 424 
0.4021356 0.113074 0.1656017 63662611626563 72057594037928355 15 1405.682 90.29544 356.907 53.48482 512 424 
0.4099848 0.1488721 -0.1078957 63662611626563 72057594037928355 19 1491.996 809.6903 387.2458 302.3983 512 424 
0.2973723 0.09668844 0.014983 63662611626563 72057594037928355 23 1502.55 476.2103 373.1348 186.711 512 424 
0.2932357 0.03851428 -0.02125297 63662611626563 72057594037928355 24 1298.949 607.4922 301.4672 231.8923 512 424 
0.2745008 0.03861041 0.04487669 63662611626563 72057594037928355 10 1321.264 356.5638 304.9698 145.1799 512 424 
0.3088009 0.0784758 -0.04091842 63662611626563 72057594037928355 11 1420.245 670.936 346.8634 254.0966 512 424 
0.4021356 0.113074 0.1656017 63662611626563 72057594037928355 15 1405.682 90.29544 356.907 53.48482 512 424 
0.4099848 0.1488721 -0.1078957 63662611626563 72057594037928355 19 1491.996 809.6903 387.2458 302.3983 512 424 
0.2973723 0.09668844 0.014983 63662611626563 72057594037928355 23 1502.55 476.2103 373.1348 186.711 512 424 
0.2932357 0.03851428 -0.02125297 63662611626563 72057594037928355 24 1298.949 607.4922 301.4672 231.8923 512 424 
0.2745008 0.03861041 0.04487669 63662611626563 72057594037928355 10 1321.264 356.5638 304.9698 145.1799 512 424 
0.3088009 0.0784758 -0.04091842 63662611626563 72057594037928355 11 1420.245 670.936 346.8634 254.0966 512 424 
0.4021356 0.113074 0.1656017 63662611626563 72057594037928355 15 1405.682 90.29544 356.907 53.48482 512 424 
0.4099848 0.1488721 -0.1078957 63662611626563 72057594037928355 19 1491.996 809.6903 387.2458 302.3983 512 424 
0.2973723 0.09668844 0.014983 63662611626563 72057594037928355 23 1502.55 476.2103 373.1348 186.711 512 424 
0.2932357 0.03851428 -0.02125297 63662611626563 72057594037928355 24 1298.949 607.4922 301.4672 231.8923 512 424 
0.2745008 0.03861041 0.04487669 63662611626563 72057594037928355 10 1321.264 356.5638 304.9698 145.1799 512 424 
0.3088009 0.0784758 -0.04091842 63662611626563 72057594037928355 11 1420.245 670.936 346.8634 254.0966 512 424 
0.4021356 0.113074 0.1656017 63662611626563 72057594037928355 15 1405.682 90.29544 356.907 53.48482 512 424 
0.4099848 0.1488721 -0.1078957 63662611626563 72057594037928355 19 1491.996 809.6903 387.2458 302.3983 512 424 
0.2973723 0.09668844 0.014983 63662611626563 72057594037928355 23 1502.55 476.2103 373.1348 186.711 512 424 
0.2932357 0.03851428 -0.02125297 63662611626563 72057594037928355 24 1298.949 607.4922 301.4672 231.8923 512 424 
0.2745008 0.03861041 0.04487669 63662611626563 72057594037928355 10 1321.264 356.5638 304.9698 145.1799 512 424 
0.3088009 0.0784758 -0.04091842 63662611626563 72057594037928355 11 1420.245 670.936 346.8634 254.0966 512 424 
0.4021356 0.113074 0.1656017 63662611626563 72057594037928355 15 1405.682 90.29544 356.907 53.48482 512 424 
0.4099848 0.1488721 -0.1078957 63662611626563 72057594037928355 19 1491.996 809.6903 387.2458 302.3983 512 424 
0.2973723 0.09668844 0.014983 63662611626563 72057594037928355 23 1502.55 476.2103 373.1348 186.711 512 424 
0.2932357 0.03851428 -0.02125297 63662611626563 72057594037928355 24 1298.949 607.4922 301.4672 231.8923 512 424 
0.2745008 0.03861041 0.04487669 63662611626563 72057594037928355 10 1321.264 356.5638 304.9698 145.1799 512 424 
0.3088009 0.0784758 -0.04091842 63662611626563 72057594037928355 11 1420.245 670.936 346.8634 254.0966 512 424 
0.4021356 0.113074 0.1656017 63662611626563 72057594037928355 15 1405.682 90.29544 356.907 53.48482 512 424 
0.4099848 0.1488721 -0.1078957 63662611626563 72057594037928355 19 1491.996 809.6903 387.2458 302.3983 512 424 
0.2973723 0.09668844 0.014983 63662611626563 72057594037928355 23 1502.55 476.2103 373.1348 186.711 512 424 
0.2932357 0.03851428 -0.02125297 63662611626563 72057594037928355 24 1298.949 607.4922 301.4672 231.8923 512 424 
0.2745008 0.03861041 0.04487669 63662611626563 72057594037928355 10 1321.264 356.5638 304.9698 145.1799 512 424 
0.3088009 0.0784758 -0.04091842 63662611626563 72057594037928355 11 1420.245 670.936 346.8634 254.0966 512 424 
0.4021356 0.113074 0.1656017 63662611626563 72057594037928355 15 1405.682 90.29544 356.907 53.48482 512 424 
0.4099848 0.1488721 -0.1078957 63662611626563 72057594037928355 19 1491.996 809.6903 387.2458 302.3983 512 424 
0.2973723 0.09668844 0.014983 63662611626563 72057594037928355 23 1502.55 476.2103 373.1348 186.711 512 424 
0.2932357 0.03851428 -0.02125297 63662611626563 72057594037928355 24 1298.949 607.4922 301.4672 231.8923 512 424 
0.2745008 0.03861041 0.04487669 63662611626563 72057594037928355 10 1321.264 356.5638 304.9698 145.1799 512 424 
0.3088009 0.0784758 -0.04091842 63662611626563 72057594037928355 11 1420.245 670.936 346.8634 254.0966 512 424 
0.4021356 0.113074 0.1656017 63662611626563 72057594037928355 15 1405.682 90.29544 356.907 53.48482 512 424 
0.4099848 0.1488721 -0.1078957 63662611626563 72057594037928355 19 1491.996 809.6903 387.2458 302.3983 512 424 
0.2973723 0.09668844 0.014983 63662611626563 72057594037928355 23 1502.55 476.2103 373.1348 186.711 512 424 
0.2932357 0.03851428 -0.02125297 63662611626563 72057594037928355 24 1298.949 607.4922 301.4672 231.8923 512 424 
0.2745008 0.03861041 0.04487669 63662611626563 72057594037928355 10 1321.264 356.5638 304.9698 145.1799 512 424 
0.3088009 0.0784758 -0.04091842 63662611626563 72057594037928355 11 1420.245 670.936 346.8634 254.0966 512 424 
0.4021356 0.113074 0.1656017 63662611626563 72057594037928355 15 1405.682 90.29544 356.907 53.48482 512 424 
0.4099848 0.1488721 -0.1078957 63662611626563 72057594037928355 19 1491.996 809.6903 387.2458 302.3983 512 424 
0.2973723 0.09668844 0.014983 63662611626563 72057594037928355 23 1502.55 476.2103 373.1348 186.711 512 424 
0.2932357 0.03851428 -0.02125297 63662611626563 72057594037928355 24 1298.949 607.4922 301.4672 231.8923 512 424 
0.2745008 0.03861041 0.04487669 63662611626563 72057594037928355 10 1321.264 356.5638 304.9698 145.1799 512 424 
0.3088009 0.0784758 -0.04091842 63662611626563 72057594037928355 11 1420.245 670.936 346.8634 254.0966 512 424 
0.4021356 0.113074 0.1656017 63662611626563 72057594037928355 15 1405.682 90.29544 356.907 53.48482 512 424 
0.4099848 0.1488721 -0.1078957 63662611626563 72057594037928355 19 1491.996 809.6903 387.2458 302.3983 512 424 
0.2973723 0.09668844 0.014983 63662611626563 72057594037928355 23 1502.55 476.2103 373.1348 186.711 512 424 
0.2932357 0.03851428 -0.02125297 63662611626563 72057594037928355 24 1298.949 607.4922 301.4672 231.8923 512 424 
