First JointType Second JointType  Angel
3 20 178.584756244518
2 1 179.989466609327
2 8 103.41624922082
2 4 109.824577965893
20 0 179.943302659091
1 16 88.8869972679052
1 12 91.1651724509534
20 9 110.936636572361
20 5 125.443565062013
0 17 88.3953171443671
0 13 91.8851235162648
8 10 177.785183038733
9 11 172.070317674129
9 24 170.967737654667
10 23 176.314582791249
4 6 174.141323794996
5 7 172.14397314852
5 22 164.243772009911
6 21 177.630438849478
16 18 178.729302555066
17 19 175.180763842658
12 14 178.708564800116
13 15 177.644303780987
3 20 178.584756244518
2 1 179.989466609327
2 8 103.41624922082
2 4 109.824577965893
20 0 179.943302659091
1 16 88.8869972679052
1 12 91.1651724509534
20 9 110.936636572361
20 5 125.443565062013
0 17 88.3953171443671
0 13 91.8851235162648
8 10 177.785183038733
9 11 172.070317674129
9 24 170.967737654667
10 23 176.314582791249
4 6 174.141323794996
5 7 172.14397314852
5 22 164.243772009911
6 21 177.630438849478
16 18 178.729302555066
17 19 175.180763842658
12 14 178.708564800116
13 15 177.644303780987
3 20 178.565950602196
2 1 179.985102733625
2 8 103.463058807951
2 4 109.770475716312
20 0 179.956736504063
1 16 88.8620743001189
1 12 91.1842346920625
20 9 110.933511208224
20 5 125.339676478449
0 17 88.3541354594116
0 13 92.0680674535454
8 10 177.837281081882
9 11 173.350782271632
9 24 168.988416929874
10 23 179.486946418143
4 6 174.205926408469
5 7 172.406783232806
5 22 158.989766475161
6 21 178.870272113465
16 18 178.806069876593
17 19 175.167014832365
12 14 178.954728029683
13 15 177.796048793557
3 20 178.565950602196
2 1 179.985102733625
2 8 103.463058807951
2 4 109.770475716312
20 0 179.956736504063
1 16 88.8620743001189
1 12 91.1842346920625
20 9 110.933511208224
20 5 125.339676478449
0 17 88.3541354594116
0 13 92.0680674535454
8 10 177.837281081882
9 11 173.350782271632
9 24 168.988416929874
10 23 179.486946418143
4 6 174.205926408469
5 7 172.406783232806
5 22 158.989766475161
6 21 178.870272113465
16 18 178.806069876593
17 19 175.167014832365
12 14 178.954728029683
13 15 177.796048793557
3 20 178.546383434132
2 1 179.988072823301
2 8 103.437423359062
2 4 109.7437913463
20 0 179.960720654632
1 16 88.8538847421789
1 12 91.1881960335752
20 9 110.930840696102
20 5 125.299084510751
0 17 88.3398783961664
0 13 92.1052539438073
8 10 177.812120956818
9 11 175.015666053334
9 24 172.084375807744
10 23 179.283610320156
4 6 174.230263719221
5 7 173.801288945587
5 22 179.633430091566
6 21 176.689577438327
16 18 178.848457498681
17 19 175.145436907012
12 14 178.974080084029
13 15 177.802065528254
3 20 178.546383434132
2 1 179.988072823301
2 8 103.437423359062
2 4 109.7437913463
20 0 179.960720654632
1 16 88.8538847421789
1 12 91.1881960335752
20 9 110.930840696102
20 5 125.299084510751
0 17 88.3398783961664
0 13 92.1052539438073
8 10 177.812120956818
9 11 175.015666053334
9 24 172.084375807744
10 23 179.283610320156
4 6 174.230263719221
5 7 173.801288945587
5 22 179.633430091566
6 21 176.689577438327
16 18 178.848457498681
17 19 175.145436907012
12 14 178.974080084029
13 15 177.802065528254
3 20 178.2975884714
2 1 179.991224117163
2 8 103.413883900286
2 4 109.72607055051
20 0 179.953709560501
1 16 88.8922397344478
1 12 91.1234202111016
20 9 111.150714971378
20 5 125.411721419138
0 17 88.4117560519245
0 13 91.9565174223599
8 10 177.475460237464
9 11 178.45508313059
9 24 176.106909055481
10 23 177.75250611054
4 6 174.063528239562
5 7 177.667855540217
5 22 162.363468860427
6 21 173.546061596834
16 18 178.923297918652
17 19 175.11691475715
12 14 178.812048879564
13 15 177.730687338214
3 20 178.205268119467
2 1 179.991685244942
2 8 103.858205800266
2 4 109.698923207828
20 0 179.959140301677
1 16 89.1174237740951
1 12 90.9969329416909
20 9 111.622233210566
20 5 125.714328374314
0 17 88.6876196897537
0 13 91.8308705732167
8 10 178.375536796554
9 11 179.308064395147
9 24 177.866483139222
10 23 174.831932670425
4 6 175.016632659774
5 7 179.056189629012
5 22 159.44831547731
6 21 172.191229684393
16 18 179.1141000361
17 19 175.155060645825
12 14 178.791455174054
13 15 177.877174443611
3 20 177.994521967228
2 1 179.98759570378
2 8 103.810475202944
2 4 109.676611278725
20 0 179.974933002558
1 16 89.0581490844277
1 12 91.0355118868994
20 9 111.881771422035
20 5 126.443877517269
0 17 88.3845646364131
0 13 91.9684482047896
8 10 179.047145457937
9 11 176.125190473571
9 24 179.100629503199
10 23 173.363093583226
4 6 175.183250200156
5 7 177.46942512566
5 22 178.755794056698
6 21 169.538702550607
16 18 178.705269862783
17 19 175.317929222537
12 14 178.92405076244
13 15 177.902941506843
3 20 177.994521967228
2 1 179.98759570378
2 8 103.810475202944
2 4 109.676611278725
20 0 179.974933002558
1 16 89.0581490844277
1 12 91.0355118868994
20 9 111.881771422035
20 5 126.443877517269
0 17 88.3845646364131
0 13 91.9684482047896
8 10 179.047145457937
9 11 176.125190473571
9 24 179.100629503199
10 23 173.363093583226
4 6 175.183250200156
5 7 177.46942512566
5 22 178.755794056698
6 21 169.538702550607
16 18 178.705269862783
17 19 175.317929222537
12 14 178.92405076244
13 15 177.902941506843
3 20 177.994521967228
2 1 179.98759570378
2 8 103.810475202944
2 4 109.676611278725
20 0 179.974933002558
1 16 89.0581490844277
1 12 91.0355118868994
20 9 111.881771422035
20 5 126.443877517269
0 17 88.3845646364131
0 13 91.9684482047896
8 10 179.047145457937
9 11 176.125190473571
9 24 179.100629503199
10 23 173.363093583226
4 6 175.183250200156
5 7 177.46942512566
5 22 178.755794056698
6 21 169.538702550607
16 18 178.705269862783
17 19 175.317929222537
12 14 178.92405076244
13 15 177.902941506843
3 20 177.994521967228
2 1 179.98759570378
2 8 103.810475202944
2 4 109.676611278725
20 0 179.974933002558
1 16 89.0581490844277
1 12 91.0355118868994
20 9 111.881771422035
20 5 126.443877517269
0 17 88.3845646364131
0 13 91.9684482047896
8 10 179.047145457937
9 11 176.125190473571
9 24 179.100629503199
10 23 173.363093583226
4 6 175.183250200156
5 7 177.46942512566
5 22 178.755794056698
6 21 169.538702550607
16 18 178.705269862783
17 19 175.317929222537
12 14 178.92405076244
13 15 177.902941506843
3 20 177.994521967228
2 1 179.98759570378
2 8 103.810475202944
2 4 109.676611278725
20 0 179.974933002558
1 16 89.0581490844277
1 12 91.0355118868994
20 9 111.881771422035
20 5 126.443877517269
0 17 88.3845646364131
0 13 91.9684482047896
8 10 179.047145457937
9 11 176.125190473571
9 24 179.100629503199
10 23 173.363093583226
4 6 175.183250200156
5 7 177.46942512566
5 22 178.755794056698
6 21 169.538702550607
16 18 178.705269862783
17 19 175.317929222537
12 14 178.92405076244
13 15 177.902941506843
3 20 176.910379612698
2 1 179.913652435364
2 8 102.638328088473
2 4 109.989081069769
20 0 179.947270173607
1 16 88.7427153005654
1 12 91.3868709852806
20 9 115.614363194708
20 5 130.291835288314
0 17 88.264573034213
0 13 91.9814510921257
8 10 177.90589314013
9 11 174.526116280581
9 24 179.007126528506
10 23 174.045834444704
4 6 179.349494718648
5 7 178.46163019396
5 22 175.924550967806
6 21 166.192679111716
16 18 178.651787604441
17 19 173.678673034584
12 14 178.828059519566
13 15 176.252559845118
3 20 176.910379612698
2 1 179.913652435364
2 8 102.638328088473
2 4 109.989081069769
20 0 179.947270173607
1 16 88.7427153005654
1 12 91.3868709852806
20 9 115.614363194708
20 5 130.291835288314
0 17 88.264573034213
0 13 91.9814510921257
8 10 177.90589314013
9 11 174.526116280581
9 24 179.007126528506
10 23 174.045834444704
4 6 179.349494718648
5 7 178.46163019396
5 22 175.924550967806
6 21 166.192679111716
16 18 178.651787604441
17 19 173.678673034584
12 14 178.828059519566
13 15 176.252559845118
3 20 176.919867018787
2 1 179.911137969389
2 8 102.688778142937
2 4 109.863692354169
20 0 179.982352006458
1 16 88.3316859176245
1 12 91.6793926004817
20 9 118.869870850579
20 5 133.958111185574
0 17 87.8283386279764
0 13 92.1397545403814
8 10 174.156750824591
9 11 179.867952270767
9 24 178.034171686457
10 23 177.086139271419
4 6 174.497836078325
5 7 172.44671148907
5 22 165.646513750662
6 21 169.951646112566
16 18 178.415160819599
17 19 174.27525782111
12 14 178.751718368619
13 15 176.697752390911
3 20 176.919867018787
2 1 179.911137969389
2 8 102.688778142937
2 4 109.863692354169
20 0 179.982352006458
1 16 88.3316859176245
1 12 91.6793926004817
20 9 118.869870850579
20 5 133.958111185574
0 17 87.8283386279764
0 13 92.1397545403814
8 10 174.156750824591
9 11 179.867952270767
9 24 178.034171686457
10 23 177.086139271419
4 6 174.497836078325
5 7 172.44671148907
5 22 165.646513750662
6 21 169.951646112566
16 18 178.415160819599
17 19 174.27525782111
12 14 178.751718368619
13 15 176.697752390911
3 20 176.53326734448
2 1 179.928175345284
2 8 102.685016121247
2 4 109.850221910893
20 0 179.925496285458
1 16 88.3286447608334
1 12 91.6548349089799
20 9 122.686142965605
20 5 142.759728033857
0 17 87.8624320358587
0 13 92.0692106030785
8 10 167.064270001619
9 11 175.173976430117
9 24 174.295164347958
10 23 177.674672701978
4 6 174.528915985577
5 7 173.054327461346
5 22 167.279664498809
6 21 170.158118701627
16 18 178.352274922022
17 19 175.013591385763
12 14 178.743874269212
13 15 177.396805374743
3 20 176.648613866831
2 1 179.960620872367
2 8 101.195206211056
2 4 109.425451339667
20 0 179.922039347969
1 16 88.1358786203361
1 12 91.7500288130579
20 9 124.699324019466
20 5 144.636619195451
0 17 87.789699136625
0 13 92.1645246862121
8 10 169.382113410705
9 11 173.371430048957
9 24 174.815513573795
10 23 167.54087408765
4 6 171.846825022546
5 7 175.424956095055
5 22 168.507255777334
6 21 166.280141216249
16 18 178.447616031333
17 19 174.702786624234
12 14 178.745165061624
13 15 177.099098781676
3 20 176.648613866831
2 1 179.960620872367
2 8 101.195206211056
2 4 109.425451339667
20 0 179.922039347969
1 16 88.1358786203361
1 12 91.7500288130579
20 9 124.699324019466
20 5 144.636619195451
0 17 87.789699136625
0 13 92.1645246862121
8 10 169.382113410705
9 11 173.371430048957
9 24 174.815513573795
10 23 167.54087408765
4 6 171.846825022546
5 7 175.424956095055
5 22 168.507255777334
6 21 166.280141216249
16 18 178.447616031333
17 19 174.702786624234
12 14 178.745165061624
13 15 177.099098781676
3 20 176.146253156635
2 1 179.962489190977
2 8 100.501664042992
2 4 109.495733957849
20 0 179.948227329728
1 16 88.1825724470791
1 12 91.7182626126684
20 9 129.625541196563
20 5 150.502121908342
0 17 87.8895642229246
0 13 92.1098586711298
8 10 164.732048866448
9 11 175.785928905988
9 24 175.648999476326
10 23 175.027040923388
4 6 169.550659120446
5 7 173.621643589847
5 22 167.139201002116
6 21 168.726552378287
16 18 178.504157598216
17 19 174.303156690526
12 14 178.679077832396
13 15 176.66633753703
3 20 175.652666104129
2 1 179.946403016175
2 8 101.679035538664
2 4 109.382649714592
20 0 179.931026890626
1 16 88.0524429070533
1 12 91.8228080525203
20 9 134.116793901721
20 5 154.096322653301
0 17 87.8423399194
0 13 92.4207127265185
8 10 163.755546215022
9 11 174.959698091244
9 24 173.49932954251
10 23 173.774499205548
4 6 168.031499935514
5 7 172.541313141866
5 22 166.879226334145
6 21 169.386993156916
16 18 178.570144210922
17 19 175.559640014459
12 14 179.117938447532
13 15 178.158687265541
3 20 175.652666104129
2 1 179.946403016175
2 8 101.679035538664
2 4 109.382649714592
20 0 179.931026890626
1 16 88.0524429070533
1 12 91.8228080525203
20 9 134.116793901721
20 5 154.096322653301
0 17 87.8423399194
0 13 92.4207127265185
8 10 163.755546215022
9 11 174.959698091244
9 24 173.49932954251
10 23 173.774499205548
4 6 168.031499935514
5 7 172.541313141866
5 22 166.879226334145
6 21 169.386993156916
16 18 178.570144210922
17 19 175.559640014459
12 14 179.117938447532
13 15 178.158687265541
3 20 175.652666104129
2 1 179.946403016175
2 8 101.679035538664
2 4 109.382649714592
20 0 179.931026890626
1 16 88.0524429070533
1 12 91.8228080525203
20 9 134.116793901721
20 5 154.096322653301
0 17 87.8423399194
0 13 92.4207127265185
8 10 163.755546215022
9 11 174.959698091244
9 24 173.49932954251
10 23 173.774499205548
4 6 168.031499935514
5 7 172.541313141866
5 22 166.879226334145
6 21 169.386993156916
16 18 178.570144210922
17 19 175.559640014459
12 14 179.117938447532
13 15 178.158687265541
3 20 175.486243508924
2 1 179.937924594244
2 8 101.756788574061
2 4 108.334193439761
20 0 179.910453701693
1 16 87.9481024007242
1 12 91.9605188025429
20 9 141.4341058419
20 5 163.831261927458
0 17 87.9535902309021
0 13 92.3704362952417
8 10 161.15260376293
9 11 178.84745468786
9 24 176.82074247637
10 23 169.394090824175
4 6 171.894941720983
5 7 176.952149604824
5 22 170.648777349035
6 21 165.838188725467
16 18 178.653978795604
17 19 176.490360648966
12 14 179.049331854024
13 15 179.11743837312
3 20 175.486243508924
2 1 179.937924594244
2 8 101.756788574061
2 4 108.334193439761
20 0 179.910453701693
1 16 87.9481024007242
1 12 91.9605188025429
20 9 141.4341058419
20 5 163.831261927458
0 17 87.9535902309021
0 13 92.3704362952417
8 10 161.15260376293
9 11 178.84745468786
9 24 176.82074247637
10 23 169.394090824175
4 6 171.894941720983
5 7 176.952149604824
5 22 170.648777349035
6 21 165.838188725467
16 18 178.653978795604
17 19 176.490360648966
12 14 179.049331854024
13 15 179.11743837312
3 20 175.486243508924
2 1 179.937924594244
2 8 101.756788574061
2 4 108.334193439761
20 0 179.910453701693
1 16 87.9481024007242
1 12 91.9605188025429
20 9 141.4341058419
20 5 163.831261927458
0 17 87.9535902309021
0 13 92.3704362952417
8 10 161.15260376293
9 11 178.84745468786
9 24 176.82074247637
10 23 169.394090824175
4 6 171.894941720983
5 7 176.952149604824
5 22 170.648777349035
6 21 165.838188725467
16 18 178.653978795604
17 19 176.490360648966
12 14 179.049331854024
13 15 179.11743837312
3 20 175.486243508924
2 1 179.937924594244
2 8 101.756788574061
2 4 108.334193439761
20 0 179.910453701693
1 16 87.9481024007242
1 12 91.9605188025429
20 9 141.4341058419
20 5 163.831261927458
0 17 87.9535902309021
0 13 92.3704362952417
8 10 161.15260376293
9 11 178.84745468786
9 24 176.82074247637
10 23 169.394090824175
4 6 171.894941720983
5 7 176.952149604824
5 22 170.648777349035
6 21 165.838188725467
16 18 178.653978795604
17 19 176.490360648966
12 14 179.049331854024
13 15 179.11743837312
3 20 175.250034454474
2 1 179.982984028376
2 8 102.22332343507
2 4 108.277892002806
20 0 179.895875002242
1 16 87.7611259848555
1 12 92.0889408139225
20 9 143.833407235985
20 5 166.114485212068
0 17 87.4315887249631
0 13 92.7009726663547
8 10 157.948098731436
9 11 178.266160338485
9 24 179.607112091657
10 23 164.616555978976
4 6 170.026118516291
5 7 175.94489378862
5 22 177.012281186514
6 21 159.32855505129
16 18 178.207432366886
17 19 176.488775436825
12 14 179.251599433117
13 15 179.017548234901
3 20 175.204871297373
2 1 179.956263996943
2 8 102.810982298873
2 4 108.507844652871
20 0 179.911753332
1 16 87.6900898745829
1 12 92.1623871309107
20 9 146.7060362141
20 5 168.485848338436
0 17 87.4011941923152
0 13 92.8728615032777
8 10 158.471125281661
9 11 176.128867004251
9 24 179.869057667656
10 23 165.843130231178
4 6 170.720593029081
5 7 173.362709392782
5 22 177.529069880388
6 21 155.136376606867
16 18 178.217015627743
17 19 176.558460471549
12 14 179.454579620517
13 15 179.186954617294
3 20 175.204871297373
2 1 179.956263996943
2 8 102.810982298873
2 4 108.507844652871
20 0 179.911753332
1 16 87.6900898745829
1 12 92.1623871309107
20 9 146.7060362141
20 5 168.485848338436
0 17 87.4011941923152
0 13 92.8728615032777
8 10 158.471125281661
9 11 176.128867004251
9 24 179.869057667656
10 23 165.843130231178
4 6 170.720593029081
5 7 173.362709392782
5 22 177.529069880388
6 21 155.136376606867
16 18 178.217015627743
17 19 176.558460471549
12 14 179.454579620517
13 15 179.186954617294
3 20 175.204871297373
2 1 179.956263996943
2 8 102.810982298873
2 4 108.507844652871
20 0 179.911753332
1 16 87.6900898745829
1 12 92.1623871309107
20 9 146.7060362141
20 5 168.485848338436
0 17 87.4011941923152
0 13 92.8728615032777
8 10 158.471125281661
9 11 176.128867004251
9 24 179.869057667656
10 23 165.843130231178
4 6 170.720593029081
5 7 173.362709392782
5 22 177.529069880388
6 21 155.136376606867
16 18 178.217015627743
17 19 176.558460471549
12 14 179.454579620517
13 15 179.186954617294
3 20 175.348924475379
2 1 179.987587238266
2 8 103.083399046425
2 4 107.722143071493
20 0 179.880392468644
1 16 87.6950227921113
1 12 92.1463300669916
20 9 156.506480553818
20 5 177.862180325797
0 17 87.3307076365189
0 13 92.855908746007
8 10 158.265548129506
9 11 178.779668639075
9 24 172.196628201309
10 23 165.934171320786
4 6 169.583000006541
5 7 176.53451730406
5 22 171.144216233665
6 21 164.987487657095
16 18 178.21867423937
17 19 176.890908767294
12 14 179.434701901241
13 15 179.590329666538
3 20 175.348924475379
2 1 179.987587238266
2 8 103.083399046425
2 4 107.722143071493
20 0 179.880392468644
1 16 87.6950227921113
1 12 92.1463300669916
20 9 156.506480553818
20 5 177.862180325797
0 17 87.3307076365189
0 13 92.855908746007
8 10 158.265548129506
9 11 178.779668639075
9 24 172.196628201309
10 23 165.934171320786
4 6 169.583000006541
5 7 176.53451730406
5 22 171.144216233665
6 21 164.987487657095
16 18 178.21867423937
17 19 176.890908767294
12 14 179.434701901241
13 15 179.590329666538
3 20 175.348924475379
2 1 179.987587238266
2 8 103.083399046425
2 4 107.722143071493
20 0 179.880392468644
1 16 87.6950227921113
1 12 92.1463300669916
20 9 156.506480553818
20 5 177.862180325797
0 17 87.3307076365189
0 13 92.855908746007
8 10 158.265548129506
9 11 178.779668639075
9 24 172.196628201309
10 23 165.934171320786
4 6 169.583000006541
5 7 176.53451730406
5 22 171.144216233665
6 21 164.987487657095
16 18 178.21867423937
17 19 176.890908767294
12 14 179.434701901241
13 15 179.590329666538
3 20 175.410983136777
2 1 179.975737383038
2 8 103.160965682843
2 4 107.570073329186
20 0 179.896650663209
1 16 87.79181062779
1 12 92.0489749861004
20 9 158.345321636139
20 5 179.208044595151
0 17 87.518837493061
0 13 92.6448708689774
8 10 153.312868047257
9 11 179.32460294782
9 24 179.809287684322
10 23 166.629594942792
4 6 165.929299744547
5 7 178.04927839977
5 22 172.410020083321
6 21 164.562289954044
16 18 178.28829813111
17 19 176.884712882111
12 14 179.300521879901
13 15 179.554351638414
3 20 175.410983136777
2 1 179.975737383038
2 8 103.160965682843
2 4 107.570073329186
20 0 179.896650663209
1 16 87.79181062779
1 12 92.0489749861004
20 9 158.345321636139
20 5 179.208044595151
0 17 87.518837493061
0 13 92.6448708689774
8 10 153.312868047257
9 11 179.32460294782
9 24 179.809287684322
10 23 166.629594942792
4 6 165.929299744547
5 7 178.04927839977
5 22 172.410020083321
6 21 164.562289954044
16 18 178.28829813111
17 19 176.884712882111
12 14 179.300521879901
13 15 179.554351638414
3 20 175.024996585347
2 1 179.972696584359
2 8 102.558313018568
2 4 107.156801402936
20 0 179.883576182842
1 16 87.4824101258414
1 12 92.3308543443439
20 9 168.101573233158
20 5 173.499432629395
0 17 87.1681410538886
0 13 93.0482931266033
8 10 156.82773657006
9 11 177.339858620704
9 24 175.032254122171
10 23 171.506374944065
4 6 165.55013722853
5 7 173.542988586736
5 22 169.63009114494
6 21 162.902309069711
16 18 178.174788335989
17 19 176.516109785818
12 14 179.569187993156
13 15 179.243592877458
3 20 174.721228380146
2 1 179.965432335498
2 8 102.570326530418
2 4 106.700333689991
20 0 179.917680136069
1 16 87.4093514118762
1 12 92.4270123946488
20 9 176.04889733849
20 5 170.177822856217
0 17 87.2879163617368
0 13 93.0262330221314
8 10 163.034704260265
9 11 167.95461499744
9 24 176.976148768509
10 23 168.729101489392
4 6 167.17005265342
5 7 178.901953003606
5 22 176.585445268826
6 21 161.153092988872
16 18 178.257397920056
17 19 176.798699893032
12 14 179.594524188527
13 15 179.575863826342
3 20 174.57048148529
2 1 179.933219840141
2 8 102.544159096562
2 4 106.527162469062
20 0 179.95905866891
1 16 87.4796311564234
1 12 92.3669536251011
20 9 176.642741612775
20 5 168.547391786261
0 17 87.4014423674282
0 13 92.9495878251837
8 10 160.10828921188
9 11 175.020602158023
9 24 175.55773090779
10 23 163.010772432228
4 6 162.544223466813
5 7 170.781930846708
5 22 171.684745419807
6 21 176.410161285569
16 18 178.262403384054
17 19 176.785637272909
12 14 179.635411816388
13 15 179.595939434255
3 20 174.57048148529
2 1 179.933219840141
2 8 102.544159096562
2 4 106.527162469062
20 0 179.95905866891
1 16 87.4796311564234
1 12 92.3669536251011
20 9 176.642741612775
20 5 168.547391786261
0 17 87.4014423674282
0 13 92.9495878251837
8 10 160.10828921188
9 11 175.020602158023
9 24 175.55773090779
10 23 163.010772432228
4 6 162.544223466813
5 7 170.781930846708
5 22 171.684745419807
6 21 176.410161285569
16 18 178.262403384054
17 19 176.785637272909
12 14 179.635411816388
13 15 179.595939434255
3 20 174.684349366834
2 1 179.976200267641
2 8 102.191427250752
2 4 106.506777725301
20 0 179.990787259376
1 16 87.5662801264034
1 12 92.2444394700505
20 9 179.750691453069
20 5 165.22398652456
0 17 87.1288217085608
0 13 93.0189186550126
8 10 161.305963233636
9 11 171.446964260737
9 24 174.375371951678
10 23 162.443462851207
4 6 167.052565032186
5 7 178.602502981158
5 22 178.507302046031
6 21 168.745068579446
16 18 177.895898134104
17 19 176.705459122882
12 14 179.664790326375
13 15 179.360980607424
3 20 174.684349366834
2 1 179.976200267641
2 8 102.191427250752
2 4 106.506777725301
20 0 179.990787259376
1 16 87.5662801264034
1 12 92.2444394700505
20 9 179.750691453069
20 5 165.22398652456
0 17 87.1288217085608
0 13 93.0189186550126
8 10 161.305963233636
9 11 171.446964260737
9 24 174.375371951678
10 23 162.443462851207
4 6 167.052565032186
5 7 178.602502981158
5 22 178.507302046031
6 21 168.745068579446
16 18 177.895898134104
17 19 176.705459122882
12 14 179.664790326375
13 15 179.360980607424
3 20 174.859650877183
2 1 179.999512309875
2 8 102.076948893455
2 4 106.342261051798
20 0 179.99032745799
1 16 87.4642527881625
1 12 92.3224825498489
20 9 178.960948684251
20 5 164.702397526117
0 17 86.8310487446004
0 13 93.1858921496017
8 10 158.398822113655
9 11 173.870751611266
9 24 171.485441457727
10 23 163.226575539113
4 6 167.440299015037
5 7 179.61315081425
5 22 179.59359337156
6 21 169.882645785046
16 18 177.659529571415
17 19 176.914642236863
12 14 179.736307327364
13 15 179.519295298805
3 20 174.434168605339
2 1 179.973142090003
2 8 102.304499916534
2 4 106.09877347505
20 0 179.984644071014
1 16 87.280988592944
1 12 92.5268738798998
20 9 179.231220889835
20 5 165.077255040759
0 17 86.4481260877586
0 13 93.372744833238
8 10 155.896625443893
9 11 178.729221693906
9 24 156.566725273809
10 23 170.228692726491
4 6 168.823164556789
5 7 175.679152599505
5 22 174.620314179625
6 21 173.93792551123
16 18 177.630401239252
17 19 177.108893474623
12 14 179.483713621708
13 15 179.66240555741
3 20 174.989702309542
2 1 179.935373644979
2 8 102.231004109143
2 4 105.837828670245
20 0 179.994648848432
1 16 87.1777491363557
1 12 92.5612987320543
20 9 178.548513042205
20 5 165.637027174081
0 17 85.8808414491387
0 13 93.416202829636
8 10 159.766930740658
9 11 177.109117944438
9 24 159.534694011983
10 23 171.536940904145
4 6 169.767695629113
5 7 174.783509571294
5 22 173.740135853686
6 21 174.421538123601
16 18 177.062803624713
17 19 177.549723684698
12 14 179.331135923244
13 15 179.827888105804
3 20 174.989702309542
2 1 179.935373644979
2 8 102.231004109143
2 4 105.837828670245
20 0 179.994648848432
1 16 87.1777491363557
1 12 92.5612987320543
20 9 178.548513042205
20 5 165.637027174081
0 17 85.8808414491387
0 13 93.416202829636
8 10 159.766930740658
9 11 177.109117944438
9 24 159.534694011983
10 23 171.536940904145
4 6 169.767695629113
5 7 174.783509571294
5 22 173.740135853686
6 21 174.421538123601
16 18 177.062803624713
17 19 177.549723684698
12 14 179.331135923244
13 15 179.827888105804
3 20 175.132088200638
2 1 179.939383683079
2 8 102.223108698502
2 4 105.778916613212
20 0 179.982753462495
1 16 87.0979134861889
1 12 92.6498626607766
20 9 178.603270358144
20 5 165.998652403111
0 17 85.7861808193348
0 13 93.4874613951147
8 10 159.795655959689
9 11 176.799709766325
9 24 160.134125603643
10 23 172.703146590035
4 6 169.690791593423
5 7 175.086399295844
5 22 174.290240710941
6 21 175.242584673893
16 18 177.07232459468
17 19 177.663682053812
12 14 179.28288110555
13 15 179.935361026615
3 20 175.132088200638
2 1 179.939383683079
2 8 102.223108698502
2 4 105.778916613212
20 0 179.982753462495
1 16 87.0979134861889
1 12 92.6498626607766
20 9 178.603270358144
20 5 165.998652403111
0 17 85.7861808193348
0 13 93.4874613951147
8 10 159.795655959689
9 11 176.799709766325
9 24 160.134125603643
10 23 172.703146590035
4 6 169.690791593423
5 7 175.086399295844
5 22 174.290240710941
6 21 175.242584673893
16 18 177.07232459468
17 19 177.663682053812
12 14 179.28288110555
13 15 179.935361026615
3 20 175.446273755748
2 1 179.920542302097
2 8 102.186471543744
2 4 105.73548355503
20 0 179.988033710637
1 16 87.2986174640765
1 12 92.4309306127846
20 9 178.821146327293
20 5 166.526231572172
0 17 85.8694972197421
0 13 93.4933249371829
8 10 159.780576752155
9 11 177.667627269851
9 24 161.797189811718
10 23 172.153325462893
4 6 171.110257527829
5 7 179.97549505461
5 22 176.356908989958
6 21 171.103457441682
16 18 177.031487691276
17 19 177.631358228507
12 14 179.513800047112
13 15 179.990051152408
3 20 -1
2 1 -1
2 8 -1
2 4 -1
20 0 -1
1 16 -1
1 12 -1
20 9 -1
20 5 -1
0 17 -1
0 13 -1
8 10 -1
9 11 -1
9 24 -1
10 23 -1
4 6 170.865673033511
5 7 179.425259982902
5 22 -1
6 21 -1
16 18 -1
17 19 -1
12 14 -1
13 15 -1
3 20 175.485422914138
2 1 179.925273197145
2 8 102.154878819575
2 4 105.659625684721
20 0 179.9860844916
1 16 87.3007628200433
1 12 92.4410561409959
20 9 178.858267812648
20 5 166.809076447003
0 17 85.8742498175792
0 13 93.40365849304
8 10 159.814463697939
9 11 178.376930970844
9 24 157.821077983189
10 23 170.728094647204
4 6 170.865673033511
5 7 179.425259982902
5 22 178.157279560933
6 21 171.716907868819
16 18 177.02266619625
17 19 177.676261515555
12 14 179.298672395009
13 15 179.913655435618
3 20 175.485422914138
2 1 179.925273197145
2 8 102.154878819575
2 4 105.659625684721
20 0 179.9860844916
1 16 87.3007628200433
1 12 92.4410561409959
20 9 178.858267812648
20 5 166.809076447003
0 17 85.8742498175792
0 13 93.40365849304
8 10 159.814463697939
9 11 178.376930970844
9 24 157.821077983189
10 23 170.728094647204
4 6 170.865673033511
5 7 179.425259982902
5 22 178.157279560933
6 21 171.716907868819
16 18 177.02266619625
17 19 177.676261515555
12 14 179.298672395009
13 15 179.913655435618
3 20 175.613450049273
2 1 179.918448002729
2 8 102.207054442678
2 4 105.45768509001
20 0 179.996457411648
1 16 87.4877474955352
1 12 92.2835734941827
20 9 178.453776254459
20 5 167.46371019062
0 17 85.9920903710584
0 13 93.4949987146556
8 10 160.787693415803
9 11 176.366205660659
9 24 158.366312147785
10 23 171.85854081773
4 6 170.158456927242
5 7 179.980113956017
5 22 178.101425610832
6 21 177.763942409613
16 18 176.97214970213
17 19 178.009432668794
12 14 179.713014375633
13 15 179.56454991032
3 20 175.613450049273
2 1 179.918448002729
2 8 102.207054442678
2 4 105.45768509001
20 0 179.996457411648
1 16 87.4877474955352
1 12 92.2835734941827
20 9 178.453776254459
20 5 167.46371019062
0 17 85.9920903710584
0 13 93.4949987146556
8 10 160.787693415803
9 11 176.366205660659
9 24 158.366312147785
10 23 171.85854081773
4 6 170.158456927242
5 7 179.980113956017
5 22 178.101425610832
6 21 177.763942409613
16 18 176.97214970213
17 19 178.009432668794
12 14 179.713014375633
13 15 179.56454991032
3 20 175.528982804066
2 1 179.934166840173
2 8 102.315937427554
2 4 105.577301599715
20 0 179.998510996976
1 16 87.51151440084
1 12 92.2861857775344
20 9 179.540036348221
20 5 167.528388833481
0 17 85.9992122772807
0 13 93.4523764374549
8 10 160.540593709944
9 11 178.557049977133
9 24 162.078358596588
10 23 169.419975852352
4 6 171.438972208424
5 7 178.427347516306
5 22 178.315265466946
6 21 174.200559392342
16 18 176.908322998609
17 19 178.009955567961
12 14 179.645860523533
13 15 179.625618988738
3 20 175.624256638373
2 1 179.937604921945
2 8 102.654541954023
2 4 105.506095700691
20 0 179.988992365165
1 16 87.4806791820459
1 12 92.3901984533534
20 9 179.898990659929
20 5 168.799185466389
0 17 85.9741613659861
0 13 93.5528059742773
8 10 161.547125235605
9 11 174.402610320787
9 24 161.677971788154
10 23 174.073978466448
4 6 172.877678224839
5 7 178.534396173928
5 22 167.774843648463
6 21 164.910423466708
16 18 176.924982874305
17 19 178.145442801919
12 14 179.613158177348
13 15 179.501002449929
3 20 175.624256638373
2 1 179.937604921945
2 8 102.654541954023
2 4 105.506095700691
20 0 179.988992365165
1 16 87.4806791820459
1 12 92.3901984533534
20 9 179.898990659929
20 5 168.799185466389
0 17 85.9741613659861
0 13 93.5528059742773
8 10 161.547125235605
9 11 174.402610320787
9 24 161.677971788154
10 23 174.073978466448
4 6 172.877678224839
5 7 178.534396173928
5 22 167.774843648463
6 21 164.910423466708
16 18 176.924982874305
17 19 178.145442801919
12 14 179.613158177348
13 15 179.501002449929
3 20 175.63348948854
2 1 179.938171199127
2 8 102.741330553698
2 4 105.517572900648
20 0 179.987193967207
1 16 87.4275966530011
1 12 92.4972057024822
20 9 176.078251124524
20 5 172.065206658472
0 17 85.8048288510127
0 13 93.8864541400971
8 10 161.306723634386
9 11 173.533292370904
9 24 163.282073409369
10 23 177.020891962106
4 6 171.317787980412
5 7 170.138984998229
5 22 166.875817029477
6 21 171.362119237135
16 18 176.7629717565
17 19 178.088991687273
12 14 179.99453906213
13 15 179.444690422528
3 20 175.63348948854
2 1 179.938171199127
2 8 102.741330553698
2 4 105.517572900648
20 0 179.987193967207
1 16 87.4275966530011
1 12 92.4972057024822
20 9 176.078251124524
20 5 172.065206658472
0 17 85.8048288510127
0 13 93.8864541400971
8 10 161.306723634386
9 11 173.533292370904
9 24 163.282073409369
10 23 177.020891962106
4 6 171.317787980412
5 7 170.138984998229
5 22 166.875817029477
6 21 171.362119237135
16 18 176.7629717565
17 19 178.088991687273
12 14 179.99453906213
13 15 179.444690422528
3 20 175.63348948854
2 1 179.938171199127
2 8 102.741330553698
2 4 105.517572900648
20 0 179.987193967207
1 16 87.4275966530011
1 12 92.4972057024822
20 9 176.078251124524
20 5 172.065206658472
0 17 85.8048288510127
0 13 93.8864541400971
8 10 161.306723634386
9 11 173.533292370904
9 24 163.282073409369
10 23 177.020891962106
4 6 171.317787980412
5 7 170.138984998229
5 22 166.875817029477
6 21 171.362119237135
16 18 176.7629717565
17 19 178.088991687273
12 14 179.99453906213
13 15 179.444690422528
3 20 175.459031232743
2 1 179.941774836684
2 8 103.42996167488
2 4 105.598502753961
20 0 179.961078061549
1 16 87.4801251280454
1 12 92.496995636792
20 9 174.290804721336
20 5 175.830726966903
0 17 86.1595777459369
0 13 93.7347822475346
8 10 161.937656611354
9 11 172.542178178355
9 24 164.492906627407
10 23 174.672671405428
4 6 174.372418159308
5 7 176.369598841261
5 22 177.980981669202
6 21 167.79419457849
16 18 177.007896619252
17 19 178.229718651488
12 14 179.959028252397
13 15 179.241320795982
3 20 175.459031232743
2 1 179.941774836684
2 8 103.42996167488
2 4 105.598502753961
20 0 179.961078061549
1 16 87.4801251280454
1 12 92.496995636792
20 9 174.290804721336
20 5 175.830726966903
0 17 86.1595777459369
0 13 93.7347822475346
8 10 161.937656611354
9 11 172.542178178355
9 24 164.492906627407
10 23 174.672671405428
4 6 174.372418159308
5 7 176.369598841261
5 22 177.980981669202
6 21 167.79419457849
16 18 177.007896619252
17 19 178.229718651488
12 14 179.959028252397
13 15 179.241320795982
3 20 175.469537026592
2 1 179.947071567086
2 8 103.91902186912
2 4 105.618697137172
20 0 179.95838750845
1 16 87.4877106333005
1 12 92.4934977785902
20 9 169.801838447196
20 5 179.410773349179
0 17 86.24717742546
0 13 93.7318050530263
8 10 160.060538647958
9 11 173.628634193801
9 24 162.653212669455
10 23 174.7536830613
4 6 168.241364009028
5 7 168.883885619679
5 22 169.076932819048
6 21 175.76510894586
16 18 177.180249755515
17 19 178.110349363141
12 14 179.952528215496
13 15 179.275369435619
3 20 175.469537026592
2 1 179.947071567086
2 8 103.91902186912
2 4 105.618697137172
20 0 179.95838750845
1 16 87.4877106333005
1 12 92.4934977785902
20 9 169.801838447196
20 5 179.410773349179
0 17 86.24717742546
0 13 93.7318050530263
8 10 160.060538647958
9 11 173.628634193801
9 24 162.653212669455
10 23 174.7536830613
4 6 168.241364009028
5 7 168.883885619679
5 22 169.076932819048
6 21 175.76510894586
16 18 177.180249755515
17 19 178.110349363141
12 14 179.952528215496
13 15 179.275369435619
3 20 175.549431743535
2 1 179.950724911899
2 8 103.885430179798
2 4 106.347130926578
20 0 179.935478461933
1 16 87.3264136542987
1 12 92.6987821543184
20 9 163.970058732252
20 5 178.224956829694
0 17 86.1878146890898
0 13 93.9741648381664
8 10 158.333239616695
9 11 174.203437023631
9 24 171.684950437926
10 23 173.641315220978
4 6 173.267752153786
5 7 178.798046091962
5 22 179.493682522363
6 21 166.883296152186
16 18 177.427871099387
17 19 177.418292375764
12 14 179.992109509453
13 15 179.837414956148
3 20 175.554347623035
2 1 179.945399810326
2 8 104.195210141123
2 4 106.500154020864
20 0 179.929847005878
1 16 87.4687618208427
1 12 92.5909664056809
20 9 162.711882629942
20 5 176.138552922778
0 17 86.3306495255324
0 13 93.84529068431
8 10 161.135303789864
9 11 176.140008128458
9 24 174.222945214301
10 23 175.052496977588
4 6 172.672994806901
5 7 177.579336608196
5 22 174.747299816948
6 21 170.748453995242
16 18 177.601125882555
17 19 177.155915319197
12 14 179.881884026422
13 15 179.967823300104
3 20 175.607836894795
2 1 179.952663745557
2 8 104.059410590153
2 4 106.989326598175
20 0 179.916298128329
1 16 87.5350265805464
1 12 92.5231299270794
20 9 159.846966927186
20 5 173.963603736578
0 17 86.4517302564541
0 13 93.8126129523158
8 10 164.870199431084
9 11 174.158064968865
9 24 175.105047877204
10 23 162.982266105309
4 6 172.49025860396
5 7 176.818553266363
5 22 169.168810422471
6 21 168.922150012053
16 18 177.746957722212
17 19 176.50993628814
12 14 179.918016325411
13 15 179.399280298455
3 20 175.607836894795
2 1 179.952663745557
2 8 104.059410590153
2 4 106.989326598175
20 0 179.916298128329
1 16 87.5350265805464
1 12 92.5231299270794
20 9 159.846966927186
20 5 173.963603736578
0 17 86.4517302564541
0 13 93.8126129523158
8 10 164.870199431084
9 11 174.158064968865
9 24 175.105047877204
10 23 162.982266105309
4 6 172.49025860396
5 7 176.818553266363
5 22 169.168810422471
6 21 168.922150012053
16 18 177.746957722212
17 19 176.50993628814
12 14 179.918016325411
13 15 179.399280298455
3 20 175.372916239998
2 1 179.99866209202
2 8 104.700272062962
2 4 108.497233643731
20 0 179.922076955325
1 16 87.7902062286197
1 12 92.3178049516108
20 9 150.556446268984
20 5 164.2051709434
0 17 87.0181907537481
0 13 93.4330248020162
8 10 163.676361472592
9 11 176.058272290487
9 24 175.337036179339
10 23 174.801810424155
4 6 176.484774058026
5 7 163.234537945733
5 22 162.199917127337
6 21 159.855097004391
16 18 178.069380609705
17 19 176.129961710245
12 14 179.70103746011
13 15 178.991406923012
3 20 174.550618363611
2 1 179.948606921376
2 8 104.153988043188
2 4 108.964082349653
20 0 179.966363679499
1 16 87.223160974249
1 12 93.1145364542042
20 9 143.261009535099
20 5 155.501233434519
0 17 86.7468961646015
0 13 94.2860937171712
8 10 167.642928582094
9 11 178.505982455085
9 24 177.836611062388
10 23 173.933531880079
4 6 177.173398650739
5 7 170.453659334645
5 22 179.227398145792
6 21 161.201293936421
16 18 178.364994166688
17 19 175.727465682443
12 14 179.8345035733
13 15 178.675044994641
3 20 174.536365923248
2 1 179.948042771749
2 8 103.985417179643
2 4 109.029746896233
20 0 179.984953017256
1 16 87.3282772123171
1 12 92.9812158516216
20 9 132.447038870873
20 5 144.103552788121
0 17 86.9219966627421
0 13 94.1432750599188
8 10 168.548989182288
9 11 175.735867551349
9 24 174.187679164033
10 23 179.480461060745
4 6 174.32848024664
5 7 176.129317024948
5 22 173.966498508448
6 21 173.829754241578
16 18 178.432060832774
17 19 175.801390275321
12 14 179.855038630269
13 15 178.777868910235
3 20 174.763496199976
2 1 179.957296615438
2 8 103.878767510266
2 4 109.129474421981
20 0 179.971810500737
1 16 87.2638070658977
1 12 93.0366296417647
20 9 127.984574814881
20 5 140.147063661552
0 17 86.7997288364764
0 13 94.269467949872
8 10 171.727027532598
9 11 177.718057477323
9 24 176.451588891553
10 23 178.740480827074
4 6 179.897143633931
5 7 172.63954609864
5 22 177.125108172367
6 21 166.278455664794
16 18 178.561569054932
17 19 175.691863367177
12 14 179.875869267463
13 15 178.79488938328
3 20 174.973286019006
2 1 179.95898313082
2 8 103.735924063507
2 4 109.441307411982
20 0 179.969240464845
1 16 87.2916173214131
1 12 93.0080050621186
20 9 124.39210447438
20 5 135.451712586761
0 17 87.0280205071837
0 13 93.8784007168227
8 10 175.211071470896
9 11 172.777952797283
9 24 171.500285775598
10 23 173.692943350634
4 6 178.25620294004
5 7 175.372558949143
5 22 173.362952455218
6 21 177.732520023861
16 18 178.840715133248
17 19 175.59941497567
12 14 179.244222180352
13 15 178.505924285246
3 20 174.822387550172
2 1 179.956238743934
2 8 103.421913382607
2 4 109.514395988772
20 0 179.973537912116
1 16 87.2538650680325
1 12 92.9703912558444
20 9 121.107695251454
20 5 132.456050134944
0 17 86.9524821371303
0 13 93.83944756218
8 10 177.741087362706
9 11 172.81049507568
9 24 177.813887481127
10 23 172.565608671341
4 6 178.560552528201
5 7 174.423119401065
5 22 172.789402381863
6 21 179.063724230206
16 18 179.122980028573
17 19 175.340087027197
12 14 179.129676279087
13 15 178.409884102892
3 20 174.822387550172
2 1 179.956238743934
2 8 103.421913382607
2 4 109.514395988772
20 0 179.973537912116
1 16 87.2538650680325
1 12 92.9703912558444
20 9 121.107695251454
20 5 132.456050134944
0 17 86.9524821371303
0 13 93.83944756218
8 10 177.741087362706
9 11 172.81049507568
9 24 177.813887481127
10 23 172.565608671341
4 6 178.560552528201
5 7 174.423119401065
5 22 172.789402381863
6 21 179.063724230206
16 18 179.122980028573
17 19 175.340087027197
12 14 179.129676279087
13 15 178.409884102892
3 20 174.626405474863
2 1 179.956207682348
2 8 103.630871202073
2 4 109.475834121172
20 0 179.975484607645
1 16 87.7507976791233
1 12 92.5209646780346
20 9 118.755718250343
20 5 129.805329490276
0 17 87.2390184861001
0 13 93.5439649396404
8 10 177.430939049706
9 11 174.305839347557
9 24 173.603003509405
10 23 170.54051038865
4 6 178.354912656745
5 7 171.590605096372
5 22 168.614477986482
6 21 177.891677291009
16 18 179.236776393001
17 19 175.54033065455
12 14 179.274141050884
13 15 178.89728836079
3 20 174.55170737369
2 1 179.954288443329
2 8 103.320462671141
2 4 109.688946944548
20 0 179.954571122192
1 16 87.8366961166598
1 12 92.464512996091
20 9 114.837722510991
20 5 129.220327807671
0 17 87.3862622585311
0 13 93.375313509861
8 10 177.94591947514
9 11 172.548700153486
9 24 172.090255324256
10 23 171.880041615642
4 6 177.658169685481
5 7 171.399626922253
5 22 167.850274999632
6 21 178.744836429157
16 18 179.299597889984
17 19 175.447734249757
12 14 179.132901567797
13 15 163.084150853471
3 20 174.588911661957
2 1 179.958781950935
2 8 103.181987108762
2 4 109.920016485261
20 0 179.882329302537
1 16 88.077222935738
1 12 92.2994984379503
20 9 115.59961735245
20 5 128.067722610247
0 17 88.0020171476563
0 13 92.9182815859149
8 10 176.804179249171
9 11 172.698764966983
9 24 173.32840698912
10 23 170.056084271709
4 6 176.549748889026
5 7 169.768144986558
5 22 175.838378541281
6 21 176.406819586113
16 18 179.738941614084
17 19 175.450790424469
12 14 178.961011494449
13 15 163.658240145042
3 20 174.588911661957
2 1 179.958781950935
2 8 103.181987108762
2 4 109.920016485261
20 0 179.882329302537
1 16 88.077222935738
1 12 92.2994984379503
20 9 115.59961735245
20 5 128.067722610247
0 17 88.0020171476563
0 13 92.9182815859149
8 10 176.804179249171
9 11 172.698764966983
9 24 173.32840698912
10 23 170.056084271709
4 6 176.549748889026
5 7 169.768144986558
5 22 175.838378541281
6 21 176.406819586113
16 18 179.738941614084
17 19 175.450790424469
12 14 178.961011494449
13 15 163.658240145042
3 20 174.588911661957
2 1 179.958781950935
2 8 103.181987108762
2 4 109.920016485261
20 0 179.882329302537
1 16 88.077222935738
1 12 92.2994984379503
20 9 115.59961735245
20 5 128.067722610247
0 17 88.0020171476563
0 13 92.9182815859149
8 10 176.804179249171
9 11 172.698764966983
9 24 173.32840698912
10 23 170.056084271709
4 6 176.549748889026
5 7 169.768144986558
5 22 175.838378541281
6 21 176.406819586113
16 18 179.738941614084
17 19 175.450790424469
12 14 178.961011494449
13 15 163.658240145042
3 20 174.603141071327
2 1 179.959414867486
2 8 103.284126520901
2 4 109.900152781412
20 0 179.89844963018
1 16 87.8683548938031
1 12 92.5694670557358
20 9 113.11828221056
20 5 126.236487524163
0 17 87.8391968155322
0 13 93.2797133179229
8 10 176.984835578708
9 11 171.96125482618
9 24 172.548383467295
10 23 169.466516843962
4 6 174.981435763898
5 7 169.038743968427
5 22 166.695070867995
6 21 176.745933675277
16 18 179.839179208365
17 19 175.478144786066
12 14 179.089591877224
13 15 163.354124374226
3 20 174.603141071327
2 1 179.959414867486
2 8 103.284126520901
2 4 109.900152781412
20 0 179.89844963018
1 16 87.8683548938031
1 12 92.5694670557358
20 9 113.11828221056
20 5 126.236487524163
0 17 87.8391968155322
0 13 93.2797133179229
8 10 176.984835578708
9 11 171.96125482618
9 24 172.548383467295
10 23 169.466516843962
4 6 174.981435763898
5 7 169.038743968427
5 22 166.695070867995
6 21 176.745933675277
16 18 179.839179208365
17 19 175.478144786066
12 14 179.089591877224
13 15 163.354124374226
3 20 174.588394920005
2 1 179.959472230217
2 8 103.275508969294
2 4 109.909364238352
20 0 179.906511070941
1 16 87.8477029909454
1 12 92.5757967584242
20 9 111.911717410207
20 5 125.729776393902
0 17 87.7875968663847
0 13 93.2566120395028
8 10 177.695109888816
9 11 172.507372722695
9 24 171.498193931861
10 23 169.965823721414
4 6 174.56637724823
5 7 168.240894872707
5 22 170.892532904278
6 21 174.023698845554
16 18 179.779128364285
17 19 175.514269400641
12 14 179.010939002223
13 15 163.198623523427
3 20 174.588394920005
2 1 179.959472230217
2 8 103.275508969294
2 4 109.909364238352
20 0 179.906511070941
1 16 87.8477029909454
1 12 92.5757967584242
20 9 111.911717410207
20 5 125.729776393902
0 17 87.7875968663847
0 13 93.2566120395028
8 10 177.695109888816
9 11 172.507372722695
9 24 171.498193931861
10 23 169.965823721414
4 6 174.56637724823
5 7 168.240894872707
5 22 170.892532904278
6 21 174.023698845554
16 18 179.779128364285
17 19 175.514269400641
12 14 179.010939002223
13 15 163.198623523427
3 20 174.785756842169
2 1 179.969877948105
2 8 103.212756565902
2 4 109.895710693676
20 0 179.956796859236
1 16 88.246564524334
1 12 92.2807094308224
20 9 111.729327742615
20 5 125.012177013498
0 17 88.0648936512176
0 13 93.1383410119586
8 10 175.417711219894
9 11 168.163914480394
9 24 175.951914240504
10 23 164.507069771197
4 6 170.854438390868
5 7 165.90632419627
5 22 138.423614571091
6 21 163.20153049193
16 18 179.691910854308
17 19 175.533760544756
12 14 179.145005006417
13 15 163.063311634998
3 20 174.785756842169
2 1 179.969877948105
2 8 103.212756565902
2 4 109.895710693676
20 0 179.956796859236
1 16 88.246564524334
1 12 92.2807094308224
20 9 111.729327742615
20 5 125.012177013498
0 17 88.0648936512176
0 13 93.1383410119586
8 10 175.417711219894
9 11 168.163914480394
9 24 175.951914240504
10 23 164.507069771197
4 6 170.854438390868
5 7 165.90632419627
5 22 138.423614571091
6 21 163.20153049193
16 18 179.691910854308
17 19 175.533760544756
12 14 179.145005006417
13 15 163.063311634998
3 20 174.864746338359
2 1 179.950922676771
2 8 103.220534631826
2 4 109.873414734512
20 0 179.984960726916
1 16 88.269849344916
1 12 92.16822630582
20 9 111.658445622736
20 5 124.596552874109
0 17 87.9604904790838
0 13 93.1222465471791
8 10 173.334896859527
9 11 169.44415041357
9 24 178.184179033918
10 23 165.283718364522
4 6 166.215779791224
5 7 171.813572692486
5 22 109.014139688734
6 21 155.835054010781
16 18 179.57462092636
17 19 175.584305096057
12 14 179.063146013185
13 15 162.45937107143
3 20 174.864746338359
2 1 179.950922676771
2 8 103.220534631826
2 4 109.873414734512
20 0 179.984960726916
1 16 88.269849344916
1 12 92.16822630582
20 9 111.658445622736
20 5 124.596552874109
0 17 87.9604904790838
0 13 93.1222465471791
8 10 173.334896859527
9 11 169.44415041357
9 24 178.184179033918
10 23 165.283718364522
4 6 166.215779791224
5 7 171.813572692486
5 22 109.014139688734
6 21 155.835054010781
16 18 179.57462092636
17 19 175.584305096057
12 14 179.063146013185
13 15 162.45937107143
3 20 175.33048321172
2 1 179.92322402922
2 8 103.073992989052
2 4 109.874864466554
20 0 179.970059790605
1 16 88.3360029154738
1 12 92.0523146060499
20 9 111.458295503946
20 5 124.393886801758
0 17 88.1014167129624
0 13 93.1271606633067
8 10 171.61139694688
9 11 167.625123897604
9 24 168.070283082485
10 23 161.988188328698
4 6 166.676196000625
5 7 166.237222195137
5 22 113.231521559622
6 21 148.701988922211
16 18 179.955439507956
17 19 175.318573549232
12 14 179.03769801679
13 15 162.285488732505
3 20 175.33048321172
2 1 179.92322402922
2 8 103.073992989052
2 4 109.874864466554
20 0 179.970059790605
1 16 88.3360029154738
1 12 92.0523146060499
20 9 111.458295503946
20 5 124.393886801758
0 17 88.1014167129624
0 13 93.1271606633067
8 10 171.61139694688
9 11 167.625123897604
9 24 168.070283082485
10 23 161.988188328698
4 6 166.676196000625
5 7 166.237222195137
5 22 113.231521559622
6 21 148.701988922211
16 18 179.955439507956
17 19 175.318573549232
12 14 179.03769801679
13 15 162.285488732505
3 20 175.348164071009
2 1 179.908661723479
2 8 102.650586039007
2 4 109.864365516506
20 0 179.952242998509
1 16 88.3402014349359
1 12 92.011538291462
20 9 110.924853808884
20 5 124.235006516004
0 17 88.1440927200385
0 13 93.1648180019334
8 10 171.296182495226
9 11 166.271699152671
9 24 170.490009012279
10 23 159.687849348893
4 6 166.960055456803
5 7 168.463956935377
5 22 112.674170797933
6 21 155.12408964115
16 18 179.854183205532
17 19 175.123050639271
12 14 179.005337498882
13 15 161.925635352237
3 20 175.348164071009
2 1 179.908661723479
2 8 102.650586039007
2 4 109.864365516506
20 0 179.952242998509
1 16 88.3402014349359
1 12 92.011538291462
20 9 110.924853808884
20 5 124.235006516004
0 17 88.1440927200385
0 13 93.1648180019334
8 10 171.296182495226
9 11 166.271699152671
9 24 170.490009012279
10 23 159.687849348893
4 6 166.960055456803
5 7 168.463956935377
5 22 112.674170797933
6 21 155.12408964115
16 18 179.854183205532
17 19 175.123050639271
12 14 179.005337498882
13 15 161.925635352237
3 20 175.348164071009
2 1 179.908661723479
2 8 102.650586039007
2 4 109.864365516506
20 0 179.952242998509
1 16 88.3402014349359
1 12 92.011538291462
20 9 110.924853808884
20 5 124.235006516004
0 17 88.1440927200385
0 13 93.1648180019334
8 10 171.296182495226
9 11 166.271699152671
9 24 170.490009012279
10 23 159.687849348893
4 6 166.960055456803
5 7 168.463956935377
5 22 112.674170797933
6 21 155.12408964115
16 18 179.854183205532
17 19 175.123050639271
12 14 179.005337498882
13 15 161.925635352237
3 20 175.428908751499
2 1 179.843176260555
2 8 102.640991082494
2 4 109.883610288869
20 0 179.85322480639
1 16 88.2518659734703
1 12 92.0109035351908
20 9 110.672385733004
20 5 124.2816047565
0 17 87.6797234098865
0 13 93.513577187558
8 10 171.30274674488
9 11 161.959658843974
9 24 173.040164811342
10 23 153.663806096529
4 6 167.080374006332
5 7 172.006796642585
5 22 123.541903670635
6 21 157.949037559269
16 18 179.89653640951
17 19 174.938862270091
12 14 179.087060967313
13 15 178.493599988045
3 20 175.428908751499
2 1 179.843176260555
2 8 102.640991082494
2 4 109.883610288869
20 0 179.85322480639
1 16 88.2518659734703
1 12 92.0109035351908
20 9 110.672385733004
20 5 124.2816047565
0 17 87.6797234098865
0 13 93.513577187558
8 10 171.30274674488
9 11 161.959658843974
9 24 173.040164811342
10 23 153.663806096529
4 6 167.080374006332
5 7 172.006796642585
5 22 123.541903670635
6 21 157.949037559269
16 18 179.89653640951
17 19 174.938862270091
12 14 179.087060967313
13 15 178.493599988045
3 20 175.428908751499
2 1 179.843176260555
2 8 102.640991082494
2 4 109.883610288869
20 0 179.85322480639
1 16 88.2518659734703
1 12 92.0109035351908
20 9 110.672385733004
20 5 124.2816047565
0 17 87.6797234098865
0 13 93.513577187558
8 10 171.30274674488
9 11 161.959658843974
9 24 173.040164811342
10 23 153.663806096529
4 6 167.080374006332
5 7 172.006796642585
5 22 123.541903670635
6 21 157.949037559269
16 18 179.89653640951
17 19 174.938862270091
12 14 179.087060967313
13 15 178.493599988045
3 20 175.487932442529
2 1 179.843489498986
2 8 102.647341578944
2 4 110.449731929055
20 0 179.863276138231
1 16 88.2016158420978
1 12 92.0559774721847
20 9 110.482024982438
20 5 125.085225626226
0 17 87.8159442348744
0 13 93.6454318653905
8 10 171.322949004598
9 11 160.458403652179
9 24 169.947180983196
10 23 156.311850696028
4 6 166.923426725827
5 7 170.139640338679
5 22 123.915797716002
6 21 154.232145843437
16 18 179.484592696526
17 19 175.160285573906
12 14 179.234709287652
13 15 179.00760731367
3 20 175.487932442529
2 1 179.843489498986
2 8 102.647341578944
2 4 110.449731929055
20 0 179.863276138231
1 16 88.2016158420978
1 12 92.0559774721847
20 9 110.482024982438
20 5 125.085225626226
0 17 87.8159442348744
0 13 93.6454318653905
8 10 171.322949004598
9 11 160.458403652179
9 24 169.947180983196
10 23 156.311850696028
4 6 166.923426725827
5 7 170.139640338679
5 22 123.915797716002
6 21 154.232145843437
16 18 179.484592696526
17 19 175.160285573906
12 14 179.234709287652
13 15 179.00760731367
3 20 175.487932442529
2 1 179.843489498986
2 8 102.647341578944
2 4 110.449731929055
20 0 179.863276138231
1 16 88.2016158420978
1 12 92.0559774721847
20 9 110.482024982438
20 5 125.085225626226
0 17 87.8159442348744
0 13 93.6454318653905
8 10 171.322949004598
9 11 160.458403652179
9 24 169.947180983196
10 23 156.311850696028
4 6 166.923426725827
5 7 170.139640338679
5 22 123.915797716002
6 21 154.232145843437
16 18 179.484592696526
17 19 175.160285573906
12 14 179.234709287652
13 15 179.00760731367
3 20 175.931283643954
2 1 179.85219836991
2 8 102.665972941634
2 4 110.419872770974
20 0 179.861653571357
1 16 88.1358027402439
1 12 92.1416244032801
20 9 110.401905498492
20 5 125.061573504302
0 17 87.6184941667879
0 13 93.6958785601632
8 10 171.061581451838
9 11 159.798712406024
9 24 170.384497730969
10 23 154.931993109851
4 6 166.986614206659
5 7 170.224860949916
5 22 120.734830831499
6 21 154.485307433366
16 18 179.674447274844
17 19 175.198317982501
12 14 179.125729277057
13 15 158.241017672286
3 20 175.979949964379
2 1 179.84262365789
2 8 102.694391326153
2 4 110.405350721654
20 0 179.857519205243
1 16 88.1460981698604
1 12 92.1035761136318
20 9 110.339550634041
20 5 125.074352953855
0 17 87.5579776315934
0 13 93.6620451557746
8 10 172.737420263349
9 11 158.768742563959
9 24 178.150105173939
10 23 154.328998084541
4 6 167.101584242291
5 7 168.182905429348
5 22 122.616760731834
6 21 153.513664234615
16 18 179.641536515133
17 19 175.110765700381
12 14 179.146990360396
13 15 154.069105510612
3 20 175.979949964379
2 1 179.84262365789
2 8 102.694391326153
2 4 110.405350721654
20 0 179.857519205243
1 16 88.1460981698604
1 12 92.1035761136318
20 9 110.339550634041
20 5 125.074352953855
0 17 87.5579776315934
0 13 93.6620451557746
8 10 172.737420263349
9 11 158.768742563959
9 24 178.150105173939
10 23 154.328998084541
4 6 167.101584242291
5 7 168.182905429348
5 22 122.616760731834
6 21 153.513664234615
16 18 179.641536515133
17 19 175.110765700381
12 14 179.146990360396
13 15 154.069105510612
3 20 176.076457449662
2 1 179.809848602132
2 8 102.740126245869
2 4 110.3795583658
20 0 179.823831289801
1 16 87.9663205027048
1 12 92.2006863952329
20 9 110.301389390928
20 5 125.09458397972
0 17 87.0329970467005
0 13 93.9698612064576
8 10 170.107194020625
9 11 161.608428479605
9 24 177.078547894591
10 23 157.92516731788
4 6 167.094407907421
5 7 170.597320935898
5 22 123.305519892031
6 21 156.333516174157
16 18 179.888796163407
17 19 175.102058434574
12 14 179.224945252128
13 15 152.299625863176
3 20 176.076457449662
2 1 179.809848602132
2 8 102.740126245869
2 4 110.3795583658
20 0 179.823831289801
1 16 87.9663205027048
1 12 92.2006863952329
20 9 110.301389390928
20 5 125.09458397972
0 17 87.0329970467005
0 13 93.9698612064576
8 10 170.107194020625
9 11 161.608428479605
9 24 177.078547894591
10 23 157.92516731788
4 6 167.094407907421
5 7 170.597320935898
5 22 123.305519892031
6 21 156.333516174157
16 18 179.888796163407
17 19 175.102058434574
12 14 179.224945252128
13 15 152.299625863176
3 20 176.257445051662
2 1 179.771540619884
2 8 102.799233002005
2 4 110.32726768375
20 0 179.7873154114
1 16 87.7866235783295
1 12 92.3001115430112
20 9 110.403879175388
20 5 125.147914754494
0 17 86.4721207614566
0 13 94.3502310948188
8 10 171.657004992812
9 11 157.805658528765
9 24 174.133423445254
10 23 155.868682353995
4 6 169.744618459821
5 7 167.476143601221
5 22 135.345657856537
6 21 163.04434242655
16 18 179.921379053057
17 19 175.024527864536
12 14 179.395645804567
13 15 157.351940433828
3 20 176.257445051662
2 1 179.771540619884
2 8 102.799233002005
2 4 110.32726768375
20 0 179.7873154114
1 16 87.7866235783295
1 12 92.3001115430112
20 9 110.403879175388
20 5 125.147914754494
0 17 86.4721207614566
0 13 94.3502310948188
8 10 171.657004992812
9 11 157.805658528765
9 24 174.133423445254
10 23 155.868682353995
4 6 169.744618459821
5 7 167.476143601221
5 22 135.345657856537
6 21 163.04434242655
16 18 179.921379053057
17 19 175.024527864536
12 14 179.395645804567
13 15 157.351940433828
3 20 176.337391011939
2 1 179.779943188986
2 8 102.808007252745
2 4 110.324762736694
20 0 179.793563297431
1 16 87.7872497012969
1 12 92.2978460522075
20 9 110.465324663298
20 5 125.187946525164
0 17 86.4480386352753
0 13 94.3246231791361
8 10 172.249042522279
9 11 155.355248927483
9 24 173.377488570317
10 23 153.376164614156
4 6 169.513482814905
5 7 167.716748912995
5 22 132.273713297181
6 21 161.943080205443
16 18 179.79687981776
17 19 175.056613894051
12 14 179.56506378231
13 15 158.969438511704
3 20 176.337391011939
2 1 179.779943188986
2 8 102.808007252745
2 4 110.324762736694
20 0 179.793563297431
1 16 87.7872497012969
1 12 92.2978460522075
20 9 110.465324663298
20 5 125.187946525164
0 17 86.4480386352753
0 13 94.3246231791361
8 10 172.249042522279
9 11 155.355248927483
9 24 173.377488570317
10 23 153.376164614156
4 6 169.513482814905
5 7 167.716748912995
5 22 132.273713297181
6 21 161.943080205443
16 18 179.79687981776
17 19 175.056613894051
12 14 179.56506378231
13 15 158.969438511704
3 20 176.834208643148
2 1 179.781323391568
2 8 102.833498053995
2 4 110.330804421063
20 0 179.870669340678
1 16 87.8223975388257
1 12 92.2637363708172
20 9 110.397349951565
20 5 125.202557508476
0 17 86.6456392064304
0 13 94.1005031045221
8 10 172.390039627903
9 11 156.39780871058
9 24 174.265689693514
10 23 155.82581165575
4 6 169.411405789761
5 7 167.747973875488
5 22 138.109678178451
6 21 162.261913320783
16 18 179.857568493328
17 19 175.069291054618
12 14 179.335141403838
13 15 159.65204578377
3 20 176.834208643148
2 1 179.781323391568
2 8 102.833498053995
2 4 110.330804421063
20 0 179.870669340678
1 16 87.8223975388257
1 12 92.2637363708172
20 9 110.397349951565
20 5 125.202557508476
0 17 86.6456392064304
0 13 94.1005031045221
8 10 172.390039627903
9 11 156.39780871058
9 24 174.265689693514
10 23 155.82581165575
4 6 169.411405789761
5 7 167.747973875488
5 22 138.109678178451
6 21 162.261913320783
16 18 179.857568493328
17 19 175.069291054618
12 14 179.335141403838
13 15 159.65204578377
3 20 177.280522109158
2 1 179.797450719891
2 8 102.852019925063
2 4 110.282506910111
20 0 179.884623585621
1 16 87.7216017200179
1 12 92.337599828095
20 9 110.395098461209
20 5 125.186402980287
0 17 86.5104329598612
0 13 94.1055745797311
8 10 172.436327456405
9 11 156.408093450445
9 24 174.392263307752
10 23 154.152526350753
4 6 168.98248931863
5 7 166.596353002333
5 22 134.2350917927
6 21 159.1831011018
16 18 179.806784147864
17 19 175.036125356139
12 14 179.187764195591
13 15 178.725890643429
3 20 177.280522109158
2 1 179.797450719891
2 8 102.852019925063
2 4 110.282506910111
20 0 179.884623585621
1 16 87.7216017200179
1 12 92.337599828095
20 9 110.395098461209
20 5 125.186402980287
0 17 86.5104329598612
0 13 94.1055745797311
8 10 172.436327456405
9 11 156.408093450445
9 24 174.392263307752
10 23 154.152526350753
4 6 168.98248931863
5 7 166.596353002333
5 22 134.2350917927
6 21 159.1831011018
16 18 179.806784147864
17 19 175.036125356139
12 14 179.187764195591
13 15 178.725890643429
3 20 177.602137886428
2 1 179.801471554901
2 8 102.869108524384
2 4 110.273782286007
20 0 179.935433008469
1 16 87.6190147804366
1 12 92.4312112799201
20 9 110.257457016178
20 5 125.150907228041
0 17 86.4675015076341
0 13 93.9777116108802
8 10 172.863188940852
9 11 157.05116648317
9 24 174.350674376865
10 23 156.772376442637
4 6 168.984579776003
5 7 166.708292459161
5 22 130.687936665235
6 21 160.210041776066
16 18 179.767612422157
17 19 175.041599988822
12 14 178.902979415224
13 15 178.566926633868
3 20 177.983249360615
2 1 179.791966606089
2 8 102.906982723394
2 4 110.25519438509
20 0 179.917305629608
1 16 87.3972208483325
1 12 92.5709586776402
20 9 109.986947684008
20 5 125.129304037913
0 17 85.9152011893562
0 13 94.2183695878606
8 10 173.307198648458
9 11 155.354484875541
9 24 174.378672952062
10 23 154.068270321058
4 6 168.403503996228
5 7 167.379472968066
5 22 128.46925272459
6 21 159.115367449078
16 18 179.437815425977
17 19 175.080689102942
12 14 179.032639359187
13 15 158.809468594239
3 20 177.989965878081
2 1 179.794984091982
2 8 102.950465632592
2 4 110.200475941993
20 0 179.949591771685
1 16 87.2452849571775
1 12 92.7150414631551
20 9 109.954246896145
20 5 125.072551345202
0 17 85.9128743503694
0 13 94.3533619446903
8 10 173.413020878892
9 11 156.155546676962
9 24 174.89112073338
10 23 156.49560820113
4 6 167.619439663968
5 7 167.929339071646
5 22 115.848299222712
6 21 160.782213099422
16 18 179.817103993537
17 19 174.769934444626
12 14 179.00475416229
13 15 178.491246048336
3 20 178.005972174704
2 1 179.807424801829
2 8 102.918218479089
2 4 110.200393644824
20 0 179.962709512021
1 16 87.1763187906068
1 12 92.7962192949735
20 9 109.91752157147
20 5 124.989210068295
0 17 85.9304438477769
0 13 94.3349959164073
8 10 173.603339995927
9 11 156.9709392997
9 24 176.216168155928
10 23 156.464270578931
4 6 168.144457894138
5 7 167.827013853756
5 22 128.160025922295
6 21 159.061505359826
16 18 179.894297152739
17 19 174.764003047825
12 14 178.915858830372
13 15 160.123784068629
3 20 177.885279470631
2 1 179.814718285658
2 8 102.898135717042
2 4 110.195017165497
20 0 179.973276622007
1 16 87.1295533866394
1 12 92.8341155533573
20 9 109.850294417781
20 5 124.973971546057
0 17 86.0739454237846
0 13 94.2844355970615
8 10 173.865242237124
9 11 157.513320976576
9 24 176.313180769829
10 23 155.304459091954
4 6 167.490849228388
5 7 168.048507743318
5 22 135.139490278721
6 21 158.126002941869
16 18 179.798486963935
17 19 174.62315073119
12 14 178.754058615798
13 15 178.392433938463
3 20 177.792512326151
2 1 179.828915736373
2 8 102.867956713706
2 4 110.169287952673
20 0 179.97406530909
1 16 87.1412555531477
1 12 92.8259549568741
20 9 109.814595673799
20 5 124.857834372851
0 17 86.064161798092
0 13 94.2104572814055
8 10 174.027681153084
9 11 156.025170360754
9 24 173.593373979226
10 23 155.628138176282
4 6 167.459570052365
5 7 168.145443021041
5 22 115.541875586568
6 21 158.77649500452
16 18 179.919684483937
17 19 174.664677864109
12 14 178.764763574157
13 15 178.393017414339
3 20 178.001898771629
2 1 179.836599609754
2 8 102.838692649163
2 4 110.897261504393
20 0 179.989228380315
1 16 87.0231079734479
1 12 92.9292624836986
20 9 109.938485614588
20 5 125.920004113684
0 17 86.0371674558643
0 13 94.2934008891522
8 10 173.759825327985
9 11 155.374231518777
9 24 171.419831670542
10 23 157.429795755603
4 6 167.154760743508
5 7 169.620914361917
5 22 119.366948231966
6 21 157.642105031093
16 18 179.740378545084
17 19 175.213703205406
12 14 178.682180027373
13 15 178.991688904645
3 20 178.191876938892
2 1 179.833713549419
2 8 102.8744114377
2 4 110.804628370176
20 0 179.976943717647
1 16 87.0212142846285
1 12 92.9136337034155
20 9 110.021534148658
20 5 125.771582912207
0 17 85.8094960842102
0 13 94.369989409858
8 10 175.596025317703
9 11 148.808303307276
9 24 165.430284713718
10 23 150.977908333301
4 6 167.924529314338
5 7 169.33256416094
5 22 126.697560694974
6 21 161.403225039669
16 18 179.942954200521
17 19 175.181868082417
12 14 178.641919790268
13 15 178.863220015917
3 20 178.074190441979
2 1 179.833069804525
2 8 103.06888996072
2 4 110.654536219665
20 0 179.987803627503
1 16 86.8511047898575
1 12 93.0572669522711
20 9 109.997749704014
20 5 125.609447375324
0 17 85.4746178513693
0 13 94.6913592646375
8 10 174.867853676004
9 11 152.310300297468
9 24 170.717318539628
10 23 156.071772480141
4 6 168.498836561204
5 7 168.682763020421
5 22 130.75754031985
6 21 161.659220629956
16 18 179.947650266309
17 19 175.052890058549
12 14 179.025661134052
13 15 178.966078574564
3 20 178.152471321936
2 1 179.825156547915
2 8 102.999279037402
2 4 110.508681037841
20 0 179.939757696154
1 16 86.7415762052732
1 12 93.1817820385187
20 9 109.932559505671
20 5 125.376545589576
0 17 85.7467064329508
0 13 94.7036780686798
8 10 175.710349633666
9 11 148.005284004668
9 24 167.542568416404
10 23 148.942341807773
4 6 169.082812078174
5 7 168.8749644333
5 22 144.062573211968
6 21 162.482633714548
16 18 179.505028363565
17 19 174.590785906372
12 14 178.875037082204
13 15 158.507503400156
3 20 178.20735541297
2 1 179.835983365709
2 8 103.061767013706
2 4 110.503503559049
20 0 179.918102509423
1 16 86.72669702884
1 12 93.2172545700337
20 9 109.945987625189
20 5 125.312190004897
0 17 85.8272494619814
0 13 94.7496972656578
8 10 174.694536822011
9 11 150.623810205607
9 24 168.121057070932
10 23 150.493547247084
4 6 169.021760478825
5 7 169.144739724116
5 22 133.72525130767
6 21 163.968501888284
16 18 179.358148921436
17 19 174.430117617458
12 14 178.806619500145
13 15 155.063544868244
3 20 178.042884113841
2 1 179.849107963377
2 8 103.066959684071
2 4 110.44814910982
20 0 179.915915995027
1 16 86.6860754914167
1 12 93.2639237549936
20 9 110.122915233522
20 5 125.228435071348
0 17 85.7618622548749
0 13 94.9207219045842
8 10 174.520427169895
9 11 151.728303401055
9 24 169.82088037171
10 23 152.570884573047
4 6 169.250599108831
5 7 167.10284601406
5 22 127.5064327559
6 21 161.514536732767
16 18 179.439118235464
17 19 174.438047050862
12 14 179.015280634043
13 15 166.200242596893
3 20 178.376148951379
2 1 179.87023687242
2 8 103.04207251388
2 4 110.347883737724
20 0 179.903297890699
1 16 86.6870601884375
1 12 93.2863727048681
20 9 110.348586337476
20 5 125.109548966013
0 17 85.725222873311
0 13 94.9442663249345
8 10 173.330728868353
9 11 151.925121142207
9 24 171.962872740343
10 23 150.983446726901
4 6 169.970979450713
5 7 167.111687916778
5 22 141.703658410125
6 21 159.515939177421
16 18 179.645932426915
17 19 174.479055596495
12 14 179.016549327083
13 15 178.396420827067
3 20 178.374658417234
2 1 179.871943940001
2 8 102.997136581502
2 4 110.324953735371
20 0 179.898658426447
1 16 86.700574878846
1 12 93.2838220634852
20 9 110.28437814499
20 5 125.062108378511
0 17 85.7910637419299
0 13 94.8021592441269
8 10 173.286268163764
9 11 151.736218690482
9 24 163.391367314088
10 23 148.845262120784
4 6 169.965880826963
5 7 166.877109545771
5 22 141.028715285969
6 21 160.282103248675
16 18 179.620674942294
17 19 174.416129586357
12 14 178.775945111499
13 15 178.205686899554
3 20 178.66736614538
2 1 179.877515529236
2 8 102.842093706838
2 4 110.263214710544
20 0 179.901711962869
1 16 86.7276083329458
1 12 93.2706323305137
20 9 110.020068374415
20 5 125.016855687197
0 17 85.8712572922327
0 13 94.9667117281504
8 10 174.158802754263
9 11 149.78763146116
9 24 171.195232085183
10 23 145.313365542847
4 6 169.94606413229
5 7 166.821906817104
5 22 138.868370555195
6 21 160.134706983321
16 18 179.546348634037
17 19 174.120426539591
12 14 179.167602258137
13 15 178.133481939558
3 20 178.715180182748
2 1 179.881576377342
2 8 102.765223919681
2 4 110.237261078855
20 0 179.882365831318
1 16 86.6637369029732
1 12 93.337302935714
20 9 110.033206909475
20 5 124.998462925162
0 17 85.8989439850365
0 13 94.855166520101
8 10 173.63278208187
9 11 151.413266451107
9 24 167.341516650203
10 23 148.004228051132
4 6 169.941182003176
5 7 166.589817134476
5 22 131.392618302086
6 21 161.781764730239
16 18 179.507544255908
17 19 173.900037988917
12 14 178.886375216293
13 15 177.750674655243
3 20 178.78758225135
2 1 179.863765473328
2 8 102.733666158772
2 4 110.205504688688
20 0 179.942593130331
1 16 86.7638937709046
1 12 93.2366065963814
20 9 109.939022536192
20 5 124.924247300418
0 17 85.8560192825657
0 13 94.9070808731573
8 10 173.978135872494
9 11 152.033402691526
9 24 171.087156689817
10 23 150.76524634197
4 6 169.962835077949
5 7 166.576227757921
5 22 137.202917692607
6 21 163.278235074165
16 18 179.50446786863
17 19 173.762021802728
12 14 178.916859724571
13 15 177.638286522748
3 20 178.708999021092
2 1 179.864713830846
2 8 102.769707795353
2 4 110.430227556442
20 0 179.946085008195
1 16 86.7698487741689
1 12 93.2297183386373
20 9 110.191463771118
20 5 125.353787553602
0 17 85.740877234046
0 13 94.8920895522668
8 10 173.043353427238
9 11 154.523929866611
9 24 172.931741073153
10 23 152.469227880465
4 6 169.77603047599
5 7 166.284637314648
5 22 132.40487639106
6 21 161.532695851198
16 18 179.616280398834
17 19 173.973220127748
12 14 178.798258807686
13 15 177.756094828968
3 20 178.342221477426
2 1 179.867894339183
2 8 102.813661544186
2 4 110.635393991033
20 0 179.958818738873
1 16 86.7759496658578
1 12 93.2146550535013
20 9 109.88956804548
20 5 125.756479942813
0 17 85.6513468135834
0 13 95.1518828207987
8 10 174.618429150622
9 11 149.385687800474
9 24 169.832067110775
10 23 148.448142205864
4 6 169.482612524644
5 7 166.653357131273
5 22 141.413110402827
6 21 161.048082101242
16 18 179.732971793461
17 19 174.169901881898
12 14 179.313739442008
13 15 158.627050023688
3 20 178.354448628314
2 1 179.878944106697
2 8 102.821145932563
2 4 110.597838087194
20 0 179.943764553789
1 16 86.7377545642548
1 12 93.2455017447205
20 9 109.810708958762
20 5 125.694226030821
0 17 85.7586021721168
0 13 95.0828886913155
8 10 174.253976521349
9 11 151.725737197068
9 24 171.545278815827
10 23 152.218874735018
4 6 169.440534245445
5 7 167.028765172281
5 22 141.535515318705
6 21 164.033845419761
16 18 179.562961632652
17 19 174.051218194192
12 14 179.226032798292
13 15 155.899437012035
3 20 178.117683729013
2 1 179.924700490065
2 8 102.852541571767
2 4 110.320517301205
20 0 179.994193602431
1 16 86.8007291701789
1 12 93.1901183863287
20 9 109.347631474103
20 5 125.673998101865
0 17 85.5462714459503
0 13 95.3653013902254
8 10 174.469021358754
9 11 152.947927379581
9 24 169.678281333467
10 23 153.020221726109
4 6 168.637225726953
5 7 167.914771477488
5 22 137.097359337751
6 21 159.783412553705
16 18 179.641901486777
17 19 174.128629003077
12 14 179.707935388534
13 15 178.495517748695
3 20 177.783154883455
2 1 179.938489479617
2 8 102.877505821447
2 4 110.081717888781
20 0 179.988308706226
1 16 86.8456794304625
1 12 93.1335080487305
20 9 109.299173292287
20 5 125.681338581459
0 17 85.0347294320974
0 13 95.4367225146823
8 10 174.038384167971
9 11 153.341978855054
9 24 171.075830379588
10 23 151.484115108994
4 6 168.040741053074
5 7 168.34407366468
5 22 137.440717197818
6 21 160.251991205835
16 18 179.627734075244
17 19 174.267833744327
12 14 179.720342813385
13 15 166.794784357482
3 20 177.959091428286
2 1 179.946669967808
2 8 102.789520696318
2 4 109.944608281572
20 0 179.976069896943
1 16 86.9466725790888
1 12 93.0763336221398
20 9 109.305809235158
20 5 125.619015480656
0 17 85.4645154320288
0 13 95.2021981716998
8 10 173.174009224062
9 11 156.039757800994
9 24 173.766840255843
10 23 154.081330678925
4 6 167.812714739944
5 7 168.714506444166
5 22 132.701156938329
6 21 160.688544830599
16 18 179.926621827419
17 19 174.108091697001
12 14 179.614349024547
13 15 164.784677365654
3 20 177.303064497234
2 1 179.954164445266
2 8 102.674772179724
2 4 109.932248891354
20 0 179.967090711812
1 16 87.0521211814832
1 12 92.9870857466821
20 9 109.221158199756
20 5 125.766540772612
0 17 85.7397923180836
0 13 95.0945747969384
8 10 173.089763532106
9 11 155.788059694987
9 24 174.27081437678
10 23 154.369013197493
4 6 167.484859923736
5 7 169.384933722645
5 22 135.294623962692
6 21 161.896285410981
16 18 179.817240685971
17 19 174.002774564704
12 14 179.798330452239
13 15 166.947110947207
3 20 176.143323668943
2 1 179.971589039982
2 8 103.111608263176
2 4 109.865660321147
20 0 179.931227820138
1 16 86.9101601699753
1 12 93.1235659126668
20 9 109.908368381858
20 5 125.580660890886
0 17 85.7994800803888
0 13 95.0965351167817
8 10 172.688725652597
9 11 155.620142204924
9 24 173.98276870048
10 23 154.915775867609
4 6 167.57592028967
5 7 169.303134953585
5 22 134.071623859762
6 21 162.208770161305
16 18 179.861277438858
17 19 174.656102719159
12 14 179.983616859295
13 15 161.198076664901
3 20 176.143323668943
2 1 179.971589039982
2 8 103.111608263176
2 4 109.865660321147
20 0 179.931227820138
1 16 86.9101601699753
1 12 93.1235659126668
20 9 109.908368381858
20 5 125.580660890886
0 17 85.7994800803888
0 13 95.0965351167817
8 10 172.688725652597
9 11 155.620142204924
9 24 173.98276870048
10 23 154.915775867609
4 6 167.57592028967
5 7 169.303134953585
5 22 134.071623859762
6 21 162.208770161305
16 18 179.861277438858
17 19 174.656102719159
12 14 179.983616859295
13 15 161.198076664901
3 20 176.143323668943
2 1 179.971589039982
2 8 103.111608263176
2 4 109.865660321147
20 0 179.931227820138
1 16 86.9101601699753
1 12 93.1235659126668
20 9 109.908368381858
20 5 125.580660890886
0 17 85.7994800803888
0 13 95.0965351167817
8 10 172.688725652597
9 11 155.620142204924
9 24 173.98276870048
10 23 154.915775867609
4 6 167.57592028967
5 7 169.303134953585
5 22 134.071623859762
6 21 162.208770161305
16 18 179.861277438858
17 19 174.656102719159
12 14 179.983616859295
13 15 161.198076664901
3 20 176.143323668943
2 1 179.971589039982
2 8 103.111608263176
2 4 109.865660321147
20 0 179.931227820138
1 16 86.9101601699753
1 12 93.1235659126668
20 9 109.908368381858
20 5 125.580660890886
0 17 85.7994800803888
0 13 95.0965351167817
8 10 172.688725652597
9 11 155.620142204924
9 24 173.98276870048
10 23 154.915775867609
4 6 167.57592028967
5 7 169.303134953585
5 22 134.071623859762
6 21 162.208770161305
16 18 179.861277438858
17 19 174.656102719159
12 14 179.983616859295
13 15 161.198076664901
3 20 176.143323668943
2 1 179.971589039982
2 8 103.111608263176
2 4 109.865660321147
20 0 179.931227820138
1 16 86.9101601699753
1 12 93.1235659126668
20 9 109.908368381858
20 5 125.580660890886
0 17 85.7994800803888
0 13 95.0965351167817
8 10 172.688725652597
9 11 155.620142204924
9 24 173.98276870048
10 23 154.915775867609
4 6 167.57592028967
5 7 169.303134953585
5 22 134.071623859762
6 21 162.208770161305
16 18 179.861277438858
17 19 174.656102719159
12 14 179.983616859295
13 15 161.198076664901
