First JointType Second JointType  Angle   IsImportant?(%)
3 20 15.4225717778256 100
2 1 15.2966900535763 100
2 8 8.86315220978443 100
2 4 9.56266321901692 100
20 0 15.2925811154419 100
1 16 7.71183291896735 100
1 12 7.89723926579329 100
20 9 34.5211081138179 100
20 5 28.4313848400712 100
0 17 7.74740630625232 100
0 13 8.06737471086785 100
8 10 18.7383219105871 100
9 11 17.9411063069744 100
9 24 15.617008299364 100
10 23 20.9308414668785 100
4 6 5.03108279203451 100
5 7 4.29591853566968 100
5 22 28.1584994917289 100
6 21 20.5630493486679 100
16 18 15.2227942315022 100
17 19 14.9466429374893 100
12 14 15.2033046362668 100
13 15 17.9331629610729 100
3 20 15.4225717778256 100
2 1 15.2966900535763 100
2 8 8.86315220978443 100
2 4 9.56266321901692 100
20 0 15.2925811154419 100
1 16 7.71183291896735 100
1 12 7.89723926579329 100
20 9 34.5211081138179 100
20 5 28.4313848400712 100
0 17 7.74740630625232 100
0 13 8.06737471086785 100
8 10 18.7383219105871 100
9 11 17.9411063069744 100
9 24 15.617008299364 100
10 23 20.9308414668785 100
4 6 5.03108279203451 100
5 7 4.29591853566968 100
5 22 28.1584994917289 100
6 21 20.5630493486679 100
16 18 15.2227942315022 100
17 19 14.9466429374893 100
12 14 15.2033046362668 100
13 15 17.9331629610729 100
3 20 15.4180966104831 100
2 1 15.2963017638035 100
2 8 8.87000320131826 100
2 4 9.55322243140655 100
20 0 15.2937304876049 100
1 16 7.70600278134444 100
1 12 7.89603558762003 100
20 9 34.5228328645168 100
20 5 28.4881651412525 100
0 17 7.73655387429225 100
0 13 8.04804351589384 100
8 10 18.7656311562758 100
9 11 18.3491266339681 100
9 24 15.7389141221484 100
10 23 22.9895630827023 100
4 6 5.07652512413929 100
5 7 4.30079981033827 100
5 22 26.5994578028651 100
6 21 21.3745796347841 100
16 18 15.2288920775997 100
17 19 14.9459637179594 100
12 14 15.2169986581019 100
13 15 17.9822591648259 100
3 20 15.4180966104831 100
2 1 15.2963017638035 100
2 8 8.87000320131826 100
2 4 9.55322243140655 100
20 0 15.2937304876049 100
1 16 7.70600278134444 100
1 12 7.89603558762003 100
20 9 34.5228328645168 100
20 5 28.4881651412525 100
0 17 7.73655387429225 100
0 13 8.04804351589384 100
8 10 18.7656311562758 100
9 11 18.3491266339681 100
9 24 15.7389141221484 100
10 23 22.9895630827023 100
4 6 5.07652512413929 100
5 7 4.30079981033827 100
5 22 26.5994578028651 100
6 21 21.3745796347841 100
16 18 15.2288920775997 100
17 19 14.9459637179594 100
12 14 15.2169986581019 100
13 15 17.9822591648259 100
3 20 15.4134635488397 100
2 1 15.2965659008394 100
2 8 8.86622083710385 100
2 4 9.5486770935529 100
20 0 15.2940736478606 100
1 16 7.70410391624303 100
1 12 7.89579128515376 100
20 9 34.5243067615343 100
20 5 28.5104242778747 100
0 17 7.73284505925271 100
0 13 8.04462450226844 100
8 10 18.7524291197043 100
9 11 18.9978077014383 100
9 24 15.6601706908744 100
10 23 22.8497727526441 100
4 6 5.09375468952301 100
5 7 4.5895198681805 100
5 22 36.9485873242029 100
6 21 19.9773175857196 100
16 18 15.2324261575142 100
17 19 14.944923544688 100
12 14 15.2182459193341 100
13 15 17.9842298484116 100
3 20 15.4134635488397 100
2 1 15.2965659008394 100
2 8 8.86622083710385 100
2 4 9.5486770935529 100
20 0 15.2940736478606 100
1 16 7.70410391624303 100
1 12 7.89579128515376 100
20 9 34.5243067615343 100
20 5 28.5104242778747 100
0 17 7.73284505925271 100
0 13 8.04462450226844 100
8 10 18.7524291197043 100
9 11 18.9978077014383 100
9 24 15.6601706908744 100
10 23 22.8497727526441 100
4 6 5.09375468952301 100
5 7 4.5895198681805 100
5 22 36.9485873242029 100
6 21 19.9773175857196 100
16 18 15.2324261575142 100
17 19 14.944923544688 100
12 14 15.2182459193341 100
13 15 17.9842298484116 100
3 20 15.3020846910767 100
2 1 15.242506129673 100
2 8 8.83132820372111 100
2 4 9.51178896641619 100
20 0 15.2391418078626 100
1 16 7.685669129905 100
1 12 7.87197388952151 100
20 9 34.2812321981071 100
20 5 28.3476984950118 100
0 17 7.72425855660699 100
0 13 8.03070504174245 100
8 10 18.5122016248529 100
9 11 20.6332359543419 100
9 24 16.4057745370263 100
10 23 21.7525839286039 100
4 6 4.95925844290734 100
5 7 6.96185530249395 100
5 22 27.3962333696209 100
6 21 18.1774223895212 100
16 18 15.1848209675701 100
17 19 14.8905112359703 100
12 14 15.1545435326774 100
13 15 17.8971641725177 100
3 20 15.2820575716255 100
2 1 15.2425471402889 100
2 8 8.90579206827955 100
2 4 9.50730590303509 100
20 0 15.2396070825338 100
1 16 7.74177011181263 100
1 12 7.88177625616552 100
20 9 34.0263584878814 100
20 5 28.1842036096446 100
0 17 7.80250232540792 100
0 13 8.04522510647695 100
8 10 18.9862591065066 100
9 11 21.1217056821132 100
9 24 17.0474260967165 100
10 23 19.9996100444467 100
4 6 5.65915938330174 100
5 7 8.1060463138599 100
5 22 26.6025669435941 100
6 21 17.5550022257912 100
16 18 15.2030755378774 100
17 19 14.8922914498253 100
12 14 15.1534427311284 100
13 15 17.9450087150235 100
3 20 15.45920953643 100
2 1 15.4630966549004 100
2 8 9.02569660135977 100
2 4 9.64141988631523 100
20 0 15.4618662589969 100
1 16 7.83838405206784 100
1 12 7.99275919027291 100
20 9 34.3792265973721 100
20 5 28.2026402918354 100
0 17 7.82888797030333 100
0 13 8.1458024501677 100
8 10 19.6404812887187 100
9 11 19.7106362952006 100
9 24 17.8444522873316 100
10 23 19.5054124191909 100
4 6 5.87296025006803 100
5 7 6.90454948483834 100
5 22 36.7224784861825 100
6 21 16.833865235 100
16 18 15.3867158865759 100
17 19 15.116964007869 100
12 14 15.3807586756662 100
13 15 18.213745603027 100
3 20 15.45920953643 100
2 1 15.4630966549004 100
2 8 9.02569660135977 100
2 4 9.64141988631523 100
20 0 15.4618662589969 100
1 16 7.83838405206784 100
1 12 7.99275919027291 100
20 9 34.3792265973721 100
20 5 28.2026402918354 100
0 17 7.82888797030333 100
0 13 8.1458024501677 100
8 10 19.6404812887187 100
9 11 19.7106362952006 100
9 24 17.8444522873316 100
10 23 19.5054124191909 100
4 6 5.87296025006803 100
5 7 6.90454948483834 100
5 22 36.7224784861825 100
6 21 16.833865235 100
16 18 15.3867158865759 100
17 19 15.116964007869 100
12 14 15.3807586756662 100
13 15 18.213745603027 100
3 20 15.45920953643 100
2 1 15.4630966549004 100
2 8 9.02569660135977 100
2 4 9.64141988631523 100
20 0 15.4618662589969 100
1 16 7.83838405206784 100
1 12 7.99275919027291 100
20 9 34.3792265973721 100
20 5 28.2026402918354 100
0 17 7.82888797030333 100
0 13 8.1458024501677 100
8 10 19.6404812887187 100
9 11 19.7106362952006 100
9 24 17.8444522873316 100
10 23 19.5054124191909 100
4 6 5.87296025006803 100
5 7 6.90454948483834 100
5 22 36.7224784861825 100
6 21 16.833865235 100
16 18 15.3867158865759 100
17 19 15.116964007869 100
12 14 15.3807586756662 100
13 15 18.213745603027 100
3 20 15.45920953643 100
2 1 15.4630966549004 100
2 8 9.02569660135977 100
2 4 9.64141988631523 100
20 0 15.4618662589969 100
1 16 7.83838405206784 100
1 12 7.99275919027291 100
20 9 34.3792265973721 100
20 5 28.2026402918354 100
0 17 7.82888797030333 100
0 13 8.1458024501677 100
8 10 19.6404812887187 100
9 11 19.7106362952006 100
9 24 17.8444522873316 100
10 23 19.5054124191909 100
4 6 5.87296025006803 100
5 7 6.90454948483834 100
5 22 36.7224784861825 100
6 21 16.833865235 100
16 18 15.3867158865759 100
17 19 15.116964007869 100
12 14 15.3807586756662 100
13 15 18.213745603027 100
3 20 15.45920953643 100
2 1 15.4630966549004 100
2 8 9.02569660135977 100
2 4 9.64141988631523 100
20 0 15.4618662589969 100
1 16 7.83838405206784 100
1 12 7.99275919027291 100
20 9 34.3792265973721 100
20 5 28.2026402918354 100
0 17 7.82888797030333 100
0 13 8.1458024501677 100
8 10 19.6404812887187 100
9 11 19.7106362952006 100
9 24 17.8444522873316 100
10 23 19.5054124191909 100
4 6 5.87296025006803 100
5 7 6.90454948483834 100
5 22 36.7224784861825 100
6 21 16.833865235 100
16 18 15.3867158865759 100
17 19 15.116964007869 100
12 14 15.3807586756662 100
13 15 18.213745603027 100
3 20 15.1122100900572 100
2 1 15.2901225132836 100
2 8 8.78562404297378 100
2 4 9.59321303154528 100
20 0 15.292919331328 100
1 16 7.67915761153813 100
1 12 7.88611835896378 100
20 9 32.1820333334655 100
20 5 26.1126285458306 100
0 17 7.71366906630792 100
0 13 8.05667663243191 100
8 10 18.8017597527038 100
9 11 18.7938686803283 100
9 24 17.6085261767407 100
10 23 19.6457700428888 100
4 6 9.46109162863719 100
5 7 7.63299206271077 100
5 22 34.3996234404162 100
6 21 15.9982837414062 100
16 18 15.2170330923388 100
17 19 14.9482944622024 100
12 14 15.2094489559202 100
13 15 17.5386655147139 100
3 20 15.1122100900572 100
2 1 15.2901225132836 100
2 8 8.78562404297378 100
2 4 9.59321303154528 100
20 0 15.292919331328 100
1 16 7.67915761153813 100
1 12 7.88611835896378 100
20 9 32.1820333334655 100
20 5 26.1126285458306 100
0 17 7.71366906630792 100
0 13 8.05667663243191 100
8 10 18.8017597527038 100
9 11 18.7938686803283 100
9 24 17.6085261767407 100
10 23 19.6457700428888 100
4 6 9.46109162863719 100
5 7 7.63299206271077 100
5 22 34.3996234404162 100
6 21 15.9982837414062 100
16 18 15.2170330923388 100
17 19 14.9482944622024 100
12 14 15.2094489559202 100
13 15 17.5386655147139 100
3 20 15.1134566056641 100
2 1 15.289911177463 100
2 8 8.78855509386785 100
2 4 9.56967606595956 100
20 0 15.2959550222898 100
1 16 7.60054594350549 100
1 12 7.88110615200209 100
20 9 30.875440345703 100
20 5 24.8574292129751 100
0 17 7.61650625690047 100
0 13 8.04160711258514 100
8 10 17.1271144567136 100
9 11 21.5313441070454 100
9 24 17.177852643304 100
10 23 21.4058985625663 100
4 6 5.2869736229776 100
5 7 4.3029658212789 100
5 22 28.7256800955677 100
6 21 16.7784779568313 100
16 18 15.2019128166204 100
17 19 14.9292990379017 100
12 14 15.2054139667083 100
13 15 17.6537146487787 100
3 20 15.1134566056641 100
2 1 15.289911177463 100
2 8 8.78855509386785 100
2 4 9.56967606595956 100
20 0 15.2959550222898 100
1 16 7.60054594350549 100
1 12 7.88110615200209 100
20 9 30.875440345703 100
20 5 24.8574292129751 100
0 17 7.61650625690047 100
0 13 8.04160711258514 100
8 10 17.1271144567136 100
9 11 21.5313441070454 100
9 24 17.177852643304 100
10 23 21.4058985625663 100
4 6 5.2869736229776 100
5 7 4.3029658212789 100
5 22 28.7256800955677 100
6 21 16.7784779568313 100
16 18 15.2019128166204 100
17 19 14.9292990379017 100
12 14 15.2054139667083 100
13 15 17.6537146487787 100
3 20 15.0139611305143 100
2 1 15.237030148361 100
2 8 8.75710669502744 100
2 4 9.53325644805865 100
20 0 15.2367557976469 100
1 16 7.57304683388805 100
1 12 7.85310671026921 100
20 9 29.6279226964674 100
20 5 23.9065679212444 100
0 17 7.59615163175721 100
0 13 8.0193462767835 100
8 10 15.9900141657524 100
9 11 18.9982885711941 100
9 24 15.9236901979737 100
10 23 21.7025700796298 100
4 6 5.29098501881044 100
5 7 4.3660086125531 100
5 22 29.3530644659152 100
6 21 16.7851117821548 100
16 18 15.1445290638427 100
17 19 14.8861826648156 100
12 14 15.1510068777166 100
13 15 17.79217293775 100
3 20 15.080165064704 100
2 1 15.2941466462645 100
2 8 8.82609329350538 100
2 4 9.50014925043834 100
20 0 15.2907861631795 100
1 16 7.57077313536097 100
1 12 7.88154613142856 100
20 9 29.3168523067884 100
20 5 24.226388497682 100
0 17 7.60906327905467 100
0 13 8.03953265331432 100
8 10 16.0621177208413 100
9 11 18.356373981154 100
9 24 16.0997447280481 100
10 23 17.1562607998905 100
4 6 3.80638838189027 100
5 7 5.38728413555201 100
5 22 30.0555126008786 100
6 21 16.006698039736 100
16 18 15.2037665380449 100
17 19 14.9305508897427 100
12 14 15.2050856624074 100
13 15 17.7664948442464 100
3 20 15.080165064704 100
2 1 15.2941466462645 100
2 8 8.82609329350538 100
2 4 9.50014925043834 100
20 0 15.2907861631795 100
1 16 7.57077313536097 100
1 12 7.88154613142856 100
20 9 29.3168523067884 100
20 5 24.226388497682 100
0 17 7.60906327905467 100
0 13 8.03953265331432 100
8 10 16.0621177208413 100
9 11 18.356373981154 100
9 24 16.0997447280481 100
10 23 17.1562607998905 100
4 6 3.80638838189027 100
5 7 5.38728413555201 100
5 22 30.0555126008786 100
6 21 16.006698039736 100
16 18 15.2037665380449 100
17 19 14.9305508897427 100
12 14 15.2050856624074 100
13 15 17.7664948442464 100
3 20 14.9780342059317 100
2 1 15.2399780775583 100
2 8 8.89830976327447 100
2 4 9.47617152773117 100
20 0 15.2386740843854 100
1 16 7.55049955416977 100
1 12 7.85327132456868 100
20 9 28.775442435693 100
20 5 25.7602370242422 100
0 17 7.60159128567142 100
0 13 8.01563682775226 100
8 10 16.3131271050995 100
9 11 19.2710886167923 100
9 24 16.2660979202715 100
10 23 20.1081661302843 100
4 6 3.7745560291933 100
5 7 4.51289171799869 100
5 22 29.2874372400712 100
6 21 16.3743487721304 100
16 18 15.1531411913934 100
17 19 14.8759680718222 100
12 14 15.147931121576 100
13 15 17.5825641148669 100
3 20 15.0538854183563 100
2 1 15.3478250612345 100
2 8 8.81734249753398 100
2 4 9.52852275727308 100
20 0 15.3464481847997 100
1 16 7.58675827578116 100
1 12 7.9109751006177 100
20 9 29.3206293015322 100
20 5 27.5339306545209 100
0 17 7.64660879432231 100
0 13 8.05140372545734 100
8 10 16.6637618889993 100
9 11 19.0420839911371 100
9 24 15.8867123582662 100
10 23 19.5743691427059 100
4 6 4.50338294880162 100
5 7 4.32506564516675 100
5 22 29.3764676691963 100
6 21 16.6682648225769 100
16 18 15.2660151769148 100
17 19 15.0241417862248 100
12 14 15.2829763624779 100
13 15 18.1692818966699 100
3 20 15.0538854183563 100
2 1 15.3478250612345 100
2 8 8.81734249753398 100
2 4 9.52852275727308 100
20 0 15.3464481847997 100
1 16 7.58675827578116 100
1 12 7.9109751006177 100
20 9 29.3206293015322 100
20 5 27.5339306545209 100
0 17 7.64660879432231 100
0 13 8.05140372545734 100
8 10 16.6637618889993 100
9 11 19.0420839911371 100
9 24 15.8867123582662 100
10 23 19.5743691427059 100
4 6 4.50338294880162 100
5 7 4.32506564516675 100
5 22 29.3764676691963 100
6 21 16.6682648225769 100
16 18 15.2660151769148 100
17 19 15.0241417862248 100
12 14 15.2829763624779 100
13 15 18.1692818966699 100
3 20 15.0538854183563 100
2 1 15.3478250612345 100
2 8 8.81734249753398 100
2 4 9.52852275727308 100
20 0 15.3464481847997 100
1 16 7.58675827578116 100
1 12 7.9109751006177 100
20 9 29.3206293015322 100
20 5 27.5339306545209 100
0 17 7.64660879432231 100
0 13 8.05140372545734 100
8 10 16.6637618889993 100
9 11 19.0420839911371 100
9 24 15.8867123582662 100
10 23 19.5743691427059 100
4 6 4.50338294880162 100
5 7 4.32506564516675 100
5 22 29.3764676691963 100
6 21 16.6682648225769 100
16 18 15.2660151769148 100
17 19 15.0241417862248 100
12 14 15.2829763624779 100
13 15 18.1692818966699 100
3 20 15.1013918480832 100
2 1 15.4025982656696 100
2 8 8.84523177761572 100
2 4 9.4830870746356 100
20 0 15.4002179409023 100
1 16 7.60144411728715 100
1 12 7.94360729421738 100
20 9 31.4207915952538 100
20 5 33.6000938050966 100
0 17 7.69712276750684 100
0 13 8.08321430774665 100
8 10 17.6080870245948 100
9 11 21.0804554630946 100
9 24 16.8264629612102 100
10 23 17.7823609139569 100
4 6 3.849364563673 100
5 7 6.47994037284949 100
5 22 31.4135840360683 100
6 21 16.0844126820059 100
16 18 15.3270633157119 100
17 19 15.1784414585587 100
12 14 15.3332493550469 100
13 15 18.5910846445207 100
3 20 15.1013918480832 100
2 1 15.4025982656696 100
2 8 8.84523177761572 100
2 4 9.4830870746356 100
20 0 15.4002179409023 100
1 16 7.60144411728715 100
1 12 7.94360729421738 100
20 9 31.4207915952538 100
20 5 33.6000938050966 100
0 17 7.69712276750684 100
0 13 8.08321430774665 100
8 10 17.6080870245948 100
9 11 21.0804554630946 100
9 24 16.8264629612102 100
10 23 17.7823609139569 100
4 6 3.849364563673 100
5 7 6.47994037284949 100
5 22 31.4135840360683 100
6 21 16.0844126820059 100
16 18 15.3270633157119 100
17 19 15.1784414585587 100
12 14 15.3332493550469 100
13 15 18.5910846445207 100
3 20 15.1013918480832 100
2 1 15.4025982656696 100
2 8 8.84523177761572 100
2 4 9.4830870746356 100
20 0 15.4002179409023 100
1 16 7.60144411728715 100
1 12 7.94360729421738 100
20 9 31.4207915952538 100
20 5 33.6000938050966 100
0 17 7.69712276750684 100
0 13 8.08321430774665 100
8 10 17.6080870245948 100
9 11 21.0804554630946 100
9 24 16.8264629612102 100
10 23 17.7823609139569 100
4 6 3.849364563673 100
5 7 6.47994037284949 100
5 22 31.4135840360683 100
6 21 16.0844126820059 100
16 18 15.3270633157119 100
17 19 15.1784414585587 100
12 14 15.3332493550469 100
13 15 18.5910846445207 100
3 20 15.1013918480832 100
2 1 15.4025982656696 100
2 8 8.84523177761572 100
2 4 9.4830870746356 100
20 0 15.4002179409023 100
1 16 7.60144411728715 100
1 12 7.94360729421738 100
20 9 31.4207915952538 100
20 5 33.6000938050966 100
0 17 7.69712276750684 100
0 13 8.08321430774665 100
8 10 17.6080870245948 100
9 11 21.0804554630946 100
9 24 16.8264629612102 100
10 23 17.7823609139569 100
4 6 3.849364563673 100
5 7 6.47994037284949 100
5 22 31.4135840360683 100
6 21 16.0844126820059 100
16 18 15.3270633157119 100
17 19 15.1784414585587 100
12 14 15.3332493550469 100
13 15 18.5910846445207 100
3 20 14.93333456757 100
2 1 15.2417756436284 100
2 8 8.7414857694765 100
2 4 9.38073677017281 100
20 0 15.2343069344179 100
1 16 7.50113881561516 100
1 12 7.8645429127821 100
20 9 32.07301202453 100
20 5 34.8776060687768 100
0 17 7.5224647532456 100
0 13 7.98508230071655 100
8 10 18.9409897302328 100
9 11 20.5283034404564 100
9 24 17.8321250793544 100
10 23 16.7070093794702 100
4 6 3.66116832824986 100
5 7 5.69825180438352 100
5 22 35.000409280765 100
6 21 16.7690131927839 100
16 18 15.1377412786374 100
17 19 15.0158832444416 100
12 14 15.184728509546 100
13 15 18.3535021758328 100
3 20 15.0395567082381 100
2 1 15.3486822091794 100
2 8 8.82845402343187 100
2 4 9.4539411517789 100
20 0 15.3448297293012 100
1 16 7.54886686164056 100
1 12 7.92527034716477 100
20 9 33.6861520973227 100
20 5 36.9147456301891 100
0 17 7.57207257715419 100
0 13 8.04168786430504 100
8 10 18.7971405243176 100
9 11 19.5700691773189 100
9 24 18.0907167561998 100
10 23 16.9291937997396 100
4 6 3.63012827299878 100
5 7 4.46921103915123 100
5 22 35.6039486212861 100
6 21 18.6913536610628 100
16 18 15.2466659326315 100
17 19 15.1333022760078 100
12 14 15.3119510105476 100
13 15 18.5515199627939 100
3 20 15.0395567082381 100
2 1 15.3486822091794 100
2 8 8.82845402343187 100
2 4 9.4539411517789 100
20 0 15.3448297293012 100
1 16 7.54886686164056 100
1 12 7.92527034716477 100
20 9 33.6861520973227 100
20 5 36.9147456301891 100
0 17 7.57207257715419 100
0 13 8.04168786430504 100
8 10 18.7971405243176 100
9 11 19.5700691773189 100
9 24 18.0907167561998 100
10 23 16.9291937997396 100
4 6 3.63012827299878 100
5 7 4.46921103915123 100
5 22 35.6039486212861 100
6 21 18.6913536610628 100
16 18 15.2466659326315 100
17 19 15.1333022760078 100
12 14 15.3119510105476 100
13 15 18.5515199627939 100
3 20 15.0395567082381 100
2 1 15.3486822091794 100
2 8 8.82845402343187 100
2 4 9.4539411517789 100
20 0 15.3448297293012 100
1 16 7.54886686164056 100
1 12 7.92527034716477 100
20 9 33.6861520973227 100
20 5 36.9147456301891 100
0 17 7.57207257715419 100
0 13 8.04168786430504 100
8 10 18.7971405243176 100
9 11 19.5700691773189 100
9 24 18.0907167561998 100
10 23 16.9291937997396 100
4 6 3.63012827299878 100
5 7 4.46921103915123 100
5 22 35.6039486212861 100
6 21 18.6913536610628 100
16 18 15.2466659326315 100
17 19 15.1333022760078 100
12 14 15.3119510105476 100
13 15 18.5515199627939 100
3 20 15.042681990496 100
2 1 15.3514475311313 100
2 8 8.85322633731309 100
2 4 9.45718152289209 100
20 0 15.342248771097 100
1 16 7.54926468195793 100
1 12 7.92426012806163 100
20 9 39.6616660790838 100
20 5 44.5454195909496 100
0 17 7.5625312289616 100
0 13 8.04158374701305 100
8 10 18.9057795914609 100
9 11 20.9655388287737 100
9 24 15.7252306909126 100
10 23 16.9403884389942 100
4 6 3.79202523665094 100
5 7 6.14881373882449 100
5 22 31.5787189697611 100
6 21 15.9887585975578 100
16 18 15.2467373417357 100
17 19 15.1843564411593 100
12 14 15.3100315909762 100
13 15 18.7151010869752 100
3 20 15.042681990496 100
2 1 15.3514475311313 100
2 8 8.85322633731309 100
2 4 9.45718152289209 100
20 0 15.342248771097 100
1 16 7.54926468195793 100
1 12 7.92426012806163 100
20 9 39.6616660790838 100
20 5 44.5454195909496 100
0 17 7.5625312289616 100
0 13 8.04158374701305 100
8 10 18.9057795914609 100
9 11 20.9655388287737 100
9 24 15.7252306909126 100
10 23 16.9403884389942 100
4 6 3.79202523665094 100
5 7 6.14881373882449 100
5 22 31.5787189697611 100
6 21 15.9887585975578 100
16 18 15.2467373417357 100
17 19 15.1843564411593 100
12 14 15.3100315909762 100
13 15 18.7151010869752 100
3 20 15.042681990496 100
2 1 15.3514475311313 100
2 8 8.85322633731309 100
2 4 9.45718152289209 100
20 0 15.342248771097 100
1 16 7.54926468195793 100
1 12 7.92426012806163 100
20 9 39.6616660790838 100
20 5 44.5454195909496 100
0 17 7.5625312289616 100
0 13 8.04158374701305 100
8 10 18.9057795914609 100
9 11 20.9655388287737 100
9 24 15.7252306909126 100
10 23 16.9403884389942 100
4 6 3.79202523665094 100
5 7 6.14881373882449 100
5 22 31.5787189697611 100
6 21 15.9887585975578 100
16 18 15.2467373417357 100
17 19 15.1843564411593 100
12 14 15.3100315909762 100
13 15 18.7151010869752 100
3 20 14.9906359485195 100
2 1 15.2954726817766 100
2 8 8.83012597803392 100
2 4 9.43164126705696 100
20 0 15.2886819785856 100
1 16 7.53069116015524 100
1 12 7.89051229747272 100
20 9 40.8064780176084 100
20 5 45.5339792800832 100
0 17 7.56230644644978 100
0 13 8.01456590794528 100
8 10 21.8806337648215 100
9 11 21.2067427975018 100
9 24 17.9960038369995 100
10 23 16.9810836256973 100
4 6 5.98870326993009 100
5 7 7.29345481639847 100
5 22 32.1985941929327 100
6 21 15.9300289869684 100
16 18 15.1953392918557 100
17 19 15.1290151149576 100
12 14 15.2430261552555 100
13 15 18.6333018043469 100
3 20 14.9906359485195 100
2 1 15.2954726817766 100
2 8 8.83012597803392 100
2 4 9.43164126705696 100
20 0 15.2886819785856 100
1 16 7.53069116015524 100
1 12 7.89051229747272 100
20 9 40.8064780176084 100
20 5 45.5339792800832 100
0 17 7.56230644644978 100
0 13 8.01456590794528 100
8 10 21.8806337648215 100
9 11 21.2067427975018 100
9 24 17.9960038369995 100
10 23 16.9810836256973 100
4 6 5.98870326993009 100
5 7 7.29345481639847 100
5 22 32.1985941929327 100
6 21 15.9300289869684 100
16 18 15.1953392918557 100
17 19 15.1290151149576 100
12 14 15.2430261552555 100
13 15 18.6333018043469 100
3 20 14.9306018771489 100
2 1 15.2408699071652 100
2 8 8.75038045532795 100
2 4 9.43304507875138 100
20 0 15.2333070879806 100
1 16 7.48146182115235 100
1 12 7.88136425069167 100
20 9 48.0808977617435 100
20 5 40.6078573875293 100
0 17 7.4893576823158 100
0 13 7.98764853298018 100
8 10 19.5698615175429 100
9 11 20.0318332031532 100
9 24 16.0968005259001 100
10 23 18.3729161641949 100
4 6 6.27491432332815 100
5 7 4.48850413184979 100
5 22 30.5269629804594 100
6 21 15.9769733639653 100
16 18 15.1364038020958 100
17 19 15.0196529354354 100
12 14 15.2144612171109 100
13 15 18.4418341973228 100
3 20 14.9323302290554 100
2 1 15.2402345218325 100
2 8 8.7509391515833 100
2 4 9.49253643956294 100
20 0 15.2361040231695 100
1 16 7.47802616822771 100
1 12 7.890115538496 100
20 9 54.6790865522029 100
20 5 37.9585618579262 100
0 17 7.50327300105507 100
0 13 7.9870332071413 100
8 10 16.7511921328003 100
9 11 17.1671480697632 100
9 24 16.7025152659404 100
10 23 17.3926527240618 100
4 6 5.03151370994879 100
5 7 7.97502090699502 100
5 22 34.7144052346811 100
6 21 16.2709641601784 100
16 18 15.139925499544 100
17 19 15.0614981124397 100
12 14 15.2171182036271 100
13 15 18.5759432804102 100
3 20 14.9887442128517 100
2 1 15.2917813444432 100
2 8 8.78093696732709 100
2 4 9.55471930259196 100
20 0 15.2939303717505 100
1 16 7.50798947109943 100
1 12 7.91262116767058 100
20 9 55.3834706159026 100
20 5 36.8298012329645 100
0 17 7.54501562886853 100
0 13 8.01384047266689 100
8 10 17.9299212143818 100
9 11 18.9999180111935 100
9 24 16.297564430862 100
10 23 16.7701295480504 100
4 6 8.94608333541992 100
5 7 4.52572338136187 100
5 22 31.7744952282597 100
6 21 19.8087620544387 100
16 18 15.1941292079053 100
17 19 15.1131367193908 100
12 14 15.2757604039718 100
13 15 18.6504607952296 100
3 20 14.9887442128517 100
2 1 15.2917813444432 100
2 8 8.78093696732709 100
2 4 9.55471930259196 100
20 0 15.2939303717505 100
1 16 7.50798947109943 100
1 12 7.91262116767058 100
20 9 55.3834706159026 100
20 5 36.8298012329645 100
0 17 7.54501562886853 100
0 13 8.01384047266689 100
8 10 17.9299212143818 100
9 11 18.9999180111935 100
9 24 16.297564430862 100
10 23 16.7701295480504 100
4 6 8.94608333541992 100
5 7 4.52572338136187 100
5 22 31.7744952282597 100
6 21 19.8087620544387 100
16 18 15.1941292079053 100
17 19 15.1131367193908 100
12 14 15.2757604039718 100
13 15 18.6504607952296 100
3 20 14.9862007890921 100
2 1 15.2955135237708 100
2 8 8.77247594754479 100
2 4 9.5582592971247 100
20 0 15.296697019305 100
1 16 7.51297844799149 100
1 12 7.90257350746668 100
20 9 58.0773029451693 100
20 5 34.3522935527083 100
0 17 7.51189011801898 100
0 13 8.0153164048357 100
8 10 17.4204415691961 100
9 11 17.7729741404347 100
9 24 15.99778509595 100
10 23 16.8086238161724 100
4 6 5.13272047471371 100
5 7 7.75067984498806 100
5 22 36.1528508392053 100
6 21 16.4373151327621 100
16 18 15.1817966614769 100
17 19 15.1007573939321 100
12 14 15.2789839139727 100
13 15 18.554550972669 100
3 20 14.9862007890921 100
2 1 15.2955135237708 100
2 8 8.77247594754479 100
2 4 9.5582592971247 100
20 0 15.296697019305 100
1 16 7.51297844799149 100
1 12 7.90257350746668 100
20 9 58.0773029451693 100
20 5 34.3522935527083 100
0 17 7.51189011801898 100
0 13 8.0153164048357 100
8 10 17.4204415691961 100
9 11 17.7729741404347 100
9 24 15.99778509595 100
10 23 16.8086238161724 100
4 6 5.13272047471371 100
5 7 7.75067984498806 100
5 22 36.1528508392053 100
6 21 16.4373151327621 100
16 18 15.1817966614769 100
17 19 15.1007573939321 100
12 14 15.2789839139727 100
13 15 18.554550972669 100
3 20 14.930770798318 100
2 1 15.243245370151 100
2 8 8.74165599397317 100
2 4 9.55432842642761 100
20 0 15.2423164712491 100
1 16 7.48054100041708 100
1 12 7.8806577948421 100
20 9 57.1847261301797 100
20 5 33.8562989610444 100
0 17 7.46045726395924 100
0 13 7.99286968414865 100
8 10 18.7011001083452 100
9 11 18.4720222725918 100
9 24 15.5714614675615 100
10 23 16.7010371195216 100
4 6 4.84615641695676 100
5 7 8.5857765569831 100
5 22 36.7889809533387 100
6 21 16.6972528067287 100
16 18 15.1246791046722 100
17 19 15.0801759260339 100
12 14 15.2327616248321 100
13 15 18.5527566284723 100
3 20 14.9396809396476 100
2 1 15.240908987027 100
2 8 8.74245536393429 100
2 4 9.60380230022041 100
20 0 15.2418179734105 100
1 16 7.47372816182193 100
1 12 7.90044133810538 100
20 9 57.4192763987825 100
20 5 34.124661417989 100
0 17 7.44615946113593 100
0 13 8.0037693211071 100
8 10 20.1253721966635 100
9 11 20.7876326200052 100
9 24 21.2115270282943 100
10 23 17.8747107334034 100
4 6 4.05199573261203 100
5 7 5.52584365957112 100
5 22 33.4369098067362 100
6 21 18.3722820060043 100
16 18 15.1245439630557 100
17 19 15.1134249395734 100
12 14 15.2058078174099 100
13 15 18.6116947148467 100
3 20 14.9837114033463 100
2 1 15.2919654742613 100
2 8 8.77270924919767 100
2 4 9.69785408279946 100
20 0 15.2970382616777 100
1 16 7.49851893349348 100
1 12 7.93247166975601 100
20 9 57.0300253618064 100
20 5 34.6522512272603 100
0 17 7.48799474948637 100
0 13 8.03547699005088 100
8 10 18.0872384808999 100
9 11 19.9839803317451 100
9 24 19.3803861829214 100
10 23 18.4513111864224 100
4 6 3.72887876130696 100
5 7 5.02388773314595 100
5 22 33.0042288207394 100
6 21 18.687791543382 100
16 18 15.1871354690006 100
17 19 15.2520699736674 100
12 14 15.2457116225313 100
13 15 18.7475903608423 100
3 20 14.9837114033463 100
2 1 15.2919654742613 100
2 8 8.77270924919767 100
2 4 9.69785408279946 100
20 0 15.2970382616777 100
1 16 7.49851893349348 100
1 12 7.93247166975601 100
20 9 57.0300253618064 100
20 5 34.6522512272603 100
0 17 7.48799474948637 100
0 13 8.03547699005088 100
8 10 18.0872384808999 100
9 11 19.9839803317451 100
9 24 19.3803861829214 100
10 23 18.4513111864224 100
4 6 3.72887876130696 100
5 7 5.02388773314595 100
5 22 33.0042288207394 100
6 21 18.687791543382 100
16 18 15.1871354690006 100
17 19 15.2520699736674 100
12 14 15.2457116225313 100
13 15 18.7475903608423 100
3 20 14.984708232204 100
2 1 15.2923091081575 100
2 8 8.77264824667498 100
2 4 9.71229086352652 100
20 0 15.2959902297765 100
1 16 7.4980738381848 100
1 12 7.94310105506797 100
20 9 57.0775866312121 100
20 5 34.9168233150864 100
0 17 7.494784127555 100
0 13 8.04119370387266 100
8 10 18.073801056263 100
9 11 19.8271989549495 100
9 24 19.0291131820355 100
10 23 18.9740580380306 100
4 6 3.74848099645147 100
5 7 5.18863594857048 100
5 22 33.3474624723945 100
6 21 19.1331672692303 100
16 18 15.1868126208299 100
17 19 15.2760048712262 100
12 14 15.2415068141193 100
13 15 18.7934093507142 100
3 20 14.984708232204 100
2 1 15.2923091081575 100
2 8 8.77264824667498 100
2 4 9.71229086352652 100
20 0 15.2959902297765 100
1 16 7.4980738381848 100
1 12 7.94310105506797 100
20 9 57.0775866312121 100
20 5 34.9168233150864 100
0 17 7.494784127555 100
0 13 8.04119370387266 100
8 10 18.073801056263 100
9 11 19.8271989549495 100
9 24 19.0291131820355 100
10 23 18.9740580380306 100
4 6 3.74848099645147 100
5 7 5.18863594857048 100
5 22 33.3474624723945 100
6 21 19.1331672692303 100
16 18 15.1868126208299 100
17 19 15.2760048712262 100
12 14 15.2415068141193 100
13 15 18.7934093507142 100
3 20 14.9385040749269 100
2 1 15.2363848918158 100
2 8 8.74129612710687 100
2 4 9.68861192706985 100
20 0 15.2421150285576 100
1 16 7.47418706496999 100
1 12 7.89049695134211 100
20 9 57.0635290551453 100
20 5 35.1805718236636 100
0 17 7.46214162885503 100
0 13 8.01312506204378 100
8 10 18.016619883298 100
9 11 20.2040130219474 100
9 24 18.0599283719421 100
10 23 18.6537401620619 100
4 6 3.63104548859231 100
5 7 8.90283896398888 100
5 22 34.5624824072185 100
6 21 17.1171652797804 100
16 18 15.1342851771998 100
17 19 15.2148898018916 100
12 14 15.2087991462459 100
13 15 18.750076211765 100
3 20 177.210415218473 100
2 1 180.919491409393 100
2 8 103.893782918085 100
2 4 109.940418755926 100
20 0 180.934188431761 100
1 16 88.723608932565 100
1 12 93.325330703881 100
20 9 134.299563963711 100
20 5 144.209671798019 100
0 17 87.9880998647599 100
0 13 94.4860792834855 100
8 10 170.467036171953 100
9 11 169.473833542218 100
9 24 173.239016335812 100
10 23 166.273537015261 100
4 6 3.63520175185473 100
5 7 8.4832275977142 100
5 22 157.309124183138 100
6 21 167.060939021652 100
16 18 179.844506514935 100
17 19 176.694233490346 100
12 14 180.267314863897 100
13 15 174.429298802479 100
3 20 14.9931074161485 100
2 1 15.2911046249527 100
2 8 8.77242133949028 100
2 4 9.74256498764515 100
20 0 15.2962827683927 100
1 16 7.50089200458028 100
1 12 7.91962534248555 100
20 9 57.2992521657311 100
20 5 35.5161514916077 100
0 17 7.48842840816433 100
0 13 8.03453655607075 100
8 10 18.0650226312194 100
9 11 20.6630851306355 100
9 24 20.4497029048965 100
10 23 18.1246297558737 100
4 6 3.63520175185473 100
5 7 8.4832275977142 100
5 22 35.9092256311723 100
6 21 17.4188809124413 100
16 18 15.1885629717071 100
17 19 15.2786974977306 100
12 14 15.2428659006888 100
13 15 18.7841143395966 100
3 20 14.9931074161485 100
2 1 15.2911046249527 100
2 8 8.77242133949028 100
2 4 9.74256498764515 100
20 0 15.2962827683927 100
1 16 7.50089200458028 100
1 12 7.91962534248555 100
20 9 57.2992521657311 100
20 5 35.5161514916077 100
0 17 7.48842840816433 100
0 13 8.03453655607075 100
8 10 18.0650226312194 100
9 11 20.6630851306355 100
9 24 20.4497029048965 100
10 23 18.1246297558737 100
4 6 3.63520175185473 100
5 7 8.4832275977142 100
5 22 35.9092256311723 100
6 21 17.4188809124413 100
16 18 15.1885629717071 100
17 19 15.2786974977306 100
12 14 15.2428659006888 100
13 15 18.7841143395966 100
3 20 14.9982335939444 100
2 1 15.2905267257007 100
2 8 8.77254643265586 100
2 4 9.79695954664713 100
20 0 15.2971984188382 100
1 16 7.50841387346198 100
1 12 7.90557504567895 100
20 9 56.9477709175667 100
20 5 36.0064942555327 100
0 17 7.48156066933773 100
0 13 8.04183560104834 100
8 10 17.6325902115377 100
9 11 19.6137567024752 100
9 24 20.0995699570563 100
10 23 18.5895256517528 100
4 6 3.65309910646839 100
5 7 8.93865738349726 100
5 22 35.8705171811584 100
6 21 20.6483386107977 100
16 18 15.190512309393 100
17 19 15.3536460951268 100
12 14 15.2843979186696 100
13 15 18.6375023298307 100
3 20 14.9982335939444 100
2 1 15.2905267257007 100
2 8 8.77254643265586 100
2 4 9.79695954664713 100
20 0 15.2971984188382 100
1 16 7.50841387346198 100
1 12 7.90557504567895 100
20 9 56.9477709175667 100
20 5 36.0064942555327 100
0 17 7.48156066933773 100
0 13 8.04183560104834 100
8 10 17.6325902115377 100
9 11 19.6137567024752 100
9 24 20.0995699570563 100
10 23 18.5895256517528 100
4 6 3.65309910646839 100
5 7 8.93865738349726 100
5 22 35.8705171811584 100
6 21 20.6483386107977 100
16 18 15.190512309393 100
17 19 15.3536460951268 100
12 14 15.2843979186696 100
13 15 18.6375023298307 100
3 20 14.9414598939747 100
2 1 15.2375393156967 100
2 8 8.74265297875089 100
2 4 9.72957821545086 100
20 0 15.2430379810606 100
1 16 7.48303012352979 100
1 12 7.87769778689015 100
20 9 57.6876692937894 100
20 5 35.9271502216072 100
0 17 7.45462943024878 100
0 13 8.0097441241207 100
8 10 17.6752389207123 100
9 11 20.6903716774027 100
9 24 17.918382711374 100
10 23 17.6004019773397 100
4 6 3.68586605271098 100
5 7 7.57746236240688 100
5 22 35.8910108970267 100
6 21 18.5064093101426 100
16 18 15.1392459889662 100
17 19 15.2992263305622 100
12 14 15.2226305836591 100
13 15 18.5964565769666 100
3 20 14.9987169366629 100
2 1 15.2921565493547 100
2 8 8.78653410455767 100
2 4 9.78356199712175 100
20 0 15.2965387414247 100
1 16 7.50804377320779 100
1 12 7.91474318905942 100
20 9 58.2069331376189 100
20 5 37.0230818257965 100
0 17 7.48248456745526 100
0 13 8.04699497569721 100
8 10 17.3262000067453 100
9 11 18.7441161167124 100
9 24 18.1855401052172 100
10 23 19.6605994073403 100
4 6 4.24616389014511 100
5 7 7.6936802434346 100
5 22 29.69410304211 100
6 21 15.9304231840804 100
16 18 15.1924859654507 100
17 19 15.3862408184143 100
12 14 15.2733563582099 100
13 15 18.6114049486579 100
3 20 14.9987169366629 100
2 1 15.2921565493547 100
2 8 8.78653410455767 100
2 4 9.78356199712175 100
20 0 15.2965387414247 100
1 16 7.50804377320779 100
1 12 7.91474318905942 100
20 9 58.2069331376189 100
20 5 37.0230818257965 100
0 17 7.48248456745526 100
0 13 8.04699497569721 100
8 10 17.3262000067453 100
9 11 18.7441161167124 100
9 24 18.1855401052172 100
10 23 19.6605994073403 100
4 6 4.24616389014511 100
5 7 7.6936802434346 100
5 22 29.69410304211 100
6 21 15.9304231840804 100
16 18 15.1924859654507 100
17 19 15.3862408184143 100
12 14 15.2733563582099 100
13 15 18.6114049486579 100
3 20 15.0529931703088 100
2 1 15.347114445735 100
2 8 8.82348842562192 100
2 4 9.81553696504918 100
20 0 15.3513047103883 100
1 16 7.53242925773474 100
1 12 7.95385401786197 100
20 9 55.0962867388166 100
20 5 39.7340117219996 100
0 17 7.52025737618669 100
0 13 8.11393622937422 100
8 10 17.4826899735821 100
9 11 18.4800206324794 100
9 24 17.4756548144365 100
10 23 21.4417548600885 100
4 6 3.68854833324521 100
5 7 4.78646931591684 100
5 22 29.3748942592021 100
6 21 17.3394298261044 100
16 18 15.2549736317427 100
17 19 15.427770502288 100
12 14 15.3740451260777 100
13 15 18.6551775439772 100
3 20 15.0529931703088 100
2 1 15.347114445735 100
2 8 8.82348842562192 100
2 4 9.81553696504918 100
20 0 15.3513047103883 100
1 16 7.53242925773474 100
1 12 7.95385401786197 100
20 9 55.0962867388166 100
20 5 39.7340117219996 100
0 17 7.52025737618669 100
0 13 8.11393622937422 100
8 10 17.4826899735821 100
9 11 18.4800206324794 100
9 24 17.4756548144365 100
10 23 21.4417548600885 100
4 6 3.68854833324521 100
5 7 4.78646931591684 100
5 22 29.3748942592021 100
6 21 17.3394298261044 100
16 18 15.2549736317427 100
17 19 15.427770502288 100
12 14 15.3740451260777 100
13 15 18.6551775439772 100
3 20 15.0529931703088 100
2 1 15.347114445735 100
2 8 8.82348842562192 100
2 4 9.81553696504918 100
20 0 15.3513047103883 100
1 16 7.53242925773474 100
1 12 7.95385401786197 100
20 9 55.0962867388166 100
20 5 39.7340117219996 100
0 17 7.52025737618669 100
0 13 8.11393622937422 100
8 10 17.4826899735821 100
9 11 18.4800206324794 100
9 24 17.4756548144365 100
10 23 21.4417548600885 100
4 6 3.68854833324521 100
5 7 4.78646931591684 100
5 22 29.3748942592021 100
6 21 17.3394298261044 100
16 18 15.2549736317427 100
17 19 15.427770502288 100
12 14 15.3740451260777 100
13 15 18.6551775439772 100
3 20 14.9921883400604 100
2 1 15.2925145182207 100
2 8 8.86513373269461 100
2 4 9.75861371289848 100
20 0 15.2941044828769 100
1 16 7.50801504717001 100
1 12 7.92537415326942 100
20 9 53.3765646884279 100
20 5 42.6764035727259 100
0 17 7.47503158750773 100
0 13 8.06595903437007 100
8 10 17.1797748008578 100
9 11 18.0818372908089 100
9 24 16.9091292740334 100
10 23 19.982975064602 100
4 6 5.19556151915743 100
5 7 6.00951060747484 100
5 22 35.7872043654069 100
6 21 16.2276195150072 100
16 18 15.1891153000834 100
17 19 15.4070139553258 100
12 14 15.3143848499295 100
13 15 18.5066778431072 100
3 20 14.9921883400604 100
2 1 15.2925145182207 100
2 8 8.86513373269461 100
2 4 9.75861371289848 100
20 0 15.2941044828769 100
1 16 7.50801504717001 100
1 12 7.92537415326942 100
20 9 53.3765646884279 100
20 5 42.6764035727259 100
0 17 7.47503158750773 100
0 13 8.06595903437007 100
8 10 17.1797748008578 100
9 11 18.0818372908089 100
9 24 16.9091292740334 100
10 23 19.982975064602 100
4 6 5.19556151915743 100
5 7 6.00951060747484 100
5 22 35.7872043654069 100
6 21 16.2276195150072 100
16 18 15.1891153000834 100
17 19 15.4070139553258 100
12 14 15.3143848499295 100
13 15 18.5066778431072 100
3 20 14.9925485600167 100
2 1 15.2929708699902 100
2 8 8.94946282982028 100
2 4 9.75327132442711 100
20 0 15.2938725640381 100
1 16 7.50841192587828 100
1 12 7.92500306790918 100
20 9 49.634736591214 100
20 5 45.7078787633639 100
0 17 7.47313102876269 100
0 13 8.06561562650599 100
8 10 17.9516142395404 100
9 11 18.4483783620106 100
9 24 17.7023920468633 100
10 23 20.0275928464163 100
4 6 4.36549135902181 100
5 7 5.43906265193694 100
5 22 30.3460423278111 100
6 21 19.4296227691361 100
16 18 15.1835758620044 100
17 19 15.3777205208228 100
12 14 15.3135417492371 100
13 15 18.5202326941222 100
3 20 14.9925485600167 100
2 1 15.2929708699902 100
2 8 8.94946282982028 100
2 4 9.75327132442711 100
20 0 15.2938725640381 100
1 16 7.50841192587828 100
1 12 7.92500306790918 100
20 9 49.634736591214 100
20 5 45.7078787633639 100
0 17 7.47313102876269 100
0 13 8.06561562650599 100
8 10 17.9516142395404 100
9 11 18.4483783620106 100
9 24 17.7023920468633 100
10 23 20.0275928464163 100
4 6 4.36549135902181 100
5 7 5.43906265193694 100
5 22 30.3460423278111 100
6 21 19.4296227691361 100
16 18 15.1835758620044 100
17 19 15.3777205208228 100
12 14 15.3135417492371 100
13 15 18.5202326941222 100
3 20 14.9422616871029 100
2 1 15.2389586977104 100
2 8 8.91105982072765 100
2 4 9.55340006013244 100
20 0 15.2375940238497 100
1 16 7.47499563712578 100
1 12 7.92115582474349 100
20 9 44.8279868939772 100
20 5 44.5355519756028 100
0 17 7.44775348943397 100
0 13 8.06839331749513 100
8 10 18.7355173358458 100
9 11 18.5990420109846 100
9 24 15.5799123791216 100
10 23 19.3668974873128 100
4 6 4.44868075480393 100
5 7 7.88723640074991 100
5 22 36.7179744055076 100
6 21 16.0206345119974 100
16 18 15.1251663519848 100
17 19 15.1714056054804 100
12 14 15.2642999982991 100
13 15 18.6850177687747 100
3 20 14.9424586319142 100
2 1 15.2385002600702 100
2 8 8.97664060439057 100
2 4 9.52545980546434 100
20 0 15.2371203335774 100
1 16 7.4807655370447 100
1 12 7.90773064708113 100
20 9 43.8673098300881 100
20 5 42.7810567003757 100
0 17 7.44574417013551 100
0 13 8.05078103494026 100
8 10 17.4267357259355 100
9 11 19.436046750383 100
9 24 15.9084778599283 100
10 23 20.1224269129522 100
4 6 4.1271741509552 100
5 7 6.89201301715143 100
5 22 33.5174256814421 100
6 21 16.9870187249148 100
16 18 15.1244650630284 100
17 19 15.1218402316178 100
12 14 15.2501882478556 100
13 15 18.7405381523148 100
3 20 14.9979856466294 100
2 1 15.2934546812276 100
2 8 8.97851653335866 100
2 4 9.4860358292352 100
20 0 15.2903066216068 100
1 16 7.51106245279833 100
1 12 7.92819570955127 100
20 9 41.8886678770388 100
20 5 41.1321482257865 100
0 17 7.47274797082098 100
0 13 8.07532631318122 100
8 10 16.3428524318131 100
9 11 18.6476608877581 100
9 24 16.1730913342048 100
10 23 16.7716014956958 100
4 6 4.05538601668966 100
5 7 6.3339637294118 100
5 22 30.3936531480227 100
6 21 16.4822189592374 100
16 18 15.1793472270995 100
17 19 15.0723403676971 100
12 14 15.3091114234322 100
13 15 18.5700129418409 100
3 20 14.9979856466294 100
2 1 15.2934546812276 100
2 8 8.97851653335866 100
2 4 9.4860358292352 100
20 0 15.2903066216068 100
1 16 7.51106245279833 100
1 12 7.92819570955127 100
20 9 41.8886678770388 100
20 5 41.1321482257865 100
0 17 7.47274797082098 100
0 13 8.07532631318122 100
8 10 16.3428524318131 100
9 11 18.6476608877581 100
9 24 16.1730913342048 100
10 23 16.7716014956958 100
4 6 4.05538601668966 100
5 7 6.3339637294118 100
5 22 30.3936531480227 100
6 21 16.4822189592374 100
16 18 15.1793472270995 100
17 19 15.0723403676971 100
12 14 15.3091114234322 100
13 15 18.5700129418409 100
3 20 14.9362679405625 100
2 1 15.2431693302658 100
2 8 9.1053354297818 100
2 4 9.38625470620491 100
20 0 15.2364701724981 100
1 16 7.50378954356352 100
1 12 7.88026694745696 100
20 9 35.571648742199 100
20 5 33.5035325279453 100
0 17 7.47462534742897 100
0 13 8.00821922166787 100
8 10 16.5663710704682 100
9 11 19.3975144090763 100
9 24 16.1777257788896 100
10 23 19.9829687669419 100
4 6 6.8595825876953 100
5 7 9.9604540047718 100
5 22 27.3440291712676 100
6 21 16.6061018603586 100
16 18 15.1325685028274 100
17 19 14.9709720690224 100
12 14 15.2287474636636 100
13 15 18.3434404016425 100
3 20 14.9360296704321 100
2 1 15.2387761372451 100
2 8 8.96731987368837 100
2 4 9.41513695921914 100
20 0 15.2402289380827 100
1 16 7.4725166778522 100
1 12 7.98645006293855 100
20 9 31.8234833368158 100
20 5 28.0567791363309 100
0 17 7.45561957910754 100
0 13 8.11939590013859 100
8 10 15.9620547187966 100
9 11 20.6617130943731 100
9 24 17.0352072631935 100
10 23 19.5173126485166 100
4 6 7.45642809062116 100
5 7 4.62394397980656 100
5 22 36.5293963737856 100
6 21 16.2603953760149 100
16 18 15.1451916142155 100
17 19 14.9307703493362 100
12 14 15.2443649573034 100
13 15 18.2242265719898 100
3 20 14.9364274976377 100
2 1 15.2387275599262 100
2 8 8.93109720531161 100
2 4 9.42106143322775 100
20 0 15.2418450170823 100
1 16 7.47505356698833 100
1 12 7.96318967085867 100
20 9 28.9053370686594 100
20 5 24.0591780422245 100
0 17 7.46675610370321 100
0 13 8.09458160530479 100
8 10 15.9606752768194 100
9 11 19.2481812904264 100
9 24 15.9011641194643 100
10 23 22.9034370195662 100
4 6 5.14554074801245 100
5 7 5.82208312550293 100
5 22 33.0270313291764 100
6 21 18.3178559406653 100
16 18 15.1488625302709 100
17 19 14.9373433344954 100
12 14 15.2468708834157 100
13 15 18.2624533961421 100
3 20 14.931717009341 100
2 1 15.2395270195271 100
2 8 8.90976317990302 100
2 4 9.43093277694303 100
20 0 15.2407001144736 100
1 16 7.47332117582511 100
1 12 7.97259327122213 100
20 9 28.8278203464738 100
20 5 23.8265108852874 100
0 17 7.45854542763825 100
0 13 8.1163809630587 100
8 10 16.3603231883636 100
9 11 20.2308491089735 100
9 24 16.5185681273642 100
10 23 22.4014018300659 100
4 6 9.93754803536586 100
5 7 4.30334361347007 100
5 22 35.0764941152979 100
6 21 15.9496695945732 100
16 18 15.1567944925383 100
17 19 14.9277352830317 100
12 14 15.2494409119632 100
13 15 18.2688296010859 100
3 20 14.9304565282192 100
2 1 15.2396733263826 100
2 8 8.88312914271564 100
2 4 9.4685601322128 100
20 0 15.2404775514695 100
1 16 7.47399983251642 100
1 12 7.96768866534459 100
20 9 29.2674353976694 100
20 5 24.4006578571856 100
0 17 7.47549921434902 100
0 13 8.05511140565404 100
8 10 17.4698754180871 100
9 11 18.0919094028696 100
9 24 15.5720017676977 100
10 23 19.3932348093658 100
4 6 8.42409985364979 100
5 7 5.33657699871525 100
5 22 32.6558030178886 100
6 21 20.55493730523 100
16 18 15.1776622813172 100
17 19 14.9202507859959 100
12 14 15.1841166606165 100
13 15 18.1624527372509 100
3 20 14.9842938289336 100
2 1 15.2937650534408 100
2 8 8.8639681569334 100
2 4 9.51264521842633 100
20 0 15.2951847035893 100
1 16 7.49974600151642 100
1 12 7.98977977948575 100
20 9 30.1517269855433 100
20 5 25.3141455992968 100
0 17 7.49574379514906 100
0 13 8.07872977765026 100
8 10 18.7152912249224 100
9 11 18.1669206189085 100
9 24 17.0866406530389 100
10 23 18.9093646769002 100
4 6 8.73216704898433 100
5 7 4.84561690847571 100
5 22 32.4247805686616 100
6 21 21.5049804611988 100
16 18 15.2581866252478 100
17 19 14.9554465506207 100
12 14 15.229177068709 100
13 15 18.1926139272417 100
3 20 14.9842938289336 100
2 1 15.2937650534408 100
2 8 8.8639681569334 100
2 4 9.51264521842633 100
20 0 15.2951847035893 100
1 16 7.49974600151642 100
1 12 7.98977977948575 100
20 9 30.1517269855433 100
20 5 25.3141455992968 100
0 17 7.49574379514906 100
0 13 8.07872977765026 100
8 10 18.7152912249224 100
9 11 18.1669206189085 100
9 24 17.0866406530389 100
10 23 18.9093646769002 100
4 6 8.73216704898433 100
5 7 4.84561690847571 100
5 22 32.4247805686616 100
6 21 21.5049804611988 100
16 18 15.2581866252478 100
17 19 14.9554465506207 100
12 14 15.229177068709 100
13 15 18.1926139272417 100
3 20 14.9341441393544 100
2 1 15.2394326526353 100
2 8 8.86496968641008 100
2 4 9.47335278143426 100
20 0 15.2410190414456 100
1 16 7.500224469044 100
1 12 7.89979530690041 100
20 9 30.8064802373116 100
20 5 26.2201745838474 100
0 17 7.49736247023028 100
0 13 8.0175955110674 100
8 10 18.4895828151199 100
9 11 18.6391688093407 100
9 24 15.7909782720006 100
10 23 17.9891413367108 100
4 6 8.51374176696388 100
5 7 4.32332631826252 100
5 22 30.0026123455352 100
6 21 20.6567874201514 100
16 18 15.2160734513103 100
17 19 14.9157676891394 100
12 14 15.1866202581097 100
13 15 18.3074797526135 100
3 20 14.9359998357995 100
2 1 15.2392665208159 100
2 8 8.81846076885368 100
2 4 9.50567752849448 100
20 0 15.2392154923842 100
1 16 7.50826087653135 100
1 12 7.8938455548918 100
20 9 32.4192470156672 100
20 5 26.4709557422079 100
0 17 7.51611669757922 100
0 13 8.00394966649488 100
8 10 18.7560545691937 100
9 11 18.0196209974405 100
9 24 15.6049784708431 100
10 23 18.5328595912116 100
4 6 7.88582374570937 100
5 7 4.35442452538733 100
5 22 29.625066782927 100
6 21 21.2149200647601 100
16 18 15.2231107411972 100
17 19 14.9092134777204 100
12 14 15.1753194984501 100
13 15 19.1585986331582 100
3 20 15.0420910888675 100
2 1 15.3489021073942 100
2 8 8.86428233972158 100
2 4 9.61444886404318 100
20 0 15.3424062852454 100
1 16 7.58998825201058 100
1 12 7.93524332810071 100
20 9 32.3041694606985 100
20 5 27.1891371410657 100
0 17 7.67979306216462 100
0 13 8.04214674701996 100
8 10 18.3101518774981 100
9 11 18.1961528626278 100
9 24 15.8593894251187 100
10 23 17.941111061204 100
4 6 6.96471955156455 100
5 7 4.96083251798979 100
5 22 34.4662955835756 100
6 21 19.8778813752596 100
16 18 15.3890400026417 100
17 19 15.0162995406299 100
12 14 15.272041662473 100
13 15 19.0321173415266 100
3 20 15.0420910888675 100
2 1 15.3489021073942 100
2 8 8.86428233972158 100
2 4 9.61444886404318 100
20 0 15.3424062852454 100
1 16 7.58998825201058 100
1 12 7.93524332810071 100
20 9 32.3041694606985 100
20 5 27.1891371410657 100
0 17 7.67979306216462 100
0 13 8.04214674701996 100
8 10 18.3101518774981 100
9 11 18.1961528626278 100
9 24 15.8593894251187 100
10 23 17.941111061204 100
4 6 6.96471955156455 100
5 7 4.96083251798979 100
5 22 34.4662955835756 100
6 21 19.8778813752596 100
16 18 15.3890400026417 100
17 19 15.0162995406299 100
12 14 15.272041662473 100
13 15 19.0321173415266 100
3 20 15.0420910888675 100
2 1 15.3489021073942 100
2 8 8.86428233972158 100
2 4 9.61444886404318 100
20 0 15.3424062852454 100
1 16 7.58998825201058 100
1 12 7.93524332810071 100
20 9 32.3041694606985 100
20 5 27.1891371410657 100
0 17 7.67979306216462 100
0 13 8.04214674701996 100
8 10 18.3101518774981 100
9 11 18.1961528626278 100
9 24 15.8593894251187 100
10 23 17.941111061204 100
4 6 6.96471955156455 100
5 7 4.96083251798979 100
5 22 34.4662955835756 100
6 21 19.8778813752596 100
16 18 15.3890400026417 100
17 19 15.0162995406299 100
12 14 15.272041662473 100
13 15 19.0321173415266 100
3 20 14.9879250096029 100
2 1 15.2940415020978 100
2 8 8.84514184824388 100
2 4 9.57635438339382 100
20 0 15.2888296767302 100
1 16 7.53824905224728 100
1 12 7.93341064361571 100
20 9 33.367883659344 100
20 5 28.0070987382096 100
0 17 7.61863229576012 100
0 13 8.02630759682706 100
8 10 18.3325539531383 100
9 11 17.9102153929171 100
9 24 15.7017780311914 100
10 23 17.6780898853431 100
4 6 5.65204964377217 100
5 7 5.34481476514098 100
5 22 29.1871369370706 100
6 21 20.0116215316429 100
16 18 15.3486516985801 100
17 19 14.9644623621109 100
12 14 15.2262075377247 100
13 15 19.1015498397071 100
3 20 14.9879250096029 100
2 1 15.2940415020978 100
2 8 8.84514184824388 100
2 4 9.57635438339382 100
20 0 15.2888296767302 100
1 16 7.53824905224728 100
1 12 7.93341064361571 100
20 9 33.367883659344 100
20 5 28.0070987382096 100
0 17 7.61863229576012 100
0 13 8.02630759682706 100
8 10 18.3325539531383 100
9 11 17.9102153929171 100
9 24 15.7017780311914 100
10 23 17.6780898853431 100
4 6 5.65204964377217 100
5 7 5.34481476514098 100
5 22 29.1871369370706 100
6 21 20.0116215316429 100
16 18 15.3486516985801 100
17 19 14.9644623621109 100
12 14 15.2262075377247 100
13 15 19.1015498397071 100
3 20 14.9882859562429 100
2 1 15.2940465010339 100
2 8 8.84403541678822 100
2 4 9.57806314966807 100
20 0 15.2894941533452 100
1 16 7.53613297699751 100
1 12 7.9341440516708 100
20 9 33.9929629737448 100
20 5 28.2763688176573 100
0 17 7.60866382678654 100
0 13 8.02498760086443 100
8 10 18.691359842065 100
9 11 18.0710672070121 100
9 24 15.6274398271421 100
10 23 17.8453434509823 100
4 6 5.33753213809956 100
5 7 5.85865016483056 100
5 22 31.3241596097358 100
6 21 18.4814327481047 100
16 18 15.3397843938889 100
17 19 14.967033779178 100
12 14 15.2206902681314 100
13 15 19.1733792255002 100
3 20 14.9882859562429 100
2 1 15.2940465010339 100
2 8 8.84403541678822 100
2 4 9.57806314966807 100
20 0 15.2894941533452 100
1 16 7.53613297699751 100
1 12 7.9341440516708 100
20 9 33.9929629737448 100
20 5 28.2763688176573 100
0 17 7.60866382678654 100
0 13 8.02498760086443 100
8 10 18.691359842065 100
9 11 18.0710672070121 100
9 24 15.6274398271421 100
10 23 17.8453434509823 100
4 6 5.33753213809956 100
5 7 5.85865016483056 100
5 22 31.3241596097358 100
6 21 18.4814327481047 100
16 18 15.3397843938889 100
17 19 14.967033779178 100
12 14 15.2206902681314 100
13 15 19.1733792255002 100
3 20 14.984674178197 100
2 1 15.2949569013938 100
2 8 8.83623133182225 100
2 4 9.57553345954165 100
20 0 15.2937356782817 100
1 16 7.58698769729635 100
1 12 7.90534874964408 100
20 9 34.0902242785664 100
20 5 28.6689231628646 100
0 17 7.66622299589402 100
0 13 8.01928371216185 100
8 10 17.6179526484011 100
9 11 17.241274018324 100
9 24 16.4154991329438 100
10 23 16.7618578611304 100
4 6 3.62159383918056 100
5 7 7.65413495822343 100
5 22 30.1988151594502 100
6 21 16.0023543521197 100
16 18 15.327321428171 100
17 19 14.9684577387948 100
12 14 15.2303407817443 100
13 15 19.2367020572414 100
3 20 14.984674178197 100
2 1 15.2949569013938 100
2 8 8.83623133182225 100
2 4 9.57553345954165 100
20 0 15.2937356782817 100
1 16 7.58698769729635 100
1 12 7.90534874964408 100
20 9 34.0902242785664 100
20 5 28.6689231628646 100
0 17 7.66622299589402 100
0 13 8.01928371216185 100
8 10 17.6179526484011 100
9 11 17.241274018324 100
9 24 16.4154991329438 100
10 23 16.7618578611304 100
4 6 3.62159383918056 100
5 7 7.65413495822343 100
5 22 30.1988151594502 100
6 21 16.0023543521197 100
16 18 15.327321428171 100
17 19 14.9684577387948 100
12 14 15.2303407817443 100
13 15 19.2367020572414 100
3 20 14.9839672357351 100
2 1 15.2933038307361 100
2 8 8.83717447208148 100
2 4 9.57144355906266 100
20 0 15.2961839951872 100
1 16 7.5906027412324 100
1 12 7.89728931711595 100
20 9 34.1282149316846 100
20 5 28.902112253607 100
0 17 7.64340507041442 100
0 13 8.01864397849252 100
8 10 16.8510795665731 100
9 11 17.3758630506836 100
9 24 17.2413231805854 100
10 23 16.8109015663585 100
4 6 5.76137854073443 100
5 7 4.3128827879822 100
5 22 51.9140250998779 100
6 21 18.2697930830471 100
16 18 15.3113397704037 100
17 19 14.972269633669 100
12 14 15.2243066690554 100
13 15 19.5284253787019 100
3 20 14.9839672357351 100
2 1 15.2933038307361 100
2 8 8.83717447208148 100
2 4 9.57144355906266 100
20 0 15.2961839951872 100
1 16 7.5906027412324 100
1 12 7.89728931711595 100
20 9 34.1282149316846 100
20 5 28.902112253607 100
0 17 7.64340507041442 100
0 13 8.01864397849252 100
8 10 16.8510795665731 100
9 11 17.3758630506836 100
9 24 17.2413231805854 100
10 23 16.8109015663585 100
4 6 5.76137854073443 100
5 7 4.3128827879822 100
5 22 51.9140250998779 100
6 21 18.2697930830471 100
16 18 15.3113397704037 100
17 19 14.972269633669 100
12 14 15.2243066690554 100
13 15 19.5284253787019 100
3 20 14.9883848464379 100
2 1 15.29093079659 100
2 8 8.820557639053 100
2 4 9.57170794522209 100
20 0 15.2948821357909 100
1 16 7.60125867651275 100
1 12 7.89067728698685 100
20 9 34.2360652766104 100
20 5 29.0173299738182 100
0 17 7.67452943851135 100
0 13 8.01883583879718 100
8 10 16.3932770766098 100
9 11 17.2132163311669 100
9 24 15.8803266656573 100
10 23 16.8534674340243 100
4 6 5.40827582273188 100
5 7 7.38068054164346 100
5 22 48.2866806027372 100
6 21 22.6701727998993 100
16 18 15.3664810461438 100
17 19 14.9541575533533 100
12 14 15.2225212968205 100
13 15 19.6151089450855 100
3 20 14.9883848464379 100
2 1 15.29093079659 100
2 8 8.820557639053 100
2 4 9.57170794522209 100
20 0 15.2948821357909 100
1 16 7.60125867651275 100
1 12 7.89067728698685 100
20 9 34.2360652766104 100
20 5 29.0173299738182 100
0 17 7.67452943851135 100
0 13 8.01883583879718 100
8 10 16.3932770766098 100
9 11 17.2132163311669 100
9 24 15.8803266656573 100
10 23 16.8534674340243 100
4 6 5.40827582273188 100
5 7 7.38068054164346 100
5 22 48.2866806027372 100
6 21 22.6701727998993 100
16 18 15.3664810461438 100
17 19 14.9541575533533 100
12 14 15.2225212968205 100
13 15 19.6151089450855 100
3 20 15.042661795091 100
2 1 15.3446038296162 100
2 8 8.81785806267829 100
2 4 9.60416017491488 100
20 0 15.3482581530718 100
1 16 7.62925032292971 100
1 12 7.91708666945131 100
20 9 34.6515890101268 100
20 5 29.2128555322957 100
0 17 7.71203929146939 100
0 13 8.0492059816949 100
8 10 16.3867595917153 100
9 11 17.2799552808264 100
9 24 15.6793479312726 100
10 23 17.3274479687868 100
4 6 5.21791174460189 100
5 7 5.7287600688078 100
5 22 48.9353949630536 100
6 21 18.6977915881931 100
16 18 15.4060237602663 100
17 19 14.9975363490421 100
12 14 15.2749641981246 100
13 15 19.8693062709769 100
3 20 15.042661795091 100
2 1 15.3446038296162 100
2 8 8.81785806267829 100
2 4 9.60416017491488 100
20 0 15.3482581530718 100
1 16 7.62925032292971 100
1 12 7.91708666945131 100
20 9 34.6515890101268 100
20 5 29.2128555322957 100
0 17 7.71203929146939 100
0 13 8.0492059816949 100
8 10 16.3867595917153 100
9 11 17.2799552808264 100
9 24 15.6793479312726 100
10 23 17.3274479687868 100
4 6 5.21791174460189 100
5 7 5.7287600688078 100
5 22 48.9353949630536 100
6 21 18.6977915881931 100
16 18 15.4060237602663 100
17 19 14.9975363490421 100
12 14 15.2749641981246 100
13 15 19.8693062709769 100
3 20 15.042661795091 100
2 1 15.3446038296162 100
2 8 8.81785806267829 100
2 4 9.60416017491488 100
20 0 15.3482581530718 100
1 16 7.62925032292971 100
1 12 7.91708666945131 100
20 9 34.6515890101268 100
20 5 29.2128555322957 100
0 17 7.71203929146939 100
0 13 8.0492059816949 100
8 10 16.3867595917153 100
9 11 17.2799552808264 100
9 24 15.6793479312726 100
10 23 17.3274479687868 100
4 6 5.21791174460189 100
5 7 5.7287600688078 100
5 22 48.9353949630536 100
6 21 18.6977915881931 100
16 18 15.4060237602663 100
17 19 14.9975363490421 100
12 14 15.2749641981246 100
13 15 19.8693062709769 100
3 20 15.0450253896318 100
2 1 15.3392381212705 100
2 8 8.81731829368626 100
2 4 9.60768212447871 100
20 0 15.3400655033079 100
1 16 7.61504989018777 100
1 12 7.91705841923557 100
20 9 34.7921231135235 100
20 5 29.1860061747288 100
0 17 7.61618080316455 100
0 13 8.07232957846423 100
8 10 16.3880606305073 100
9 11 18.0026884679577 100
9 24 15.8174799072438 100
10 23 19.71153714087 100
4 6 5.13124479621985 100
5 7 4.31528419087514 100
5 22 40.0803585000217 100
6 21 17.389140151584 100
16 18 15.4124820796702 100
17 19 14.9901945249233 100
12 14 15.2806953308566 100
13 15 18.2881714789151 100
3 20 15.0450253896318 100
2 1 15.3392381212705 100
2 8 8.81731829368626 100
2 4 9.60768212447871 100
20 0 15.3400655033079 100
1 16 7.61504989018777 100
1 12 7.91705841923557 100
20 9 34.7921231135235 100
20 5 29.1860061747288 100
0 17 7.61618080316455 100
0 13 8.07232957846423 100
8 10 16.3880606305073 100
9 11 18.0026884679577 100
9 24 15.8174799072438 100
10 23 19.71153714087 100
4 6 5.13124479621985 100
5 7 4.31528419087514 100
5 22 40.0803585000217 100
6 21 17.389140151584 100
16 18 15.4124820796702 100
17 19 14.9901945249233 100
12 14 15.2806953308566 100
13 15 18.2881714789151 100
3 20 15.0450253896318 100
2 1 15.3392381212705 100
2 8 8.81731829368626 100
2 4 9.60768212447871 100
20 0 15.3400655033079 100
1 16 7.61504989018777 100
1 12 7.91705841923557 100
20 9 34.7921231135235 100
20 5 29.1860061747288 100
0 17 7.61618080316455 100
0 13 8.07232957846423 100
8 10 16.3880606305073 100
9 11 18.0026884679577 100
9 24 15.8174799072438 100
10 23 19.71153714087 100
4 6 5.13124479621985 100
5 7 4.31528419087514 100
5 22 40.0803585000217 100
6 21 17.389140151584 100
16 18 15.4124820796702 100
17 19 14.9901945249233 100
12 14 15.2806953308566 100
13 15 18.2881714789151 100
3 20 15.047032970403 100
2 1 15.3392631118867 100
2 8 8.81767435413388 100
2 4 9.72813120900729 100
20 0 15.340867563765 100
1 16 7.60742766385164 100
1 12 7.91919341040175 100
20 9 34.8989453227094 100
20 5 28.7311700037225 100
0 17 7.64143765579197 100
0 13 8.0850592387045 100
8 10 16.392080934377 100
9 11 18.4902758674294 100
9 24 15.7044913681505 100
10 23 18.4552225798345 100
4 6 5.24457141503396 100
5 7 4.78618154460238 100
5 22 39.7946033870743 100
6 21 19.1808504148349 100
16 18 15.3546162852661 100
17 19 14.9993008820448 100
12 14 15.2921754698081 100
13 15 18.481212704662 100
3 20 15.047032970403 100
2 1 15.3392631118867 100
2 8 8.81767435413388 100
2 4 9.72813120900729 100
20 0 15.340867563765 100
1 16 7.60742766385164 100
1 12 7.91919341040175 100
20 9 34.8989453227094 100
20 5 28.7311700037225 100
0 17 7.64143765579197 100
0 13 8.0850592387045 100
8 10 16.392080934377 100
9 11 18.4902758674294 100
9 24 15.7044913681505 100
10 23 18.4552225798345 100
4 6 5.24457141503396 100
5 7 4.78618154460238 100
5 22 39.7946033870743 100
6 21 19.1808504148349 100
16 18 15.3546162852661 100
17 19 14.9993008820448 100
12 14 15.2921754698081 100
13 15 18.481212704662 100
3 20 15.047032970403 100
2 1 15.3392631118867 100
2 8 8.81767435413388 100
2 4 9.72813120900729 100
20 0 15.340867563765 100
1 16 7.60742766385164 100
1 12 7.91919341040175 100
20 9 34.8989453227094 100
20 5 28.7311700037225 100
0 17 7.64143765579197 100
0 13 8.0850592387045 100
8 10 16.392080934377 100
9 11 18.4902758674294 100
9 24 15.7044913681505 100
10 23 18.4552225798345 100
4 6 5.24457141503396 100
5 7 4.78618154460238 100
5 22 39.7946033870743 100
6 21 19.1808504148349 100
16 18 15.3546162852661 100
17 19 14.9993008820448 100
12 14 15.2921754698081 100
13 15 18.481212704662 100
3 20 14.962396837564 100
2 1 15.2307779168948 100
2 8 8.75597818379817 100
2 4 9.65178495340399 100
20 0 15.2315495036716 100
1 16 7.54386812482921 100
1 12 7.8675712658308 100
20 9 34.6954082473186 100
20 5 28.5397430976831 100
0 17 7.55147971868933 100
0 13 8.03292046417613 100
8 10 16.2256476297676 100
9 11 18.6060337930134 100
9 24 15.5711132063864 100
10 23 18.9376115509594 100
4 6 5.16165912988402 100
5 7 4.71559429051958 100
5 22 41.9710716591359 100
6 21 18.9051284003514 100
16 18 15.2704449836358 100
17 19 14.8944289971783 100
12 14 15.1747807312175 100
13 15 21.8533506547308 100
3 20 15.0190197559262 100
2 1 15.2843130363301 100
2 8 8.7888993072154 100
2 4 9.68275779719688 100
20 0 15.2855220086117 100
1 16 7.57220290542673 100
1 12 7.89338919241501 100
20 9 34.8542245547651 100
20 5 28.6344017392774 100
0 17 7.56847306499717 100
0 13 8.05788426248579 100
8 10 16.6733466245085 100
9 11 19.0997472829425 100
9 24 17.2268102119745 100
10 23 19.2995500313805 100
4 6 5.09780970755173 100
5 7 5.89851954002247 100
5 22 40.6479064367229 100
6 21 19.5213881552815 100
16 18 15.3203479955399 100
17 19 14.9433182389034 100
12 14 15.2304926422231 100
13 15 24.7993473304999 100
3 20 15.0190197559262 100
2 1 15.2843130363301 100
2 8 8.7888993072154 100
2 4 9.68275779719688 100
20 0 15.2855220086117 100
1 16 7.57220290542673 100
1 12 7.89338919241501 100
20 9 34.8542245547651 100
20 5 28.6344017392774 100
0 17 7.56847306499717 100
0 13 8.05788426248579 100
8 10 16.6733466245085 100
9 11 19.0997472829425 100
9 24 17.2268102119745 100
10 23 19.2995500313805 100
4 6 5.09780970755173 100
5 7 5.89851954002247 100
5 22 40.6479064367229 100
6 21 19.5213881552815 100
16 18 15.3203479955399 100
17 19 14.9433182389034 100
12 14 15.2304926422231 100
13 15 24.7993473304999 100
3 20 15.0259966220451 100
2 1 15.281744510198 100
2 8 8.79183884053349 100
2 4 9.6767058102966 100
20 0 15.2828825001915 100
1 16 7.5490596094614 100
1 12 7.89944917068032 100
20 9 34.8757591880952 100
20 5 28.6231895983796 100
0 17 7.50259885413946 100
0 13 8.09653453456303 100
8 10 16.1363305272581 100
9 11 18.0417658830495 100
9 24 16.7997987086068 100
10 23 17.7800758416388 100
4 6 5.10290566930705 100
5 7 4.58765198774936 100
5 22 40.1177528813702 100
6 21 18.0292717636364 100
16 18 15.3561541425602 100
17 19 14.9429278770434 100
12 14 15.2366616657634 100
13 15 26.1250370554336 100
3 20 15.0259966220451 100
2 1 15.281744510198 100
2 8 8.79183884053349 100
2 4 9.6767058102966 100
20 0 15.2828825001915 100
1 16 7.5490596094614 100
1 12 7.89944917068032 100
20 9 34.8757591880952 100
20 5 28.6231895983796 100
0 17 7.50259885413946 100
0 13 8.09653453456303 100
8 10 16.1363305272581 100
9 11 18.0417658830495 100
9 24 16.7997987086068 100
10 23 17.7800758416388 100
4 6 5.10290566930705 100
5 7 4.58765198774936 100
5 22 40.1177528813702 100
6 21 18.0292717636364 100
16 18 15.3561541425602 100
17 19 14.9429278770434 100
12 14 15.2366616657634 100
13 15 26.1250370554336 100
3 20 15.0407656412962 100
2 1 15.278832215677 100
2 8 8.79599366405899 100
2 4 9.66463881027319 100
20 0 15.2801059847611 100
1 16 7.53020727423632 100
1 12 7.90690220772265 100
20 9 34.8179894292511 100
20 5 28.5936819132925 100
0 17 7.4730210602748 100
0 13 8.16032577403304 100
8 10 16.4031904252952 100
9 11 19.540778531827 100
9 24 15.9467087357933 100
10 23 18.5779082972004 100
4 6 3.73460307735171 100
5 7 6.40732231760925 100
5 22 31.8807148089753 100
6 21 16.0182440019644 100
16 18 15.3611673424642 100
17 19 14.9396785643225 100
12 14 15.2515729375098 100
13 15 22.5073850784084 100
3 20 15.0407656412962 100
2 1 15.278832215677 100
2 8 8.79599366405899 100
2 4 9.66463881027319 100
20 0 15.2801059847611 100
1 16 7.53020727423632 100
1 12 7.90690220772265 100
20 9 34.8179894292511 100
20 5 28.5936819132925 100
0 17 7.4730210602748 100
0 13 8.16032577403304 100
8 10 16.4031904252952 100
9 11 19.540778531827 100
9 24 15.9467087357933 100
10 23 18.5779082972004 100
4 6 3.73460307735171 100
5 7 6.40732231760925 100
5 22 31.8807148089753 100
6 21 16.0182440019644 100
16 18 15.3611673424642 100
17 19 14.9396785643225 100
12 14 15.2515729375098 100
13 15 22.5073850784084 100
3 20 15.0479878599288 100
2 1 15.2794627128558 100
2 8 8.79664460778075 100
2 4 9.66406757426243 100
20 0 15.2805748074379 100
1 16 7.53026549289351 100
1 12 7.90671834354753 100
20 9 34.7834557068341 100
20 5 28.5715788259845 100
0 17 7.47270456141141 100
0 13 8.15548186787236 100
8 10 16.5429131313668 100
9 11 20.8251227520059 100
9 24 15.8102781129249 100
10 23 19.7938659451508 100
4 6 3.79931102499617 100
5 7 6.22964525523069 100
5 22 33.7601779270275 100
6 21 16.1726453302809 100
16 18 15.3423813451308 100
17 19 14.9409738847062 100
12 14 15.2682718396465 100
13 15 21.4755507523164 100
3 20 15.0479878599288 100
2 1 15.2794627128558 100
2 8 8.79664460778075 100
2 4 9.66406757426243 100
20 0 15.2805748074379 100
1 16 7.53026549289351 100
1 12 7.90671834354753 100
20 9 34.7834557068341 100
20 5 28.5715788259845 100
0 17 7.47270456141141 100
0 13 8.15548186787236 100
8 10 16.5429131313668 100
9 11 20.8251227520059 100
9 24 15.8102781129249 100
10 23 19.7938659451508 100
4 6 3.79931102499617 100
5 7 6.22964525523069 100
5 22 33.7601779270275 100
6 21 16.1726453302809 100
16 18 15.3423813451308 100
17 19 14.9409738847062 100
12 14 15.2682718396465 100
13 15 21.4755507523164 100
3 20 15.1024176378 100
2 1 15.2795667237288 100
2 8 8.79858578969452 100
2 4 9.66544640266245 100
20 0 15.2865726553812 100
1 16 7.53361755893475 100
1 12 7.90402914069849 100
20 9 34.8216634482258 100
20 5 28.5635214522571 100
0 17 7.47762690298319 100
0 13 8.11646254112567 100
8 10 16.5791771113888 100
9 11 20.2518985796729 100
9 24 15.974190375158 100
10 23 18.5966306728361 100
4 6 3.83204399988756 100
5 7 6.20690757377093 100
5 22 30.3601346516135 100
6 21 16.1202494551146 100
16 18 15.3514137488447 100
17 19 14.9415048946619 100
12 14 15.2460675613658 100
13 15 21.0627505611369 100
3 20 15.1024176378 100
2 1 15.2795667237288 100
2 8 8.79858578969452 100
2 4 9.66544640266245 100
20 0 15.2865726553812 100
1 16 7.53361755893475 100
1 12 7.90402914069849 100
20 9 34.8216634482258 100
20 5 28.5635214522571 100
0 17 7.47762690298319 100
0 13 8.11646254112567 100
8 10 16.5791771113888 100
9 11 20.2518985796729 100
9 24 15.974190375158 100
10 23 18.5966306728361 100
4 6 3.83204399988756 100
5 7 6.20690757377093 100
5 22 30.3601346516135 100
6 21 16.1202494551146 100
16 18 15.3514137488447 100
17 19 14.9415048946619 100
12 14 15.2460675613658 100
13 15 21.0627505611369 100
3 20 15.1652306040084 100
2 1 15.2807913834752 100
2 8 8.80004298287236 100
2 4 9.65452568263907 100
20 0 15.2877000153716 100
1 16 7.52444661160914 100
1 12 7.91003963529133 100
20 9 34.822930568412 100
20 5 28.5724303392216 100
0 17 7.47368676169977 100
0 13 8.11727815421853 100
8 10 16.5913298882704 100
9 11 20.2464341769467 100
9 24 16.0014834142499 100
10 23 19.3884683951575 100
4 6 3.99564589094167 100
5 7 7.08968777304529 100
5 22 32.5387626669456 100
6 21 16.8766178861015 100
16 18 15.3438391626972 100
17 19 14.9401387048249 100
12 14 15.2336691549045 100
13 15 18.3081043869769 100
3 20 15.1652306040084 100
2 1 15.2807913834752 100
2 8 8.80004298287236 100
2 4 9.65452568263907 100
20 0 15.2877000153716 100
1 16 7.52444661160914 100
1 12 7.91003963529133 100
20 9 34.822930568412 100
20 5 28.5724303392216 100
0 17 7.47368676169977 100
0 13 8.11727815421853 100
8 10 16.5913298882704 100
9 11 20.2464341769467 100
9 24 16.0014834142499 100
10 23 19.3884683951575 100
4 6 3.99564589094167 100
5 7 7.08968777304529 100
5 22 32.5387626669456 100
6 21 16.8766178861015 100
16 18 15.3438391626972 100
17 19 14.9401387048249 100
12 14 15.2336691549045 100
13 15 18.3081043869769 100
3 20 15.1645030885153 100
2 1 15.2268146701931 100
2 8 8.77015601215479 100
2 4 9.6182878429796 100
20 0 15.2375901921971 100
1 16 7.48980735654109 100
1 12 7.89052434694708 100
20 9 34.7766053007744 100
20 5 28.490457696623 100
0 17 7.44640726098672 100
0 13 8.06890679523711 100
8 10 16.6497583018342 100
9 11 19.8417487388675 100
9 24 15.9355970813334 100
10 23 18.1379477148907 100
4 6 3.98056050950935 100
5 7 6.97546612111355 100
5 22 34.6747469004625 100
6 21 16.5049229539942 100
16 18 15.2836233329588 100
17 19 14.8872848157545 100
12 14 15.159739960279 100
13 15 18.1845763069304 100
3 20 15.2360937675235 100
2 1 15.226090874464 100
2 8 8.7733208255346 100
2 4 9.61417777434957 100
20 0 15.2360728944353 100
1 16 7.47752515494989 100
1 12 7.90539968672131 100
20 9 34.9297738924497 100
20 5 28.5023581357721 100
0 17 7.4592364386233 100
0 13 8.10732264507384 100
8 10 16.7825752453048 100
9 11 20.7515755761601 100
9 24 15.9416732465203 100
10 23 19.3623239918855 100
4 6 4.26099580578894 100
5 7 6.45687030530894 100
5 22 36.1900096236154 100
6 21 16.8392411856551 100
16 18 15.239500659618 100
17 19 14.8889115569066 100
12 14 15.1680961291146 100
13 15 21.4976763254356 100
3 20 15.2374385114849 100
2 1 15.2263200104109 100
2 8 8.77715585950533 100
2 4 9.60227883035169 100
20 0 15.2387903091692 100
1 16 7.47292697085211 100
1 12 7.92330666429022 100
20 9 34.9483872102929 100
20 5 28.5336760325032 100
0 17 7.45937755897002 100
0 13 8.13193245062627 100
8 10 16.8158175174755 100
9 11 20.3093097398521 100
9 24 16.0611620718709 100
10 23 18.248505870529 100
4 6 4.72785812026948 100
5 7 6.05478946116515 100
5 22 45.9255689774347 100
6 21 16.3568422546165 100
16 18 15.2908518764072 100
17 19 14.8788315643196 100
12 14 15.1662051790763 100
13 15 18.1571562012706 100
3 20 15.240654742111 100
2 1 15.227271031785 100
2 8 8.7742911456493 100
2 4 9.60226115960108 100
20 0 15.2399139255889 100
1 16 7.47186562298489 100
1 12 7.93453842359977 100
20 9 34.9693162014364 100
20 5 28.5798098455332 100
0 17 7.45833000214558 100
0 13 8.12845591708529 100
8 10 16.8771199599519 100
9 11 19.8824232131105 100
9 24 16.4408246437528 100
10 23 18.2612480902485 100
4 6 4.40518017742314 100
5 7 6.12784827216439 100
5 22 36.4070025951443 100
6 21 16.8573677348895 100
16 18 15.302441387973 100
17 19 14.878702671639 100
12 14 15.1605202470496 100
13 15 20.7121284895046 100
3 20 15.2168046625656 100
2 1 15.2278333088819 100
2 8 8.77256692075476 100
2 4 9.60110819711924 100
20 0 15.2408272734292 100
1 16 7.47151061476091 100
1 12 7.9400624857111 100
20 9 35.007695649583 100
20 5 28.5882635839669 100
0 17 7.45133056425815 100
0 13 8.11909372563822 100
8 10 16.9646331844629 100
9 11 19.6122342851165 100
9 24 16.4724953147035 100
10 23 18.7638534707269 100
4 6 4.81238917556648 100
5 7 5.97080399657134 100
5 22 31.8872635878711 100
6 21 17.196269526306 100
16 18 15.2881142156347 100
17 19 14.8763413754668 100
12 14 15.1515156298653 100
13 15 18.1217718851938 100
3 20 15.1991035687892 100
2 1 15.2289378631836 100
2 8 8.7700623284865 100
2 4 9.59563076058128 100
20 0 15.2408957357904 100
1 16 7.47157179734403 100
1 12 7.93885786507651 100
20 9 35.0281115054323 100
20 5 28.6528781600468 100
0 17 7.45171957601732 100
0 13 8.10594811299253 100
8 10 17.0207245196305 100
9 11 20.3797838994631 100
9 24 15.789339601712 100
10 23 18.6176328473001 100
4 6 4.83324850390278 100
5 7 5.90339341617583 100
5 22 46.1796149045275 100
6 21 16.9558299513875 100
16 18 15.306336710091 100
17 19 14.8768979795408 100
12 14 15.1520578019126 100
13 15 18.1219794363557 100
3 20 15.239834709813 100
2 1 15.2295411902592 100
2 8 8.76773289053954 100
2 4 9.77578734514657 100
20 0 15.2422199044235 100
1 16 7.47180166063916 100
1 12 7.9547163088895 100
20 9 34.9573660088752 100
20 5 28.0744110911635 100
0 17 7.45285988438684 100
0 13 8.12073148160389 100
8 10 16.928972422906 100
9 11 20.7404122605919 100
9 24 15.5692439153003 100
10 23 17.8898877389356 100
4 6 5.04223453572634 100
5 7 5.00027912202216 100
5 22 43.058371554488 100
6 21 17.388876187489 100
16 18 15.2797130629001 100
17 19 14.8952196797351 100
12 14 15.1480720287205 100
13 15 18.3435487654704 100
3 20 15.279197086444 100
2 1 15.2293141257757 100
2 8 8.77058928216166 100
2 4 9.75000851894744 100
20 0 15.2411459435545 100
1 16 7.47182066464486 100
1 12 7.95223244014193 100
20 9 34.9101100146755 100
20 5 28.1535313719487 100
0 17 7.46638166442954 100
0 13 8.13511462303738 100
8 10 17.6307659855067 100
9 11 25.04925801885 100
9 24 16.5112704806412 100
10 23 21.1046553956469 100
4 6 4.5356962775927 100
5 7 5.15582192528166 100
5 22 37.4510626430228 100
6 21 16.2176124240886 100
16 18 15.3099434834899 100
17 19 14.8936012574952 100
12 14 15.1462929712224 100
13 15 18.2945657597418 100
3 20 15.2545442617631 100
2 1 15.229263552994 100
2 8 8.78869059194264 100
2 4 9.70998359461838 100
20 0 15.2420948411122 100
1 16 7.47549874926619 100
1 12 7.9761916292258 100
20 9 34.9236299687288 100
20 5 28.240606962103 100
0 17 7.49888693338318 100
0 13 8.20304636153535 100
8 10 17.3324307735353 100
9 11 22.6147580910018 100
9 24 15.5629491041543 100
10 23 18.4246425921418 100
4 6 4.21073216161572 100
5 7 5.54583895134983 100
5 22 34.6284541023632 100
6 21 16.1668637646322 100
16 18 15.3106755832844 100
17 19 14.8877440686219 100
12 14 15.1676181005769 100
13 15 18.3337220747355 100
3 20 15.2708451617351 100
2 1 15.2286441105906 100
2 8 8.78171736714667 100
2 4 9.67317711574493 100
20 0 15.2379553635191 100
1 16 7.47992817892265 100
1 12 7.99900578646893 100
20 9 34.9607432160158 100
20 5 28.3668533525542 100
0 17 7.4713358250759 100
0 13 8.20589139004623 100
8 10 17.6798913427128 100
9 11 25.6428305228124 100
9 24 15.9284778586406 100
10 23 22.4133059572785 100
4 6 3.93971410109856 100
5 7 5.42523717570567 100
5 22 27.6599602526798 100
6 21 16.0304818555695 100
16 18 15.2479204307927 100
17 19 14.8759885144001 100
12 14 15.1580848554497 100
13 15 21.6854709259244 100
3 20 15.2825044539218 100
2 1 15.2294926605076 100
2 8 8.78795180598132 100
2 4 9.67190871891703 100
20 0 15.2361391416164 100
1 16 7.48065430652126 100
1 12 8.00585026800651 100
20 9 34.9530917005143 100
20 5 28.4019780546609 100
0 17 7.46507676374739 100
0 13 8.21667533976313 100
8 10 17.2652198563633 100
9 11 23.7534267311152 100
9 24 15.8147513642927 100
10 23 21.4056291209074 100
4 6 3.96486145090182 100
5 7 5.26322673085083 100
5 22 32.7325071341149 100
6 21 15.8905023442882 100
16 18 15.2299016875841 100
17 19 14.8752865946668 100
12 14 15.1542505864239 100
13 15 23.9946395140747 100
3 20 15.248133574361 100
2 1 15.2305316281362 100
2 8 8.78848981714175 100
2 4 9.65851207283836 100
20 0 15.2359574693758 100
1 16 7.48278806100944 100
1 12 8.01508709969356 100
20 9 34.8526057864936 100
20 5 28.4478453762279 100
0 17 7.47009165384752 100
0 13 8.25889262734543 100
8 10 17.199208105096 100
9 11 23.00000354058 100
9 24 15.6012449298614 100
10 23 20.1658217055506 100
4 6 3.8747534771129 100
5 7 6.66725375837273 100
5 22 36.8700393612678 100
6 21 16.1950647547864 100
16 18 15.2396610696525 100
17 19 14.8752802389273 100
12 14 15.1669129609652 100
13 15 17.91430609314 100
3 20 15.31954751486 100
2 1 15.2322280084541 100
2 8 8.78593905611335 100
2 4 9.63501434241238 100
20 0 15.2349151933463 100
1 16 7.48273371785181 100
1 12 8.0196238645098 100
20 9 34.7253315411212 100
20 5 28.5132505927196 100
0 17 7.47315213633433 100
0 13 8.2649667647588 100
8 10 16.7899144850834 100
9 11 22.8687795528414 100
9 24 15.5959618365295 100
10 23 21.1012538556252 100
4 6 3.6713198918908 100
5 7 6.66045301850323 100
5 22 28.5661568330588 100
6 21 16.7093037407952 100
16 18 15.2665236855061 100
17 19 14.8753153041259 100
12 14 15.1669987602981 100
13 15 18.1231904111947 100
3 20 15.319212600615 100
2 1 15.2323663445026 100
2 8 8.78151147535661 100
2 4 9.62978023199293 100
20 0 15.2345345945033 100
1 16 7.48200102133258 100
1 12 8.019105341237 100
20 9 34.7614410043728 100
20 5 28.5394474229243 100
0 17 7.46778120332536 100
0 13 8.22926796940876 100
8 10 16.7760721149882 100
9 11 22.9947079016821 100
9 24 17.3030352865538 100
10 23 22.4784524278063 100
4 6 3.67229928761952 100
5 7 6.8424866584511 100
5 22 28.8559544521138 100
6 21 16.4852455321542 100
16 18 15.2630942983497 100
17 19 14.8753081847527 100
12 14 15.1526322230462 100
13 15 18.0561961995941 100
3 20 15.3876321415756 100
2 1 15.2328191825554 100
2 8 8.76799859702163 100
2 4 9.61594696792536 100
20 0 15.2347849326296 100
1 16 7.48060897861785 100
1 12 8.01643648871006 100
20 9 34.9109428942572 100
20 5 28.5644876460312 100
0 17 7.462024550826 100
0 13 8.27081606398162 100
8 10 17.0670030019195 100
9 11 24.3418861651216 100
9 24 15.5637592473748 100
10 23 24.991754433394 100
4 6 3.67617103371064 100
5 7 6.88579451931377 100
5 22 29.8680140942984 100
6 21 16.5258074993929 100
16 18 15.253242366966 100
17 19 14.8788641396424 100
12 14 15.1779740761115 100
13 15 18.0312998648432 100
3 20 15.3993120515413 100
2 1 15.233150517718 100
2 8 8.76231575759339 100
2 4 9.61024509771283 100
20 0 15.2332092280275 100
1 16 7.48405582506946 100
1 12 8.03014133228646 100
20 9 34.9034788428984 100
20 5 28.5746794941148 100
0 17 7.46023765125594 100
0 13 8.24231350271325 100
8 10 16.8867764172921 100
9 11 23.2120017836777 100
9 24 15.9727551067506 100
10 23 23.0523681611846 100
4 6 3.67714078102309 100
5 7 7.06972140985836 100
5 22 34.2097633073564 100
6 21 16.1439610578385 100
16 18 15.2482412998709 100
17 19 14.8853620012823 100
12 14 15.1587502138859 100
13 15 17.9036287038947 100
3 20 15.417265710596 100
2 1 15.2317053223995 100
2 8 8.76017837160833 100
2 4 9.60335988286542 100
20 0 15.2381954502336 100
1 16 7.47889480657063 100
1 12 8.00964850706766 100
20 9 34.9570600585791 100
20 5 28.6158881292743 100
0 17 7.46305196227066 100
0 13 8.25540232374155 100
8 10 17.0034701443133 100
9 11 22.7969927920749 100
9 24 15.5622827834926 100
10 23 21.235955156288 100
4 6 3.67288762241741 100
5 7 7.08058011440714 100
5 22 30.7299947572106 100
6 21 15.9383422663433 100
16 18 15.2478490030371 100
17 19 14.8911025665494 100
12 14 15.1605813449992 100
13 15 17.8675410895843 100
3 20 15.3977942136971 100
2 1 15.2317817479044 100
2 8 8.76262869192174 100
2 4 9.65423928702073 100
20 0 15.2384918453578 100
1 16 7.47863038348683 100
1 12 8.00829135090109 100
20 9 34.8138391223135 100
20 5 28.3792626560396 100
0 17 7.47182254418452 100
0 13 8.25159101529952 100
8 10 16.7023453038271 100
9 11 21.2325475670737 100
9 24 15.6905979959125 100
10 23 20.2232611802247 100
4 6 3.71360548273948 100
5 7 7.31581999053741 100
5 22 33.5566336105846 100
6 21 16.1914565213532 100
16 18 15.2625018405754 100
17 19 14.8828401531862 100
12 14 15.1538032990201 100
13 15 17.9053852303193 100
3 20 15.3119585879111 100
2 1 15.2320384875787 100
2 8 8.76581797867498 100
2 4 9.70503517101509 100
20 0 15.2395794789923 100
1 16 7.47836442525991 100
1 12 8.00534351069656 100
20 9 34.985263959813 100
20 5 28.1616141524402 100
0 17 7.47986883733209 100
0 13 8.32124168618218 100
8 10 17.2361776743911 100
9 11 24.6299247548456 100
9 24 15.600447966805 100
10 23 22.7473463689583 100
4 6 3.79541624746979 100
5 7 7.01907792690366 100
5 22 28.6893068833807 100
6 21 16.2944628453418 100
16 18 15.2786578763008 100
17 19 14.8778569318495 100
12 14 15.1900244530755 100
13 15 21.6108109300309 100
3 20 15.3146852769647 100
2 1 15.2329356204237 100
2 8 8.7663830444272 100
2 4 9.69542991389418 100
20 0 15.238294792996 100
1 16 7.48011184312315 100
1 12 8.0114095542799 100
20 9 35.0303357832957 100
20 5 28.1949926377826 100
0 17 7.47035668387108 100
0 13 8.30200290927841 100
8 10 17.1011496782592 100
9 11 23.0017207587596 100
9 24 15.5737263491 100
10 23 20.3662073967263 100
4 6 3.80887116153256 100
5 7 6.72442274762359 100
5 22 28.637127682185 100
6 21 15.8875311187595 100
16 18 15.2554133199434 100
17 19 14.8805509075955 100
12 14 15.1826234018013 100
13 15 23.4082278199933 100
3 20 15.2635533657116 100
2 1 15.2367359286039 100
2 8 8.76882309144902 100
2 4 9.62877357134822 100
20 0 15.2426567865402 100
1 16 7.47733563783045 100
1 12 8.00060058668465 100
20 9 35.2974261375281 100
20 5 28.2058594666617 100
0 17 7.49067588376187 100
0 13 8.38409382775052 100
8 10 17.1800094483652 100
9 11 22.2026548131459 100
9 24 15.6121076996499 100
10 23 19.9162067163931 100
4 6 4.14061582042725 100
5 7 6.06513811267063 100
5 22 30.7868725365089 100
6 21 16.6273873611323 100
16 18 15.2659736056629 100
17 19 14.878685703133 100
12 14 15.2295261483729 100
13 15 18.1586965402187 100
3 20 15.1973485742885 100
2 1 15.2379081236336 100
2 8 8.77084358805991 100
2 4 9.57748633648086 100
20 0 15.2421391611658 100
1 16 7.47568017375225 100
1 12 7.98993661411932 100
20 9 35.3256121078122 100
20 5 28.2019148161085 100
0 17 7.56409432532188 100
0 13 8.40624120976962 100
8 10 17.0244686705481 100
9 11 21.9534340646674 100
9 24 15.5621718009726 100
10 23 20.7975943698645 100
4 6 4.46584699237288 100
5 7 5.7679267479193 100
5 22 30.6028179578297 100
6 21 16.4934323489333 100
16 18 15.2640486063669 100
17 19 14.8763517002208 100
12 14 15.2309346010472 100
13 15 17.7297136509699 100
3 20 15.2312806767482 100
2 1 15.2386094389049 100
2 8 8.76403897977174 100
2 4 9.55063245753452 100
20 0 15.2410699286141 100
1 16 7.47295261522437 100
1 12 7.97956245707707 100
20 9 35.3217496475023 100
20 5 28.2354497922325 100
0 17 7.50009933602884 100
0 13 8.3356065990364 100
8 10 16.7415997165166 100
9 11 20.3718691065783 100
9 24 15.8197372276171 100
10 23 19.3556822763674 100
4 6 4.60469099769232 100
5 7 5.52563802391387 100
5 22 33.3688994828861 100
6 21 16.3797978757836 100
16 18 15.3074083503266 100
17 19 14.8791410410719 100
12 14 15.219226517242 100
13 15 18.4242671424908 100
3 20 15.1148640208647 100
2 1 15.239255795692 100
2 8 8.75649446697999 100
2 4 9.54830549675686 100
20 0 15.2402917173615 100
1 16 7.47157092805257 100
1 12 7.96416791779889 100
20 9 35.3710832964415 100
20 5 28.1562291661048 100
0 17 7.47191363315368 100
0 13 8.30522407050112 100
8 10 16.7161816006289 100
9 11 20.5094713928735 100
9 24 15.9185258394282 100
10 23 19.211069673034 100
4 6 4.81637445555803 100
5 7 5.12670952250251 100
5 22 31.7970334638666 100
6 21 16.1233763699265 100
16 18 15.2908720598309 100
17 19 14.8819243271447 100
12 14 15.2400174684311 100
13 15 17.6853489618389 100
3 20 15.1948812222967 100
2 1 15.4616650910564 100
2 8 8.92068685425049 100
2 4 9.67424701173408 100
20 0 15.4580773132017 100
1 16 7.5821015140133 100
1 12 8.10387966377612 100
20 9 35.4814402763444 100
20 5 28.6656673393278 100
0 17 7.57536152386427 100
0 13 8.42614560806676 100
8 10 16.8411536808168 100
9 11 20.9010845292366 100
9 24 16.0900335339868 100
10 23 19.2198923467759 100
4 6 4.8251771792806 100
5 7 5.24730957770789 100
5 22 32.9931512847494 100
6 21 16.3041843412188 100
16 18 15.5191505297708 100
17 19 15.09239013491 100
12 14 15.4844017850895 100
13 15 20.4030271452523 100
3 20 15.1948812222967 100
2 1 15.4616650910564 100
2 8 8.92068685425049 100
2 4 9.67424701173408 100
20 0 15.4580773132017 100
1 16 7.5821015140133 100
1 12 8.10387966377612 100
20 9 35.4814402763444 100
20 5 28.6656673393278 100
0 17 7.57536152386427 100
0 13 8.42614560806676 100
8 10 16.8411536808168 100
9 11 20.9010845292366 100
9 24 16.0900335339868 100
10 23 19.2198923467759 100
4 6 4.8251771792806 100
5 7 5.24730957770789 100
5 22 32.9931512847494 100
6 21 16.3041843412188 100
16 18 15.5191505297708 100
17 19 15.09239013491 100
12 14 15.4844017850895 100
13 15 20.4030271452523 100
3 20 15.1948812222967 100
2 1 15.4616650910564 100
2 8 8.92068685425049 100
2 4 9.67424701173408 100
20 0 15.4580773132017 100
1 16 7.5821015140133 100
1 12 8.10387966377612 100
20 9 35.4814402763444 100
20 5 28.6656673393278 100
0 17 7.57536152386427 100
0 13 8.42614560806676 100
8 10 16.8411536808168 100
9 11 20.9010845292366 100
9 24 16.0900335339868 100
10 23 19.2198923467759 100
4 6 4.8251771792806 100
5 7 5.24730957770789 100
5 22 32.9931512847494 100
6 21 16.3041843412188 100
16 18 15.5191505297708 100
17 19 15.09239013491 100
12 14 15.4844017850895 100
13 15 20.4030271452523 100
3 20 15.1948812222967 100
2 1 15.4616650910564 100
2 8 8.92068685425049 100
2 4 9.67424701173408 100
20 0 15.4580773132017 100
1 16 7.5821015140133 100
1 12 8.10387966377612 100
20 9 35.4814402763444 100
20 5 28.6656673393278 100
0 17 7.57536152386427 100
0 13 8.42614560806676 100
8 10 16.8411536808168 100
9 11 20.9010845292366 100
9 24 16.0900335339868 100
10 23 19.2198923467759 100
4 6 4.8251771792806 100
5 7 5.24730957770789 100
5 22 32.9931512847494 100
6 21 16.3041843412188 100
16 18 15.5191505297708 100
17 19 15.09239013491 100
12 14 15.4844017850895 100
13 15 20.4030271452523 100
3 20 15.1948812222967 100
2 1 15.4616650910564 100
2 8 8.92068685425049 100
2 4 9.67424701173408 100
20 0 15.4580773132017 100
1 16 7.5821015140133 100
1 12 8.10387966377612 100
20 9 35.4814402763444 100
20 5 28.6656673393278 100
0 17 7.57536152386427 100
0 13 8.42614560806676 100
8 10 16.8411536808168 100
9 11 20.9010845292366 100
9 24 16.0900335339868 100
10 23 19.2198923467759 100
4 6 4.8251771792806 100
5 7 5.24730957770789 100
5 22 32.9931512847494 100
6 21 16.3041843412188 100
16 18 15.5191505297708 100
17 19 15.09239013491 100
12 14 15.4844017850895 100
13 15 20.4030271452523 100
