Z           X            Y     Timestamp     Body id     Joint type ColorPointX ColorPointY  DepthPointX DepthPointY  WidthOfDisplay  HeightOfDisplay
1.856499 -0.2500384 0.4298223 63656388905199 72057594037930028 7 853.3798 285.0536 203.6683 120.0472 512 424 
1.856499 -0.2500384 0.4298223 63656388905199 72057594037930028 7 853.3798 285.0536 203.6683 120.0472 512 424 
1.856499 -0.2500384 0.4298223 63656388905199 72057594037930028 7 853.3798 285.0536 203.6683 120.0472 512 424 
1.860872 -0.24794 0.4319173 63656388905379 72057594037930028 7 854.8425 284.4292 204.2003 119.8335 512 424 
1.419792 -0.1227636 -0.7036919 63656388905379 72057594037930028 19 916.5525 1057.696 221.3857 387.9649 512 424 
1.856876 -0.2465736 0.4311981 63656388905446 72057594037930028 7 855.3849 284.3082 204.3658 119.7924 512 424 
1.410137 -0.2437926 -0.7097381 63656388905446 72057594037930028 15 825.0269 1066.009 189.6074 390.5808 512 424 
1.856876 -0.2465736 0.4311981 63656388905446 72057594037930028 7 855.3849 284.3082 204.3658 119.7924 512 424 
1.410137 -0.2437926 -0.7097381 63656388905446 72057594037930028 15 825.0269 1066.009 189.6074 390.5808 512 424 
1.859235 -0.2498009 0.4302473 63656388905548 72057594037930028 7 853.6825 285.1722 203.7886 120.089 512 424 
1.410276 -0.2438437 -0.7097975 63656388905548 72057594037930028 15 825.0024 1066.001 189.6003 390.5781 512 424 
1.863645 -0.2483047 0.4329396 63656388905650 72057594037930028 7 854.7993 284.2125 204.201 119.7583 512 424 
1.863645 -0.2483047 0.4329396 63656388905650 72057594037930028 7 854.7993 284.2125 204.201 119.7583 512 424 
1.863645 -0.2483047 0.4329396 63656388905650 72057594037930028 7 854.7993 284.2125 204.201 119.7583 512 424 
1.856695 -0.2484271 0.4304381 63656388905822 72057594037930028 7 854.3137 284.7235 203.9933 119.9344 512 424 
1.865175 -0.2485636 0.4331585 63656388905890 72057594037930028 7 854.7435 284.2907 204.1902 119.7853 512 424 
1.410021 -0.2439215 -0.7096078 63656388905890 72057594037930028 15 824.9178 1065.954 189.5685 390.5622 512 424 
1.865175 -0.2485636 0.4331585 63656388905890 72057594037930028 7 854.7435 284.2907 204.1902 119.7853 512 424 
1.410021 -0.2439215 -0.7096078 63656388905890 72057594037930028 15 824.9178 1065.954 189.5685 390.5622 512 424 
1.865175 -0.2485636 0.4331585 63656388905890 72057594037930028 7 854.7435 284.2907 204.1902 119.7853 512 424 
1.410021 -0.2439215 -0.7096078 63656388905890 72057594037930028 15 824.9178 1065.954 189.5685 390.5622 512 424 
1.865883 -0.2493379 0.4333862 63656388906029 72057594037930028 7 854.3442 284.2555 204.0557 119.7724 512 424 
1.419746 -0.1231088 -0.7038479 63656388906029 72057594037930028 19 916.2929 1057.83 221.2952 388.0103 512 424 
1.865883 -0.2493379 0.4333862 63656388906029 72057594037930028 7 854.3442 284.2555 204.0557 119.7724 512 424 
1.419746 -0.1231088 -0.7038479 63656388906029 72057594037930028 19 916.2929 1057.83 221.2952 388.0103 512 424 
1.865883 -0.2493379 0.4333862 63656388906029 72057594037930028 7 854.3442 284.2555 204.0557 119.7724 512 424 
1.419746 -0.1231088 -0.7038479 63656388906029 72057594037930028 19 916.2929 1057.83 221.2952 388.0103 512 424 
1.872178 -0.2520948 0.4339002 63656388906156 72057594037930028 7 853.1564 284.7985 203.6789 119.9587 512 424 
1.872178 -0.2520948 0.4339002 63656388906156 72057594037930028 7 853.1564 284.7985 203.6789 119.9587 512 424 
1.872178 -0.2520948 0.4339002 63656388906156 72057594037930028 7 853.1564 284.7985 203.6789 119.9587 512 424 
1.872178 -0.2520948 0.4339002 63656388906156 72057594037930028 7 853.1564 284.7985 203.6789 119.9587 512 424 
1.867849 -0.2463258 0.4339248 63656388906410 72057594037930028 7 856.1779 284.2038 204.7023 119.7581 512 424 
1.867849 -0.2463258 0.4339248 63656388906410 72057594037930028 7 856.1779 284.2038 204.7023 119.7581 512 424 
1.867849 -0.2463258 0.4339248 63656388906410 72057594037930028 7 856.1779 284.2038 204.7023 119.7581 512 424 
1.871595 -0.2463537 0.4350824 63656388906531 72057594037930028 7 856.3818 284.0392 204.794 119.7015 512 424 
1.871595 -0.2463537 0.4350824 63656388906531 72057594037930028 7 856.3818 284.0392 204.794 119.7015 512 424 
1.874231 -0.2524045 0.4326821 63656388906646 72057594037930028 7 853.1088 285.762 203.6734 120.2931 512 424 
1.419279 -0.1228691 -0.7042936 63656388906646 72057594037930028 19 916.4564 1058.339 221.3474 388.1835 512 424 
1.874231 -0.2524045 0.4326821 63656388906646 72057594037930028 7 853.1088 285.762 203.6734 120.2931 512 424 
1.419279 -0.1228691 -0.7042936 63656388906646 72057594037930028 19 916.4564 1058.339 221.3474 388.1835 512 424 
1.87332 -0.2459794 0.4352708 63656388906765 72057594037930028 7 856.6964 284.1594 204.9125 119.7439 512 424 
1.87332 -0.2459794 0.4352708 63656388906765 72057594037930028 7 856.6964 284.1594 204.9125 119.7439 512 424 
1.870006 -0.2436801 0.4340372 63656388906841 72057594037930028 7 857.8115 284.4209 205.2804 119.8367 512 424 
1.871248 -0.2464862 0.4332609 63656388906956 72057594037930028 7 856.2904 285.0314 204.7599 120.0457 512 424 
1.871248 -0.2464862 0.4332609 63656388906956 72057594037930028 7 856.2904 285.0314 204.7599 120.0457 512 424 
1.874127 -0.243532 0.4334236 63656388907084 72057594037930028 7 858.138 285.313 205.4161 120.1471 512 424 
1.874127 -0.243532 0.4334236 63656388907084 72057594037930028 7 858.138 285.313 205.4161 120.1471 512 424 
1.874127 -0.243532 0.4334236 63656388907084 72057594037930028 7 858.138 285.313 205.4161 120.1471 512 424 
1.873849 -0.2422282 0.4352469 63656388907231 72057594037930028 7 858.8578 284.2371 205.6645 119.7751 512 424 
1.409095 -0.2444696 -0.7104844 63656388907231 72057594037930028 15 824.4124 1066.971 189.3866 390.9036 512 424 
1.873849 -0.2422282 0.4352469 63656388907231 72057594037930028 7 858.8578 284.2371 205.6645 119.7751 512 424 
1.409095 -0.2444696 -0.7104844 63656388907231 72057594037930028 15 824.4124 1066.971 189.3866 390.9036 512 424 
1.875441 -0.2444194 0.434593 63656388907337 72057594037930028 7 857.7083 284.822 205.2747 119.9759 512 424 
1.409028 -0.2444432 -0.7099672 63656388907337 72057594037930028 15 824.4244 1066.605 189.3895 390.7802 512 424 
1.875441 -0.2444194 0.434593 63656388907337 72057594037930028 7 857.7083 284.822 205.2747 119.9759 512 424 
1.409028 -0.2444432 -0.7099672 63656388907337 72057594037930028 15 824.4244 1066.605 189.3895 390.7802 512 424 
1.875441 -0.2444194 0.434593 63656388907337 72057594037930028 7 857.7083 284.822 205.2747 119.9759 512 424 
1.409028 -0.2444432 -0.7099672 63656388907337 72057594037930028 15 824.4244 1066.605 189.3895 390.7802 512 424 
1.877969 -0.2451018 0.4349437 63656388907470 72057594037930028 7 857.4686 284.956 205.2055 120.022 512 424 
1.40866 -0.2450515 -0.7093837 63656388907470 72057594037930028 15 823.9272 1066.305 189.2135 390.6772 512 424 
1.419136 -0.1242484 -0.7042145 63656388907470 72057594037930028 19 915.4185 1058.334 220.9862 388.1803 512 424 
1.877969 -0.2451018 0.4349437 63656388907470 72057594037930028 7 857.4686 284.956 205.2055 120.022 512 424 
1.40866 -0.2450515 -0.7093837 63656388907470 72057594037930028 15 823.9272 1066.305 189.2135 390.6772 512 424 
1.419136 -0.1242484 -0.7042145 63656388907470 72057594037930028 19 915.4185 1058.334 220.9862 388.1803 512 424 
1.874816 -0.2435083 0.4347806 63656388907586 72057594037930028 7 858.1884 284.6316 205.4377 119.9108 512 424 
1.409242 -0.24466 -0.7093986 63656388907586 72057594037930028 15 824.2817 1066.094 189.3412 390.6072 512 424 
1.874816 -0.2435083 0.4347806 63656388907586 72057594037930028 7 858.1884 284.6316 205.4377 119.9108 512 424 
1.409242 -0.24466 -0.7093986 63656388907586 72057594037930028 15 824.2817 1066.094 189.3412 390.6072 512 424 
1.882586 -0.2437327 0.4386204 63656388907711 72057594037930028 7 858.5032 283.4764 205.5902 119.5106 512 424 
1.419171 -0.1240317 -0.7036556 63656388907711 72057594037930028 19 915.5807 1057.901 221.0428 388.0333 512 424 
1.871535 -0.2431535 0.4340059 63656388907817 72057594037930028 7 858.2004 284.6397 205.4236 119.9135 512 424 
1.419278 -0.1244041 -0.7030638 63656388907817 72057594037930028 19 915.3048 1057.417 220.9481 387.8682 512 424 
1.871871 -0.2453666 0.4334556 63656388907927 72057594037930028 7 856.9633 285.0007 204.9966 120.0364 512 424 
1.873246 -0.2440373 0.4364789 63656388908048 72057594037930028 7 857.7921 283.4591 205.2922 119.5029 512 424 
1.419339 -0.124347 -0.703216 63656388908048 72057594037930028 19 915.3501 1057.508 220.9644 387.8994 512 424 
1.873246 -0.2440373 0.4364789 63656388908048 72057594037930028 7 857.7921 283.4591 205.2922 119.5029 512 424 
1.419339 -0.124347 -0.703216 63656388908048 72057594037930028 19 915.3501 1057.508 220.9644 387.8994 512 424 
1.87745 -0.2399594 0.4392833 63656388908128 72057594037930028 7 860.3421 282.4155 206.1997 119.1458 512 424 
1.873493 -0.243278 0.4351212 63656388908220 72057594037930028 7 858.2411 284.2632 205.4488 119.7829 512 424 
1.873493 -0.243278 0.4351212 63656388908220 72057594037930028 7 858.2411 284.2632 205.4488 119.7829 512 424 
1.873493 -0.243278 0.4351212 63656388908220 72057594037930028 7 858.2411 284.2632 205.4488 119.7829 512 424 
1.873493 -0.243278 0.4351212 63656388908220 72057594037930028 7 858.2411 284.2632 205.4488 119.7829 512 424 
1.870058 -0.2431621 0.4338315 63656388908359 72057594037930028 7 858.1097 284.5442 205.384 119.8801 512 424 
1.870058 -0.2431621 0.4338315 63656388908359 72057594037930028 7 858.1097 284.5442 205.384 119.8801 512 424 
1.870058 -0.2431621 0.4338315 63656388908359 72057594037930028 7 858.1097 284.5442 205.384 119.8801 512 424 
1.868619 -0.2429646 0.4325992 63656388908603 72057594037930028 7 858.1409 285.0567 205.3866 120.058 512 424 
1.868619 -0.2429646 0.4325992 63656388908603 72057594037930028 7 858.1409 285.0567 205.3866 120.058 512 424 
1.868619 -0.2429646 0.4325992 63656388908603 72057594037930028 7 858.1409 285.0567 205.3866 120.058 512 424 
1.872375 -0.2402819 0.4372987 63656388908739 72057594037930028 7 859.8732 282.8709 206.0089 119.3028 512 424 
1.872375 -0.2402819 0.4372987 63656388908739 72057594037930028 7 859.8732 282.8709 206.0089 119.3028 512 424 
1.872375 -0.2402819 0.4372987 63656388908739 72057594037930028 7 859.8732 282.8709 206.0089 119.3028 512 424 
1.873255 -0.242239 0.4363347 63656388908943 72057594037930028 7 858.8145 283.5395 205.6465 119.5328 512 424 
1.872987 -0.2435797 0.4345944 63656388909122 72057594037930028 7 858.0415 284.4967 205.3767 119.8636 512 424 
1.872987 -0.2435797 0.4345944 63656388909122 72057594037930028 7 858.0415 284.4967 205.3767 119.8636 512 424 
1.876021 -0.2402568 0.4373024 63656388909212 72057594037930028 7 860.0967 283.3521 206.1062 119.4704 512 424 
1.865209 -0.2354913 0.436019 63656388909289 72057594037930028 7 862.196 282.6396 206.7739 119.2269 512 424 
1.861087 -0.2346712 0.4378144 63656388909468 72057594037930028 7 862.4274 281.0587 206.8317 118.6784 512 424 
1.861087 -0.2346712 0.4378144 63656388909468 72057594037930028 7 862.4274 281.0587 206.8317 118.6784 512 424 
1.861087 -0.2346712 0.4378144 63656388909468 72057594037930028 7 862.4274 281.0587 206.8317 118.6784 512 424 
1.860484 -0.2340261 0.437665 63656388909614 72057594037930028 7 862.7626 281.062 206.9445 118.6802 512 424 
1.861961 -0.2376466 0.4353569 63656388909664 72057594037930028 7 860.7823 282.5881 206.2658 119.2061 512 424 
1.861961 -0.2376466 0.4353569 63656388909664 72057594037930028 7 860.7823 282.5881 206.2658 119.2061 512 424 
1.861961 -0.2376466 0.4353569 63656388909664 72057594037930028 7 860.7823 282.5881 206.2658 119.2061 512 424 
1.854835 -0.2349652 0.4320984 63656388909897 72057594037930028 7 861.9187 283.5006 206.619 119.5248 512 424 
1.854835 -0.2349652 0.4320984 63656388909897 72057594037930028 7 861.9187 283.5006 206.619 119.5248 512 424 
1.872983 -0.2352819 0.4460288 63656388910008 72057594037930028 7 862.7275 277.9741 207.0037 117.6085 512 424 
1.419608 -0.1221928 -0.704515 63656388910008 72057594037930028 19 916.9747 1058.382 221.5303 388.1988 512 424 
1.859058 -0.240968 0.4361497 63656388910129 72057594037930028 7 858.7127 281.7498 205.5326 118.911 512 424 
1.859058 -0.240968 0.4361497 63656388910129 72057594037930028 7 858.7127 281.7498 205.5326 118.911 512 424 
1.859058 -0.240968 0.4361497 63656388910129 72057594037930028 7 858.7127 281.7498 205.5326 118.911 512 424 
1.859058 -0.240968 0.4361497 63656388910129 72057594037930028 7 858.7127 281.7498 205.5326 118.911 512 424 
1.853308 -0.2365176 0.4305057 63656388910279 72057594037930028 7 860.9444 284.215 206.2723 119.7709 512 424 
1.853308 -0.2365176 0.4305057 63656388910279 72057594037930028 7 860.9444 284.215 206.2723 119.7709 512 424 
1.853308 -0.2365176 0.4305057 63656388910279 72057594037930028 7 860.9444 284.215 206.2723 119.7709 512 424 
1.853308 -0.2365176 0.4305057 63656388910279 72057594037930028 7 860.9444 284.215 206.2723 119.7709 512 424 
