Z           X            Y     Timestamp     Body id     Joint type ColorPointX ColorPointY  DepthPointX DepthPointY  WidthOfDisplay  HeightOfDisplay
1.634151 -0.2765826 0.1389075 63656388923873 72057594037930119 5 821.3929 441.0819 191.0689 174.0563 512 424 
1.402324 -0.2595827 -0.7081326 63656388923873 72057594037930119 15 812.2667 1067.798 185.1262 391.1406 512 424 
1.442057 -0.05603004 -0.7162092 63656388923873 72057594037930119 19 966.537 1058.738 238.9319 388.3725 512 424 
1.634151 -0.2765826 0.1389075 63656388923873 72057594037930119 5 821.3929 441.0819 191.0689 174.0563 512 424 
1.402324 -0.2595827 -0.7081326 63656388923873 72057594037930119 15 812.2667 1067.798 185.1262 391.1406 512 424 
1.442057 -0.05603004 -0.7162092 63656388923873 72057594037930119 19 966.537 1058.738 238.9319 388.3725 512 424 
1.634153 -0.2765553 0.1389534 63656388923990 72057594037930119 5 821.4106 441.0521 191.0751 174.046 512 424 
1.402233 -0.2606375 -0.7088133 63656388923990 72057594037930119 15 811.4586 1068.352 184.8474 391.3244 512 424 
1.499833 -0.07111926 -0.7559184 63656388923990 72057594037930119 19 955.9548 1066.58 235.7796 391.0309 512 424 
1.634078 -0.2766109 0.1392822 63656388924089 72057594037930119 5 821.3668 440.8342 191.0596 173.9705 512 424 
1.402187 -0.2612418 -0.7088332 63656388924089 72057594037930119 15 810.9955 1068.385 184.6872 391.334 512 424 
1.442857 -0.05761098 -0.7173835 63656388924089 72057594037930119 19 965.3754 1059.313 238.5362 388.5674 512 424 
1.634135 -0.2766812 0.139182 63656388924194 72057594037930119 5 821.3264 440.9026 191.0459 173.9941 512 424 
1.403089 -0.2593797 -0.7083345 63656388924194 72057594037930119 15 812.5054 1067.658 185.2158 391.0943 512 424 
1.443682 -0.05551893 -0.7174177 63656388924194 72057594037930119 19 966.9166 1059.034 239.0787 388.4736 512 424 
1.634135 -0.2766812 0.139182 63656388924194 72057594037930119 5 821.3264 440.9026 191.0459 173.9941 512 424 
1.403089 -0.2593797 -0.7083345 63656388924194 72057594037930119 15 812.5054 1067.658 185.2158 391.0943 512 424 
1.443682 -0.05551893 -0.7174177 63656388924194 72057594037930119 19 966.9166 1059.034 239.0787 388.4736 512 424 
1.402994 -0.2605061 -0.7087244 63656388924299 72057594037930119 15 811.6426 1067.992 184.9177 391.2038 512 424 
1.497248 -0.07259443 -0.7551495 63656388924299 72057594037930119 19 954.8864 1066.961 235.3866 391.1594 512 424 
1.637985 -0.2734463 0.1402988 63656388924400 72057594037930119 5 823.7664 440.3847 191.9207 173.8187 512 424 
1.403131 -0.2605254 -0.7084918 63656388924400 72057594037930119 15 811.6428 1067.762 184.9186 391.1265 512 424 
1.498441 -0.07303195 -0.7557366 63656388924400 72057594037930119 19 954.5873 1066.951 235.2932 391.1557 512 424 
1.637985 -0.2734463 0.1402988 63656388924400 72057594037930119 5 823.7664 440.3847 191.9207 173.8187 512 424 
1.403131 -0.2605254 -0.7084918 63656388924400 72057594037930119 15 811.6428 1067.762 184.9186 391.1265 512 424 
1.498441 -0.07303195 -0.7557366 63656388924400 72057594037930119 19 954.5873 1066.951 235.2932 391.1557 512 424 
1.402955 -0.2612083 -0.7084439 63656388924502 72057594037930119 15 811.106 1067.794 184.7316 391.1353 512 424 
1.498804 -0.07336415 -0.755897 63656388924502 72057594037930119 19 954.3552 1066.935 235.2159 391.1501 512 424 
1.402955 -0.2612083 -0.7084439 63656388924502 72057594037930119 15 811.106 1067.794 184.7316 391.1353 512 424 
1.498804 -0.07336415 -0.755897 63656388924502 72057594037930119 19 954.3552 1066.935 235.2159 391.1501 512 424 
1.402762 -0.2617587 -0.7079281 63656388924609 72057594037930119 15 810.6667 1067.477 184.5773 391.0267 512 424 
1.500127 -0.07455258 -0.7565193 63656388924609 72057594037930119 19 953.5259 1066.904 234.9399 391.1387 512 424 
1.402762 -0.2617587 -0.7079281 63656388924609 72057594037930119 15 810.6667 1067.477 184.5773 391.0267 512 424 
1.500127 -0.07455258 -0.7565193 63656388924609 72057594037930119 19 953.5259 1066.904 234.9399 391.1387 512 424 
1.402762 -0.2617587 -0.7079281 63656388924609 72057594037930119 15 810.6667 1067.477 184.5773 391.0267 512 424 
1.500127 -0.07455258 -0.7565193 63656388924609 72057594037930119 19 953.5259 1066.904 234.9399 391.1387 512 424 
1.402762 -0.2617587 -0.7079281 63656388924609 72057594037930119 15 810.6667 1067.477 184.5773 391.0267 512 424 
1.500127 -0.07455258 -0.7565193 63656388924609 72057594037930119 19 953.5259 1066.904 234.9399 391.1387 512 424 
1.626639 -0.2779328 0.13868 63656388924809 72057594037930119 5 819.8371 440.8174 190.4743 173.9622 512 424 
1.402637 -0.2611841 -0.707059 63656388924809 72057594037930119 15 811.0864 1066.864 184.7196 390.8216 512 424 
1.442789 -0.05728464 -0.7165835 63656388924809 72057594037930119 19 965.6142 1058.747 238.6187 388.3748 512 424 
1.626639 -0.2779328 0.13868 63656388924809 72057594037930119 5 819.8371 440.8174 190.4743 173.9622 512 424 
1.402637 -0.2611841 -0.707059 63656388924809 72057594037930119 15 811.0864 1066.864 184.7196 390.8216 512 424 
1.442789 -0.05728464 -0.7165835 63656388924809 72057594037930119 19 965.6142 1058.747 238.6187 388.3748 512 424 
1.626302 -0.2780874 0.1382363 63656388925062 72057594037930119 5 819.7066 441.0889 190.4263 174.0559 512 424 
1.402631 -0.2614845 -0.7073988 63656388925062 72057594037930119 15 810.8587 1067.125 184.6415 390.9088 512 424 
1.442191 -0.05728774 -0.7157106 63656388925062 72057594037930119 19 965.6094 1058.321 238.6116 388.2298 512 424 
1.403172 -0.2609293 -0.7076696 63656388925165 72057594037930119 15 811.34 1067.122 184.8131 390.9097 512 424 
1.442919 -0.05709622 -0.7162647 63656388925165 72057594037930119 19 965.7524 1058.464 238.668 388.2784 512 424 
1.672574 -0.2703499 0.1421483 63656388925261 72057594037930119 5 828.6982 441.0785 193.8767 174.0671 512 424 
1.403386 -0.2603458 -0.7076293 63656388925261 72057594037930119 15 811.8055 1067.009 184.9757 390.8732 512 424 
1.500593 -0.07326356 -0.7560054 63656388925261 72057594037930119 19 954.4422 1066.371 235.2618 390.9586 512 424 
1.672574 -0.2703499 0.1421483 63656388925261 72057594037930119 5 828.6982 441.0785 193.8767 174.0671 512 424 
1.403386 -0.2603458 -0.7076293 63656388925261 72057594037930119 15 811.8055 1067.009 184.9757 390.8732 512 424 
1.500593 -0.07326356 -0.7560054 63656388925261 72057594037930119 19 954.4422 1066.371 235.2618 390.9586 512 424 
1.672558 -0.2708036 0.1425528 63656388925346 72057594037930119 5 828.4074 440.8213 193.776 173.9777 512 424 
1.40381 -0.2599849 -0.7078888 63656388925346 72057594037930119 15 812.1262 1067.043 185.0906 390.8859 512 424 
1.4979 -0.07264885 -0.7548662 63656388925346 72057594037930119 19 954.8528 1066.525 235.3807 391.0114 512 424 
1.672558 -0.2708036 0.1425528 63656388925346 72057594037930119 5 828.4074 440.8213 193.776 173.9777 512 424 
1.40381 -0.2599849 -0.7078888 63656388925346 72057594037930119 15 812.1262 1067.043 185.0906 390.8859 512 424 
1.4979 -0.07264885 -0.7548662 63656388925346 72057594037930119 19 954.8528 1066.525 235.3807 391.0114 512 424 
1.672558 -0.2708036 0.1425528 63656388925346 72057594037930119 5 828.4074 440.8213 193.776 173.9777 512 424 
1.40381 -0.2599849 -0.7078888 63656388925346 72057594037930119 15 812.1262 1067.043 185.0906 390.8859 512 424 
1.4979 -0.07264885 -0.7548662 63656388925346 72057594037930119 19 954.8528 1066.525 235.3807 391.0114 512 424 
1.672558 -0.2708036 0.1425528 63656388925346 72057594037930119 5 828.4074 440.8213 193.776 173.9777 512 424 
1.40381 -0.2599849 -0.7078888 63656388925346 72057594037930119 15 812.1262 1067.043 185.0906 390.8859 512 424 
1.4979 -0.07264885 -0.7548662 63656388925346 72057594037930119 19 954.8528 1066.525 235.3807 391.0114 512 424 
1.672492 -0.2709174 0.1423362 63656388925499 72057594037930119 5 828.3303 440.9555 193.7486 174.024 512 424 
1.40384 -0.2599377 -0.7080075 63656388925499 72057594037930119 15 812.1655 1067.122 185.1047 390.9125 512 424 
1.499026 -0.07464752 -0.7555485 63656388925499 72057594037930119 19 953.4467 1066.608 234.9029 391.0383 512 424 
1.672492 -0.2709174 0.1423362 63656388925499 72057594037930119 5 828.3303 440.9555 193.7486 174.024 512 424 
1.40384 -0.2599377 -0.7080075 63656388925499 72057594037930119 15 812.1655 1067.122 185.1047 390.9125 512 424 
1.499026 -0.07464752 -0.7555485 63656388925499 72057594037930119 19 953.4467 1066.608 234.9029 391.0383 512 424 
1.672492 -0.2709174 0.1423362 63656388925499 72057594037930119 5 828.3303 440.9555 193.7486 174.024 512 424 
1.40384 -0.2599377 -0.7080075 63656388925499 72057594037930119 15 812.1655 1067.122 185.1047 390.9125 512 424 
1.499026 -0.07464752 -0.7555485 63656388925499 72057594037930119 19 953.4467 1066.608 234.9029 391.0383 512 424 
1.672582 -0.2705271 0.142369 63656388925614 72057594037930119 5 828.5856 440.9389 193.8379 174.0187 512 424 
1.403821 -0.2598275 -0.7075883 63656388925614 72057594037930119 15 812.246 1066.81 185.1317 390.8079 512 424 
1.49862 -0.07666843 -0.7556657 63656388925614 72057594037930119 19 952.0099 1066.839 234.4012 391.1152 512 424 
1.672582 -0.2705271 0.142369 63656388925614 72057594037930119 5 828.5856 440.9389 193.8379 174.0187 512 424 
1.403821 -0.2598275 -0.7075883 63656388925614 72057594037930119 15 812.246 1066.81 185.1317 390.8079 512 424 
1.49862 -0.07666843 -0.7556657 63656388925614 72057594037930119 19 952.0099 1066.839 234.4012 391.1152 512 424 
1.672894 -0.2702216 0.1430522 63656388925725 72057594037930119 5 828.8038 440.5212 193.916 173.8745 512 424 
1.421227 -0.2397612 0.1055435 63656388925725 72057594037930119 6 827.1812 452.4937 191.2794 178.006 512 424 
1.403851 -0.2597344 -0.7074669 63656388925725 72057594037930119 15 812.3195 1066.707 185.1571 390.7732 512 424 
1.49821 -0.07673144 -0.7555436 63656388925725 72057594037930119 19 951.9609 1066.899 234.3806 391.1356 512 424 
1.672894 -0.2702216 0.1430522 63656388925725 72057594037930119 5 828.8038 440.5212 193.916 173.8745 512 424 
1.421227 -0.2397612 0.1055435 63656388925725 72057594037930119 6 827.1812 452.4937 191.2794 178.006 512 424 
1.403851 -0.2597344 -0.7074669 63656388925725 72057594037930119 15 812.3195 1066.707 185.1571 390.7732 512 424 
1.49821 -0.07673144 -0.7555436 63656388925725 72057594037930119 19 951.9609 1066.899 234.3806 391.1356 512 424 
1.672959 -0.2702659 0.1432218 63656388925838 72057594037930119 5 828.7806 440.4171 193.9085 173.8384 512 424 
1.421257 -0.2397332 0.106004 63656388925838 72057594037930119 6 827.2037 452.1511 191.2878 177.8875 512 424 
1.403879 -0.2595935 -0.7073201 63656388925838 72057594037930119 15 812.4291 1066.584 185.1949 390.7322 512 424 
1.495558 -0.07651187 -0.7544113 63656388925838 72057594037930119 19 952.0873 1067.045 234.4013 391.1853 512 424 
1.672959 -0.2702659 0.1432218 63656388925838 72057594037930119 5 828.7806 440.4171 193.9085 173.8384 512 424 
1.421257 -0.2397332 0.106004 63656388925838 72057594037930119 6 827.2037 452.1511 191.2878 177.8875 512 424 
1.403879 -0.2595935 -0.7073201 63656388925838 72057594037930119 15 812.4291 1066.584 185.1949 390.7322 512 424 
1.495558 -0.07651187 -0.7544113 63656388925838 72057594037930119 19 952.0873 1067.045 234.4013 391.1853 512 424 
1.673152 -0.2701764 0.1434457 63656388925945 72057594037930119 5 828.853 440.2852 193.935 173.7929 512 424 
1.403784 -0.2594654 -0.7080239 63656388925945 72057594037930119 15 812.5167 1067.155 185.2255 390.925 512 424 
1.493984 -0.07463585 -0.7535219 63656388925945 72057594037930119 19 953.4039 1066.976 234.8441 391.163 512 424 
1.673152 -0.2701764 0.1434457 63656388925945 72057594037930119 5 828.853 440.2852 193.935 173.7929 512 424 
1.403784 -0.2594654 -0.7080239 63656388925945 72057594037930119 15 812.5167 1067.155 185.2255 390.925 512 424 
1.493984 -0.07463585 -0.7535219 63656388925945 72057594037930119 19 953.4039 1066.976 234.8441 391.163 512 424 
1.403854 -0.2594322 -0.7085581 63656388926054 72057594037930119 15 812.5506 1067.534 185.2387 391.0528 512 424 
1.496724 -0.07496201 -0.7549609 63656388926054 72057594037930119 19 953.2007 1067.017 234.7975 391.1768 512 424 
1.403854 -0.2594322 -0.7085581 63656388926054 72057594037930119 15 812.5506 1067.534 185.2387 391.0528 512 424 
1.496724 -0.07496201 -0.7549609 63656388926054 72057594037930119 19 953.2007 1067.017 234.7975 391.1768 512 424 
1.403911 -0.2594279 -0.7087804 63656388926162 72057594037930119 15 812.5605 1067.681 185.243 391.1024 512 424 
1.499347 -0.07550995 -0.7561561 63656388926162 72057594037930119 19 952.8395 1066.926 234.6951 391.1457 512 424 
1.403911 -0.2594279 -0.7087804 63656388926162 72057594037930119 15 812.5605 1067.681 185.243 391.1024 512 424 
1.499347 -0.07550995 -0.7561561 63656388926162 72057594037930119 19 952.8395 1066.926 234.6951 391.1457 512 424 
1.403911 -0.2594279 -0.7087804 63656388926162 72057594037930119 15 812.5605 1067.681 185.243 391.1024 512 424 
1.499347 -0.07550995 -0.7561561 63656388926162 72057594037930119 19 952.8395 1066.926 234.6951 391.1457 512 424 
1.671799 -0.2684093 0.1399449 63656388926271 72057594037930119 5 829.8737 442.4344 194.2779 174.538 512 424 
1.403981 -0.2591792 -0.7088645 63656388926271 72057594037930119 15 812.7566 1067.717 185.3115 391.1154 512 424 
1.442393 -0.05504782 -0.7163298 63656388926271 72057594037930119 19 967.2611 1058.703 239.1862 388.3611 512 424 
1.671799 -0.2684093 0.1399449 63656388926271 72057594037930119 5 829.8737 442.4344 194.2779 174.538 512 424 
1.403981 -0.2591792 -0.7088645 63656388926271 72057594037930119 15 812.7566 1067.717 185.3115 391.1154 512 424 
1.442393 -0.05504782 -0.7163298 63656388926271 72057594037930119 19 967.2611 1058.703 239.1862 388.3611 512 424 
1.671799 -0.2684093 0.1399449 63656388926271 72057594037930119 5 829.8737 442.4344 194.2779 174.538 512 424 
1.403981 -0.2591792 -0.7088645 63656388926271 72057594037930119 15 812.7566 1067.717 185.3115 391.1154 512 424 
1.442393 -0.05504782 -0.7163298 63656388926271 72057594037930119 19 967.2611 1058.703 239.1862 388.3611 512 424 
1.671839 -0.2682627 0.1402797 63656388926417 72057594037930119 5 829.9695 442.2235 194.3115 174.4651 512 424 
1.404043 -0.2591774 -0.7088266 63656388926417 72057594037930119 15 812.7646 1067.665 185.3148 391.0978 512 424 
1.442144 -0.0549075 -0.7160503 63656388926417 72057594037930119 19 967.364 1058.588 239.2197 388.3219 512 424 
