First JointType Second JointType  Angel
3 20 176.342152456501
2 1 179.915775306334
2 8 95.9052266784647
2 4 102.742974857513
20 0 179.909698249417
1 16 90.4991037127068
1 12 89.4701153175015
20 9 132.786170149446
20 5 99.0283917350114
0 17 74.127202698548
0 13 108.707442236146
8 10 152.769358831618
9 11 141.320368901537
9 24 168.316230362356
10 23 138.216956469726
4 6 78.4805778480969
5 7 58.5995734531316
5 22 82.2309991845995
6 21 94.2913026098254
16 18 157.7270922054
17 19 33.3702500198388
12 14 162.424590935451
13 15 134.636616563492
3 20 176.361156065857
2 1 179.917365323427
2 8 96.1668090800772
2 4 102.680431656281
20 0 179.911883192823
1 16 90.5228669357776
1 12 89.4420608198028
20 9 132.249947145342
20 5 99.1287677363552
0 17 74.1509080683358
0 13 108.662309474506
8 10 153.556060104608
9 11 141.320368901537
9 24 163.348903613802
10 23 138.216956469726
4 6 78.4805778480969
5 7 58.5995734531316
5 22 82.2309991845995
6 21 94.2913026098254
16 18 157.730168025471
17 19 33.3702500198388
12 14 162.466988935082
13 15 134.644314636471
3 20 176.378000603377
2 1 179.919831294035
2 8 96.1583174775807
2 4 102.751132851912
20 0 179.91095609724
1 16 90.5224295393301
1 12 89.4394887873984
20 9 132.259314972726
20 5 99.2924822001697
0 17 74.1500198040978
0 13 108.614405140388
8 10 153.612493442538
9 11 140.86155731409
9 24 163.987811644356
10 23 138.441015385184
4 6 84.2964978562213
5 7 68.4841482044561
5 22 87.4914337071238
6 21 98.9275382741574
16 18 157.727129347561
17 19 33.3702500198388
12 14 162.536817850815
13 15 134.851065958836
3 20 176.494708680749
2 1 179.902489106875
2 8 95.6247812531022
2 4 102.52772599282
20 0 179.898427609414
1 16 90.3959492562765
1 12 89.5540019339909
20 9 132.804252201532
20 5 99.566937581816
0 17 74.0321892700343
0 13 108.732626689376
8 10 152.581786193233
9 11 141.717013644717
9 24 165.289317672172
10 23 137.304764965116
4 6 78.4411541612073
5 7 58.6788164542107
5 22 81.2723868644049
6 21 90.1358988266487
16 18 157.742724522423
17 19 -1
12 14 162.556173657276
13 15 134.854018777406
3 20 176.536641826867
2 1 179.900557045219
2 8 95.5709966157333
2 4 102.618480106609
20 0 179.895987728218
1 16 90.4039308101655
1 12 89.5474630583827
20 9 132.685970024663
20 5 99.6016977662223
0 17 74.0452806960856
0 13 108.736589677204
8 10 153.063440420808
9 11 141.578518291845
9 24 157.821918965057
10 23 138.390487368923
4 6 77.9888448701198
5 7 58.2183477475499
5 22 82.2090270254759
6 21 98.3336919745412
16 18 157.757676891031
17 19 33.413094891633
12 14 162.567242706841
13 15 100.113789699335
3 20 176.622333675326
2 1 179.90990267335
2 8 95.5610261208713
2 4 102.545266994588
20 0 179.900198831746
1 16 90.3884995790501
1 12 89.5564295219665
20 9 132.825415877556
20 5 99.7449706294936
0 17 74.0416392565003
0 13 108.718985584833
8 10 153.812279204189
9 11 170.585673596675
9 24 162.564873312325
10 23 168.529653756416
4 6 64.2902856018527
5 7 40.6515262319484
5 22 74.7423803846893
6 21 96.7045335211598
16 18 157.789081133399
17 19 69.2995169778111
12 14 162.66631361265
13 15 101.101239539292
3 20 176.737710919132
2 1 179.923208481924
2 8 95.459221713051
2 4 102.496813012549
20 0 179.882896638066
1 16 90.4217509934739
1 12 89.5176874182741
20 9 132.718539848407
20 5 116.210353503042
0 17 73.9972673427946
0 13 108.749331537338
8 10 152.879754168015
9 11 170.119325560383
9 24 162.029273326835
10 23 167.883375433172
4 6 92.2962022537235
5 7 60.595142465234
5 22 109.438747097506
6 21 93.2608661219546
16 18 157.729452916152
17 19 33.4072107960145
12 14 162.639414691583
13 15 99.8689239788783
3 20 176.735619533499
2 1 179.926397387571
2 8 95.6012667307126
2 4 102.502636385388
20 0 179.882722975946
1 16 90.4226962409543
1 12 89.5122809301893
20 9 132.870194827622
20 5 99.9529669152116
0 17 74.0045281602862
0 13 108.734072681054
8 10 152.898153838857
9 11 170.005067918925
9 24 165.757803288473
10 23 168.626897913055
4 6 64.3015367907457
5 7 40.6557820847281
5 22 73.4960892327408
6 21 90.2601921094246
16 18 157.741110571718
17 19 33.4029364724917
12 14 162.648440073039
13 15 134.62173608995
3 20 176.716107093764
2 1 179.934152280079
2 8 95.573022849637
2 4 102.282975452392
20 0 179.893930008338
1 16 90.4797418373063
1 12 89.4974014847857
20 9 132.637708008746
20 5 100.39351492531
0 17 74.0970013588006
0 13 108.722188393714
8 10 152.512409305613
9 11 141.261514032525
9 24 136.062441800131
10 23 138.978651638655
4 6 84.0907648993654
5 7 69.3621989280129
5 22 88.7059670597645
6 21 92.9038053237961
16 18 157.812134068573
17 19 68.9227693352672
12 14 162.709568008018
13 15 136.498676844971
3 20 176.725654597843
2 1 179.934379242679
2 8 95.5542443487113
2 4 102.29665171964
20 0 179.892379030646
1 16 90.4789760102393
1 12 89.4960967898824
20 9 132.528046475336
20 5 117.276627494116
0 17 74.0551489545691
0 13 108.735196297206
8 10 153.333981762407
9 11 141.809199513998
9 24 138.167875004508
10 23 140.583523040225
4 6 118.269862178046
5 7 103.543548575572
5 22 108.962563799102
6 21 95.1698380675104
16 18 157.772100335584
17 19 68.9227693352672
12 14 162.704012106744
13 15 136.524629308605
3 20 176.752439605628
2 1 179.928386096835
2 8 95.5505429325077
2 4 102.306075123327
20 0 179.89049848468
1 16 90.4921079792034
1 12 89.4991883661825
20 9 132.978014968658
20 5 117.272573756342
0 17 74.0515588672586
0 13 108.750383228242
8 10 153.380832036046
9 11 141.524967509969
9 24 144.130819194422
10 23 140.619979020412
4 6 120.812163834874
5 7 98.1567176159005
5 22 113.047702746233
6 21 92.6470197952288
16 18 157.762980652551
17 19 69.513873065798
12 14 162.694279912671
13 15 136.298314485811
3 20 176.755097083975
2 1 179.928907790944
2 8 95.7105069122382
2 4 102.305632292507
20 0 179.888817785733
1 16 90.4967755252631
1 12 89.4924333914315
20 9 133.18949464179
20 5 117.303930511309
0 17 74.0387833889477
0 13 108.759339632515
8 10 153.429813340233
9 11 141.753341742935
9 24 149.680977763334
10 23 140.681735497285
4 6 118.017875607965
5 7 99.6547030696841
5 22 108.990150783865
6 21 98.7601536549749
16 18 157.731995881865
17 19 69.5667356530056
12 14 162.661065045562
13 15 101.659041089441
3 20 176.755097083975
2 1 179.928907790944
2 8 95.7105069122382
2 4 102.305632292507
20 0 179.888817785733
1 16 90.4967755252631
1 12 89.4924333914315
20 9 133.18949464179
20 5 117.303930511309
0 17 74.0387833889477
0 13 108.759339632515
8 10 153.429813340233
9 11 141.753341742935
9 24 149.680977763334
10 23 140.681735497285
4 6 118.017875607965
5 7 99.6547030696841
5 22 108.990150783865
6 21 98.7601536549749
16 18 157.731995881865
17 19 69.5667356530056
12 14 162.661065045562
13 15 101.659041089441
3 20 176.734619723785
2 1 179.92808970259
2 8 95.7260347974458
2 4 102.332915546397
20 0 179.885600515672
1 16 90.4987267479575
1 12 89.4912895170085
20 9 133.213662023878
20 5 117.366562596262
0 17 74.0320407090267
0 13 108.770256488875
8 10 153.465257134417
9 11 140.975805066212
9 24 148.138464087875
10 23 140.921673479783
4 6 118.890142615565
5 7 100.856665902704
5 22 110.902908765949
6 21 96.0205752120666
16 18 157.726600970434
17 19 69.5667356530056
12 14 162.63328196726
13 15 101.628053924793
3 20 176.642585050078
2 1 179.940132124152
2 8 96.2204303534638
2 4 102.219649095311
20 0 179.898713088522
1 16 90.5056670439785
1 12 89.4901967563091
20 9 132.054357221046
20 5 117.317502324079
0 17 74.0582686355138
0 13 108.779909933526
8 10 154.886517576535
9 11 141.587892606215
9 24 144.764367456369
10 23 140.453379365364
4 6 97.3691603495167
5 7 70.388282183824
5 22 93.3459038107764
6 21 92.2490649022764
16 18 157.732069749553
17 19 34.9341662685863
12 14 162.561681595828
13 15 136.372361795917
3 20 176.632703944835
2 1 179.942119141668
2 8 96.3109379317865
2 4 102.260646439248
20 0 179.898360514517
1 16 90.5249079515426
1 12 89.478856536285
20 9 132.099842846396
20 5 100.422045373897
0 17 74.0822485844678
0 13 108.770185584938
8 10 154.996352485331
9 11 141.600507312246
9 24 144.061498018454
10 23 139.778305623332
4 6 62.3147295799942
5 7 38.2342269267797
5 22 70.3081834639991
6 21 88.0892290242801
16 18 157.742193956083
17 19 34.9341662685863
12 14 162.548278811933
13 15 136.372361795917
3 20 176.595535646163
2 1 179.934419044754
2 8 96.3298781926692
2 4 102.263345439148
20 0 179.890102228582
1 16 90.5279195484012
1 12 89.4762770157632
20 9 132.174208174012
20 5 100.446224941641
0 17 74.0989273151279
0 13 108.768701648874
8 10 154.854549358677
9 11 141.645536863854
9 24 143.787173027615
10 23 138.734078161966
4 6 62.2651002446113
5 7 38.1414211193172
5 22 70.4792584948885
6 21 88.2875655542033
16 18 157.752404340371
17 19 34.9341662685863
12 14 162.558112656596
13 15 136.376175634996
3 20 176.791330650795
2 1 179.925290469259
2 8 96.3939983162697
2 4 102.483810375064
20 0 179.881020319457
1 16 90.4518310958655
1 12 89.6182250850013
20 9 127.060258427088
20 5 100.231646483523
0 17 74.0176341504875
0 13 108.922021475459
8 10 149.31600011674
9 11 177.592491283863
9 24 155.202749387814
10 23 169.87712059635
4 6 62.0683313863684
5 7 38.2128613526568
5 22 70.0502422699811
6 21 96.05753815208
16 18 157.783026308078
17 19 68.8323093983261
12 14 162.501276022173
13 15 136.343923920208
3 20 177.267415556766
2 1 179.907578842051
2 8 96.7377047944651
2 4 102.696295842668
20 0 179.894673793722
1 16 90.1838957363227
1 12 89.9319322814298
20 9 118.818612049762
20 5 114.258523588628
0 17 73.8843852390532
0 13 108.96403931959
8 10 144.028203724332
9 11 173.720301227001
9 24 154.726121683219
10 23 175.450597262733
4 6 92.7065191570789
5 7 68.0633206915406
5 22 88.8663788937195
6 21 88.3751606938277
16 18 157.81796151723
17 19 66.8579093109607
12 14 162.649284113369
13 15 136.154228797617
3 20 177.567858161513
2 1 179.893483357447
2 8 96.737111662269
2 4 102.953634178825
20 0 179.890403355874
1 16 89.9840822086207
1 12 90.133966798781
20 9 117.329360096346
20 5 100.019550223488
0 17 73.73922487358
0 13 109.115111680837
8 10 142.84806060642
9 11 174.960304615637
9 24 160.525583028338
10 23 176.780689233571
4 6 61.3388475837973
5 7 38.3084753197684
5 22 70.9830964901442
6 21 83.4575382522068
16 18 157.841032134078
17 19 33.4924164962467
12 14 162.682268840435
13 15 136.047847841174
3 20 177.567858161513
2 1 179.893483357447
2 8 96.737111662269
2 4 102.953634178825
20 0 179.890403355874
1 16 89.9840822086207
1 12 90.133966798781
20 9 117.329360096346
20 5 100.019550223488
0 17 73.73922487358
0 13 109.115111680837
8 10 142.84806060642
9 11 174.960304615637
9 24 160.525583028338
10 23 176.780689233571
4 6 61.3388475837973
5 7 38.3084753197684
5 22 70.9830964901442
6 21 83.4575382522068
16 18 157.841032134078
17 19 33.4924164962467
12 14 162.682268840435
13 15 136.047847841174
3 20 177.717036244066
2 1 179.902220390146
2 8 96.8551280631807
2 4 102.860419783817
20 0 179.891963505025
1 16 90.0882078896888
1 12 90.0697251962266
20 9 116.536863143692
20 5 100.08937075283
0 17 73.8632400878656
0 13 109.073775513506
8 10 142.486841755562
9 11 140.201079738713
9 24 130.102559321382
10 23 138.437427988729
4 6 61.3006059284073
5 7 38.593604320986
5 22 72.4484582231505
6 21 78.3355758030973
16 18 157.836885750507
17 19 33.4918445729091
12 14 162.585764637827
13 15 135.777870260952
3 20 177.717036244066
2 1 179.902220390146
2 8 96.8551280631807
2 4 102.860419783817
20 0 179.891963505025
1 16 90.0882078896888
1 12 90.0697251962266
20 9 116.536863143692
20 5 100.08937075283
0 17 73.8632400878656
0 13 109.073775513506
8 10 142.486841755562
9 11 140.201079738713
9 24 130.102559321382
10 23 138.437427988729
4 6 61.3006059284073
5 7 38.593604320986
5 22 72.4484582231505
6 21 78.3355758030973
16 18 157.836885750507
17 19 33.4918445729091
12 14 162.585764637827
13 15 135.777870260952
3 20 177.696496974198
2 1 179.897194991243
2 8 96.8085326722945
2 4 102.885146194634
20 0 179.894912031059
1 16 90.0942869493462
1 12 90.0642637734932
20 9 116.496627934858
20 5 100.656258830543
0 17 73.8331144610725
0 13 109.06521452669
8 10 142.400178532781
9 11 140.109055560943
9 24 130.183787431621
10 23 139.248708023989
4 6 79.8220594693577
5 7 49.5320943772049
5 22 80.9020454463916
6 21 90.4880316347163
16 18 157.833523960468
17 19 33.4918445729091
12 14 162.620434735448
13 15 102.444375012664
3 20 177.132542951608
2 1 179.938933824967
2 8 97.5217800136263
2 4 102.519724819568
20 0 179.905390134669
1 16 90.1778666860768
1 12 89.9962710131182
20 9 117.110175973538
20 5 103.302346500521
0 17 73.9327825291097
0 13 108.873111665892
8 10 172.781235597225
9 11 140.497137343344
9 24 138.975206737775
10 23 139.017837411859
4 6 74.0278937012353
5 7 70.9435288190395
5 22 92.3200891080902
6 21 102.775922729084
16 18 157.746298904546
17 19 33.4722804358693
12 14 162.68169625099
13 15 135.527898512267
3 20 177.156891381546
2 1 179.940866138753
2 8 97.5019697563401
2 4 102.504747916468
20 0 179.90632973586
1 16 90.1912269154384
1 12 89.9931653029415
20 9 117.161287078588
20 5 101.415664137719
0 17 73.9525973330086
0 13 108.871228954905
8 10 172.626495294709
9 11 140.424531851117
9 24 139.3132873039
10 23 137.589767491476
4 6 91.4066159262059
5 7 90.0818338541045
5 22 101.906062854311
6 21 117.574351833034
16 18 157.743733878575
17 19 33.4722804358693
12 14 162.678571010272
13 15 135.504179940341
3 20 177.249117183832
2 1 179.952349052395
2 8 97.547006205845
2 4 102.49448056608
20 0 179.921962302176
1 16 90.2279412368922
1 12 89.9364460322085
20 9 116.959874813098
20 5 101.362333199451
0 17 73.9942318361759
0 13 108.777054726521
8 10 173.957846154783
9 11 172.947441136015
9 24 162.122670400594
10 23 166.274896265152
4 6 74.3758672003529
5 7 72.3901714723345
5 22 106.070587008665
6 21 105.50001060319
16 18 157.722277128962
17 19 -1
12 14 162.744546434075
13 15 102.457872937711
3 20 177.65206270048
2 1 179.921677681585
2 8 97.8570654719486
2 4 102.55839577083
20 0 179.89644552669
1 16 90.2422304085856
1 12 89.9069074854159
20 9 117.229890158916
20 5 101.103724494788
0 17 73.9710513500564
0 13 108.766032765027
8 10 174.005468281442
9 11 172.19485867813
9 24 165.439909809039
10 23 167.988606871886
4 6 74.3507817826677
5 7 72.170197472412
5 22 90.3617757422308
6 21 105.089846278676
16 18 157.692056771966
17 19 -1
12 14 162.743096406351
13 15 102.38877751492
3 20 177.582951487339
2 1 179.933462846656
2 8 97.8853497632789
2 4 102.615346098877
20 0 179.914355226338
1 16 90.2482147003226
1 12 89.8934548372871
20 9 117.360050804975
20 5 101.057342059339
0 17 73.9643176152976
0 13 108.775443503022
8 10 174.681821263782
9 11 174.072961381989
9 24 157.016490258424
10 23 160.51964734237
4 6 73.8882548060174
5 7 72.0661549072235
5 22 95.0174089324198
6 21 111.1675684145
16 18 157.681913095919
17 19 33.4910009935252
12 14 162.728210294682
13 15 102.33641698023
3 20 177.582951487339
2 1 179.933462846656
2 8 97.8853497632789
2 4 102.615346098877
20 0 179.914355226338
1 16 90.2482147003226
1 12 89.8934548372871
20 9 117.360050804975
20 5 101.057342059339
0 17 73.9643176152976
0 13 108.775443503022
8 10 174.681821263782
9 11 174.072961381989
9 24 157.016490258424
10 23 160.51964734237
4 6 73.8882548060174
5 7 72.0661549072235
5 22 95.0174089324198
6 21 111.1675684145
16 18 157.681913095919
17 19 33.4910009935252
12 14 162.728210294682
13 15 102.33641698023
3 20 177.590567852041
2 1 179.936056340792
2 8 97.8968088370869
2 4 102.77111393611
20 0 179.914569477879
1 16 90.1869706123506
1 12 89.9401150697298
20 9 117.554790384873
20 5 101.073458940143
0 17 73.8953345955045
0 13 108.803610484562
8 10 175.221084993731
9 11 174.630751211171
9 24 158.608847942234
10 23 165.940176236768
4 6 62.6996973992393
5 7 67.239294799447
5 22 93.4845358828924
6 21 60.782118385439
16 18 157.670896909128
17 19 69.6725873782222
12 14 162.7160451928
13 15 136.0001487921
3 20 177.531697259686
2 1 179.941380436017
2 8 97.871881371919
2 4 102.277267786551
20 0 179.917885476422
1 16 90.2318922287393
1 12 89.8738967851
20 9 117.484392511721
20 5 101.679896788875
0 17 73.9371701141339
0 13 108.736626394495
8 10 175.503873589933
9 11 174.56854143744
9 24 161.888260018129
10 23 171.517052401997
4 6 62.6688965542002
5 7 67.5899528931074
5 22 86.6109125511227
6 21 60.3521851790295
16 18 157.664994892403
17 19 33.5663102336502
12 14 162.715084866559
13 15 135.949080348634
3 20 177.451262961185
2 1 179.957853283932
2 8 97.8463462561179
2 4 102.380937533036
20 0 179.933481597083
1 16 90.2431885106626
1 12 89.854597959317
20 9 117.502351073464
20 5 101.655957731024
0 17 73.9629826892
0 13 108.714037902837
8 10 175.486392999136
9 11 174.997848895041
9 24 161.927257027848
10 23 170.18798919347
4 6 62.6867791302181
5 7 68.4160274781968
5 22 90.1172491505788
6 21 62.2643379408201
16 18 157.685458536062
17 19 33.5663102336502
12 14 162.697397759365
13 15 135.974798201199
3 20 177.493185225007
2 1 179.957709878996
2 8 97.7964163486297
2 4 102.328116212476
20 0 179.941187840493
1 16 90.2792251542797
1 12 89.817552373141
20 9 117.371031038978
20 5 101.6102378911
0 17 73.9944578854576
0 13 108.717776467464
8 10 175.467728600523
9 11 175.557662371483
9 24 157.14486584015
10 23 172.190277520695
4 6 62.4769558801869
5 7 68.207359179066
5 22 92.7158920192909
6 21 63.0933199096149
16 18 157.69137220486
17 19 33.5436619473645
12 14 162.622754100294
13 15 135.521751569614
3 20 177.480241471092
2 1 179.952894839491
2 8 97.7620008282251
2 4 102.523467947928
20 0 179.949285453169
1 16 90.26423971756
1 12 89.8410152673744
20 9 117.269229316394
20 5 102.274152052936
0 17 73.9136690731681
0 13 108.854784390124
8 10 175.659439950156
9 11 174.716525239754
9 24 156.445365128263
10 23 169.561333110845
4 6 62.595389234475
5 7 68.6217573261999
5 22 92.3669752484774
6 21 89.4354064774708
16 18 157.634007393662
17 19 33.5436619473645
12 14 162.493359834443
13 15 135.318802483475
3 20 177.480241471092
2 1 179.952894839491
2 8 97.7620008282251
2 4 102.523467947928
20 0 179.949285453169
1 16 90.26423971756
1 12 89.8410152673744
20 9 117.269229316394
20 5 102.274152052936
0 17 73.9136690731681
0 13 108.854784390124
8 10 175.659439950156
9 11 174.716525239754
9 24 156.445365128263
10 23 169.561333110845
4 6 62.595389234475
5 7 68.6217573261999
5 22 92.3669752484774
6 21 89.4354064774708
16 18 157.634007393662
17 19 33.5436619473645
12 14 162.493359834443
13 15 135.318802483475
3 20 142.749694426821
2 1 143.753216940146
2 8 78.6640525029257
2 4 85.3294667594604
20 0 143.754786793658
1 16 71.9853158273151
1 12 71.7192043176714
20 9 92.8802616584467
20 5 90.7868141924202
0 17 59.1184144284296
0 13 86.9808361304197
8 10 140.907192130816
9 11 139.263385693819
9 24 126.311992596066
10 23 135.190106605978
4 6 53.4252462717801
5 7 74.5263661689276
5 22 62.9640558110562
6 21 89.4491008487196
16 18 125.329377402593
17 19 -1
12 14 129.832180134545
13 15 100.294852175816
3 20 177.466650426508
2 1 179.942028214743
2 8 97.7918351915203
2 4 102.608555545188
20 0 179.932645226892
1 16 90.2598815613837
1 12 89.8304985721941
20 9 117.219664268526
20 5 117.4593019531
0 17 73.8908594253718
0 13 108.906529385873
8 10 175.54084233626
9 11 174.699508426384
9 24 160.737360284769
10 23 169.669647492127
4 6 70.2808973576231
5 7 74.5674260679939
5 22 93.0876306390556
6 21 89.1379651080315
16 18 157.626884569591
17 19 33.5263270225675
12 14 162.433052554315
13 15 100.546438015557
3 20 177.432029661758
2 1 179.941591577604
2 8 97.7718064235634
2 4 102.710531055571
20 0 179.937190602133
1 16 90.2641959263367
1 12 89.8281065696022
20 9 117.094656006893
20 5 117.176548438902
0 17 73.9017919821937
0 13 108.925079403272
8 10 174.467952602099
9 11 168.84868780045
9 24 156.958028895298
10 23 168.255223463582
4 6 69.533330710191
5 7 73.1375303713109
5 22 96.1785542217284
6 21 88.0679197894686
16 18 157.633414860871
17 19 69.6860990596214
12 14 162.413252094937
13 15 100.556173510906
3 20 177.397974002138
2 1 179.950385915564
2 8 97.8082196564147
2 4 102.695695273455
20 0 179.948219470055
1 16 90.281101430948
1 12 89.8158717510433
20 9 117.137514701522
20 5 117.203003242878
0 17 73.9465740659128
0 13 108.895243028738
8 10 175.824066245197
9 11 174.397997782107
9 24 152.796378476721
10 23 170.591612798699
4 6 69.6183315976797
5 7 73.1241695846267
5 22 93.2572535949121
6 21 87.5066458327645
16 18 157.66324413827
17 19 33.5500893528437
12 14 162.409590699476
13 15 100.519897155829
3 20 177.327143253022
2 1 179.951800725141
2 8 97.9178884244027
2 4 102.856984196325
20 0 179.941069813965
1 16 90.2825158983167
1 12 89.8143485188021
20 9 117.227659090242
20 5 93.9124700290115
0 17 73.9383117633008
0 13 108.914808038089
8 10 175.742065593642
9 11 174.200999064945
9 24 155.344219214373
10 23 171.166977272788
4 6 68.9843063175866
5 7 71.3362848106069
5 22 91.3936243165884
6 21 88.9189200550065
16 18 157.648378218479
17 19 66.5402618682311
12 14 162.396270222861
13 15 100.478110018949
3 20 177.337712922691
2 1 179.954230975115
2 8 97.9388747618886
2 4 102.943278188677
20 0 179.942285715319
1 16 90.2441770099521
1 12 89.8668470830353
20 9 117.181740763265
20 5 79.4648824190072
0 17 73.9098938129212
0 13 108.961088785432
8 10 175.886465741042
9 11 173.821730010033
9 24 155.868188156549
10 23 169.501999449889
4 6 62.2581144593637
5 7 66.0018970427511
5 22 90.462627115777
6 21 89.6065691091171
16 18 157.649894897806
17 19 33.5500893528437
12 14 162.369417331294
13 15 100.457549232834
3 20 177.187872084469
2 1 179.938476192924
2 8 98.1224580639548
2 4 103.04035782226
20 0 179.91592461534
1 16 90.2730915933638
1 12 89.8383723086493
20 9 117.300798801893
20 5 79.2978944107382
0 17 73.9321946166289
0 13 108.937027362688
8 10 175.82388047493
9 11 173.775624198141
9 24 156.304078233969
10 23 170.16995807488
4 6 62.1871068607654
5 7 66.5996393522836
5 22 91.2009206549981
6 21 90.3325332317763
16 18 157.654901109718
17 19 -1
12 14 162.382666318849
13 15 100.480939817982
3 20 177.158967273824
2 1 179.941176702258
2 8 98.1375284884213
2 4 103.00792926707
20 0 179.910348136641
1 16 90.2903415150762
1 12 89.8265113300285
20 9 117.30079735984
20 5 79.0975247569078
0 17 73.9530764041902
0 13 108.930231225773
8 10 175.792875870117
9 11 173.885174855813
9 24 156.692563623454
10 23 170.250160394602
4 6 61.9159881751183
5 7 66.484292894264
5 22 90.9147476829742
6 21 89.9816498868172
16 18 157.658875500785
17 19 -1
12 14 162.372211981993
13 15 100.437376528249
3 20 177.532088001508
2 1 179.939010369463
2 8 96.5254736140927
2 4 98.8598718583128
20 0 179.892027014616
1 16 90.2668552212351
1 12 89.8467327527657
20 9 114.320567110042
20 5 99.2143680086072
0 17 72.7898618257399
0 13 107.577800859583
8 10 175.864291077978
9 11 174.400287806363
9 24 156.772573120945
10 23 170.445360053485
4 6 78.7920972129893
5 7 86.176547156544
5 22 117.909003637499
6 21 77.6602531568214
16 18 157.400689393652
17 19 42.2610763300747
12 14 163.763547217661
13 15 125.612125368727
3 20 177.532199047055
2 1 179.939614780926
2 8 96.4937915838446
2 4 98.9140148148997
20 0 179.893721437623
1 16 90.2696363273564
1 12 89.8520863132362
20 9 114.25404249069
20 5 99.1950465115572
0 17 72.7956794115873
0 13 107.623747773634
8 10 175.798458013563
9 11 174.574653552098
9 24 156.545243732188
10 23 169.482860675751
4 6 78.803827676553
5 7 85.3935286908901
5 22 117.401488984127
6 21 76.6844888964868
16 18 157.402005750767
17 19 42.2610763300747
12 14 163.721541551904
13 15 125.577538530084
3 20 177.610311512989
2 1 179.956449443586
2 8 96.4272893372357
2 4 98.883764543535
20 0 179.901077856335
1 16 90.2727737713291
1 12 89.85003986927
20 9 114.196592556576
20 5 99.1811828492583
0 17 72.8186344035139
0 13 107.616139503813
8 10 175.867646230122
9 11 173.891752575169
9 24 156.617884892362
10 23 172.683108954638
4 6 78.9278926344603
5 7 86.0672892941959
5 22 108.509828318316
6 21 77.2194948292644
16 18 157.410630978161
17 19 -1
12 14 163.691775387785
13 15 169.041371971368
3 20 177.658052883461
2 1 179.952627222286
2 8 96.4690799596699
2 4 98.9605631143583
20 0 179.901007110141
1 16 90.2776047960252
1 12 89.8469938331538
20 9 114.261179986005
20 5 99.0661720049469
0 17 72.8197845937545
0 13 107.609822984439
8 10 175.770301229265
9 11 173.611940707018
9 24 157.017308539014
10 23 173.11347723791
4 6 79.0000998559005
5 7 86.0672892941959
5 22 112.826576027118
6 21 77.2194948292644
16 18 157.413973902316
17 19 -1
12 14 163.693153285273
13 15 169.089629894466
3 20 177.754099740828
2 1 179.96492298731
2 8 96.4483464663636
2 4 98.9675642596012
20 0 179.922724855318
1 16 90.2861195300176
1 12 89.8396674039298
20 9 114.153783836948
20 5 129.414900448785
0 17 72.8478433687747
0 13 107.577902675448
8 10 176.282836486641
9 11 173.294460387074
9 24 155.568276920472
10 23 168.481509394941
4 6 78.8823152406342
5 7 85.2846534432757
5 22 114.249835113231
6 21 77.1388276589129
16 18 157.418596730185
17 19 42.2594469321547
12 14 163.717193442564
13 15 169.083296642157
3 20 177.573653991418
2 1 179.967391464397
2 8 96.4427276405008
2 4 99.0601730174765
20 0 179.92061656737
1 16 90.2638827199405
1 12 89.8653133943065
20 9 114.187831465191
20 5 128.59028345172
0 17 72.8163419871673
0 13 107.600123242643
8 10 176.170379569852
9 11 172.839993249415
9 24 156.903012337318
10 23 166.995700678624
4 6 78.8749385749483
5 7 85.2521073107729
5 22 116.963852062175
6 21 77.1836440417001
16 18 157.394575416442
17 19 -1
12 14 163.687983470356
13 15 128.129345590057
