               JointType               X                    Y  WidthOfDisplay  HeightOfDisplay    IsImportant?(%)
0 0 0 0 0 0 0 0 48.7790203594589 49.3561485078059 512 424 16.6666666666667
0 0 0 0 0 1 0 0 48.3660277865674 40.8388604020006 512 424 16.6666666666667
0 0 0 0 0 2 0 0 47.9499380640481 32.4596931289137 512 424 16.6666666666667
0 0 0 0 0 3 0 0 48.0419630445916 28.156621182022 512 424 16.6666666666667
0 0 0 0 0 4 0 0 42.9904216568778 36.3810039733621 512 424 16.6666666666667
0 0 0 0 0 5 0 0 111.387496438949 115.520994620727 512 424 16.6666666666667
0 0 0 0 0 6 0 0 116.085138558988 131.332681145004 512 424 16.6666666666667
0 0 0 0 0 7 0 0 165.988983974018 195.716788424061 512 424 16.6666666666667
0 0 0 0 0 8 0 0 53.3921067943574 35.9866440343666 512 424 16.6666666666667
0 0 0 0 0 9 0 0 55.4612598797691 49.7680378253695 512 424 16.6666666666667
0 0 0 0 0 10 0 0 53.0130986072593 67.2570428062575 512 424 16.6666666666667
0 0 0 0 0 11 0 0 165.069747789832 156.121195796521 512 424 16.6666666666667
0 0 0 0 0 12 0 0 46.4188357622683 49.4811284800262 512 424 16.6666666666667
0 0 0 0 0 13 0 0 46.3828671120844 56.5548693123517 512 424 16.6666666666667
0 0 0 0 0 14 0 0 46.6785394211272 69.2253347777039 512 424 16.6666666666667
0 0 0 0 0 15 0 0 139.190816336128 272.774304158311 512 424 16.6666666666667
0 0 0 0 0 16 0 0 51.1435842052701 49.2348551488607 512 424 16.6666666666667
0 0 0 0 0 17 0 0 49.8558057138342 57.0692963473601 512 424 16.6666666666667
0 0 0 0 0 18 0 0 50.7061282617018 69.1687615646493 512 424 16.6666666666667
0 0 0 0 0 19 0 0 425.467635727255 685.130045499217 512 424 16.6666666666667
0 0 0 0 0 20 0 0 48.0531441948214 34.5433060810043 512 424 16.6666666666667
0 0 0 0 0 21 0 0 117.517166103216 136.789374582779 512 424 16.6666666666667
0 0 0 0 0 22 0 0 116.144111714192 134.174587551787 512 424 16.6666666666667
0 0 0 0 0 23 0 0 53.2381655061006 80.1560628282314 512 424 16.6666666666667
0 0 0 0 0 24 0 0 52.3525549010461 75.4558565931458 512 424 16.6666666666667
0 0 0 0 0 0 0 0 48.7789294812417 49.3580235759268 512 424 16.6666666666667
0 0 0 0 0 1 0 0 48.3647692614266 40.8396015523644 512 424 16.6666666666667
0 0 0 0 0 2 0 0 47.9485322358237 32.4595159115918 512 424 16.6666666666667
0 0 0 0 0 3 0 0 48.0355054172474 28.1595763418353 512 424 16.6666666666667
0 0 0 0 0 4 0 0 42.9842429681173 36.3957145545983 512 424 16.6666666666667
0 0 0 0 0 5 0 0 111.39348411478 115.536280946572 512 424 16.6666666666667
0 0 0 0 0 6 0 0 116.085121153347 131.337590129846 512 424 16.6666666666667
0 0 0 0 0 7 0 0 166.022162163231 195.60643509683 512 424 16.6666666666667
0 0 0 0 0 8 0 0 53.3904561792323 35.9566487495671 512 424 16.6666666666667
0 0 0 0 0 9 0 0 55.4580407857996 49.7904067019403 512 424 16.6666666666667
0 0 0 0 0 10 0 0 53.0199245133044 68.0192162961114 512 424 16.6666666666667
0 0 0 0 0 11 0 0 165.088001930334 156.241094677704 512 424 16.6666666666667
0 0 0 0 0 12 0 0 46.4177506854931 49.4839842332567 512 424 16.6666666666667
0 0 0 0 0 13 0 0 46.3853140367043 56.5351300921963 512 424 16.6666666666667
0 0 0 0 0 14 0 0 46.6660208847328 69.2076600773142 512 424 16.6666666666667
0 0 0 0 0 15 0 0 139.114606634638 272.880196460726 512 424 16.6666666666667
0 0 0 0 0 16 0 0 51.1445790251531 49.2359011409777 512 424 16.6666666666667
0 0 0 0 0 17 0 0 49.8495483432804 57.0697170541502 512 424 16.6666666666667
0 0 0 0 0 18 0 0 50.7073640146362 69.1372985765985 512 424 16.6666666666667
0 0 0 0 0 19 0 0 198.082171862799 347.173164332044 512 424 16.6666666666667
0 0 0 0 0 20 0 0 48.0518677345913 34.5432932437631 512 424 16.6666666666667
0 0 0 0 0 21 0 0 117.548732518016 136.815921789116 512 424 16.6666666666667
0 0 0 0 0 22 0 0 116.37735648422 134.63439893142 512 424 16.6666666666667
0 0 0 0 0 23 0 0 53.488474547593 79.8912452649938 512 424 16.6666666666667
0 0 0 0 0 24 0 0 52.7387161922532 74.2711999304979 512 424 16.6666666666667
0 0 0 0 0 0 0 0 48.7637270299983 49.3569897250231 512 424 33.3333333333333
0 0 0 0 0 1 0 0 48.3617912165927 40.83852683736 512 424 33.3333333333333
0 0 0 0 0 2 0 0 47.950270683469 32.4580832824007 512 424 33.3333333333333
0 0 0 0 0 3 0 0 48.0307459284039 28.1496675825405 512 424 33.3333333333333
0 0 0 0 0 4 0 0 42.9924378947176 36.3991873766144 512 424 33.3333333333333
0 0 0 0 0 5 0 0 111.383131695256 115.519914853189 512 424 33.3333333333333
0 0 0 0 0 6 0 0 115.562410807556 128.289198957878 512 424 33.3333333333333
0 0 0 0 0 7 0 0 165.951960163119 194.489779017211 512 424 33.3333333333333
0 0 0 0 0 8 0 0 53.3933487866367 35.9556375190738 512 424 33.3333333333333
0 0 0 0 0 9 0 0 55.4694601646998 49.7393940770903 512 424 33.3333333333333
0 0 0 0 0 10 0 0 53.0127129088246 68.0366279569562 512 424 33.3333333333333
0 0 0 0 0 11 0 0 165.061241806684 156.205117054232 512 424 33.3333333333333
0 0 0 0 0 12 0 0 46.4049782748732 49.4829664322179 512 424 33.3333333333333
0 0 0 0 0 13 0 0 46.3802745464773 56.5484393061994 512 424 33.3333333333333
0 0 0 0 0 14 0 0 46.668998977224 69.2015478997228 512 424 33.3333333333333
0 0 0 0 0 15 0 0 139.047521999976 272.88179522536 512 424 33.3333333333333
0 0 0 0 0 16 0 0 51.1262021664838 49.2342061242166 512 424 33.3333333333333
0 0 0 0 0 17 0 0 49.8466285187731 57.0715275160997 512 424 33.3333333333333
0 0 0 0 0 18 0 0 50.7059858163218 69.1393136672001 512 424 33.3333333333333
0 0 0 0 0 19 0 0 198.082171862799 347.173164332044 512 424 33.3333333333333
0 0 0 0 0 20 0 0 48.0528539718218 34.5423956505227 512 424 33.3333333333333
0 0 0 0 0 21 0 0 117.234816302702 135.969573755984 512 424 33.3333333333333
0 0 0 0 0 22 0 0 116.662320034037 132.646036562218 512 424 33.3333333333333
0 0 0 0 0 23 0 0 53.5249523659327 79.8063668426595 512 424 33.3333333333333
0 0 0 0 0 24 0 0 52.36411827361 73.9231137361261 512 424 33.3333333333333
0 0 0 0 0 0 0 0 48.7695813924956 49.3680212271075 512 424 33.3333333333333
0 0 0 0 0 1 0 0 48.3641524497689 40.8413484430831 512 424 33.3333333333333
0 0 0 0 0 2 0 0 47.9509405631965 32.4571367187576 512 424 33.3333333333333
0 0 0 0 0 3 0 0 48.0237749197149 28.1486023857062 512 424 33.3333333333333
0 0 0 0 0 4 0 0 42.9916195236796 36.409636742784 512 424 33.3333333333333
0 0 0 0 0 5 0 0 111.384661130252 115.552993216201 512 424 33.3333333333333
0 0 0 0 0 6 0 0 117.154670345582 130.691859542347 512 424 33.3333333333333
0 0 0 0 0 7 0 0 166.046323604161 195.418753485706 512 424 33.3333333333333
0 0 0 0 0 8 0 0 53.4065596581318 35.9995704725129 512 424 33.3333333333333
0 0 0 0 0 9 0 0 55.4790057139524 49.7584549251934 512 424 33.3333333333333
0 0 0 0 0 10 0 0 53.0049105743339 67.0016803997853 512 424 33.3333333333333
0 0 0 0 0 11 0 0 165.028508572821 156.229668498143 512 424 33.3333333333333
0 0 0 0 0 12 0 0 46.4154265011397 49.4899867444695 512 424 33.3333333333333
0 0 0 0 0 13 0 0 46.3839455722438 56.549608133837 512 424 33.3333333333333
0 0 0 0 0 14 0 0 46.6873374237952 69.2079072352093 512 424 33.3333333333333
0 0 0 0 0 15 0 0 139.022184667004 272.869708366313 512 424 33.3333333333333
0 0 0 0 0 16 0 0 51.1271642434212 49.249697564345 512 424 33.3333333333333
0 0 0 0 0 17 0 0 49.8488455379408 57.0732627362688 512 424 33.3333333333333
0 0 0 0 0 18 0 0 50.7057015257502 69.1366383420176 512 424 33.3333333333333
0 0 0 0 0 19 0 0 NaN NaN 512 424 33.3333333333333
0 0 0 0 0 20 0 0 48.0535316833633 34.542327153151 512 424 33.3333333333333
0 0 0 0 0 21 0 0 117.694031701963 136.994296422049 512 424 33.3333333333333
0 0 0 0 0 22 0 0 116.476316938532 133.051174824709 512 424 33.3333333333333
0 0 0 0 0 23 0 0 53.4227790293978 80.0511295464839 512 424 33.3333333333333
0 0 0 0 0 24 0 0 52.2281574443784 72.2679207801256 512 424 33.3333333333333
0 0 0 0 0 0 0 0 48.6949715474696 49.3560979932606 512 424 16.6666666666667
0 0 0 0 0 1 0 0 48.3318597767977 40.8413551004043 512 424 16.6666666666667
0 0 0 0 0 2 0 0 47.9458496687728 32.4615145970836 512 424 16.6666666666667
0 0 0 0 0 3 0 0 48.0249771370846 28.1470901408098 512 424 16.6666666666667
0 0 0 0 0 4 0 0 42.9905834484472 36.4111556847773 512 424 16.6666666666667
0 0 0 0 0 5 0 0 111.395128879735 115.547502160986 512 424 16.6666666666667
0 0 0 0 0 6 0 0 116.300685785569 128.198157488985 512 424 16.6666666666667
0 0 0 0 0 7 0 0 165.967167066124 194.542438474687 512 424 16.6666666666667
0 0 0 0 0 8 0 0 53.40728682119 36.001125786794 512 424 16.6666666666667
0 0 0 0 0 9 0 0 55.4858325889799 49.7215582647456 512 424 16.6666666666667
0 0 0 0 0 10 0 0 53.0249111116323 67.8928463207387 512 424 16.6666666666667
0 0 0 0 0 11 0 0 165.120685219582 156.48875908357 512 424 16.6666666666667
0 0 0 0 0 12 0 0 46.3261935063564 49.4610647746939 512 424 16.6666666666667
0 0 0 0 0 13 0 0 46.3822918900398 56.5400185962396 512 424 16.6666666666667
0 0 0 0 0 14 0 0 46.6922915263891 69.2062488233393 512 424 16.6666666666667
0 0 0 0 0 15 0 0 161.541063423025 313.110305093704 512 424 16.6666666666667
0 0 0 0 0 16 0 0 51.0644024445176 49.2523165649559 512 424 16.6666666666667
0 0 0 0 0 17 0 0 49.8473445688371 57.0739514737776 512 424 16.6666666666667
0 0 0 0 0 18 0 0 50.7070102123679 69.1367931514451 512 424 33.3333333333333
0 0 0 0 0 19 0 0 198.027348345553 346.964843155234 512 424 33.3333333333333
0 0 0 0 0 20 0 0 48.0437333632474 34.5462005201989 512 424 33.3333333333333
0 0 0 0 0 21 0 0 117.456182801133 136.076112532948 512 424 33.3333333333333
0 0 0 0 0 22 0 0 116.446763062145 132.238358052165 512 424 33.3333333333333
0 0 0 0 0 23 0 0 53.3887020626531 80.5568202207825 512 424 33.3333333333333
0 0 0 0 0 24 0 0 52.8849532996417 72.6545365556142 512 424 33.3333333333333
0 0 0 0 0 0 0 0 48.6985910345379 49.3612983936811 512 424 83.3333333333333
0 0 0 0 0 1 0 0 48.3338439445717 40.8427142160966 512 424 83.3333333333333
0 0 0 0 0 2 0 0 47.9446306501198 32.4617209310082 512 424 83.3333333333333
0 0 0 0 0 3 0 0 48.0093130869733 28.1463519705967 512 424 83.3333333333333
0 0 0 0 0 4 0 0 42.9864694879556 36.4168458371147 512 424 83.3333333333333
0 0 0 0 0 5 0 0 111.40982762361 115.564083354337 512 424 83.3333333333333
0 0 0 0 0 6 0 0 115.992982839158 129.430659838872 512 424 50
0 0 0 0 0 7 0 0 165.932687897264 194.519527472472 512 424 83.3333333333333
0 0 0 0 0 8 0 0 53.4159094794749 36.0434241784609 512 424 83.3333333333333
0 0 0 0 0 9 0 0 55.4579009870119 50.0075627089641 512 424 50
0 0 0 0 0 10 0 0 53.0054276656459 68.1871834836638 512 424 50
0 0 0 0 0 11 0 0 52.6016497090538 72.4235241630751 512 424 50
0 0 0 0 0 12 0 0 46.3355486023472 49.4650889180562 512 424 50
0 0 0 0 0 13 0 0 46.4059488341996 56.5391117004613 512 424 50
0 0 0 0 0 14 0 0 46.66403853496 69.2080495812629 512 424 50
0 0 0 0 0 15 0 0 161.633745718466 313.337762475904 512 424 83.3333333333333
0 0 0 0 0 16 0 0 51.0646228667732 49.2585474462907 512 424 83.3333333333333
0 0 0 0 0 17 0 0 49.8489246838208 57.0739875351344 512 424 83.3333333333333
0 0 0 0 0 18 0 0 50.7009904374257 69.1401897064618 512 424 50
0 0 0 0 0 19 0 0 204.561025202787 324.985369823043 512 424 83.3333333333333
0 0 0 0 0 20 0 0 48.0436589029721 34.5462508625053 512 424 83.3333333333333
0 0 0 0 0 21 0 0 117.295541814142 136.051094368643 512 424 83.3333333333333
0 0 0 0 0 22 0 0 116.386361005207 132.308116899215 512 424 83.3333333333333
0 0 0 0 0 23 0 0 53.6863090694132 80.9591386053712 512 424 83.3333333333333
0 0 0 0 0 24 0 0 51.7796513189392 72.8338213089849 512 424 83.3333333333333
0 0 0 0 0 0 0 0 48.7092110723095 49.3661980790201 512 424 83.3333333333333
0 0 0 0 0 1 0 0 48.3365027035393 40.8443679842928 512 424 83.3333333333333
0 0 0 0 0 2 0 0 47.9439490205059 32.4623409088598 512 424 83.3333333333333
0 0 0 0 0 3 0 0 47.9883344893628 28.1478706372926 512 424 83.3333333333333
0 0 0 0 0 4 0 0 42.9843509935441 36.4094741665736 512 424 83.3333333333333
0 0 0 0 0 5 0 0 40.556714760105 52.7254411883522 512 424 83.3333333333333
0 0 0 0 0 6 0 0 115.9753322475 129.447653916188 512 424 83.3333333333333
0 0 0 0 0 7 0 0 165.910630818261 194.455565102169 512 424 83.3333333333333
0 0 0 0 0 8 0 0 53.4176556661927 36.0510950267945 512 424 83.3333333333333
0 0 0 0 0 9 0 0 55.4577643896192 50.1071398255369 512 424 83.3333333333333
0 0 0 0 0 10 0 0 52.9822673774103 67.3042984894015 512 424 83.3333333333333
0 0 0 0 0 11 0 0 52.5492270616351 71.6670578990875 512 424 83.3333333333333
0 0 0 0 0 12 0 0 46.3552223580162 49.4716912941722 512 424 83.3333333333333
0 0 0 0 0 13 0 0 46.4171069458268 56.554574951679 512 424 83.3333333333333
0 0 0 0 0 14 0 0 46.6645617232043 69.2127796507964 512 424 83.3333333333333
0 0 0 0 0 15 0 0 161.208150997511 312.859334024482 512 424 83.3333333333333
0 0 0 0 0 16 0 0 51.0705771455461 49.2629985969195 512 424 83.3333333333333
0 0 0 0 0 17 0 0 49.849205233004 57.0765125548886 512 424 83.3333333333333
0 0 0 0 0 18 0 0 50.7034768192059 69.1449029296662 512 424 83.3333333333333
0 0 0 0 0 19 0 0 198.07072129497 347.106453514942 512 424 83.3333333333333
0 0 0 0 0 20 0 0 48.0442915533933 34.5466579784447 512 424 83.3333333333333
0 0 0 0 0 21 0 0 117.336924018431 135.98951717842 512 424 83.3333333333333
0 0 0 0 0 22 0 0 116.394368753487 132.813060147937 512 424 83.3333333333333
0 0 0 0 0 23 0 0 53.6308206783815 80.3757256237426 512 424 83.3333333333333
0 0 0 0 0 24 0 0 51.613167166019 71.9115119021718 512 424 50
0 0 0 0 0 0 0 0 48.709335223878 49.3661323691846 512 424 66.6666666666667
0 0 0 0 0 1 0 0 48.3365380295011 40.8441968565975 512 424 66.6666666666667
0 0 0 0 0 2 0 0 47.9438760033949 32.4625285305206 512 424 66.6666666666667
0 0 0 0 0 3 0 0 47.9881879480572 28.1483786238128 512 424 66.6666666666667
0 0 0 0 0 4 0 0 42.9847598331239 36.4085799948698 512 424 66.6666666666667
0 0 0 0 0 5 0 0 111.382813019228 115.604454720908 512 424 66.6666666666667
0 0 0 0 0 6 0 0 115.182803931776 130.187193277525 512 424 66.6666666666667
0 0 0 0 0 7 0 0 165.765931357217 194.477672078779 512 424 66.6666666666667
0 0 0 0 0 8 0 0 53.4172355501288 36.0574171823034 512 424 66.6666666666667
0 0 0 0 0 9 0 0 55.4593639843872 50.1040631487348 512 424 66.6666666666667
0 0 0 0 0 10 0 0 52.9819518335429 67.3043448457951 512 424 66.6666666666667
0 0 0 0 0 11 0 0 52.5519278078309 71.6381745441898 512 424 66.6666666666667
0 0 0 0 0 12 0 0 46.355359723773 49.4715328479412 512 424 66.6666666666667
0 0 0 0 0 13 0 0 46.4177698718128 56.5551502261583 512 424 66.6666666666667
0 0 0 0 0 14 0 0 46.6652110170782 69.2128081702006 512 424 66.6666666666667
0 0 0 0 0 15 0 0 138.7581204027 272.69525357864 512 424 66.6666666666667
0 0 0 0 0 16 0 0 51.0707545448342 49.2629696783973 512 424 66.6666666666667
0 0 0 0 0 17 0 0 49.8490772508542 57.0764335112421 512 424 66.6666666666667
0 0 0 0 0 18 0 0 50.7051577080118 69.1450963117387 512 424 66.6666666666667
0 0 0 0 0 19 0 0 198.037720731191 347.128344707788 512 424 66.6666666666667
0 0 0 0 0 20 0 0 48.0442751015911 34.546645634646 512 424 66.6666666666667
0 0 0 0 0 21 0 0 117.135886280107 136.021345530994 512 424 66.6666666666667
0 0 0 0 0 22 0 0 116.353522584134 132.882811977863 512 424 66.6666666666667
0 0 0 0 0 23 0 0 53.6629215549882 80.4326925551611 512 424 66.6666666666667
0 0 0 0 0 24 0 0 51.6314457489182 72.4545249597658 512 424 83.3333333333333
0 0 0 0 0 0 0 0 48.722803881054 49.3663242095101 512 424 16.6666666666667
0 0 0 0 0 1 0 0 48.3403562883279 40.8455833135697 512 424 16.6666666666667
0 0 0 0 0 2 0 0 47.9420021469099 32.4642832442932 512 424 16.6666666666667
0 0 0 0 0 3 0 0 47.9820122457182 28.152336541617 512 424 16.6666666666667
0 0 0 0 0 4 0 0 42.9938740964976 36.4260644741141 512 424 16.6666666666667
0 0 0 0 0 5 0 0 111.365007110105 115.622639829221 512 424 16.6666666666667
0 0 0 0 0 6 0 0 114.884702394484 128.968779813572 512 424 16.6666666666667
0 0 0 0 0 7 0 0 165.683696992507 194.574344585261 512 424 16.6666666666667
0 0 0 0 0 8 0 0 53.4194402114985 36.0654749758428 512 424 16.6666666666667
0 0 0 0 0 9 0 0 55.4457957869654 50.2439458839481 512 424 16.6666666666667
0 0 0 0 0 10 0 0 53.0023921389886 66.7759382271951 512 424 16.6666666666667
0 0 0 0 0 11 0 0 164.774841915909 155.274404391523 512 424 16.6666666666667
0 0 0 0 0 12 0 0 46.3690981345473 49.4747641357702 512 424 16.6666666666667
0 0 0 0 0 13 0 0 46.4411846737521 56.5379164310938 512 424 16.6666666666667
0 0 0 0 0 14 0 0 46.6391105426751 69.1979394658363 512 424 16.6666666666667
0 0 0 0 0 15 0 0 139.212193598911 273.053744387818 512 424 16.6666666666667
0 0 0 0 0 16 0 0 51.0847649145255 49.2581995339587 512 424 16.6666666666667
0 0 0 0 0 17 0 0 49.8752968209774 57.0686826304087 512 424 16.6666666666667
0 0 0 0 0 18 0 0 50.7199135603918 69.153305711197 512 424 16.6666666666667
0 0 0 0 0 19 0 0 204.337030283574 324.924892228771 512 424 16.6666666666667
0 0 0 0 0 20 0 0 48.0439473971885 34.5479991612395 512 424 16.6666666666667
0 0 0 0 0 21 0 0 117.345833126824 136.019649722626 512 424 16.6666666666667
0 0 0 0 0 22 0 0 116.257428042615 132.4332896379 512 424 16.6666666666667
0 0 0 0 0 23 0 0 53.4704728023899 79.2779497348435 512 424 16.6666666666667
0 0 0 0 0 24 0 0 51.4065083692353 70.5601189558861 512 424 16.6666666666667
0 0 0 0 0 0 0 0 48.7228135983315 49.3662701852482 512 424 16.6666666666667
0 0 0 0 0 1 0 0 48.3406600667992 40.8454855035597 512 424 16.6666666666667
0 0 0 0 0 2 0 0 47.942602818383 32.4642868300874 512 424 16.6666666666667
0 0 0 0 0 3 0 0 47.9822022235728 28.1524387930673 512 424 16.6666666666667
0 0 0 0 0 4 0 0 42.9943814854937 36.4264699168687 512 424 16.6666666666667
0 0 0 0 0 5 0 0 40.5099661719569 52.7000461190789 512 424 16.6666666666667
0 0 0 0 0 6 0 0 114.824590486716 128.348497378386 512 424 16.6666666666667
0 0 0 0 0 7 0 0 165.693236645828 194.512890626858 512 424 16.6666666666667
0 0 0 0 0 8 0 0 53.4198866565762 36.0632926953475 512 424 16.6666666666667
0 0 0 0 0 9 0 0 55.451990686282 50.2351862569928 512 424 16.6666666666667
0 0 0 0 0 10 0 0 53.0036103426117 67.1634901841669 512 424 16.6666666666667
0 0 0 0 0 11 0 0 164.943637260573 156.069841615152 512 424 16.6666666666667
0 0 0 0 0 12 0 0 46.3692927907507 49.4747890293286 512 424 16.6666666666667
0 0 0 0 0 13 0 0 46.4418198229383 56.5374160524803 512 424 16.6666666666667
0 0 0 0 0 14 0 0 46.6411448362274 69.1979811523486 512 424 16.6666666666667
0 0 0 0 0 15 0 0 139.199142135708 273.056305919529 512 424 16.6666666666667
0 0 0 0 0 16 0 0 51.0846701829989 49.2580310170002 512 424 16.6666666666667
0 0 0 0 0 17 0 0 49.8756704264677 57.0619031731598 512 424 16.6666666666667
0 0 0 0 0 18 0 0 50.7201935477743 69.1530852879775 512 424 33.3333333333333
0 0 0 0 0 19 0 0 204.337030283574 324.924892228771 512 424 33.3333333333333
0 0 0 0 0 20 0 0 48.0444901353611 34.5479390685267 512 424 33.3333333333333
0 0 0 0 0 21 0 0 117.360329482419 136.138328940313 512 424 33.3333333333333
0 0 0 0 0 22 0 0 116.357753134788 132.260087874844 512 424 33.3333333333333
0 0 0 0 0 23 0 0 53.5287159336791 79.7020245341181 512 424 33.3333333333333
0 0 0 0 0 24 0 0 51.3834690178367 71.2582930806198 512 424 16.6666666666667
0 0 0 0 0 0 0 0 48.7226226067379 49.3661703538475 512 424 66.6666666666667
0 0 0 0 0 1 0 0 48.3408577540508 40.8454517430716 512 424 83.3333333333333
0 0 0 0 0 2 0 0 47.9432634945536 32.4644574450148 512 424 83.3333333333333
0 0 0 0 0 3 0 0 47.9817302377696 28.1524519624886 512 424 83.3333333333333
0 0 0 0 0 4 0 0 42.9951407590699 36.4231624979982 512 424 83.3333333333333
0 0 0 0 0 5 0 0 40.50971174876 52.6997503930124 512 424 83.3333333333333
0 0 0 0 0 6 0 0 114.718487032759 128.567134349081 512 424 83.3333333333333
0 0 0 0 0 7 0 0 165.679452660117 194.548288300733 512 424 83.3333333333333
0 0 0 0 0 8 0 0 53.4200685352919 36.063159606907 512 424 83.3333333333333
0 0 0 0 0 9 0 0 55.4177155523253 49.9642473067698 512 424 83.3333333333333
0 0 0 0 0 10 0 0 53.002095061923 67.1062866818526 512 424 83.3333333333333
0 0 0 0 0 11 0 0 164.941286273389 156.041685123644 512 424 83.3333333333333
0 0 0 0 0 12 0 0 46.3690199436021 49.4742367492869 512 424 83.3333333333333
0 0 0 0 0 13 0 0 46.442872548208 56.5387432302838 512 424 83.3333333333333
0 0 0 0 0 14 0 0 46.6418937041486 69.1964555749662 512 424 83.3333333333333
0 0 0 0 0 15 0 0 139.170533895694 272.950471303443 512 424 83.3333333333333
0 0 0 0 0 16 0 0 51.0842746244609 49.2581008064717 512 424 83.3333333333333
0 0 0 0 0 17 0 0 49.8761163899414 57.0631447731111 512 424 83.3333333333333
0 0 0 0 0 18 0 0 50.7200999270179 69.1533665086164 512 424 83.3333333333333
0 0 0 0 0 19 0 0 204.758734344368 324.935372794558 512 424 83.3333333333333
0 0 0 0 0 20 0 0 48.0449797622144 34.5480085009976 512 424 83.3333333333333
0 0 0 0 0 21 0 0 117.238943716252 136.166728625968 512 424 83.3333333333333
0 0 0 0 0 22 0 0 116.373991128081 132.333687384146 512 424 83.3333333333333
0 0 0 0 0 23 0 0 53.3591373802922 79.2473323598899 512 424 83.3333333333333
0 0 0 0 0 24 0 0 51.4336315720978 71.3739233857252 512 424 66.6666666666667
0 0 0 0 0 0 0 0 48.7294176652363 49.3689878945728 512 424 83.3333333333333
0 0 0 0 0 1 0 0 48.3455953836623 40.846837622144 512 424 83.3333333333333
0 0 0 0 0 2 0 0 47.9504002478279 32.466178932781 512 424 83.3333333333333
0 0 0 0 0 3 0 0 47.9845275453611 28.1654525658819 512 424 83.3333333333333
0 0 0 0 0 4 0 0 42.995445296791 36.4253508771255 512 424 83.3333333333333
0 0 0 0 0 5 0 0 40.5016618127208 52.7162602767986 512 424 83.3333333333333
0 0 0 0 0 6 0 0 114.934939456821 128.739704872224 512 424 83.3333333333333
0 0 0 0 0 7 0 0 165.717866871129 194.469675838858 512 424 83.3333333333333
0 0 0 0 0 8 0 0 53.4227108164699 36.0780240653531 512 424 83.3333333333333
0 0 0 0 0 9 0 0 55.4139302218901 50.0171060014106 512 424 83.3333333333333
0 0 0 0 0 10 0 0 53.0308773246546 67.1684636123077 512 424 83.3333333333333
0 0 0 0 0 11 0 0 164.978960278883 156.080547906866 512 424 83.3333333333333
0 0 0 0 0 12 0 0 46.3773153572848 49.4783915645243 512 424 83.3333333333333
0 0 0 0 0 13 0 0 46.4605481620841 56.544151203359 512 424 83.3333333333333
0 0 0 0 0 14 0 0 46.6478334523394 69.1496555436398 512 424 83.3333333333333
0 0 0 0 0 15 0 0 161.666137174022 313.341830826244 512 424 83.3333333333333
0 0 0 0 0 16 0 0 51.0905626017588 49.26028842311 512 424 83.3333333333333
0 0 0 0 0 17 0 0 49.8949133556336 57.0495285381808 512 424 83.3333333333333
0 0 0 0 0 18 0 0 50.7228067359814 69.1554420792142 512 424 83.3333333333333
0 0 0 0 0 19 0 0 204.734859692545 324.929250267072 512 424 83.3333333333333
0 0 0 0 0 20 0 0 48.0510509930147 34.5494900405219 512 424 83.3333333333333
0 0 0 0 0 21 0 0 117.391815141617 136.170208660291 512 424 83.3333333333333
0 0 0 0 0 22 0 0 117.005414365063 132.62794532112 512 424 83.3333333333333
0 0 0 0 0 23 0 0 53.4184606478201 79.0235714405502 512 424 83.3333333333333
0 0 0 0 0 24 0 0 51.5491208230071 72.1946051836562 512 424 83.3333333333333
0 0 0 0 0 0 0 0 48.7294176652363 49.3689878945728 512 424 16.6666666666667
0 0 0 0 0 1 0 0 48.3455953836623 40.846837622144 512 424 16.6666666666667
0 0 0 0 0 2 0 0 47.9504002478279 32.466178932781 512 424 16.6666666666667
0 0 0 0 0 3 0 0 47.9845275453611 28.1654525658819 512 424 16.6666666666667
0 0 0 0 0 4 0 0 42.995445296791 36.4253508771255 512 424 16.6666666666667
0 0 0 0 0 5 0 0 40.5016618127208 52.7162602767986 512 424 16.6666666666667
0 0 0 0 0 6 0 0 114.934939456821 128.739704872224 512 424 16.6666666666667
0 0 0 0 0 7 0 0 165.717866871129 194.469675838858 512 424 16.6666666666667
0 0 0 0 0 8 0 0 53.4227108164699 36.0780240653531 512 424 16.6666666666667
0 0 0 0 0 9 0 0 55.4139302218901 50.0171060014106 512 424 16.6666666666667
0 0 0 0 0 10 0 0 53.0308773246546 67.1684636123077 512 424 16.6666666666667
0 0 0 0 0 11 0 0 164.978960278883 156.080547906866 512 424 16.6666666666667
0 0 0 0 0 12 0 0 46.3773153572848 49.4783915645243 512 424 16.6666666666667
0 0 0 0 0 13 0 0 46.4605481620841 56.544151203359 512 424 16.6666666666667
0 0 0 0 0 14 0 0 46.6478334523394 69.1496555436398 512 424 16.6666666666667
0 0 0 0 0 15 0 0 161.666137174022 313.341830826244 512 424 16.6666666666667
0 0 0 0 0 16 0 0 51.0905626017588 49.26028842311 512 424 16.6666666666667
0 0 0 0 0 17 0 0 49.8949133556336 57.0495285381808 512 424 16.6666666666667
0 0 0 0 0 18 0 0 50.7228067359814 69.1554420792142 512 424 16.6666666666667
0 0 0 0 0 19 0 0 204.734859692545 324.929250267072 512 424 16.6666666666667
0 0 0 0 0 20 0 0 48.0510509930147 34.5494900405219 512 424 16.6666666666667
0 0 0 0 0 21 0 0 117.391815141617 136.170208660291 512 424 16.6666666666667
0 0 0 0 0 22 0 0 117.005414365063 132.62794532112 512 424 16.6666666666667
0 0 0 0 0 23 0 0 53.4184606478201 79.0235714405502 512 424 16.6666666666667
0 0 0 0 0 24 0 0 51.5491208230071 72.1946051836562 512 424 16.6666666666667
0 0 0 0 0 0 0 0 48.6891932637486 49.3631861666148 512 424 16.6666666666667
0 0 0 0 0 1 0 0 48.3357535925673 40.8465966434479 512 424 16.6666666666667
0 0 0 0 0 2 0 0 47.9520874956863 32.4677457996244 512 424 16.6666666666667
0 0 0 0 0 3 0 0 47.9862474892404 28.1712202996168 512 424 16.6666666666667
0 0 0 0 0 4 0 0 42.9955226942389 36.4265066228269 512 424 16.6666666666667
0 0 0 0 0 5 0 0 40.50036238258 52.6669642950668 512 424 16.6666666666667
0 0 0 0 0 6 0 0 114.9066542134 131.286083899887 512 424 16.6666666666667
0 0 0 0 0 7 0 0 165.714825434234 195.602415396592 512 424 16.6666666666667
0 0 0 0 0 8 0 0 53.4216552987209 36.0777684073814 512 424 16.6666666666667
0 0 0 0 0 9 0 0 55.4156899218742 50.0096965511538 512 424 16.6666666666667
0 0 0 0 0 10 0 0 53.0544615429729 67.2283866604797 512 424 16.6666666666667
0 0 0 0 0 11 0 0 165.080841765207 156.236787498801 512 424 16.6666666666667
0 0 0 0 0 12 0 0 46.3352239595742 49.4698794578521 512 424 16.6666666666667
0 0 0 0 0 13 0 0 46.4755622098957 56.5615722896141 512 424 16.6666666666667
0 0 0 0 0 14 0 0 46.6469714971713 69.149735531611 512 424 16.6666666666667
0 0 0 0 0 15 0 0 161.669057247696 313.334864957548 512 424 16.6666666666667
0 0 0 0 0 16 0 0 51.0522575807325 49.25737962413 512 424 16.6666666666667
0 0 0 0 0 17 0 0 49.9073665270167 57.0509816538315 512 424 16.6666666666667
0 0 0 0 0 18 0 0 50.7271446466117 69.1406456175475 512 424 16.6666666666667
0 0 0 0 0 19 0 0 204.734859692545 324.929250267072 512 424 16.6666666666667
0 0 0 0 0 20 0 0 48.0513006555684 34.5501905618544 512 424 16.6666666666667
0 0 0 0 0 21 0 0 117.442419530702 137.115762501983 512 424 16.6666666666667
0 0 0 0 0 22 0 0 116.503818149223 132.664961339276 512 424 16.6666666666667
0 0 0 0 0 23 0 0 53.4440199541349 79.006900451861 512 424 16.6666666666667
0 0 0 0 0 24 0 0 50.9886237186378 72.0955935573361 512 424 16.6666666666667
0 0 0 0 0 0 0 0 48.6883799893501 49.3599627611618 512 424 16.6666666666667
0 0 0 0 0 1 0 0 48.3361428722363 40.8462515388387 512 424 16.6666666666667
0 0 0 0 0 2 0 0 47.9517471595946 32.4696018145515 512 424 16.6666666666667
0 0 0 0 0 3 0 0 47.9989930413573 28.1717533190318 512 424 16.6666666666667
0 0 0 0 0 4 0 0 42.9975216391361 36.4284400988819 512 424 16.6666666666667
0 0 0 0 0 5 0 0 40.4983590577837 52.6857067104004 512 424 16.6666666666667
0 0 0 0 0 6 0 0 115.330279035714 129.973120929089 512 424 16.6666666666667
0 0 0 0 0 7 0 0 166.047801193354 194.563125936287 512 424 16.6666666666667
0 0 0 0 0 8 0 0 53.4044644711622 35.9877171830228 512 424 16.6666666666667
0 0 0 0 0 9 0 0 55.320787110913 49.7726185571152 512 424 16.6666666666667
0 0 0 0 0 10 0 0 53.0541338665454 67.2799285826797 512 424 16.6666666666667
0 0 0 0 0 11 0 0 165.323555081722 156.767844044746 512 424 16.6666666666667
0 0 0 0 0 12 0 0 46.3321375782053 49.4666582523493 512 424 16.6666666666667
0 0 0 0 0 13 0 0 46.4853221314851 56.5630032358901 512 424 16.6666666666667
0 0 0 0 0 14 0 0 46.6825402851264 69.1526955863257 512 424 16.6666666666667
0 0 0 0 0 15 0 0 139.177894807101 272.891930800821 512 424 16.6666666666667
0 0 0 0 0 16 0 0 51.0529713889162 49.2536700312179 512 424 16.6666666666667
0 0 0 0 0 17 0 0 49.9088502908715 57.0510349173592 512 424 16.6666666666667
0 0 0 0 0 18 0 0 50.7256918715209 69.1401691350465 512 424 16.6666666666667
0 0 0 0 0 19 0 0 251.380798339844 361.933990478516 512 424 16.6666666666667
0 0 0 0 0 20 0 0 48.051247782867 34.5510824681115 512 424 16.6666666666667
0 0 0 0 0 21 0 0 117.252377290514 135.977291129676 512 424 16.6666666666667
0 0 0 0 0 22 0 0 116.732226606044 132.532975802831 512 424 16.6666666666667
0 0 0 0 0 23 0 0 53.5105554618644 78.9018411999037 512 424 16.6666666666667
0 0 0 0 0 24 0 0 50.9969119358832 72.3623790792365 512 424 16.6666666666667
0 0 0 0 0 0 0 0 48.6886451641668 49.3596600839404 512 424 83.3333333333333
0 0 0 0 0 1 0 0 48.336263480876 40.8460828713052 512 424 83.3333333333333
0 0 0 0 0 2 0 0 47.9517519767184 32.4697254024649 512 424 83.3333333333333
0 0 0 0 0 3 0 0 47.9991373795374 28.1718384264809 512 424 83.3333333333333
0 0 0 0 0 4 0 0 42.9961445605259 36.4261723336947 512 424 66.6666666666667
0 0 0 0 0 5 0 0 111.352790421211 115.581061583451 512 424 66.6666666666667
0 0 0 0 0 6 0 0 115.335569791301 129.664647147608 512 424 66.6666666666667
0 0 0 0 0 7 0 0 166.116329521653 194.589494013873 512 424 83.3333333333333
0 0 0 0 0 8 0 0 53.4039514891007 35.9911322298574 512 424 83.3333333333333
0 0 0 0 0 9 0 0 55.3238622656897 49.7761226818439 512 424 83.3333333333333
0 0 0 0 0 10 0 0 53.0538097470849 67.2676885755091 512 424 83.3333333333333
0 0 0 0 0 11 0 0 165.274173484078 156.594431749065 512 424 66.6666666666667
0 0 0 0 0 12 0 0 46.3326716115056 49.4661276021617 512 424 66.6666666666667
0 0 0 0 0 13 0 0 46.4865378898421 56.5625902368625 512 424 66.6666666666667
0 0 0 0 0 14 0 0 46.6804589181959 69.1504686329182 512 424 83.3333333333333
0 0 0 0 0 15 0 0 139.177894807101 272.891930800821 512 424 83.3333333333333
0 0 0 0 0 16 0 0 51.0532041121981 49.2537590354969 512 424 83.3333333333333
0 0 0 0 0 17 0 0 49.9088026913631 57.0501160271321 512 424 83.3333333333333
0 0 0 0 0 18 0 0 50.7253631870735 69.1392562175982 512 424 83.3333333333333
0 0 0 0 0 19 0 0 251.380798339844 361.933990478516 512 424 83.3333333333333
0 0 0 0 0 20 0 0 48.0512972891725 34.5510962135214 512 424 83.3333333333333
0 0 0 0 0 21 0 0 116.926595182806 136.012171646971 512 424 83.3333333333333
0 0 0 0 0 22 0 0 116.756278081648 132.563555381484 512 424 83.3333333333333
0 0 0 0 0 23 0 0 53.4954936128211 78.8691271335727 512 424 66.6666666666667
0 0 0 0 0 24 0 0 50.9890963815594 72.3512060294347 512 424 83.3333333333333
0 0 0 0 0 0 0 0 48.7077622128648 49.3659961603367 512 424 16.6666666666667
0 0 0 0 0 1 0 0 48.3426294330362 40.847735785479 512 424 16.6666666666667
0 0 0 0 0 2 0 0 47.9563632150962 32.4697387712683 512 424 16.6666666666667
0 0 0 0 0 3 0 0 47.9999256335935 28.1730035206754 512 424 16.6666666666667
0 0 0 0 0 4 0 0 42.9933957951078 36.4434512343211 512 424 16.6666666666667
0 0 0 0 0 5 0 0 111.352992918253 115.582783812835 512 424 16.6666666666667
0 0 0 0 0 6 0 0 115.314876872969 129.74047281854 512 424 16.6666666666667
0 0 0 0 0 7 0 0 166.075520945461 194.47655850875 512 424 16.6666666666667
0 0 0 0 0 8 0 0 53.3994550821587 35.9924226353118 512 424 16.6666666666667
0 0 0 0 0 9 0 0 55.3194601084173 49.7750001748925 512 424 16.6666666666667
0 0 0 0 0 10 0 0 53.0356722443548 67.1617557642638 512 424 16.6666666666667
0 0 0 0 0 11 0 0 165.286409612974 156.534639577021 512 424 16.6666666666667
0 0 0 0 0 12 0 0 46.3555947259764 49.4769736629802 512 424 16.6666666666667
0 0 0 0 0 13 0 0 46.4842945922966 56.5779097806676 512 424 16.6666666666667
0 0 0 0 0 14 0 0 46.6821640973242 69.1504213586517 512 424 16.6666666666667
0 0 0 0 0 15 0 0 139.172164479266 272.872045900947 512 424 16.6666666666667
0 0 0 0 0 16 0 0 51.0698109700928 49.2567402434952 512 424 16.6666666666667
0 0 0 0 0 17 0 0 49.9083240327749 57.0554590059365 512 424 16.6666666666667
0 0 0 0 0 18 0 0 50.7271319902312 69.139139855187 512 424 16.6666666666667
0 0 0 0 0 19 0 0 251.380798339844 361.933990478516 512 424 16.6666666666667
0 0 0 0 0 20 0 0 48.0557776905853 34.5515629020578 512 424 16.6666666666667
0 0 0 0 0 21 0 0 116.81514280369 135.96376946537 512 424 16.6666666666667
0 0 0 0 0 22 0 0 116.548939552259 132.510920963075 512 424 16.6666666666667
0 0 0 0 0 23 0 0 53.4590515819614 78.7956783992772 512 424 16.6666666666667
0 0 0 0 0 24 0 0 50.955077934021 72.5454578267037 512 424 16.6666666666667
0 0 0 0 0 0 0 0 48.7095133144743 49.3600689971917 512 424 50
0 0 0 0 0 1 0 0 48.3470060085709 40.8472480399931 512 424 50
0 0 0 0 0 2 0 0 47.967018323254 32.4690208938053 512 424 50
0 0 0 0 0 3 0 0 47.9961158191788 28.173021957635 512 424 50
0 0 0 0 0 4 0 0 42.9903445170459 36.4399513594894 512 424 50
0 0 0 0 0 5 0 0 111.347076451195 115.594022655215 512 424 50
0 0 0 0 0 6 0 0 115.365815820383 129.652693910108 512 424 50
0 0 0 0 0 7 0 0 166.146587337237 194.71331681367 512 424 50
0 0 0 0 0 8 0 0 53.3532498400519 35.9748486610527 512 424 33.3333333333333
0 0 0 0 0 9 0 0 54.7768984883721 46.8233724379517 512 424 33.3333333333333
0 0 0 0 0 10 0 0 53.2182620342904 65.8248078771179 512 424 33.3333333333333
0 0 0 0 0 11 0 0 52.6006989488726 72.4642355654011 512 424 33.3333333333333
0 0 0 0 0 12 0 0 46.3522259027552 49.467335780614 512 424 33.3333333333333
0 0 0 0 0 13 0 0 46.4845938877236 56.578001510396 512 424 33.3333333333333
0 0 0 0 0 14 0 0 46.7129461733827 69.1671106442489 512 424 33.3333333333333
0 0 0 0 0 15 0 0 139.286957765484 272.857317627313 512 424 33.3333333333333
0 0 0 0 0 16 0 0 51.0741959758971 49.2530733391677 512 424 33.3333333333333
0 0 0 0 0 17 0 0 49.922483972858 57.0510096467695 512 424 33.3333333333333
0 0 0 0 0 18 0 0 50.7266297731497 69.1376732773932 512 424 33.3333333333333
0 0 0 0 0 19 0 0 205.346950078169 324.911474550257 512 424 33.3333333333333
0 0 0 0 0 20 0 0 48.0642900116301 34.5513877632299 512 424 33.3333333333333
0 0 0 0 0 21 0 0 117.597736233202 136.108916865668 512 424 33.3333333333333
0 0 0 0 0 22 0 0 116.465904449215 132.496744542614 512 424 33.3333333333333
0 0 0 0 0 23 0 0 52.8016470971664 81.1992273431653 512 424 33.3333333333333
0 0 0 0 0 24 0 0 51.0314820593061 74.6595828838823 512 424 33.3333333333333
0 0 0 0 0 0 0 0 48.6746726010534 49.3260904657837 512 424 50
0 0 0 0 0 1 0 0 48.3363888487637 40.8448463184025 512 424 50
0 0 0 0 0 2 0 0 47.9593364010306 32.4708976748709 512 424 50
0 0 0 0 0 3 0 0 47.9136247913386 28.1733500390398 512 424 50
0 0 0 0 0 4 0 0 42.9804232892952 36.4288480660724 512 424 50
0 0 0 0 0 5 0 0 40.6572173950645 52.6540579403302 512 424 50
0 0 0 0 0 6 0 0 115.425801287737 129.885305058033 512 424 50
0 0 0 0 0 7 0 0 166.315057796947 194.775075856134 512 424 50
0 0 0 0 0 8 0 0 53.2901279036379 35.9484561413968 512 424 50
0 0 0 0 0 9 0 0 54.5064853493019 44.8625883745227 512 424 50
0 0 0 0 0 10 0 0 53.1848755778534 63.1516345468409 512 424 50
0 0 0 0 0 11 0 0 52.1327858539341 70.6567575424294 512 424 50
0 0 0 0 0 12 0 0 46.2927256501768 49.429273108105 512 424 50
0 0 0 0 0 13 0 0 46.4862156000827 56.578269361156 512 424 50
0 0 0 0 0 14 0 0 46.7184825873148 69.1586776227302 512 424 50
0 0 0 0 0 15 0 0 139.249416939354 272.846762023878 512 424 50
0 0 0 0 0 16 0 0 51.0581630853618 49.2235198990044 512 424 50
0 0 0 0 0 17 0 0 49.9198897964919 57.0471269032165 512 424 50
0 0 0 0 0 18 0 0 50.7243733140908 69.138336188801 512 424 50
0 0 0 0 0 19 0 0 173.099027874385 302.313904775152 512 424 50
0 0 0 0 0 20 0 0 48.0583292313883 34.5528263171276 512 424 50
0 0 0 0 0 21 0 0 117.421698820401 136.263641672061 512 424 50
0 0 0 0 0 22 0 0 116.574195877987 132.485119232638 512 424 50
0 0 0 0 0 23 0 0 52.1325561601491 79.0749962342492 512 424 50
0 0 0 0 0 24 0 0 51.057290590179 67.504503080099 512 424 50
0 0 0 0 0 0 0 0 48.6674811433603 49.3155397420546 512 424 33.3333333333333
0 0 0 0 0 1 0 0 48.3335422648328 40.8431597521074 512 424 33.3333333333333
0 0 0 0 0 2 0 0 47.9585314778742 32.4705987274654 512 424 33.3333333333333
0 0 0 0 0 3 0 0 47.8756363653413 28.173631787729 512 424 0
0 0 0 0 0 4 0 0 42.9698944460181 36.4137876855052 512 424 33.3333333333333
0 0 0 0 0 5 0 0 111.218591333737 115.70898554354 512 424 50
0 0 0 0 0 6 0 0 115.378323451282 130.600843136347 512 424 33.3333333333333
0 0 0 0 0 7 0 0 166.239909472139 195.336275454195 512 424 33.3333333333333
0 0 0 0 0 8 0 0 53.2686457936722 35.9477507018131 512 424 50
0 0 0 0 0 9 0 0 54.4918406935399 43.9734619507935 512 424 50
0 0 0 0 0 10 0 0 53.1730980430663 60.5151518600213 512 424 50
0 0 0 0 0 11 0 0 52.1527826914232 68.3441881526637 512 424 50
0 0 0 0 0 12 0 0 46.2774648439916 49.4159877673786 512 424 50
0 0 0 0 0 13 0 0 46.4866098886119 56.5782036463341 512 424 50
0 0 0 0 0 14 0 0 46.7189323757387 69.1580620335001 512 424 100
0 0 0 0 0 15 0 0 139.21102504757 272.837375193452 512 424 100
0 0 0 0 0 16 0 0 51.0571698555941 49.2157881747374 512 424 100
0 0 0 0 0 17 0 0 49.9231086506093 57.0431889115778 512 424 50
0 0 0 0 0 18 0 0 50.726105530214 69.1403282521672 512 424 50
0 0 0 0 0 19 0 0 197.921891208943 347.123786317258 512 424 33.3333333333333
0 0 0 0 0 20 0 0 48.0576394920706 34.5527305645045 512 424 33.3333333333333
0 0 0 0 0 21 0 0 117.137740058023 136.75583733955 512 424 33.3333333333333
0 0 0 0 0 22 0 0 116.464752670979 132.797512071796 512 424 33.3333333333333
0 0 0 0 0 23 0 0 52.1693555741499 76.1767624295568 512 424 33.3333333333333
0 0 0 0 0 24 0 0 50.9314784220213 70.0083753330791 512 424 33.3333333333333
0 0 0 0 0 0 0 0 48.6945231457514 49.3082959271141 512 424 33.3333333333333
0 0 0 0 0 1 0 0 48.3432661652513 40.8426595356079 512 424 33.3333333333333
0 0 0 0 0 2 0 0 47.9713290285272 32.47575536666 512 424 33.3333333333333
0 0 0 0 0 3 0 0 47.8863703535056 28.1882415908756 512 424 33.3333333333333
0 0 0 0 0 4 0 0 42.975090219999 36.4033981814982 512 424 33.3333333333333
0 0 0 0 0 5 0 0 111.208442557739 115.724600171776 512 424 33.3333333333333
0 0 0 0 0 6 0 0 115.380170949277 130.611003667127 512 424 33.3333333333333
0 0 0 0 0 7 0 0 166.178100697376 195.288473071963 512 424 33.3333333333333
0 0 0 0 0 8 0 0 53.2699392690905 35.9455460076442 512 424 33.3333333333333
0 0 0 0 0 9 0 0 54.4895611976582 44.0029918895363 512 424 33.3333333333333
0 0 0 0 0 10 0 0 53.3432848999996 60.615381289731 512 424 33.3333333333333
0 0 0 0 0 11 0 0 52.2981749068366 68.3746423472414 512 424 33.3333333333333
0 0 0 0 0 12 0 0 46.307894222991 49.4164477367533 512 424 33.3333333333333
0 0 0 0 0 13 0 0 46.4814601177605 56.588032157314 512 424 33.3333333333333
0 0 0 0 0 14 0 0 46.7144113863003 69.1483802581181 512 424 33.3333333333333
0 0 0 0 0 15 0 0 139.21102504757 272.837375193452 512 424 33.3333333333333
0 0 0 0 0 16 0 0 51.08303264331 49.1996902295191 512 424 33.3333333333333
0 0 0 0 0 17 0 0 49.9358401656817 57.0578678467192 512 424 33.3333333333333
0 0 0 0 0 18 0 0 50.7388146424627 69.1310188327265 512 424 33.3333333333333
0 0 0 0 0 19 0 0 197.921891208943 347.123786317258 512 424 33.3333333333333
0 0 0 0 0 20 0 0 48.067639035655 34.5561107583776 512 424 33.3333333333333
0 0 0 0 0 21 0 0 117.087932249842 136.688865200262 512 424 33.3333333333333
0 0 0 0 0 22 0 0 116.519635503723 133.04634713537 512 424 33.3333333333333
0 0 0 0 0 23 0 0 52.2549425690801 76.3434610418896 512 424 33.3333333333333
0 0 0 0 0 24 0 0 51.3891611222033 70.3980505689516 512 424 33.3333333333333
0 0 0 0 0 0 0 0 48.6929971482428 49.3051957090495 512 424 83.3333333333333
0 0 0 0 0 1 0 0 48.3445506336011 40.8409789261056 512 424 83.3333333333333
0 0 0 0 0 2 0 0 47.9739894026081 32.4769770837237 512 424 83.3333333333333
0 0 0 0 0 3 0 0 47.870200217745 28.1888254533106 512 424 83.3333333333333
0 0 0 0 0 4 0 0 42.9768362192914 36.4050330795304 512 424 83.3333333333333
0 0 0 0 0 5 0 0 111.161571926353 115.762813558525 512 424 83.3333333333333
0 0 0 0 0 6 0 0 115.459889425822 130.621076755724 512 424 83.3333333333333
0 0 0 0 0 7 0 0 166.09923426084 195.167083447588 512 424 83.3333333333333
0 0 0 0 0 8 0 0 53.2830447228436 35.9400145387755 512 424 83.3333333333333
0 0 0 0 0 9 0 0 54.4764739575707 43.545690475792 512 424 83.3333333333333
0 0 0 0 0 10 0 0 53.2241497163983 58.4592587486355 512 424 83.3333333333333
0 0 0 0 0 11 0 0 165.246258677429 156.202986520516 512 424 83.3333333333333
0 0 0 0 0 12 0 0 46.3071493390856 49.4149903661298 512 424 83.3333333333333
0 0 0 0 0 13 0 0 46.4707859499205 56.5854853592548 512 424 83.3333333333333
0 0 0 0 0 14 0 0 46.7197810297883 69.1516997393083 512 424 83.3333333333333
0 0 0 0 0 15 0 0 139.221650932974 272.800381270672 512 424 83.3333333333333
0 0 0 0 0 16 0 0 51.0822156689485 49.1938623068171 512 424 83.3333333333333
0 0 0 0 0 17 0 0 49.939384773945 57.0531986195683 512 424 83.3333333333333
0 0 0 0 0 18 0 0 50.7433738294039 69.1308556895282 512 424 83.3333333333333
0 0 0 0 0 19 0 0 197.933423664028 347.08284268974 512 424 83.3333333333333
0 0 0 0 0 20 0 0 48.0698929449095 34.5568180253133 512 424 83.3333333333333
0 0 0 0 0 21 0 0 116.816929591909 136.655809142015 512 424 83.3333333333333
0 0 0 0 0 22 0 0 116.702092053521 133.187403645375 512 424 83.3333333333333
0 0 0 0 0 23 0 0 167.282030597763 163.839113548184 512 424 83.3333333333333
0 0 0 0 0 24 0 0 163.807972524309 157.583489930223 512 424 16.6666666666667
0 0 0 0 0 0 0 0 48.7026157750397 49.3027596376805 512 424 83.3333333333333
0 0 0 0 0 1 0 0 48.348180085189 40.8409179215837 512 424 83.3333333333333
0 0 0 0 0 2 0 0 47.9779030005026 32.4776936802884 512 424 83.3333333333333
0 0 0 0 0 3 0 0 47.8785031264381 28.1816106578541 512 424 83.3333333333333
0 0 0 0 0 4 0 0 42.9786409050952 36.4031765028104 512 424 83.3333333333333
0 0 0 0 0 5 0 0 111.158936697772 115.765221846713 512 424 83.3333333333333
0 0 0 0 0 6 0 0 115.460843439341 130.621507774117 512 424 83.3333333333333
0 0 0 0 0 7 0 0 166.157004328752 195.273236697066 512 424 83.3333333333333
0 0 0 0 0 8 0 0 53.2822311872459 35.9477852418795 512 424 83.3333333333333
0 0 0 0 0 9 0 0 54.4776932321295 43.5372086206813 512 424 83.3333333333333
0 0 0 0 0 10 0 0 53.1875751581832 58.4102973935656 512 424 83.3333333333333
0 0 0 0 0 11 0 0 165.264563935616 156.170436199625 512 424 83.3333333333333
0 0 0 0 0 12 0 0 46.3150065880617 49.4163489913293 512 424 83.3333333333333
0 0 0 0 0 13 0 0 46.4712253793348 56.5962350188295 512 424 83.3333333333333
0 0 0 0 0 14 0 0 46.7128563246045 69.1390953562667 512 424 83.3333333333333
0 0 0 0 0 15 0 0 139.221650932974 272.800381270672 512 424 83.3333333333333
0 0 0 0 0 16 0 0 51.0928897640995 49.1865596981056 512 424 83.3333333333333
0 0 0 0 0 17 0 0 49.9540017341264 57.0325965265526 512 424 83.3333333333333
0 0 0 0 0 18 0 0 50.7447934267357 69.1324445151308 512 424 83.3333333333333
0 0 0 0 0 19 0 0 197.933423664028 347.08284268974 512 424 83.3333333333333
0 0 0 0 0 20 0 0 48.0732129141977 34.5575166251201 512 424 83.3333333333333
0 0 0 0 0 21 0 0 116.732769253563 136.674570882819 512 424 83.3333333333333
0 0 0 0 0 22 0 0 116.702262800785 133.311163721139 512 424 83.3333333333333
0 0 0 0 0 23 0 0 167.248790932839 163.737386548846 512 424 83.3333333333333
0 0 0 0 0 24 0 0 164.008798075644 157.412363316608 512 424 33.3333333333333
0 0 0 0 0 0 0 0 48.7019425688865 49.3027844103904 512 424 83.3333333333333
0 0 0 0 0 1 0 0 48.3483369422572 40.8410452486013 512 424 83.3333333333333
0 0 0 0 0 2 0 0 47.9789107674674 32.4772266673155 512 424 83.3333333333333
0 0 0 0 0 3 0 0 47.8790034178506 28.1814110186469 512 424 83.3333333333333
0 0 0 0 0 4 0 0 42.9798777213969 36.4061428061362 512 424 83.3333333333333
0 0 0 0 0 5 0 0 111.125884402444 115.819735792735 512 424 83.3333333333333
0 0 0 0 0 6 0 0 115.291901881129 131.471390902098 512 424 83.3333333333333
0 0 0 0 0 7 0 0 166.097125124109 196.595429975583 512 424 83.3333333333333
0 0 0 0 0 8 0 0 53.2824010852066 35.9477144628618 512 424 83.3333333333333
0 0 0 0 0 9 0 0 54.4779324264275 43.5340626769091 512 424 83.3333333333333
0 0 0 0 0 10 0 0 53.1874590965997 58.4277556610305 512 424 83.3333333333333
0 0 0 0 0 11 0 0 165.272726854064 156.127721816146 512 424 83.3333333333333
0 0 0 0 0 12 0 0 46.3146031057892 49.4164941037916 512 424 83.3333333333333
0 0 0 0 0 13 0 0 46.467811404041 56.5960675171834 512 424 83.3333333333333
0 0 0 0 0 14 0 0 46.7125806364054 69.1373196691566 512 424 83.3333333333333
0 0 0 0 0 15 0 0 138.957714925223 269.766923912475 512 424 83.3333333333333
0 0 0 0 0 16 0 0 51.0918886665918 49.1864744274909 512 424 83.3333333333333
0 0 0 0 0 17 0 0 49.9541576093919 57.0335287327524 512 424 83.3333333333333
0 0 0 0 0 18 0 0 50.7449875076271 69.1338475967599 512 424 83.3333333333333
0 0 0 0 0 19 0 0 197.933423664028 347.08284268974 512 424 83.3333333333333
0 0 0 0 0 20 0 0 48.0739381765972 34.557380252843 512 424 83.3333333333333
0 0 0 0 0 21 0 0 116.871437836113 137.858564673276 512 424 83.3333333333333
0 0 0 0 0 22 0 0 117.114550987226 133.488471881683 512 424 83.3333333333333
0 0 0 0 0 23 0 0 167.22164330128 163.733270841279 512 424 83.3333333333333
0 0 0 0 0 24 0 0 164.090096821982 156.834399621357 512 424 66.6666666666667
0 0 0 0 0 0 0 0 48.6953322645354 49.2976979164559 512 424 83.3333333333333
0 0 0 0 0 1 0 0 48.3614304411359 40.8327594294595 512 424 83.3333333333333
0 0 0 0 0 2 0 0 48.0283130831092 32.487903755704 512 424 83.3333333333333
0 0 0 0 0 3 0 0 47.8840626025851 28.1830787314851 512 424 83.3333333333333
0 0 0 0 0 4 0 0 42.9730214696333 36.4118529165641 512 424 83.3333333333333
0 0 0 0 0 5 0 0 111.068251181298 115.979730528557 512 424 66.6666666666667
0 0 0 0 0 6 0 0 43.5649752851369 71.810776835864 512 424 66.6666666666667
0 0 0 0 0 7 0 0 119.034859769532 134.018606530103 512 424 83.3333333333333
0 0 0 0 0 8 0 0 53.3521388157999 35.8418315097095 512 424 83.3333333333333
0 0 0 0 0 9 0 0 54.4836375559466 43.4914347237604 512 424 83.3333333333333
0 0 0 0 0 10 0 0 53.2884199146668 49.2270971540792 512 424 83.3333333333333
0 0 0 0 0 11 0 0 165.324782899361 156.216332743565 512 424 83.3333333333333
0 0 0 0 0 12 0 0 46.3104498851975 49.4151043505462 512 424 83.3333333333333
0 0 0 0 0 13 0 0 46.4584474417957 56.5944521647669 512 424 83.3333333333333
0 0 0 0 0 14 0 0 46.7175962030783 69.134609520518 512 424 66.6666666666667
0 0 0 0 0 15 0 0 139.240586557118 272.772239245544 512 424 66.6666666666667
0 0 0 0 0 16 0 0 51.0842731050044 49.1768012817877 512 424 66.6666666666667
0 0 0 0 0 17 0 0 49.9455320804232 57.0301117822821 512 424 66.6666666666667
0 0 0 0 0 18 0 0 50.7485719418649 69.1320486268917 512 424 66.6666666666667
0 0 0 0 0 19 0 0 197.855876433509 347.01405739551 512 424 66.6666666666667
0 0 0 0 0 20 0 0 48.1120296688036 34.5607306348651 512 424 66.6666666666667
0 0 0 0 0 21 0 0 48.6107148312736 81.6379947369497 512 424 83.3333333333333
0 0 0 0 0 22 0 0 46.3974360423483 74.4192645137985 512 424 83.3333333333333
0 0 0 0 0 23 0 0 52.089911310991 54.4773777982662 512 424 83.3333333333333
0 0 0 0 0 24 0 0 51.7122281783493 51.4801401583052 512 424 66.6666666666667
0 0 0 0 0 0 0 0 48.7058637012175 49.2996543301534 512 424 16.6666666666667
0 0 0 0 0 1 0 0 48.3641866622477 40.8325317110116 512 424 16.6666666666667
0 0 0 0 0 2 0 0 48.0285246239309 32.4871346709086 512 424 16.6666666666667
0 0 0 0 0 3 0 0 47.8843825532885 28.183891659358 512 424 16.6666666666667
0 0 0 0 0 4 0 0 42.9720969088405 36.4139271056663 512 424 16.6666666666667
0 0 0 0 0 5 0 0 111.206780251003 115.906084749075 512 424 16.6666666666667
0 0 0 0 0 6 0 0 43.5650413050802 71.8850754816479 512 424 16.6666666666667
0 0 0 0 0 7 0 0 119.127415852692 133.993562495937 512 424 16.6666666666667
0 0 0 0 0 8 0 0 53.356167879232 35.8460674249378 512 424 16.6666666666667
0 0 0 0 0 9 0 0 54.4798570144667 43.4828258470526 512 424 16.6666666666667
0 0 0 0 0 10 0 0 53.2738455686878 49.1978523672682 512 424 16.6666666666667
0 0 0 0 0 11 0 0 165.293620777437 156.332533286865 512 424 16.6666666666667
0 0 0 0 0 12 0 0 46.3234286668443 49.4204186949794 512 424 16.6666666666667
0 0 0 0 0 13 0 0 46.4588080589954 56.5960053729592 512 424 16.6666666666667
0 0 0 0 0 14 0 0 46.7189579621658 69.1245935708804 512 424 16.6666666666667
0 0 0 0 0 15 0 0 139.240274756131 272.763963697327 512 424 16.6666666666667
0 0 0 0 0 16 0 0 51.0931121702735 49.176662998784 512 424 16.6666666666667
0 0 0 0 0 17 0 0 49.9426296229757 57.0451415918547 512 424 16.6666666666667
0 0 0 0 0 18 0 0 50.7368841179066 69.1394810333376 512 424 16.6666666666667
0 0 0 0 0 19 0 0 197.855876433509 347.01405739551 512 424 16.6666666666667
0 0 0 0 0 20 0 0 48.1126033555376 34.5601305545019 512 424 16.6666666666667
0 0 0 0 0 21 0 0 48.6834975455099 81.6703747569197 512 424 16.6666666666667
0 0 0 0 0 22 0 0 46.2943614670635 74.3314641525234 512 424 16.6666666666667
0 0 0 0 0 23 0 0 51.7854973469685 54.6295818173586 512 424 16.6666666666667
0 0 0 0 0 24 0 0 51.7323112176495 51.3094486914943 512 424 16.6666666666667
0 0 0 0 0 0 0 0 48.7052917278578 49.2979862986218 512 424 16.6666666666667
0 0 0 0 0 1 0 0 48.3636428223468 40.8325027307945 512 424 16.6666666666667
0 0 0 0 0 2 0 0 48.0238926246565 32.4852610951609 512 424 16.6666666666667
0 0 0 0 0 3 0 0 47.8907333944734 28.1847099614724 512 424 16.6666666666667
0 0 0 0 0 4 0 0 42.9695358727616 36.4182703221175 512 424 16.6666666666667
0 0 0 0 0 5 0 0 111.184473266614 115.876290542794 512 424 16.6666666666667
0 0 0 0 0 6 0 0 43.5682692561736 71.7975423105151 512 424 16.6666666666667
0 0 0 0 0 7 0 0 119.137944215954 133.97302789878 512 424 16.6666666666667
0 0 0 0 0 8 0 0 53.3567216321243 35.8485746262884 512 424 16.6666666666667
0 0 0 0 0 9 0 0 54.4676915092369 43.471534953209 512 424 16.6666666666667
0 0 0 0 0 10 0 0 53.1214915997415 49.0197511306308 512 424 16.6666666666667
0 0 0 0 0 11 0 0 52.0764926646319 50.4117033792787 512 424 16.6666666666667
0 0 0 0 0 12 0 0 46.322521318635 49.4198898293781 512 424 16.6666666666667
0 0 0 0 0 13 0 0 46.4564853782087 56.5957946698083 512 424 16.6666666666667
0 0 0 0 0 14 0 0 46.7010678862956 69.1138464592466 512 424 16.6666666666667
0 0 0 0 0 15 0 0 138.926376873616 269.831524797009 512 424 16.6666666666667
0 0 0 0 0 16 0 0 51.0936583638578 49.1741778105368 512 424 16.6666666666667
0 0 0 0 0 17 0 0 49.942981915917 57.0424442559574 512 424 16.6666666666667
0 0 0 0 0 18 0 0 50.7290690961241 69.1400371427947 512 424 16.6666666666667
0 0 0 0 0 19 0 0 NaN NaN 512 424 16.6666666666667
0 0 0 0 0 20 0 0 48.1097718055281 34.5596346004102 512 424 16.6666666666667
0 0 0 0 0 21 0 0 48.7641259073581 81.5596541718456 512 424 16.6666666666667
0 0 0 0 0 22 0 0 46.0527346525149 74.4843714957718 512 424 16.6666666666667
0 0 0 0 0 23 0 0 51.5709132219911 53.1612679991846 512 424 16.6666666666667
0 0 0 0 0 24 0 0 51.5145111524543 50.3536653616161 512 424 16.6666666666667
0 0 0 0 0 0 0 0 48.7043511505186 49.2971921622994 512 424 33.3333333333333
0 0 0 0 0 1 0 0 48.3586554459813 40.8332482739029 512 424 33.3333333333333
0 0 0 0 0 2 0 0 47.997535997159 32.4797925412552 512 424 33.3333333333333
0 0 0 0 0 3 0 0 47.9018157615771 28.1852296645916 512 424 33.3333333333333
0 0 0 0 0 4 0 0 42.9734664057345 36.4180475429761 512 424 33.3333333333333
0 0 0 0 0 5 0 0 111.179625364961 115.887317814768 512 424 33.3333333333333
0 0 0 0 0 6 0 0 43.5725408262582 71.8124679860531 512 424 33.3333333333333
0 0 0 0 0 7 0 0 119.186708221965 133.971460174459 512 424 33.3333333333333
0 0 0 0 0 8 0 0 53.3583266255182 35.8498765255079 512 424 33.3333333333333
0 0 0 0 0 9 0 0 54.4700910288775 43.472063317013 512 424 33.3333333333333
0 0 0 0 0 10 0 0 53.1238575094474 49.0198484644671 512 424 33.3333333333333
0 0 0 0 0 11 0 0 52.076689512693 50.3805325891435 512 424 33.3333333333333
0 0 0 0 0 12 0 0 46.3215096415735 49.4194467410698 512 424 33.3333333333333
0 0 0 0 0 13 0 0 46.4553226962747 56.5962822901314 512 424 33.3333333333333
0 0 0 0 0 14 0 0 46.6992277960781 69.1151062617968 512 424 33.3333333333333
0 0 0 0 0 15 0 0 138.897138598099 269.844974797766 512 424 33.3333333333333
0 0 0 0 0 16 0 0 51.0931159919722 49.1734087092906 512 424 33.3333333333333
0 0 0 0 0 17 0 0 49.9367947949319 57.0428097975369 512 424 33.3333333333333
0 0 0 0 0 18 0 0 50.7278470721814 69.139856993853 512 424 33.3333333333333
0 0 0 0 0 19 0 0 NaN NaN 512 424 33.3333333333333
0 0 0 0 0 20 0 0 48.089898353954 34.5580264574473 512 424 33.3333333333333
0 0 0 0 0 21 0 0 48.8077573695912 81.5493439897767 512 424 33.3333333333333
0 0 0 0 0 22 0 0 46.0133714857573 73.5974232839118 512 424 33.3333333333333
0 0 0 0 0 23 0 0 51.6189592837484 53.2988417046097 512 424 33.3333333333333
0 0 0 0 0 24 0 0 51.4872386798349 50.2223360336779 512 424 33.3333333333333
0 0 0 0 0 0 0 0 48.7170948540721 49.295259433448 512 424 33.3333333333333
0 0 0 0 0 1 0 0 48.3613407482945 40.8322204054055 512 424 33.3333333333333
0 0 0 0 0 2 0 0 47.9963268960623 32.4792871018036 512 424 33.3333333333333
0 0 0 0 0 3 0 0 47.9101437022999 28.1817845960368 512 424 33.3333333333333
0 0 0 0 0 4 0 0 42.9744801726434 36.425517007014 512 424 33.3333333333333
0 0 0 0 0 5 0 0 111.181026531556 115.896776973534 512 424 33.3333333333333
0 0 0 0 0 6 0 0 43.4284141957565 69.2016102156656 512 424 33.3333333333333
0 0 0 0 0 7 0 0 119.240483067049 133.084632657035 512 424 33.3333333333333
0 0 0 0 0 8 0 0 53.360716545803 35.8559553074408 512 424 33.3333333333333
0 0 0 0 0 9 0 0 54.4722289825987 43.4743415171972 512 424 33.3333333333333
0 0 0 0 0 10 0 0 53.1425540283161 48.9844187021734 512 424 33.3333333333333
0 0 0 0 0 11 0 0 51.9977058311207 50.4099218019944 512 424 33.3333333333333
0 0 0 0 0 12 0 0 46.3345436278121 49.4196909837307 512 424 33.3333333333333
0 0 0 0 0 13 0 0 46.4537237338125 56.6008991976948 512 424 33.3333333333333
0 0 0 0 0 14 0 0 46.6977139762746 69.1159502722463 512 424 33.3333333333333
0 0 0 0 0 15 0 0 138.840379326818 269.916943091598 512 424 33.3333333333333
0 0 0 0 0 16 0 0 51.1054767662007 49.1698702338437 512 424 33.3333333333333
0 0 0 0 0 17 0 0 49.9383216031176 57.0454809814975 512 424 33.3333333333333
0 0 0 0 0 18 0 0 50.7288377618784 69.1401675378542 512 424 33.3333333333333
0 0 0 0 0 19 0 0 197.944519387085 347.107681823768 512 424 33.3333333333333
0 0 0 0 0 20 0 0 48.0892124264925 34.5575603877059 512 424 33.3333333333333
0 0 0 0 0 21 0 0 48.9160680706636 80.3955545642333 512 424 33.3333333333333
0 0 0 0 0 22 0 0 46.1277583104248 73.8146746375972 512 424 33.3333333333333
0 0 0 0 0 23 0 0 51.4758771852412 52.9283585226226 512 424 33.3333333333333
0 0 0 0 0 24 0 0 51.1827190050012 50.0100329021768 512 424 33.3333333333333
0 0 0 0 0 0 0 0 48.7170948540721 49.295259433448 512 424 16.6666666666667
0 0 0 0 0 1 0 0 48.3613407482945 40.8322204054055 512 424 16.6666666666667
0 0 0 0 0 2 0 0 47.9963268960623 32.4792871018036 512 424 16.6666666666667
0 0 0 0 0 3 0 0 47.9101437022999 28.1817845960368 512 424 16.6666666666667
0 0 0 0 0 4 0 0 42.9744801726434 36.425517007014 512 424 16.6666666666667
0 0 0 0 0 5 0 0 111.181026531556 115.896776973534 512 424 16.6666666666667
0 0 0 0 0 6 0 0 43.4284141957565 69.2016102156656 512 424 16.6666666666667
0 0 0 0 0 7 0 0 119.240483067049 133.084632657035 512 424 16.6666666666667
0 0 0 0 0 8 0 0 53.360716545803 35.8559553074408 512 424 16.6666666666667
0 0 0 0 0 9 0 0 54.4722289825987 43.4743415171972 512 424 16.6666666666667
0 0 0 0 0 10 0 0 53.1425540283161 48.9844187021734 512 424 16.6666666666667
0 0 0 0 0 11 0 0 51.9977058311207 50.4099218019944 512 424 16.6666666666667
0 0 0 0 0 12 0 0 46.3345436278121 49.4196909837307 512 424 16.6666666666667
0 0 0 0 0 13 0 0 46.4537237338125 56.6008991976948 512 424 16.6666666666667
0 0 0 0 0 14 0 0 46.6977139762746 69.1159502722463 512 424 16.6666666666667
0 0 0 0 0 15 0 0 138.840379326818 269.916943091598 512 424 16.6666666666667
0 0 0 0 0 16 0 0 51.1054767662007 49.1698702338437 512 424 16.6666666666667
0 0 0 0 0 17 0 0 49.9383216031176 57.0454809814975 512 424 33.3333333333333
0 0 0 0 0 18 0 0 50.7288377618784 69.1401675378542 512 424 33.3333333333333
0 0 0 0 0 19 0 0 197.944519387085 347.107681823768 512 424 33.3333333333333
0 0 0 0 0 20 0 0 48.0892124264925 34.5575603877059 512 424 33.3333333333333
0 0 0 0 0 21 0 0 48.9160680706636 80.3955545642333 512 424 33.3333333333333
0 0 0 0 0 22 0 0 46.1277583104248 73.8146746375972 512 424 33.3333333333333
0 0 0 0 0 23 0 0 51.4758771852412 52.9283585226226 512 424 33.3333333333333
0 0 0 0 0 24 0 0 51.1827190050012 50.0100329021768 512 424 33.3333333333333
0 0 0 0 0 0 0 0 48.7209097091422 49.2934833216019 512 424 83.3333333333333
0 0 0 0 0 1 0 0 48.3621510523134 40.8325799052439 512 424 83.3333333333333
0 0 0 0 0 2 0 0 47.9948506137605 32.4814820211127 512 424 83.3333333333333
0 0 0 0 0 3 0 0 47.9170978910577 28.1823985058446 512 424 83.3333333333333
0 0 0 0 0 4 0 0 42.9721928083766 36.4267530822094 512 424 83.3333333333333
0 0 0 0 0 5 0 0 111.165327091326 115.869727162504 512 424 50
0 0 0 0 0 6 0 0 173.406675347323 179.032066755394 512 424 83.3333333333333
0 0 0 0 0 7 0 0 119.331434701976 133.148823799962 512 424 83.3333333333333
0 0 0 0 0 8 0 0 53.3620870735762 35.8594520945966 512 424 50
0 0 0 0 0 9 0 0 53.2158816501264 43.0031501745541 512 424 50
0 0 0 0 0 10 0 0 51.7888774938548 48.7973934640978 512 424 50
0 0 0 0 0 11 0 0 50.6336970851003 51.3837470032911 512 424 50
0 0 0 0 0 12 0 0 46.3379898110579 49.4174055454761 512 424 50
0 0 0 0 0 13 0 0 46.4414521958765 56.6175392169169 512 424 50
0 0 0 0 0 14 0 0 46.7174028839306 69.1376359975767 512 424 83.3333333333333
0 0 0 0 0 15 0 0 139.396098764879 272.903644242434 512 424 83.3333333333333
0 0 0 0 0 16 0 0 51.1090085473051 49.1695705259472 512 424 83.3333333333333
0 0 0 0 0 17 0 0 49.9437044184486 57.0237341166569 512 424 50
0 0 0 0 0 18 0 0 50.7172207591927 69.1535120191671 512 424 83.3333333333333
0 0 0 0 0 19 0 0 204.755209121147 324.503520435729 512 424 83.3333333333333
0 0 0 0 0 20 0 0 48.0881252312824 34.559056482812 512 424 83.3333333333333
0 0 0 0 0 21 0 0 49.0145127142552 80.3557189825578 512 424 83.3333333333333
0 0 0 0 0 22 0 0 45.7531595919748 73.9058074682548 512 424 83.3333333333333
0 0 0 0 0 23 0 0 50.2301914134903 53.3507171616436 512 424 83.3333333333333
0 0 0 0 0 24 0 0 49.9135037417684 50.5831610283299 512 424 83.3333333333333
0 0 0 0 0 0 0 0 48.7239024080426 49.2930908955383 512 424 83.3333333333333
0 0 0 0 0 1 0 0 48.3627594465267 40.8325341975329 512 424 83.3333333333333
0 0 0 0 0 2 0 0 47.995027046997 32.4815944289392 512 424 83.3333333333333
0 0 0 0 0 3 0 0 47.9223684700049 28.1808453187923 512 424 83.3333333333333
0 0 0 0 0 4 0 0 42.9716166031265 36.4801029454139 512 424 83.3333333333333
0 0 0 0 0 5 0 0 111.175328876537 115.870094477339 512 424 83.3333333333333
0 0 0 0 0 6 0 0 173.49733546217 179.103876159425 512 424 83.3333333333333
0 0 0 0 0 7 0 0 119.359991124716 133.137448318662 512 424 83.3333333333333
0 0 0 0 0 8 0 0 53.3627125379484 35.8597835777692 512 424 83.3333333333333
0 0 0 0 0 9 0 0 53.2139395266081 43.0017574218108 512 424 83.3333333333333
0 0 0 0 0 10 0 0 51.7695756470939 48.8284413170803 512 424 83.3333333333333
0 0 0 0 0 11 0 0 50.6485946944942 51.4908640390036 512 424 83.3333333333333
0 0 0 0 0 12 0 0 46.3409524595907 49.4174364163962 512 424 83.3333333333333
0 0 0 0 0 13 0 0 46.4411460763911 56.6171985418875 512 424 83.3333333333333
0 0 0 0 0 14 0 0 46.7170686792593 69.1352780845854 512 424 83.3333333333333
0 0 0 0 0 15 0 0 139.349657228095 272.915155090211 512 424 83.3333333333333
0 0 0 0 0 16 0 0 51.1123516209667 49.1688991285318 512 424 83.3333333333333
0 0 0 0 0 17 0 0 49.9429261355915 57.0223823006514 512 424 83.3333333333333
0 0 0 0 0 18 0 0 50.7125736988223 69.1560782723069 512 424 83.3333333333333
0 0 0 0 0 19 0 0 197.807044333756 347.196857044501 512 424 83.3333333333333
0 0 0 0 0 20 0 0 48.0883871151873 34.5591066345897 512 424 83.3333333333333
0 0 0 0 0 21 0 0 48.989883840689 80.4528759423119 512 424 83.3333333333333
0 0 0 0 0 22 0 0 45.6276533884976 73.7985709806151 512 424 83.3333333333333
0 0 0 0 0 23 0 0 50.323421541937 53.3509957235724 512 424 50
0 0 0 0 0 24 0 0 49.8293097849307 50.5102010932945 512 424 33.3333333333333
0 0 0 0 0 0 0 0 48.7331410546882 49.2928350404593 512 424 66.6666666666667
0 0 0 0 0 1 0 0 48.368194894077 40.8311429332647 512 424 66.6666666666667
0 0 0 0 0 2 0 0 48.0006218821482 32.4801965611443 512 424 66.6666666666667
0 0 0 0 0 3 0 0 47.9225651611221 28.1848151810297 512 424 66.6666666666667
0 0 0 0 0 4 0 0 42.9704860354563 36.485396889889 512 424 66.6666666666667
0 0 0 0 0 5 0 0 111.171010166502 115.868761100181 512 424 66.6666666666667
0 0 0 0 0 6 0 0 173.499513162683 179.095530740465 512 424 66.6666666666667
0 0 0 0 0 7 0 0 118.870413967281 133.148475014588 512 424 66.6666666666667
0 0 0 0 0 8 0 0 53.3649076434518 35.8626126724406 512 424 66.6666666666667
0 0 0 0 0 9 0 0 53.1873167408138 43.000775531788 512 424 66.6666666666667
0 0 0 0 0 10 0 0 51.7178655675417 48.8446376337775 512 424 66.6666666666667
0 0 0 0 0 11 0 0 50.6012163728526 51.55259875113 512 424 66.6666666666667
0 0 0 0 0 12 0 0 46.3506293782878 49.4179827963454 512 424 66.6666666666667
0 0 0 0 0 13 0 0 46.4418379579048 56.6036059695461 512 424 66.6666666666667
0 0 0 0 0 14 0 0 46.7139469890149 69.1406177708856 512 424 66.6666666666667
0 0 0 0 0 15 0 0 139.342622173054 272.932972151187 512 424 66.6666666666667
0 0 0 0 0 16 0 0 51.1213826370881 49.1682733706745 512 424 66.6666666666667
0 0 0 0 0 17 0 0 49.9449618722933 57.0211699323179 512 424 66.6666666666667
0 0 0 0 0 18 0 0 50.7102702690924 69.1578828650299 512 424 66.6666666666667
0 0 0 0 0 19 0 0 197.807044333756 347.196857044501 512 424 66.6666666666667
0 0 0 0 0 20 0 0 48.0933682033466 34.5578294780977 512 424 66.6666666666667
0 0 0 0 0 21 0 0 48.5567807007729 80.1481205256878 512 424 66.6666666666667
0 0 0 0 0 22 0 0 46.1401475091794 75.0480584884308 512 424 66.6666666666667
0 0 0 0 0 23 0 0 50.2203658293017 53.3061345133277 512 424 83.3333333333333
0 0 0 0 0 24 0 0 49.9364095335736 50.4822433264995 512 424 83.3333333333333
0 0 0 0 0 0 0 0 48.7321084138563 49.2922833123225 512 424 16.6666666666667
0 0 0 0 0 1 0 0 48.3681345114364 40.8310997244084 512 424 16.6666666666667
0 0 0 0 0 2 0 0 48.0008862732011 32.4803245570319 512 424 16.6666666666667
0 0 0 0 0 3 0 0 47.9216916794035 28.1839666477833 512 424 16.6666666666667
0 0 0 0 0 4 0 0 42.9731846530165 36.4896629468308 512 424 16.6666666666667
0 0 0 0 0 5 0 0 111.181433319685 115.88326279868 512 424 16.6666666666667
0 0 0 0 0 6 0 0 173.534304592048 179.163316184358 512 424 16.6666666666667
0 0 0 0 0 7 0 0 118.933460486124 133.182720322882 512 424 16.6666666666667
0 0 0 0 0 8 0 0 53.3654854310594 35.8638919982146 512 424 16.6666666666667
0 0 0 0 0 9 0 0 53.1842110454523 42.9998199795535 512 424 16.6666666666667
0 0 0 0 0 10 0 0 51.7175014714135 48.8455430277437 512 424 16.6666666666667
0 0 0 0 0 11 0 0 50.5938109348675 51.5405811791045 512 424 16.6666666666667
0 0 0 0 0 12 0 0 46.3493842099884 49.417825264984 512 424 16.6666666666667
0 0 0 0 0 13 0 0 46.4437728168145 56.6030051828005 512 424 16.6666666666667
0 0 0 0 0 14 0 0 46.7559048131605 69.1652021830401 512 424 16.6666666666667
0 0 0 0 0 15 0 0 139.295183010785 272.875228361951 512 424 16.6666666666667
0 0 0 0 0 16 0 0 51.1209548184428 49.1673697844327 512 424 16.6666666666667
0 0 0 0 0 17 0 0 49.9483924134093 57.0167613682675 512 424 16.6666666666667
0 0 0 0 0 18 0 0 50.7102211084176 69.1577820638266 512 424 16.6666666666667
0 0 0 0 0 19 0 0 197.843183908979 347.182117338595 512 424 16.6666666666667
0 0 0 0 0 20 0 0 48.0935595696578 34.5579278439206 512 424 16.6666666666667
0 0 0 0 0 21 0 0 48.8494027955237 80.1317192455773 512 424 16.6666666666667
0 0 0 0 0 22 0 0 46.8076921112169 75.075663422334 512 424 16.6666666666667
0 0 0 0 0 23 0 0 50.1974620473707 53.3197474659595 512 424 16.6666666666667
0 0 0 0 0 24 0 0 49.7917261605832 50.7657788723715 512 424 16.6666666666667
0 0 0 0 0 0 0 0 48.7333219021051 49.2914867146054 512 424 16.6666666666667
0 0 0 0 0 1 0 0 48.3680415493961 40.8312626828143 512 424 16.6666666666667
0 0 0 0 0 2 0 0 48.000839524819 32.4802417003735 512 424 16.6666666666667
0 0 0 0 0 3 0 0 47.9235013078903 28.1838228349811 512 424 16.6666666666667
0 0 0 0 0 4 0 0 42.9714462331395 36.5005804900499 512 424 16.6666666666667
0 0 0 0 0 5 0 0 111.139875052098 115.93853207909 512 424 16.6666666666667
0 0 0 0 0 6 0 0 118.9119976205 128.372985215115 512 424 16.6666666666667
0 0 0 0 0 7 0 0 118.936979250639 133.206958385729 512 424 16.6666666666667
0 0 0 0 0 8 0 0 53.3659011672072 35.8642348882746 512 424 16.6666666666667
0 0 0 0 0 9 0 0 53.1829111684361 42.9999923365735 512 424 16.6666666666667
0 0 0 0 0 10 0 0 51.7180439549827 48.849350295895 512 424 16.6666666666667
0 0 0 0 0 11 0 0 50.5946578992155 51.5635914847877 512 424 16.6666666666667
0 0 0 0 0 12 0 0 46.3498597943806 49.4170721746335 512 424 16.6666666666667
0 0 0 0 0 13 0 0 46.4517883974827 56.6026618073907 512 424 16.6666666666667
0 0 0 0 0 14 0 0 46.7662591830865 69.1680554802934 512 424 16.6666666666667
0 0 0 0 0 15 0 0 139.305614726155 272.810492233979 512 424 16.6666666666667
0 0 0 0 0 16 0 0 51.1237048491997 49.1669632351491 512 424 16.6666666666667
0 0 0 0 0 17 0 0 49.9476767060145 57.0110274295467 512 424 33.3333333333333
0 0 0 0 0 18 0 0 50.7124000318607 69.1581554600043 512 424 33.3333333333333
0 0 0 0 0 19 0 0 197.843183908979 347.182117338595 512 424 33.3333333333333
0 0 0 0 0 20 0 0 48.0934817221154 34.5579320970294 512 424 33.3333333333333
0 0 0 0 0 21 0 0 48.6779684407748 80.1804802383738 512 424 33.3333333333333
0 0 0 0 0 22 0 0 46.4563646908571 74.7960097328509 512 424 33.3333333333333
0 0 0 0 0 23 0 0 50.2090534507894 53.3400156671812 512 424 16.6666666666667
0 0 0 0 0 24 0 0 49.9015156761413 50.9407010606059 512 424 16.6666666666667
0 0 0 0 0 0 0 0 48.7342853465785 49.2912278190681 512 424 83.3333333333333
0 0 0 0 0 1 0 0 48.368790792717 40.8312840382947 512 424 83.3333333333333
0 0 0 0 0 2 0 0 48.0017896221554 32.4807813802016 512 424 83.3333333333333
0 0 0 0 0 3 0 0 47.926268736538 28.1835209787607 512 424 83.3333333333333
0 0 0 0 0 4 0 0 42.9720150060469 36.4988490263856 512 424 83.3333333333333
0 0 0 0 0 5 0 0 111.13940035417 115.924528060903 512 424 83.3333333333333
0 0 0 0 0 6 0 0 118.907463516057 128.363408577159 512 424 83.3333333333333
0 0 0 0 0 7 0 0 118.920296187499 133.1630144305 512 424 83.3333333333333
0 0 0 0 0 8 0 0 53.3660406045469 35.8618234844424 512 424 83.3333333333333
0 0 0 0 0 9 0 0 53.1905615542286 42.9951773132733 512 424 83.3333333333333
0 0 0 0 0 10 0 0 51.7218828921978 48.8512856752949 512 424 83.3333333333333
0 0 0 0 0 11 0 0 50.644106041522 51.4999148319142 512 424 83.3333333333333
0 0 0 0 0 12 0 0 46.3510558749042 49.4170721746335 512 424 83.3333333333333
0 0 0 0 0 13 0 0 46.4507784605156 56.6030581661174 512 424 83.3333333333333
0 0 0 0 0 14 0 0 46.7748164536736 69.1670471365504 512 424 83.3333333333333
0 0 0 0 0 15 0 0 139.305614726155 272.810492233979 512 424 83.3333333333333
0 0 0 0 0 16 0 0 51.1240389709646 49.1663846845613 512 424 83.3333333333333
0 0 0 0 0 17 0 0 49.9524836718082 56.9979798068436 512 424 83.3333333333333
0 0 0 0 0 18 0 0 50.7124178549754 69.157503033584 512 424 83.3333333333333
0 0 0 0 0 19 0 0 425.270551981265 685.47183966975 512 424 83.3333333333333
0 0 0 0 0 20 0 0 48.0942745173005 34.5583103624426 512 424 83.3333333333333
0 0 0 0 0 21 0 0 48.7355215539837 80.2680496803485 512 424 83.3333333333333
0 0 0 0 0 22 0 0 46.1293543019675 74.3928611997226 512 424 83.3333333333333
0 0 0 0 0 23 0 0 50.2321716664973 53.3602965769819 512 424 66.6666666666667
0 0 0 0 0 24 0 0 49.8905840015097 50.9413898218999 512 424 66.6666666666667
0 0 0 0 0 0 0 0 48.7353691362277 49.2890839529408 512 424 83.3333333333333
0 0 0 0 0 1 0 0 48.368584133746 40.8311013689606 512 424 83.3333333333333
0 0 0 0 0 2 0 0 137.668807202068 97.3207096175113 512 424 83.3333333333333
0 0 0 0 0 3 0 0 137.475291719937 84.3071696911772 512 424 83.3333333333333
0 0 0 0 0 4 0 0 121.859313285736 108.633484739929 512 424 83.3333333333333
0 0 0 0 0 5 0 0 113.936949150884 118.279445012175 512 424 83.3333333333333
0 0 0 0 0 6 0 0 172.409272745546 188.731472715784 512 424 83.3333333333333
0 0 0 0 0 7 0 0 119.002724992555 133.188927750961 512 424 83.3333333333333
0 0 0 0 0 8 0 0 154.107892596781 106.974547149123 512 424 83.3333333333333
0 0 0 0 0 9 0 0 159.407549844732 130.723985754325 512 424 83.3333333333333
0 0 0 0 0 10 0 0 163.048142531859 151.326277314101 512 424 83.3333333333333
0 0 0 0 0 11 0 0 164.223171658252 158.595389935745 512 424 83.3333333333333
0 0 0 0 0 12 0 0 130.251424265532 150.579961933195 512 424 83.3333333333333
0 0 0 0 0 13 0 0 123.908149900411 173.514440670649 512 424 83.3333333333333
0 0 0 0 0 14 0 0 123.126000728994 215.727349012239 512 424 83.3333333333333
0 0 0 0 0 15 0 0 162.014353825356 313.020919568494 512 424 83.3333333333333
0 0 0 0 0 16 0 0 145.527388007144 150.460715340416 512 424 83.3333333333333
0 0 0 0 0 17 0 0 139.34771028423 174.029351836466 512 424 83.3333333333333
0 0 0 0 0 18 0 0 143.359812495387 214.831781522593 512 424 83.3333333333333
0 0 0 0 0 19 0 0 NaN NaN 512 424 83.3333333333333
0 0 0 0 0 20 0 0 137.707236228296 103.938182684403 512 424 83.3333333333333
0 0 0 0 0 21 0 0 120.242365067764 136.823039700123 512 424 83.3333333333333
0 0 0 0 0 22 0 0 117.847413768908 133.049309417185 512 424 83.3333333333333
0 0 0 0 0 23 0 0 165.794125386267 165.482617578901 512 424 83.3333333333333
0 0 0 0 0 24 0 0 164.981822130913 159.013811119624 512 424 83.3333333333333
0 0 0 0 0 0 0 0 48.7354951044045 49.2890915931758 512 424 16.6666666666667
0 0 0 0 0 1 0 0 48.3696583018696 40.8309407458494 512 424 16.6666666666667
0 0 0 0 0 2 0 0 48.0041249270905 32.4770387915566 512 424 16.6666666666667
0 0 0 0 0 3 0 0 47.9303773372347 28.1833490649994 512 424 16.6666666666667
0 0 0 0 0 4 0 0 42.9692125352291 36.5182324984097 512 424 16.6666666666667
0 0 0 0 0 5 0 0 40.5192168787246 52.8172690745001 512 424 16.6666666666667
0 0 0 0 0 6 0 0 118.881980794269 128.189337426317 512 424 16.6666666666667
0 0 0 0 0 7 0 0 118.996887572803 133.321466866078 512 424 16.6666666666667
0 0 0 0 0 8 0 0 53.3654405483536 35.8609355963956 512 424 16.6666666666667
0 0 0 0 0 9 0 0 53.1870812996592 42.9941054327702 512 424 16.6666666666667
0 0 0 0 0 10 0 0 51.7223247267351 48.8542124237064 512 424 16.6666666666667
0 0 0 0 0 11 0 0 50.641594104315 51.4922370996567 512 424 16.6666666666667
0 0 0 0 0 12 0 0 46.3505356549564 49.41508732217 512 424 16.6666666666667
0 0 0 0 0 13 0 0 46.4578989612291 56.6030595707728 512 424 16.6666666666667
0 0 0 0 0 14 0 0 46.7750843428625 69.1665899911207 512 424 16.6666666666667
0 0 0 0 0 15 0 0 161.876833056867 312.994694908586 512 424 16.6666666666667
0 0 0 0 0 16 0 0 51.1266706641235 49.1646178546342 512 424 16.6666666666667
0 0 0 0 0 17 0 0 49.9594347040742 56.9944137962859 512 424 16.6666666666667
0 0 0 0 0 18 0 0 50.7148376766956 69.1576901530046 512 424 16.6666666666667
0 0 0 0 0 19 0 0 425.282229420713 685.520097689148 512 424 16.6666666666667
0 0 0 0 0 20 0 0 48.09605343996 34.5562207791736 512 424 16.6666666666667
0 0 0 0 0 21 0 0 48.9021322419823 80.6846337800064 512 424 16.6666666666667
0 0 0 0 0 22 0 0 45.9852968081951 75.0131526297403 512 424 16.6666666666667
0 0 0 0 0 23 0 0 50.2564454908581 53.3327866610235 512 424 16.6666666666667
0 0 0 0 0 24 0 0 49.9685110562113 50.6596395567449 512 424 16.6666666666667
0 0 0 0 0 0 0 0 48.7379271358387 49.2881845928903 512 424 16.6666666666667
0 0 0 0 0 1 0 0 48.3702629755389 40.8308009746685 512 424 16.6666666666667
0 0 0 0 0 2 0 0 48.0039276182536 32.4770654515466 512 424 16.6666666666667
0 0 0 0 0 3 0 0 47.9335042383746 28.1834173787832 512 424 16.6666666666667
0 0 0 0 0 4 0 0 42.9685740631183 36.5215254828298 512 424 16.6666666666667
0 0 0 0 0 5 0 0 40.5373466295693 52.8241680223291 512 424 16.6666666666667
0 0 0 0 0 6 0 0 118.918246013254 128.318177610315 512 424 16.6666666666667
0 0 0 0 0 7 0 0 119.03906588512 133.309106397729 512 424 16.6666666666667
0 0 0 0 0 8 0 0 53.3654957248632 35.8615696563764 512 424 16.6666666666667
0 0 0 0 0 9 0 0 53.1866776666856 42.9935174259611 512 424 16.6666666666667
0 0 0 0 0 10 0 0 51.8018122205881 48.9059388787789 512 424 16.6666666666667
0 0 0 0 0 11 0 0 50.65340755942 51.4480766989799 512 424 16.6666666666667
0 0 0 0 0 12 0 0 46.3517110865379 49.4142340741115 512 424 16.6666666666667
0 0 0 0 0 13 0 0 46.4614346658999 56.6033678981636 512 424 16.6666666666667
0 0 0 0 0 14 0 0 46.7723601330775 69.1606391825924 512 424 16.6666666666667
0 0 0 0 0 15 0 0 161.945010612351 312.981894914823 512 424 16.6666666666667
0 0 0 0 0 16 0 0 51.1303776705619 49.1640288276724 512 424 16.6666666666667
0 0 0 0 0 17 0 0 49.9627280735822 56.9942604005608 512 424 16.6666666666667
0 0 0 0 0 18 0 0 50.7143256019477 69.1565302540097 512 424 16.6666666666667
0 0 0 0 0 19 0 0 285.715086025506 443.183800188336 512 424 16.6666666666667
0 0 0 0 0 20 0 0 48.0959266428275 34.5562409800656 512 424 16.6666666666667
0 0 0 0 0 21 0 0 49.1586008865849 80.7100835563232 512 424 16.6666666666667
0 0 0 0 0 22 0 0 46.2273395155139 75.1088802340789 512 424 16.6666666666667
0 0 0 0 0 23 0 0 50.2420022557809 53.4911311154329 512 424 16.6666666666667
0 0 0 0 0 24 0 0 49.7473998692925 50.6159441584362 512 424 16.6666666666667
0 0 0 0 0 0 0 0 48.7420223172921 49.2879781492659 512 424 16.6666666666667
0 0 0 0 0 1 0 0 48.3726692730419 40.8312890393478 512 424 16.6666666666667
0 0 0 0 0 2 0 0 48.0071612892059 32.4784016394242 512 424 16.6666666666667
0 0 0 0 0 3 0 0 47.947286167996 28.2149991913936 512 424 16.6666666666667
0 0 0 0 0 4 0 0 42.9697614414838 36.5317336398575 512 424 16.6666666666667
0 0 0 0 0 5 0 0 40.5268161423354 52.8319499131377 512 424 16.6666666666667
0 0 0 0 0 6 0 0 118.917166954503 128.315068410374 512 424 16.6666666666667
0 0 0 0 0 7 0 0 119.028356439538 133.355681924276 512 424 16.6666666666667
0 0 0 0 0 8 0 0 53.3648420348747 35.858190630154 512 424 16.6666666666667
0 0 0 0 0 9 0 0 53.1844422025082 42.9920984576325 512 424 16.6666666666667
0 0 0 0 0 10 0 0 51.7216677123995 48.8428823782035 512 424 16.6666666666667
0 0 0 0 0 11 0 0 50.6261299901981 51.5370638745415 512 424 16.6666666666667
0 0 0 0 0 12 0 0 46.3569013090122 49.4161473004397 512 424 16.6666666666667
0 0 0 0 0 13 0 0 46.4593103350229 56.6166398252652 512 424 16.6666666666667
0 0 0 0 0 14 0 0 46.7801363600066 69.1683958278074 512 424 16.6666666666667
0 0 0 0 0 15 0 0 161.93127725528 312.973380580979 512 424 16.6666666666667
0 0 0 0 0 16 0 0 51.1341042431691 49.1619166463575 512 424 16.6666666666667
0 0 0 0 0 17 0 0 49.9657713898737 56.9934368553976 512 424 16.6666666666667
0 0 0 0 0 18 0 0 50.7050040530852 69.1522943537392 512 424 16.6666666666667
0 0 0 0 0 19 0 0 425.143614783044 685.565314912834 512 424 16.6666666666667
0 0 0 0 0 20 0 0 48.0985604327304 34.5573105658863 512 424 16.6666666666667
0 0 0 0 0 21 0 0 48.9210065302381 80.6658236475068 512 424 16.6666666666667
0 0 0 0 0 22 0 0 45.910554492201 74.9908902107276 512 424 16.6666666666667
0 0 0 0 0 23 0 0 50.2049734958405 53.4141762590163 512 424 16.6666666666667
0 0 0 0 0 24 0 0 49.641097327725 50.9571514477218 512 424 16.6666666666667
0 0 0 0 0 0 0 0 48.7456474856455 49.2881489083275 512 424 83.3333333333333
0 0 0 0 0 1 0 0 48.3742229919799 40.8307915361163 512 424 83.3333333333333
0 0 0 0 0 2 0 0 48.0088298410851 32.4760840513459 512 424 83.3333333333333
0 0 0 0 0 3 0 0 47.9490130830217 28.210370805865 512 424 66.6666666666667
0 0 0 0 0 4 0 0 42.9666217658022 36.531942427289 512 424 66.6666666666667
0 0 0 0 0 5 0 0 111.906181229566 115.597794477137 512 424 66.6666666666667
0 0 0 0 0 6 0 0 118.807234602904 128.082589176183 512 424 83.3333333333333
0 0 0 0 0 7 0 0 119.088284668507 133.27970642436 512 424 83.3333333333333
0 0 0 0 0 8 0 0 53.3673699886636 35.8581543569459 512 424 83.3333333333333
0 0 0 0 0 9 0 0 53.1891389325438 42.9844888570744 512 424 83.3333333333333
0 0 0 0 0 10 0 0 51.7129048528071 48.8361889891748 512 424 66.6666666666667
0 0 0 0 0 11 0 0 50.6151007954978 51.5548160022243 512 424 66.6666666666667
0 0 0 0 0 12 0 0 46.3615176768531 49.4170410182744 512 424 66.6666666666667
0 0 0 0 0 13 0 0 46.4547688395424 56.5983234596148 512 424 83.3333333333333
0 0 0 0 0 14 0 0 46.7811747642037 69.1664683980222 512 424 83.3333333333333
0 0 0 0 0 15 0 0 161.931921827632 312.935190790594 512 424 83.3333333333333
0 0 0 0 0 16 0 0 51.136725305477 49.1616448663122 512 424 83.3333333333333
0 0 0 0 0 17 0 0 49.9617043153558 56.9980510972258 512 424 83.3333333333333
0 0 0 0 0 18 0 0 50.7017910297939 69.1460380758191 512 424 83.3333333333333
0 0 0 0 0 19 0 0 173.325228511859 302.309720268852 512 424 83.3333333333333
0 0 0 0 0 20 0 0 48.1001847546824 34.5557641954168 512 424 83.3333333333333
0 0 0 0 0 21 0 0 48.6792081627488 80.1630781477925 512 424 83.3333333333333
0 0 0 0 0 22 0 0 45.9721742003285 75.0667606346912 512 424 66.6666666666667
0 0 0 0 0 23 0 0 50.1886779010638 53.3486900795721 512 424 83.3333333333333
0 0 0 0 0 24 0 0 49.9112629160421 50.77144675128 512 424 83.3333333333333
0 0 0 0 0 0 0 0 48.7458201833684 49.2899396598396 512 424 16.6666666666667
0 0 0 0 0 1 0 0 48.3737299744725 40.8310851339136 512 424 16.6666666666667
0 0 0 0 0 2 0 0 48.0077060674053 32.4759580737722 512 424 16.6666666666667
0 0 0 0 0 3 0 0 47.9482011470879 28.209997620415 512 424 16.6666666666667
0 0 0 0 0 4 0 0 42.9657285881632 36.5364189215823 512 424 16.6666666666667
0 0 0 0 0 5 0 0 160.630222152254 165.468823198287 512 424 16.6666666666667
0 0 0 0 0 6 0 0 118.815406957258 128.161314985338 512 424 16.6666666666667
0 0 0 0 0 7 0 0 119.011380698256 133.276630062349 512 424 16.6666666666667
0 0 0 0 0 8 0 0 53.3669759200217 35.8606396201357 512 424 16.6666666666667
0 0 0 0 0 9 0 0 53.1897260239526 42.9842970358167 512 424 16.6666666666667
0 0 0 0 0 10 0 0 51.7128864573797 48.8361024863105 512 424 16.6666666666667
0 0 0 0 0 11 0 0 50.6148588295127 51.5577487039953 512 424 16.6666666666667
0 0 0 0 0 12 0 0 46.3620870023677 49.4193967682421 512 424 16.6666666666667
0 0 0 0 0 13 0 0 46.4548132227496 56.5984539439488 512 424 16.6666666666667
0 0 0 0 0 14 0 0 46.7778217757127 69.1773699010985 512 424 16.6666666666667
0 0 0 0 0 15 0 0 161.993617754741 313.049979006936 512 424 16.6666666666667
0 0 0 0 0 16 0 0 51.1367794873512 49.1630434543853 512 424 16.6666666666667
0 0 0 0 0 17 0 0 49.9616554081768 56.9982155140181 512 424 16.6666666666667
0 0 0 0 0 18 0 0 50.7029025581697 69.1465576485543 512 424 16.6666666666667
0 0 0 0 0 19 0 0 197.788442278987 347.244187877912 512 424 16.6666666666667
0 0 0 0 0 20 0 0 48.0992411361338 34.5557240693466 512 424 16.6666666666667
0 0 0 0 0 21 0 0 48.6792481276241 80.1622691645998 512 424 16.6666666666667
0 0 0 0 0 22 0 0 46.0447043320127 75.0849738324112 512 424 16.6666666666667
0 0 0 0 0 23 0 0 50.2236416861495 53.3471121689039 512 424 16.6666666666667
0 0 0 0 0 24 0 0 49.912499927567 50.8010005505064 512 424 16.6666666666667
0 0 0 0 0 0 0 0 48.7474267119094 49.2888955802671 512 424 50
0 0 0 0 0 1 0 0 48.372352911403 40.8311112798357 512 424 50
0 0 0 0 0 2 0 0 47.9975607895282 32.4749845520729 512 424 50
0 0 0 0 0 3 0 0 47.9485093744168 28.2099349474711 512 424 50
0 0 0 0 0 4 0 0 42.9601558617621 36.5245555645363 512 424 50
0 0 0 0 0 5 0 0 160.641996582783 165.458518591939 512 424 50
0 0 0 0 0 6 0 0 118.843394496086 128.160653784144 512 424 50
0 0 0 0 0 7 0 0 119.008244829007 133.269179716883 512 424 33.3333333333333
0 0 0 0 0 8 0 0 53.3664854367673 35.8594645684703 512 424 33.3333333333333
0 0 0 0 0 9 0 0 53.1875113743966 42.9845428456867 512 424 33.3333333333333
0 0 0 0 0 10 0 0 51.7129153969177 48.8349360464886 512 424 33.3333333333333
0 0 0 0 0 11 0 0 50.6146060125479 51.5443125734511 512 424 33.3333333333333
0 0 0 0 0 12 0 0 46.3631036114059 49.4188996822843 512 424 33.3333333333333
0 0 0 0 0 13 0 0 46.4570370222996 56.5990574670465 512 424 33.3333333333333
0 0 0 0 0 14 0 0 46.7737155686649 69.17709395006 512 424 33.3333333333333
0 0 0 0 0 15 0 0 161.981174136643 313.063684652341 512 424 33.3333333333333
0 0 0 0 0 16 0 0 51.1391445441967 49.1614510476695 512 424 33.3333333333333
0 0 0 0 0 17 0 0 49.9658192060142 56.9972732656188 512 424 33.3333333333333
0 0 0 0 0 18 0 0 50.7020539776496 69.1461701511113 512 424 33.3333333333333
0 0 0 0 0 19 0 0 NaN NaN 512 424 33.3333333333333
0 0 0 0 0 20 0 0 48.0918165690451 34.5553872374145 512 424 33.3333333333333
0 0 0 0 0 21 0 0 48.6500869650417 80.0410434086344 512 424 33.3333333333333
0 0 0 0 0 22 0 0 46.1502896979793 74.9736996725263 512 424 33.3333333333333
0 0 0 0 0 23 0 0 50.2072725094385 53.3475891390799 512 424 33.3333333333333
0 0 0 0 0 24 0 0 49.8465914855252 50.7415983236672 512 424 33.3333333333333
0 0 0 0 0 0 0 0 48.747574361051 49.2886212512798 512 424 50
0 0 0 0 0 1 0 0 48.3719110402105 40.8311699369363 512 424 50
0 0 0 0 0 2 0 0 47.9955764724013 32.4742232597711 512 424 50
0 0 0 0 0 3 0 0 47.9506072977127 28.2100641241325 512 424 50
0 0 0 0 0 4 0 0 42.9609197094845 36.5238140878533 512 424 50
0 0 0 0 0 5 0 0 160.496816317475 165.263746400325 512 424 50
0 0 0 0 0 6 0 0 118.812420191915 128.16294871718 512 424 50
0 0 0 0 0 7 0 0 118.974347771179 133.28827747525 512 424 50
0 0 0 0 0 8 0 0 53.3666570420179 35.8597359384995 512 424 50
0 0 0 0 0 9 0 0 53.1873169399598 42.9850399944931 512 424 50
0 0 0 0 0 10 0 0 51.7131683776593 48.8346366902249 512 424 50
0 0 0 0 0 11 0 0 50.6143949497105 51.5453384384334 512 424 50
0 0 0 0 0 12 0 0 46.3631201288338 49.4188757142645 512 424 50
0 0 0 0 0 13 0 0 46.4591632181065 56.5991417148245 512 424 50
0 0 0 0 0 14 0 0 46.7780125730969 69.1762172392797 512 424 50
0 0 0 0 0 15 0 0 161.952265975536 313.049751039169 512 424 50
0 0 0 0 0 16 0 0 51.1396013964178 49.1607547686495 512 424 50
0 0 0 0 0 17 0 0 49.967941098631 56.9968666377897 512 424 50
0 0 0 0 0 18 0 0 50.6987547070071 69.147760978244 512 424 50
0 0 0 0 0 19 0 0 NaN NaN 512 424 50
0 0 0 0 0 20 0 0 48.0901037612085 34.555072916843 512 424 50
0 0 0 0 0 21 0 0 48.8108695962579 80.0612661899789 512 424 50
0 0 0 0 0 22 0 0 46.1619825641679 74.9481439061586 512 424 50
0 0 0 0 0 23 0 0 50.2016373520876 53.3532027823325 512 424 50
0 0 0 0 0 24 0 0 49.9006574089924 50.75214897581 512 424 50
0 0 0 0 0 0 0 0 60.7084390775811 61.5526736760235 512 424 33.3333333333333
0 0 0 0 0 1 0 0 60.2766782573855 51.0299561666131 512 424 33.3333333333333
0 0 0 0 0 2 0 0 59.8437931159424 40.5848192672187 512 424 0
0 0 0 0 0 3 0 0 59.7687110608734 35.2539833287727 512 424 33.3333333333333
0 0 0 0 0 4 0 0 53.4885608770878 45.3262334693784 512 424 50
0 0 0 0 0 5 0 0 133.154237960334 139.913959670565 512 424 33.3333333333333
0 0 0 0 0 6 0 0 143.940675334436 155.052673106673 512 424 33.3333333333333
0 0 0 0 0 7 0 0 144.073557693339 164.699462268484 512 424 50
0 0 0 0 0 8 0 0 66.6063963607341 44.7395627068183 512 424 50
0 0 0 0 0 9 0 0 66.4740949242187 53.7288215923204 512 424 50
0 0 0 0 0 10 0 0 64.6412868836958 61.0027641973572 512 424 50
0 0 0 0 0 11 0 0 63.3316718274416 64.2035226609607 512 424 50
0 0 0 0 0 12 0 0 57.6822413745065 61.7288859159228 512 424 50
0 0 0 0 0 13 0 0 57.288927307784 70.7352325194977 512 424 100
0 0 0 0 0 14 0 0 57.6133947157638 86.2434780027327 512 424 100
0 0 0 0 0 15 0 0 140.631603938811 271.363695384288 512 424 100
0 0 0 0 0 16 0 0 63.7339014681025 61.3799887378249 512 424 50
0 0 0 0 0 17 0 0 62.1146477088396 71.19413552055 512 424 50
0 0 0 0 0 18 0 0 63.0225844885636 86.2103941175556 512 424 33.3333333333333
0 0 0 0 0 19 0 0 191.414739609539 336.163348301902 512 424 33.3333333333333
0 0 0 0 0 20 0 0 59.9526214764901 43.1898410355605 512 424 33.3333333333333
0 0 0 0 0 21 0 0 59.3872280291142 94.4442279739034 512 424 33.3333333333333
0 0 0 0 0 22 0 0 56.4029245170271 88.3409336580014 512 424 33.3333333333333
0 0 0 0 0 23 0 0 62.7981003567711 66.6930108285239 512 424 33.3333333333333
0 0 0 0 0 24 0 0 62.3290704995972 63.0259876582867 512 424 33.3333333333333
0 0 0 0 0 0 0 0 60.7139974813012 61.5497373632566 512 424 33.3333333333333
0 0 0 0 0 1 0 0 60.2833837432192 51.0284350118074 512 424 33.3333333333333
0 0 0 0 0 2 0 0 59.8521643219304 40.5860989669763 512 424 33.3333333333333
0 0 0 0 0 3 0 0 59.770132596281 35.2396311105908 512 424 33.3333333333333
0 0 0 0 0 4 0 0 53.4888169860709 45.3206122910632 512 424 33.3333333333333
0 0 0 0 0 5 0 0 133.149712261177 139.902250823894 512 424 33.3333333333333
0 0 0 0 0 6 0 0 143.937904185837 155.026351637413 512 424 33.3333333333333
0 0 0 0 0 7 0 0 144.044094523802 164.780428753221 512 424 33.3333333333333
0 0 0 0 0 8 0 0 66.6152086562933 44.7201041059398 512 424 33.3333333333333
0 0 0 0 0 9 0 0 66.5051757015769 53.7243110716812 512 424 33.3333333333333
0 0 0 0 0 10 0 0 64.4973514604595 61.0711326197092 512 424 33.3333333333333
0 0 0 0 0 11 0 0 62.9000316712447 64.4155971363298 512 424 33.3333333333333
0 0 0 0 0 12 0 0 57.6896064134345 61.7256242900768 512 424 33.3333333333333
0 0 0 0 0 13 0 0 57.2802933377908 70.7180095084481 512 424 33.3333333333333
0 0 0 0 0 14 0 0 57.5953354012184 86.2422177834441 512 424 33.3333333333333
0 0 0 0 0 15 0 0 140.612557438581 271.377973741296 512 424 33.3333333333333
0 0 0 0 0 16 0 0 63.7375104123425 61.3773392693028 512 424 33.3333333333333
0 0 0 0 0 17 0 0 62.1111279322775 71.1916873204797 512 424 33.3333333333333
0 0 0 0 0 18 0 0 63.0098294152193 86.1795514880718 512 424 33.3333333333333
0 0 0 0 0 19 0 0 191.414739609539 336.163348301902 512 424 33.3333333333333
0 0 0 0 0 20 0 0 59.9602763612522 43.1903374119727 512 424 33.3333333333333
0 0 0 0 0 21 0 0 59.3520211502817 94.3563528592363 512 424 33.3333333333333
0 0 0 0 0 22 0 0 56.0833102770302 88.0695566783918 512 424 33.3333333333333
0 0 0 0 0 23 0 0 62.3469925492874 66.6609419043234 512 424 33.3333333333333
0 0 0 0 0 24 0 0 61.8298946731937 63.2347266674371 512 424 33.3333333333333
0 0 0 0 0 0 0 0 60.7058199178425 61.5449892775642 512 424 83.3333333333333
0 0 0 0 0 1 0 0 60.2829607829005 51.0267921446638 512 424 83.3333333333333
0 0 0 0 0 2 0 0 59.857313610065 40.586514988408 512 424 83.3333333333333
0 0 0 0 0 3 0 0 59.7686903150711 35.238561192777 512 424 83.3333333333333
0 0 0 0 0 4 0 0 53.4921777256441 45.3206951908719 512 424 83.3333333333333
0 0 0 0 0 5 0 0 133.142049551247 139.906456962518 512 424 83.3333333333333
0 0 0 0 0 6 0 0 143.916395156075 155.00815036594 512 424 83.3333333333333
0 0 0 0 0 7 0 0 144.016113039413 164.520994445078 512 424 83.3333333333333
0 0 0 0 0 8 0 0 66.615766996791 44.7165906595728 512 424 83.3333333333333
0 0 0 0 0 9 0 0 68.1805604345642 54.2882560645684 512 424 83.3333333333333
0 0 0 0 0 10 0 0 65.6252627167364 61.9524867539169 512 424 83.3333333333333
0 0 0 0 0 11 0 0   512 424 83.3333333333333
0 0 0 0 0 12 0 0 57.6812159876173 61.7186805515814 512 424 83.3333333333333
0 0 0 0 0 13 0 0 57.2780012584796 70.7284578601981 512 424 83.3333333333333
0 0 0 0 0 14 0 0 57.619161892261 86.283899154726 512 424 83.3333333333333
0 0 0 0 0 15 0 0   512 424 83.3333333333333
0 0 0 0 0 16 0 0 63.7289455352841 61.3743961857388 512 424 83.3333333333333
0 0 0 0 0 17 0 0 62.1084566150358 71.1886195100496 512 424 83.3333333333333
0 0 0 0 0 18 0 0 62.9890925441284 86.2207038978594 512 424 83.3333333333333
0 0 0 0 0 19 0 0 NaN NaN 512 424 83.3333333333333
0 0 0 0 0 20 0 0 59.9637367569955 43.1904958397675 512 424 83.3333333333333
0 0 0 0 0 21 0 0 59.0627485793509 94.2439546331319 512 424 83.3333333333333
0 0 0 0 0 22 0 0 55.0586986590585 86.940486908233 512 424 83.3333333333333
0 0 0 0 0 23 0 0 63.4792643794736 66.3610324238653 512 424 16.6666666666667
0 0 0 0 0 24 0 0 63.0481936153756 62.6109051681847 512 424 16.6666666666667
0 0 0 0 0 0 0 0 60.7060084414166 61.5450090546877 512 424 83.3333333333333
0 0 0 0 0 1 0 0 60.2832854613728 51.0268240823459 512 424 83.3333333333333
0 0 0 0 0 2 0 0 59.8580104866912 40.5865424104988 512 424 83.3333333333333
0 0 0 0 0 3 0 0 59.7682931981648 35.2384804145197 512 424 83.3333333333333
0 0 0 0 0 4 0 0 53.4892188314533 45.3123354538499 512 424 83.3333333333333
0 0 0 0 0 5 0 0 133.147659345392 139.905547416262 512 424 83.3333333333333
0 0 0 0 0 6 0 0 143.915836155279 155.002737603654 512 424 83.3333333333333
0 0 0 0 0 7 0 0 144.016113039413 164.520994445078 512 424 83.3333333333333
0 0 0 0 0 8 0 0 66.6156675276199 44.7164551730595 512 424 83.3333333333333
0 0 0 0 0 9 0 0 68.1810971257627 54.2880718889826 512 424 83.3333333333333
0 0 0 0 0 10 0 0 65.6246410225346 61.9574941073204 512 424 83.3333333333333
0 0 0 0 0 11 0 0   512 424 83.3333333333333
0 0 0 0 0 12 0 0 57.6816455632935 61.7186925306296 512 424 83.3333333333333
0 0 0 0 0 13 0 0 57.2779157864461 70.7284288143035 512 424 83.3333333333333
0 0 0 0 0 14 0 0 57.6182204677986 86.2834864479732 512 424 83.3333333333333
0 0 0 0 0 15 0 0   512 424 83.3333333333333
0 0 0 0 0 16 0 0 63.7290355779027 61.3744302230502 512 424 83.3333333333333
0 0 0 0 0 17 0 0 62.108524312069 71.1885821524481 512 424 83.3333333333333
0 0 0 0 0 18 0 0 62.9903584260418 86.2186594351761 512 424 83.3333333333333
0 0 0 0 0 19 0 0 NaN NaN 512 424 83.3333333333333
0 0 0 0 0 20 0 0 59.9643195948467 43.1905352470532 512 424 83.3333333333333
0 0 0 0 0 21 0 0 58.9773063270848 94.2182850851445 512 424 83.3333333333333
0 0 0 0 0 22 0 0 55.3595563351778 87.1462131918902 512 424 83.3333333333333
0 0 0 0 0 23 0 0 63.4792643794736 66.3610324238653 512 424 33.3333333333333
0 0 0 0 0 24 0 0 63.0592557718432 62.6149918215108 512 424 33.3333333333333
0 0 0 0 0 0 0 0 60.7063710899229 61.5448025627428 512 424 83.3333333333333
0 0 0 0 0 1 0 0 60.2844849337663 51.0265218278816 512 424 83.3333333333333
0 0 0 0 0 2 0 0 59.8609331125641 40.58629150206 512 424 83.3333333333333
0 0 0 0 0 3 0 0 59.7687573357832 35.2375009818877 512 424 83.3333333333333
0 0 0 0 0 4 0 0 53.4862094292445 45.3204133710317 512 424 83.3333333333333
0 0 0 0 0 5 0 0 49.7968561649 63.8697115421932 512 424 83.3333333333333
0 0 0 0 0 6 0 0 143.892475230626 154.99788915862 512 424 83.3333333333333
0 0 0 0 0 7 0 0 143.912499279626 164.422259590584 512 424 83.3333333333333
0 0 0 0 0 8 0 0 66.6165193117091 44.7169147659634 512 424 83.3333333333333
0 0 0 0 0 9 0 0 68.1822619648452 54.2905243917124 512 424 83.3333333333333
0 0 0 0 0 10 0 0 65.6526574744113 61.9603662907577 512 424 83.3333333333333
0 0 0 0 0 11 0 0   512 424 83.3333333333333
0 0 0 0 0 12 0 0 57.6820361119264 61.7184946807451 512 424 83.3333333333333
0 0 0 0 0 13 0 0 57.2785781215987 70.7290046403616 512 424 83.3333333333333
0 0 0 0 0 14 0 0 57.6145372169374 86.2815271974347 512 424 83.3333333333333
0 0 0 0 0 15 0 0   512 424 83.3333333333333
0 0 0 0 0 16 0 0 63.7299633309772 61.3741796866285 512 424 83.3333333333333
0 0 0 0 0 17 0 0 62.1104507373799 71.1891504558052 512 424 83.3333333333333
0 0 0 0 0 18 0 0 62.9876793732032 86.2212854616473 512 424 83.3333333333333
0 0 0 0 0 19 0 0 414.613731135213 668.894450449232 512 424 83.3333333333333
0 0 0 0 0 20 0 0 59.9665807768028 43.1902757937518 512 424 83.3333333333333
0 0 0 0 0 21 0 0 58.0296745631463 93.3254025780889 512 424 83.3333333333333
0 0 0 0 0 22 0 0 55.6767946669514 87.4056313700857 512 424 83.3333333333333
0 0 0 0 0 23 0 0 63.5415670463919 66.4945764251578 512 424 66.6666666666667
0 0 0 0 0 24 0 0 63.1774912588613 62.7403035906853 512 424 66.6666666666667
0 0 0 0 0 0 0 0 60.7059157212393 61.5447675902668 512 424 83.3333333333333
0 0 0 0 0 1 0 0 60.2831520647555 51.0263866631711 512 424 83.3333333333333
0 0 0 0 0 2 0 0 59.8586359308293 40.5865412327414 512 424 83.3333333333333
0 0 0 0 0 3 0 0 59.7676210485372 35.2372769146179 512 424 83.3333333333333
0 0 0 0 0 4 0 0 53.4864646044371 45.3240226140855 512 424 66.6666666666667
0 0 0 0 0 5 0 0 49.811263788854 63.8589342289821 512 424 66.6666666666667
0 0 0 0 0 6 0 0 143.8821716059 154.990800453706 512 424 83.3333333333333
0 0 0 0 0 7 0 0 143.876123586473 164.378465244013 512 424 83.3333333333333
0 0 0 0 0 8 0 0 66.6171534818946 44.7160837363429 512 424 83.3333333333333
0 0 0 0 0 9 0 0 68.1822445869653 54.2898556208439 512 424 83.3333333333333
0 0 0 0 0 10 0 0 65.6524921550901 61.9637302700737 512 424 83.3333333333333
0 0 0 0 0 11 0 0   512 424 83.3333333333333
0 0 0 0 0 12 0 0 57.6813693551992 61.7185617570005 512 424 83.3333333333333
0 0 0 0 0 13 0 0 57.2776981527927 70.7284702698081 512 424 66.6666666666667
0 0 0 0 0 14 0 0 57.6102766172482 86.2835005338622 512 424 66.6666666666667
0 0 0 0 0 15 0 0 113.583914237617 220.439554110831 512 424 66.6666666666667
0 0 0 0 0 16 0 0 63.7297204452252 61.3740780054152 512 424 66.6666666666667
0 0 0 0 0 17 0 0 62.1110706239099 71.1840482750749 512 424 66.6666666666667
0 0 0 0 0 18 0 0 62.9889501371591 86.2198877220575 512 424 66.6666666666667
0 0 0 0 0 19 0 0 NaN NaN 512 424 66.6666666666667
0 0 0 0 0 20 0 0 59.9645502224446 43.1903896863705 512 424 83.3333333333333
0 0 0 0 0 21 0 0 58.1045297681026 93.2789655609645 512 424 83.3333333333333
0 0 0 0 0 22 0 0 55.8456035374173 87.5653490677208 512 424 83.3333333333333
0 0 0 0 0 23 0 0 63.5349054127786 66.4958628764051 512 424 66.6666666666667
0 0 0 0 0 24 0 0 63.1460836734758 62.7403267286408 512 424 66.6666666666667
