First JointType Second JointType  Angle   IsImportant?(%)
3 20 3.42865013981571 40
2 1 0.00929997655959153 60
2 8 1.4630129162653 60
2 4 0.822250251109799 60
20 0 0.0528636980682161 60
1 16 0.257354803371486 60
1 12 0.248934718070148 60
20 9 49.2043247247342 60
20 5 0.52958562476653 60
0 17 1.35862486747691 60
0 13 1.90034968963603 80
8 10 66.8509575511138 60
9 11 65.0012210373112 60
9 24 57.648303713353 40
10 23 61.8277480061795 60
4 6 1.58056845724268 60
5 7 1.26003950349935 80
5 22 5.24235272793711 80
6 21 0.85675807702363 60
16 18 1.28250147927487 60
17 19 1.43263923103638 60
12 14 0.928796318581142 40
13 15 2.82427799380511 80
3 20 3.27512341671349 60
2 1 0.0202254979402809 80
2 8 1.46532775900887 60
2 4 0.890607033705983 60
20 0 0.0372481573278982 60
1 16 0.279745115408351 80
1 12 0.276369192580915 80
20 9 49.3167105780526 80
20 5 0.438540322875309 80
0 17 1.37048202276029 80
0 13 1.90962253052884 40
8 10 66.8110139114033 80
9 11 65.1666485882468 80
9 24 57.8504061625131 80
10 23 62.2273013295602 80
4 6 1.60023937059163 80
5 7 1.73041278141647 80
5 22 5.77474454796812 20
6 21 1.84279072380512 80
16 18 1.2744512652072 80
17 19 1.43560386211227 60
12 14 0.943739066823488 80
13 15 2.93222928451862 80
3 20 3.27269302544319 60
2 1 0.00811505511139823 60
2 8 1.48597237054233 60
2 4 0.858914657636211 60
20 0 0.0310880100852352 60
1 16 0.293816218584551 60
1 12 0.301609243162987 60
20 9 49.3930575925654 80
20 5 0.343456038595957 60
0 17 1.37935326014572 60
0 13 1.85787456073967 60
8 10 66.7634905243075 80
9 11 65.289398044061 80
9 24 57.1621953377535 60
10 23 62.4977640828509 80
4 6 1.45973961251218 80
5 7 1.47468815155728 60
5 22 3.17775262168477 80
6 21 3.42855333163967 60
16 18 1.33106180648105 80
17 19 1.29386283102864 80
12 14 0.866425248469722 80
13 15 3.11494845546434 80
3 20 3.22350090104203 80
2 1 0.00679223161121288 80
2 8 1.44222733122069 80
2 4 0.850320857574983 80
20 0 0.038959530508579 80
1 16 0.291018235016966 80
1 12 0.300530357016471 60
20 9 49.443014474745 60
20 5 0.384258477388591 60
0 17 1.34377338363582 60
0 13 1.76244604922771 60
8 10 66.7239309975161 60
9 11 65.2048884790311 40
9 24 57.4526800433227 60
10 23 62.5933110249042 60
4 6 1.17129716386323 60
5 7 1.66418863434061 40
5 22 2.84577016722792 40
6 21 3.37213342370237 40
16 18 1.71055834195614 40
17 19 1.01075261459755 40
12 14 0.772719614702398 60
13 15 3.21034071530378 60
3 20 3.23383336770813 60
2 1 0.0133739218268356 40
2 8 1.44505892801573 40
2 4 0.867122500627283 60
20 0 0.0409211002519533 60
1 16 0.305142318056871 40
1 12 0.334339943442017 80
20 9 49.6818803748061 60
20 5 1.59333853323614 80
0 17 1.34585876703752 80
0 13 1.82035190594115 80
8 10 66.2419639594498 80
9 11 65.9688788172175 80
9 24 62.9416666541256 80
10 23 63.4900691751438 60
4 6 1.40123129973384 80
5 7 1.44457511182237 80
5 22 7.74674078129082 40
6 21 2.97840294774698 60
16 18 1.72671611678805 60
17 19 1.01223126224252 40
12 14 0.808590223757402 80
13 15 3.10456672976658 60
3 20 3.3132230174729 60
2 1 0.0399049178948035 60
2 8 1.43184594583757 60
2 4 0.816721895833919 60
20 0 0.0482036143301422 60
1 16 0.34695687644223 60
1 12 0.402214398228502 60
20 9 49.8932674879512 80
20 5 3.13521311464626 80
0 17 1.35152063586479 40
0 13 1.97850073433239 60
8 10 66.000283775808 60
9 11 66.5371254124429 60
9 24 62.8101587759993 60
10 23 64.528075764774 60
4 6 1.23890352369493 60
5 7 1.43212569877709 60
5 22 5.54791082533073 80
6 21 3.50203542390434 60
16 18 1.72944135179782 60
17 19 1.19077338419518 60
12 14 0.876707010407411 60
13 15 3.00945570187858 60
3 20 3.04791987495668 60
2 1 0.0402217609811675 60
2 8 1.32482215198515 60
2 4 0.792790761490886 60
20 0 0.0749193424394485 60
1 16 0.367382517137696 60
1 12 0.41458247404194 60
20 9 49.8881002307344 60
20 5 3.62191232011981 60
0 17 1.30991829882203 60
0 13 1.89038121191753 60
8 10 66.1368931229397 60
9 11 69.2050019163724 60
9 24 66.0391010995088 40
10 23 67.8866898394159 60
4 6 3.38738693272123 40
5 7 1.77692031087696 60
5 22 6.74437964487795 80
6 21 4.11467022485925 60
16 18 1.84200570293146 60
17 19 0.925199458174288 60
12 14 0.869029268763494 60
13 15 2.72282893228774 60
3 20 3.2811267494881 80
2 1 0.111969202439294 80
2 8 1.53594341599997 80
2 4 0.760542289280855 80
20 0 0.0645029435277623 80
1 16 0.35642589339612 80
1 12 0.51297465211508 80
20 9 2.46492351882163 40
20 5 7.70655195865342 60
0 17 1.24668325659988 80
0 13 2.14645775448651 80
8 10 7.32503870946202 80
9 11 14.4253537235635 60
9 24 23.8728957364411 60
10 23 16.6828353500993 80
4 6 4.83236214245471 80
5 7 11.7363712224013 80
5 22 6.19747833017907 80
6 21 10.9392943966888 80
16 18 1.86657817918121 80
17 19 1.19849583102184 80
12 14 0.934114394833524 80
13 15 4.9294755656865 80
3 20 3.51280163759104 80
2 1 0.0753957775183976 80
2 8 1.69404355183204 80
2 4 0.79253316040245 60
20 0 0.051682067403414 80
1 16 0.348235642384536 80
1 12 0.425312252386157 60
20 9 3.1779883564225 80
20 5 14.3085637327333 80
0 17 1.28582664164464 80
0 13 1.93052161244726 60
8 10 12.151001228264 60
9 11 15.121274183894 60
9 24 22.4676558801541 80
10 23 17.2937829339077 80
4 6 5.12043750794494 80
5 7 13.1538088218116 80
5 22 17.6460133387019 80
6 21 10.9543207964488 80
16 18 1.91871510357891 80
17 19 1.22996259513785 80
12 14 0.934423965681974 80
13 15 5.22018337944476 80
3 20 3.05346837870985 60
2 1 0.0459049293592455 60
2 8 1.60286485307888 60
2 4 0.657892794281643 60
20 0 0.151341446694018 60
1 16 0.368274617551119 60
1 12 0.402524940828007 60
20 9 49.6425733605379 60
20 5 17.5464822841439 60
0 17 1.12366207337915 60
0 13 1.69148785234896 60
8 10 68.7677520748314 60
9 11 68.4781342943796 60
9 24 61.8590160459728 60
10 23 16.337548053704 60
4 6 26.2400049537896 60
5 7 30.8180560971905 60
5 22 39.9107426908255 80
6 21 9.89044953793231 60
16 18 1.80558343522261 60
17 19 0.879499500221259 60
12 14 0.952442725016129 40
13 15 5.04320955533 80
3 20 2.82107380121125 80
2 1 0.0388729168255143 80
2 8 1.43086887555352 60
2 4 0.563596143933063 60
20 0 0.15835942540714 60
1 16 0.376520665247377 60
1 12 0.47537026427936 60
20 9 50.2668025933371 60
20 5 16.7084654767094 60
0 17 1.11011413970931 60
0 13 1.67462365217252 60
8 10 65.9095079116529 60
9 11 67.2529626375656 60
9 24 62.0461128190094 60
10 23 12.7308034963253 80
4 6 27.8735817467946 80
5 7 67.5661249057774 80
5 22 44.0126877746302 80
6 21 65.3144165898415 60
16 18 1.66397013864803 40
17 19 0.66206847454039 60
12 14 1.13291249712769 80
13 15 3.56274425806984 60
3 20 2.31680521052436 80
2 1 0.248604620830309 80
2 8 3.63843445395864 80
2 4 0.887396277215997 80
20 0 0.322334266484607 80
1 16 0.602234562403155 80
1 12 0.665614452424399 80
20 9 50.2312629849923 60
20 5 15.2849389310441 80
0 17 1.77258651287378 80
0 13 1.5663747801961 80
8 10 65.9590391620371 80
9 11 68.1377301907359 40
9 24 62.0390586076943 40
10 23 10.0983163270961 60
4 6 23.1330170010156 40
5 7 67.5462584787545 60
5 22 55.2175558387681 80
6 21 63.9751970647499 80
16 18 1.78936338542332 80
17 19 0.276899161325043 60
12 14 1.16359139939183 60
13 15 3.37135552046647 60
3 20 3.15834193579937 80
2 1 0.160757622120231 80
2 8 6.31640695761273 80
2 4 1.63097459632053 80
20 0 0.607666334933192 80
1 16 0.290574591382697 80
1 12 0.356947254138656 80
20 9 64.5543078812862 60
20 5 14.2748297707353 40
0 17 1.71300497085237 80
0 13 1.73499459140763 80
8 10 66.5178462281706 80
9 11 76.1018388825609 60
9 24 69.9618321504656 60
10 23 70.1363497479739 80
4 6 35.7691815471 60
5 7 15.4296008583537 80
5 22 16.0648314768567 80
6 21 31.6184755084681 80
16 18 1.69148278180337 80
17 19 1.52996205502443 80
12 14 0.995770320090438 80
13 15 3.2701017185749 80
3 20 2.8705924016466 80
2 1 0.159243761162828 80
2 8 7.00142485674923 80
2 4 1.71897335524913 80
20 0 0.584572608754966 60
1 16 0.237222226515777 60
1 12 0.309617409630796 60
20 9 66.8948709501589 60
20 5 67.9367742393088 40
0 17 1.47573901610385 60
0 13 1.75792008282098 60
8 10 64.5482402267679 60
9 11 78.8784760595256 60
9 24 73.0394301928893 60
10 23 69.4273910504895 80
4 6 67.9314622147598 60
5 7 74.0374973510818 80
5 22 63.9318234280166 80
6 21 32.4388332332092 80
16 18 1.64636240513309 80
17 19 1.53409919343989 80
12 14 0.971246321252858 80
13 15 3.35203757041475 80
3 20 1.75811126632659 80
2 1 0.216852490245094 80
2 8 9.63751982034913 80
2 4 5.83865981027119 80
20 0 0.358753250233877 80
1 16 0.365085448496544 80
1 12 0.356022486737502 80
20 9 65.5796991712665 40
20 5 68.2257244350775 40
0 17 1.67896148955456 40
0 13 1.58925029277792 40
8 10 56.401812627171 60
9 11 74.6148837435244 80
9 24 72.6001558664215 80
10 23 73.0160658142181 80
4 6 68.7376371083634 60
5 7 74.806425032149 60
5 22 61.4432453479995 60
6 21 36.1722977435999 60
16 18 1.95222143023034 80
17 19 1.84221448541752 60
12 14 1.19072266070918 40
13 15 3.631689233133 40
3 20 2.11424696471767 60
2 1 0.0771606761661612 60
2 8 2.32529359032261 60
2 4 8.36137974550989 80
20 0 0.285911476421041 80
1 16 0.747672167598522 60
1 12 0.732101447899331 80
20 9 71.996138404736 40
20 5 69.2137937961508 80
0 17 1.03071386667805 80
0 13 1.60506023130535 60
8 10 71.6415157056369 60
9 11 89.456797767126 40
9 24 81.1675427660556 80
10 23 90.1593361595596 80
4 6 68.6646828209836 80
5 7 76.3254633569503 80
5 22 60.1849613643383 80
6 21 8.6538713915231 80
16 18 2.07608442675469 80
17 19 1.78393797584823 80
12 14 2.99971677924127 80
13 15 6.9394693870534 80
3 20 2.30514731691854 60
2 1 0.0809371128253941 60
2 8 2.52257944586549 40
2 4 8.4580130752828 60
20 0 0.282634252807462 40
1 16 0.821898676788031 40
1 12 0.805289673940031 40
20 9 68.9342545810733 60
20 5 66.9730936815399 60
0 17 1.02393362333003 80
0 13 1.62650134213871 60
8 10 63.5841042278983 80
9 11 78.7390800801264 60
9 24 73.3042234675846 80
10 23 8.07560470529869 80
4 6 68.4907476033053 80
5 7 75.4748575651629 80
5 22 59.5263016554722 80
6 21 20.9429150360271 60
16 18 1.99976032409372 60
17 19 1.78785715073781 60
12 14 2.98378470822273 60
13 15 7.11913955889339 60
3 20 2.63654040976469 60
2 1 0.0963384691809795 60
2 8 2.68965481266603 60
2 4 8.64681370208915 60
20 0 0.220140196272835 60
1 16 0.915394022258836 80
1 12 0.915927990226786 60
20 9 65.676582773333 60
20 5 64.7315808068501 60
0 17 1.07217627700038 80
0 13 1.78528924559071 40
8 10 63.2813170940594 40
9 11 79.1486507647706 40
9 24 72.3183729494409 80
10 23 8.54163415048124 80
4 6 67.9714624936256 80
5 7 74.0380019083061 80
5 22 64.1136374256059 80
6 21 22.5226242606124 80
16 18 3.17049049394196 80
17 19 2.37615531813851 80
12 14 2.69563604353177 80
13 15 6.91907774616995 80
3 20 2.96531546823902 60
2 1 0.104228836741707 60
2 8 6.36243634191604 40
2 4 8.64460982268426 40
20 0 0.212606860862182 60
1 16 1.44356762760978 60
1 12 1.40820442835388 40
20 9 65.8165789467439 60
20 5 64.0108257302015 60
0 17 1.02892555666477 60
0 13 1.97331403301421 80
8 10 63.3837542862514 60
9 11 78.8977818048525 80
9 24 70.0389791695512 80
10 23 6.82017675111835 80
4 6 67.7716531182884 80
5 7 86.6806476870234 80
5 22 63.8738164019099 80
6 21 65.2129198438535 80
16 18 3.59240802059198 80
17 19 2.82111206255579 60
12 14 2.47829141679797 60
13 15 7.01333052832717 60
3 20 3.42027084758351 60
2 1 0.103621426918001 60
2 8 45.09920438021 60
2 4 8.72547321899768 40
20 0 0.20867705787723 40
1 16 1.47156146534505 40
1 12 1.44218577724425 40
20 9 66.1971992692731 40
20 5 64.5774346168221 40
0 17 1.03387264275787 40
0 13 1.89154104478768 40
8 10 63.5575526194615 40
9 11 76.8143075613391 60
9 24 65.8167998258207 60
10 23 18.0663569847784 80
4 6 68.1196039433483 60
5 7 87.5269322305217 60
5 22 64.9941831702508 60
6 21 65.0604106391979 40
16 18 3.63412917969845 40
17 19 2.84910611518396 60
12 14 2.55072122425005 80
13 15 7.29570552931171 80
3 20 3.09525883666821 60
2 1 0.0919459570611797 60
2 8 46.8519341657328 60
2 4 6.25526778192117 60
20 0 0.191765787648618 60
1 16 2.11031641320114 60
1 12 2.09151380294837 60
20 9 64.3776381156525 60
20 5 62.1862789039638 60
0 17 1.39741326322873 40
0 13 2.72281104683918 60
8 10 60.1012380410783 60
9 11 75.3030814797124 60
9 24 68.4846722607773 60
10 23 19.5427039758751 60
4 6 70.1582179995135 60
5 7 82.0766707963638 60
5 22 67.6584666262213 60
6 21 60.8388441055103 60
16 18 9.78441060658973 60
17 19 1.79057140990853 40
12 14 13.0532747464774 80
13 15 18.9939901888517 80
3 20 3.99331277373955 40
2 1 0.0868180322045527 40
2 8 47.5355352496355 40
2 4 6.11673763412809 40
20 0 0.0783297642508293 60
1 16 2.56695059436965 60
1 12 2.52007289212762 60
20 9 60.4534847627308 60
20 5 64.0490772988813 60
0 17 1.58081225267421 60
0 13 5.65669663530372 60
8 10 58.7523368799326 80
9 11 72.6710770154738 80
9 24 74.4060160504053 80
10 23 18.6569743620976 40
4 6 70.6418352419568 80
5 7 80.6080437761371 80
5 22 68.278682926617 80
6 21 62.3623310819939 80
16 18 70.9199283424245 80
17 19 71.7575463722784 80
12 14 71.8385447533799 80
13 15 69.1369973926499 80
3 20 4.17672705556407 60
2 1 0.120478032585399 60
2 8 47.0158747835228 80
2 4 6.09495147271552 80
20 0 0.0221856831742706 80
1 16 2.50315534653547 80
1 12 2.4548151278088 60
20 9 61.2298054046789 60
20 5 65.0111581148722 40
0 17 4.72249103302071 40
0 13 5.02962216117147 60
8 10 57.7128057085625 60
9 11 72.3273600947475 60
9 24 77.1293847006279 60
10 23 19.6424875930492 60
4 6 71.3899290139579 80
5 7 80.3060939993545 80
5 22 62.3086606332142 60
6 21 62.3939109011302 60
16 18 70.138587870274 60
17 19 70.1171473245061 80
12 14 70.3714232533931 80
13 15 86.5748620719614 60
3 20 5.31036968339996 60
2 1 0.0942695417961581 60
2 8 48.9158254148125 60
2 4 6.36437110984513 60
20 0 0.0728649998325872 60
1 16 3.55971547466097 60
1 12 3.44081450474218 60
20 9 61.1696459476016 60
20 5 66.5003727169671 60
0 17 5.13362193400709 80
0 13 7.92379414228946 60
8 10 58.9786622465972 60
9 11 88.8881212860236 40
9 24 74.1793993323799 60
10 23 85.8948410818149 60
4 6 64.0323447819223 80
5 7 88.5271099029074 80
5 22 66.9238049747933 60
6 21 88.074381255847 60
16 18 17.5796008002568 60
17 19 69.4929021781025 40
12 14 22.5237956193918 80
13 15 67.3393009319309 60
3 20 5.65957039255861 80
2 1 0.142627760075191 60
2 8 49.1090832140039 60
2 4 7.1137507524769 60
20 0 0.343945093289053 80
1 16 3.59450579641592 80
1 12 3.48501020198049 80
20 9 58.6360294617903 80
20 5 66.5891274596338 80
0 17 1.15183226002381 40
0 13 8.01617951217932 80
8 10 60.7427513135483 80
9 11 87.0203648713608 80
9 24 73.4135300863917 80
10 23 83.5735185133188 80
4 6 64.3754708363329 80
5 7 87.6804220794416 20
5 22 69.7649011180824 80
6 21 70.360260885042 80
16 18 70.5352955667273 60
17 19 87.661482846926 80
12 14 25.6654111581647 80
13 15 35.1620875043232 80
3 20 6.2289500931888 60
2 1 0.141268653699273 60
2 8 49.393838303818 60
2 4 7.01322209154567 60
20 0 0.344148160772817 60
1 16 3.64864704785814 60
1 12 3.53906778442796 80
20 9 58.5821670021134 60
20 5 66.530030928016 60
0 17 10.0428017835226 60
0 13 13.655260130225 80
8 10 61.3498390141011 80
9 11 87.9395422981163 60
9 24 72.4741909311078 80
10 23 84.4080226995688 80
4 6 65.3590657131655 60
5 7 85.5182492315032 80
5 22 68.5944084905253 60
6 21 67.8324067625184 80
16 18 70.5352955667273 80
17 19 87.661482846926 80
12 14 31.9291160259707 80
13 15 25.6056723941008 80
3 20 7.23881510011211 80
2 1 0.0264752485470047 80
2 8 48.2817905913859 80
2 4 10.2765445496879 80
20 0 0.0534207120036244 80
1 16 3.33250846985872 60
1 12 3.27862734403752 60
20 9 58.3205379738698 60
20 5 63.8320135083658 60
0 17 9.86137083223545 60
0 13 13.1614423605796 60
8 10 62.0785350317211 40
9 11 84.9419726242727 60
9 24 72.3005284909022 60
10 23 66.6772374753837 60
4 6 72.886170170668 40
5 7 80.4473723900024 40
5 22 62.5255033638554 40
6 21 63.1555265579284 40
16 18 70.5153465343814 40
17 19 70.1232286155385 60
12 14 29.0498850362193 60
13 15 21.4069903765791 40
3 20 7.85752329055454 40
2 1 0.0375995159324174 40
2 8 48.9026403391342 60
2 4 8.45855539611873 60
20 0 0.035402319608966 40
1 16 3.2588194997552 80
1 12 3.22687521936175 60
20 9 58.8023065318631 80
20 5 60.9077306831602 80
0 17 16.4571692525163 80
0 13 12.65664781194 80
8 10 61.5816166944829 80
9 11 85.1217905195425 80
9 24 66.5153070341338 60
10 23 66.7091824890174 80
4 6 69.0683545232491 80
5 7 85.172249101995 40
5 22 65.4143827393791 60
6 21 83.4490333062544 60
16 18 28.7778884072794 40
17 19 70.9849227047796 80
12 14 24.7043716375576 60
13 15 67.4213108560383 80
3 20 7.42682269596278 60
2 1 0.0163252376138935 60
2 8 48.9611548324798 60
2 4 8.97621710860735 60
20 0 0.0388777592428946 60
1 16 3.30075210530967 60
1 12 3.26944518507815 80
20 9 57.8166596521947 80
20 5 61.9568559160119 40
0 17 14.8829411169971 60
0 13 13.6110999782071 60
8 10 61.3642067805213 60
9 11 73.1975580630475 60
9 24 69.3548451660688 60
10 23 26.8032783903054 60
4 6 69.1611752415896 60
5 7 84.2307372184588 80
5 22 63.2099730619155 60
6 21 78.052995566286 60
16 18 26.5003321258494 60
17 19 88.3863873303108 60
12 14 25.1125794302325 60
13 15 67.164500560383 40
3 20 6.9117478009836 60
2 1 0.0257015243741544 60
2 8 48.8362919522414 60
2 4 9.71845840707629 60
20 0 0.03014043928979 60
1 16 2.4684517793498 60
1 12 2.44272209773821 60
20 9 57.9905192576745 60
20 5 61.678134368795 60
0 17 15.1973451342471 60
0 13 43.739258176609 60
8 10 62.2309933718434 60
9 11 73.0082770021965 40
9 24 63.9999783780565 60
10 23 24.2601547079514 40
4 6 78.6004214964384 60
5 7 69.5488945220546 80
5 22 77.6069106224733 60
6 21 84.8481567571334 60
16 18 26.7726355617054 60
17 19 89.4315929843266 60
12 14 67.4183148536067 60
13 15 88.7917658088678 40
3 20 6.62332338509134 80
2 1 0.0111132953532401 80
2 8 49.8676423239654 80
2 4 9.163380098024 80
20 0 0.0150971726451289 80
1 16 3.509255688892 80
1 12 3.48725511764721 40
20 9 58.3708793795258 60
20 5 60.6076645673629 80
0 17 16.4979308669972 80
0 13 43.3818619542985 80
8 10 63.716987331054 60
9 11 73.7315631766604 60
9 24 67.3840574508256 80
10 23 29.5627483138533 80
4 6 77.6516699263012 80
5 7 75.018838054821 80
5 22 78.3328724734891 80
6 21 82.6331405824272 80
16 18 28.4797973380676 80
17 19 91.5216348984929 80
12 14 67.4975800770059 80
13 15 89.0023846573513 80
3 20 6.10213251904526 80
2 1 0.0107120898383162 80
2 8 47.1674453883506 60
2 4 11.0022949621886 80
20 0 0.0199042446453595 80
1 16 2.51249737263634 60
1 12 2.51462909331555 80
20 9 59.6458328207901 80
20 5 63.1702962710056 80
0 17 16.1229627831947 60
0 13 13.8607382831804 60
8 10 65.3793702817703 60
9 11 72.4193389633901 80
9 24 70.2728840287172 80
10 23 26.9789052954742 80
4 6 73.2542221592254 80
5 7 80.7076537683819 80
5 22 74.9133707008279 80
6 21 80.1776894971491 80
16 18 28.3915607168946 80
17 19 88.510969627156 80
12 14 25.7120962108612 80
13 15 66.4937088098219 80
3 20 6.03062848555811 60
2 1 0.00922958035276809 60
2 8 47.4644566211685 60
2 4 11.0776906036868 60
20 0 0.0254018536058794 60
1 16 2.43934365177279 60
1 12 2.4704426308367 60
20 9 59.9334480408226 60
20 5 63.2445209511185 60
0 17 15.030428819173 60
0 13 9.48735838673697 60
8 10 64.9570424156642 60
9 11 71.4833948586661 60
9 24 66.5073166134644 60
10 23 24.454815057581 60
4 6 72.9734376202833 60
5 7 80.9155722576753 80
5 22 73.0660682221348 60
6 21 80.9741321939581 60
16 18 27.877163606518 60
17 19 88.510969627156 40
12 14 19.2968120978168 80
13 15 25.8501924396157 60
3 20 5.98247416199139 80
2 1 0.085726617488765 60
2 8 48.8208736689573 60
2 4 9.84642350947877 60
20 0 0.24280933116158 60
1 16 2.01772927330968 60
1 12 2.06168188551812 60
20 9 63.0521828427083 60
20 5 62.3034981095452 60
0 17 14.9872447115365 60
0 13 11.6651368441562 60
8 10 65.5859320533369 60
9 11 70.1096445054857 60
9 24 69.1666776743162 80
10 23 24.5542811477868 80
4 6 72.7439056224927 80
5 7 83.7098376493655 80
5 22 72.2201098273507 60
6 21 76.6232641333753 40
16 18 28.2750789640322 60
17 19 89.3867666563681 80
12 14 20.4615505474597 60
13 15 24.8113929104953 80
3 20 5.86408283041279 80
2 1 0.060945527446371 80
2 8 48.9562107397894 80
2 4 9.79383641592847 80
20 0 0.221497121284514 80
1 16 1.9989012389259 80
1 12 2.0445114527287 60
20 9 61.9701699738901 80
20 5 61.7963091829475 80
0 17 14.8903944587704 80
0 13 11.5612634628134 80
8 10 65.1552498276668 40
9 11 70.3365394605408 40
9 24 73.2128675755951 60
10 23 26.5510619990348 40
4 6 81.1701856092546 60
5 7 83.7098376493655 80
5 22 69.1902941575088 80
6 21 76.6232641333753 80
16 18 27.9628201931766 60
17 19 89.3056237558011 60
12 14 20.4285636614545 60
13 15 23.2984657103119 60
3 20 6.39567091575588 80
2 1 0.169674819985312 80
2 8 46.8287884640488 80
2 4 13.3198211494185 80
20 0 0.403836567985426 80
1 16 1.32927280400523 80
1 12 1.28862514468571 60
20 9 64.392527629556 40
20 5 62.7355718259784 80
0 17 7.15188860225421 80
0 13 10.8422487117329 80
8 10 68.2329935283294 60
9 11 72.4051686542196 60
9 24 69.5723090024458 80
10 23 28.7660238319552 60
4 6 69.1966809370896 80
5 7 85.6312465733948 80
5 22 68.820367790729 80
6 21 83.9930325970825 80
16 18 12.134388863537 80
17 19 70.6063565134085 80
12 14 17.1518363464396 80
13 15 68.5201078406941 80
3 20 6.34545384895681 80
2 1 0.153651049200469 80
2 8 47.0667414858678 80
2 4 13.3033544891666 60
20 0 0.296936788301804 60
1 16 1.33596684790084 60
1 12 1.29392923362824 60
20 9 64.0653854479108 40
20 5 62.081969179141 60
0 17 6.93258215210429 60
0 13 10.8490281725804 60
8 10 66.8599727304367 60
9 11 73.5126022343439 60
9 24 68.007417497655 80
10 23 29.7179883364135 60
4 6 70.8623164664917 80
5 7 86.0559316211446 80
5 22 68.6996791137571 80
6 21 83.0247868772298 80
16 18 12.0322372695698 80
17 19 70.6498979899299 80
12 14 17.1757640624963 80
13 15 67.8681384268351 80
3 20 3.61835722220703 80
2 1 0.138554298524438 80
2 8 47.0945019476386 80
2 4 13.3864602677485 80
20 0 0.192751677787153 80
1 16 0.679607617428834 80
1 12 0.678742182292127 40
20 9 66.0292631383903 40
20 5 62.1762632009826 40
0 17 6.51691567844113 40
0 13 9.62063003284617 60
8 10 64.1915537863487 80
9 11 67.4171778193386 80
9 24 64.7482492716547 80
10 23 86.0471382664149 60
4 6 76.1052946473226 60
5 7 76.437683410538 60
5 22 67.4995643719661 60
6 21 66.1695433435791 80
16 18 10.9668231270231 60
17 19 7.82369171803974 40
12 14 15.1095544439053 40
13 15 67.0451913709712 40
3 20 3.5178031720358 60
2 1 0.0759812295382776 60
2 8 43.7482940707814 80
2 4 16.5042363736181 80
20 0 0.0811756414110994 60
1 16 1.84936092712452 80
1 12 1.83458712032148 40
20 9 64.8559052149015 80
20 5 67.1910449148541 80
0 17 4.50615170434006 60
0 13 10.5390896146463 60
8 10 62.7330242396571 40
9 11 76.1740156625363 80
9 24 68.7852444292916 80
10 23 81.6580273505084 80
4 6 71.764010901779 80
5 7 81.4136770173244 80
5 22 63.4053919382596 80
6 21 64.9366572507914 80
16 18 2.71091294224753 80
17 19 3.27576099290099 80
12 14 14.5468740132839 80
13 15 13.7482340423913 80
3 20 3.38458617057645 60
2 1 0.0737467439814027 40
2 8 48.2379097674898 60
2 4 13.4726684979851 40
20 0 0.104639687285254 40
1 16 2.11562515928871 40
1 12 2.13078531064958 60
20 9 65.7036163728874 60
20 5 64.569445571003 80
0 17 5.17208306086192 60
0 13 9.77598220296999 80
8 10 61.1629790384417 60
9 11 86.9330908369163 80
9 24 68.1245547208064 80
10 23 84.9389280857104 80
4 6 64.8271994705063 80
5 7 73.1517106513081 80
5 22 70.3224578762613 60
6 21 60.2532007726641 60
16 18 2.72025212999565 60
17 19 2.19743792636633 60
12 14 13.0396703729473 60
13 15 13.6767056161206 80
3 20 1.24733340257612 60
2 1 0.0729808107385095 60
2 8 47.9489511051308 60
2 4 14.5342950219932 60
20 0 0.108112675268743 80
1 16 1.63025057205406 60
1 12 1.62886385572815 60
20 9 65.9507697938461 60
20 5 64.9865638854946 80
0 17 36.189799897761 40
0 13 4.87994442770513 40
8 10 61.8033257332653 40
9 11 82.2008514010801 80
9 24 68.0274462094686 80
10 23 67.9409652839327 80
4 6 64.8946947493437 80
5 7 73.0536578232399 80
5 22 68.7079862662967 80
6 21 60.5190525576246 80
16 18 71.1566319804754 80
17 19 88.6893605785952 80
12 14 6.1727849911018 80
13 15 84.7262942862863 80
3 20 1.64061652439588 60
2 1 0.0616389669744138 40
2 8 48.7104991743075 40
2 4 9.03203426691196 60
20 0 0.0820540351306558 60
1 16 2.56658784230992 40
1 12 2.60620264010246 60
20 9 60.9748641717886 60
20 5 61.263202010167 60
0 17 36.2323396946795 80
0 13 3.09053283043341 60
8 10 62.0594162033287 80
9 11 70.7778113766333 80
9 24 69.5167756377529 80
10 23 27.7674803367144 80
4 6 64.7658126295838 80
5 7 77.9594559698585 80
5 22 67.0345732471759 80
6 21 60.5547491207566 80
16 18 71.2245233634423 60
17 19 71.3724466742828 60
12 14 5.15502888030717 60
13 15 68.5767200622385 20
3 20 17.1516681002447 60
2 1 0.0613203968404714 60
2 8 55.7551280201369 40
2 4 9.99991330911982 40
20 0 0.092585014300981 40
1 16 3.18292778114485 40
1 12 3.2453737090336 40
20 9 60.8495179190124 40
20 5 63.8013285562089 40
0 17 37.3096439794496 40
0 13 4.57606392125433 40
8 10 59.6521288140315 60
9 11 81.0592665934979 60
9 24 75.4066908834842 80
10 23 85.7366039387387 60
4 6 65.4840036295207 60
5 7 83.0375559903469 60
5 22 78.1355983558869 40
6 21 64.3179621501137 40
16 18 71.7084242494701 60
17 19 70.853459134855 80
12 14 11.6591242832295 80
13 15 66.6177559766 60
3 20 15.4997343167867 60
2 1 0.0568636623975152 60
2 8 55.6342897263813 60
2 4 12.1456154438628 60
20 0 0.0936521604590496 60
1 16 1.53897603005596 60
1 12 1.27291079330385 60
20 9 61.3685135283455 60
20 5 65.8931350213651 40
0 17 2.47093158491191 60
0 13 5.07339725964083 60
8 10 67.5731655729631 60
9 11 81.4536089054856 60
9 24 79.6015370114503 60
10 23 70.3628781280376 60
4 6 65.5229083001853 60
5 7 76.5057101256677 60
5 22 79.7420289341934 60
6 21 64.3054364582643 60
16 18 71.9552789031968 40
17 19 88.4500000864268 80
12 14 16.5558209215224 80
13 15 68.8399842047996 80
3 20 3.113616069974 40
2 1 0.0348037895704221 40
2 8 48.2815615755176 40
2 4 8.97554635402976 60
20 0 0.0836246885171908 60
1 16 2.10634623347053 60
1 12 1.92107510091325 60
20 9 59.4406554148668 60
20 5 64.1431377333894 60
0 17 2.83684803484381 60
0 13 4.40835387433682 80
8 10 69.161068041477 80
9 11 74.7494618202448 80
9 24 76.6586932576638 40
10 23 79.3680282918588 80
4 6 65.5229083001853 80
5 7 76.5057101256677 80
5 22 79.7420289341934 80
6 21 78.611819850257 80
16 18 71.8118200134767 80
17 19 88.6618551021723 80
12 14 17.5584114872832 80
13 15 68.6773637731414 80
3 20 4.6395080108672 60
2 1 0.140753964045543 80
2 8 48.5493992852679 80
2 4 8.74605814056111 80
20 0 0.097927162761794 80
1 16 2.62470915840893 60
1 12 2.66179376441878 60
20 9 58.438081457862 40
20 5 63.7177967737188 40
0 17 3.17435716540398 60
0 13 5.57814981560396 60
8 10 60.942792748598 60
9 11 78.6668330181978 60
9 24 64.9357112450981 60
10 23 67.949501999613 80
4 6 65.6031177311305 80
5 7 83.2625599847823 60
5 22 85.3136007359399 60
6 21 80.00588567735 60
16 18 72.0576699564073 80
17 19 71.7728385072891 80
12 14 17.6471933206306 60
13 15 68.8370662641796 80
3 20 3.06973409730687 60
2 1 0.0619467575200544 60
2 8 48.0873774974316 60
2 4 11.3848426596073 60
20 0 0.0768329608282995 60
1 16 3.37704403816917 60
1 12 3.3259638239259 60
20 9 58.8378721286435 60
20 5 65.4373512899326 80
0 17 5.07440976521133 60
0 13 11.2764718344928 60
8 10 69.0374366301033 40
9 11 88.8395159702795 60
9 24 82.2896213177059 60
10 23 85.6639933943496 80
4 6 65.7264718960834 80
5 7 83.5763698236238 60
5 22 89.5230043604148 60
6 21 76.7178212732414 60
16 18 8.54683638135694 40
17 19 71.0067775664986 80
12 14 21.9271200500168 60
13 15 67.8872017148488 60
3 20 3.05467204405739 60
2 1 0.0605281570420837 60
2 8 48.4369263685078 60
2 4 10.6043532872598 80
20 0 0.076727590531662 80
1 16 3.53360932216339 80
1 12 3.44940533801003 80
20 9 58.8540847463355 80
20 5 65.2682237855521 40
0 17 4.95921846289394 80
0 13 11.4834930347777 80
8 10 68.8421675337094 80
9 11 86.4191812485991 80
9 24 81.57010449951 80
10 23 87.7924107292091 80
4 6 65.7264718960834 20
5 7 83.5763698236238 80
5 22 89.5230043604148 80
6 21 77.4425913678488 60
16 18 9.03555224753127 80
17 19 70.8890008694643 80
12 14 22.42694596972 80
13 15 67.798206434098 80
3 20 3.08084128230631 60
2 1 0.108825352317022 60
2 8 48.3071548818309 60
2 4 11.0492291218937 60
20 0 0.0680040605172476 60
1 16 3.25194049687998 80
1 12 3.14198002323191 60
20 9 59.6351381737282 60
20 5 65.8320170568349 60
0 17 4.67950101580035 80
0 13 11.8506057891021 80
8 10 60.6618998306709 60
9 11 87.8494494839254 80
9 24 76.4137011893036 80
10 23 87.3348425946316 60
4 6 65.8069345381216 80
5 7 80.429642402232 60
5 22 82.9816156216144 80
6 21 77.8826432835821 80
16 18 8.36975039377378 80
17 19 70.5992373836178 80
12 14 22.6566825150604 80
13 15 67.9501544041337 80
3 20 2.96331332393163 80
2 1 0.119313140959851 80
2 8 48.3071912029734 80
2 4 11.0536961712359 80
20 0 0.0893001246252299 60
1 16 3.27647359768792 60
1 12 3.1753837994857 60
20 9 59.6194118519603 60
20 5 65.9857478033077 60
0 17 4.66212062365293 60
0 13 11.8581972889046 40
8 10 60.5673709118715 60
9 11 85.6811296070307 60
9 24 77.8875167041989 60
10 23 68.1898096357276 40
4 6 69.9038264354647 40
5 7 77.6527529745105 40
5 22 73.4248741424831 40
6 21 77.6293360358056 40
16 18 8.43913626182984 60
17 19 70.5498508163621 60
12 14 22.7868078334414 40
13 15 68.2126752957524 60
3 20 2.93306297142301 40
2 1 0.0644248572837675 60
2 8 50.9670074452485 60
2 4 8.27928599010898 40
20 0 0.0757099957381905 80
1 16 3.26227524506564 60
1 12 3.22125912818649 80
20 9 57.7994800435816 80
20 5 62.9465925328498 80
0 17 3.02551958158735 80
0 13 9.76391322961482 80
8 10 61.5653835193512 80
9 11 88.020023592244 60
9 24 68.5098044090608 80
10 23 86.5603163907233 80
4 6 59.4069283037307 40
5 7 70.4240091050943 60
5 22 76.3303275721325 60
6 21 86.399147776243 40
16 18 6.4798335274494 80
17 19 70.296428569475 60
12 14 20.5208637994901 80
13 15 68.4166008109813 80
3 20 2.73695721953554 60
2 1 0.107236684462325 60
2 8 50.2455012594626 60
2 4 8.35967934671701 60
20 0 0.0713686945362551 60
1 16 2.7665280741833 80
1 12 2.60232966269199 80
20 9 57.6009254831939 40
20 5 63.786306748593 60
0 17 2.81410969858028 60
0 13 10.3581577394567 60
8 10 61.6696518168421 60
9 11 83.2061514077539 60
9 24 70.4655732389865 60
10 23 85.1281133561803 60
4 6 65.5743421524811 80
5 7 68.7450145647935 60
5 22 69.8149664788817 60
6 21 86.0807118413927 60
16 18 5.84658376061419 60
17 19 70.4055710999317 60
12 14 19.5558030248333 40
13 15 68.495474041463 60
3 20 3.35371768800002 60
2 1 0.109777434791933 60
2 8 50.0119934701096 60
2 4 8.85223468699171 60
20 0 0.0626066448110125 60
1 16 2.80309158943047 60
1 12 2.71752826818145 60
20 9 59.4365295002483 60
20 5 64.3312466633069 60
0 17 1.43019148577063 60
0 13 8.97399986272782 60
8 10 61.9035250405036 40
9 11 81.5546732466495 60
9 24 70.0015293862334 40
10 23 67.2701239170453 60
4 6 65.6479397313477 80
5 7 76.2751078496805 60
5 22 70.632014161835 60
6 21 67.480485857287 60
16 18 5.0518791668757 60
17 19 3.90227509462608 60
12 14 16.8696359947643 40
13 15 68.2818744457897 60
3 20 3.21762147801756 80
2 1 0.116068784524698 80
2 8 49.8029813104803 80
2 4 8.4520417102068 80
20 0 0.0626756677069814 80
1 16 3.14075926500691 40
1 12 3.10843167978452 60
20 9 70.2831628476815 80
20 5 62.9185558805774 80
0 17 1.98270464163566 80
0 13 7.98026523691262 60
8 10 65.1710883817861 60
9 11 78.7124390652786 80
9 24 75.6891938479993 80
10 23 70.1594282427341 80
4 6 67.9025024890631 80
5 7 86.2898640153786 80
5 22 70.8081711596141 80
6 21 66.5034175980901 80
16 18 3.13235144926884 80
17 19 3.08000349422561 80
12 14 12.2729673002852 80
13 15 86.4546933711194 80
3 20 3.14389708350677 80
2 1 0.117705192582472 60
2 8 49.8612623254306 80
2 4 7.95618129401474 80
20 0 0.0702830630645383 60
1 16 2.91886224292579 80
1 12 2.93812540697285 80
20 9 69.6708360107669 80
20 5 62.7104310984857 60
0 17 2.04341543961537 60
0 13 6.57961621639886 60
8 10 65.1816909494468 80
9 11 78.7124390652786 80
9 24 75.3243977463824 80
10 23 70.3047226052536 80
4 6 67.7876907293114 80
5 7 86.2898640153786 80
5 22 71.2095073579908 80
6 21 66.4934917985828 80
16 18 3.25058729431599 80
17 19 70.7450130422838 80
12 14 10.8709242094838 80
13 15 86.4453494296589 80
3 20 2.51664768174301 60
2 1 0.0430728595162887 60
2 8 49.996050792099 60
2 4 7.91707789033178 60
20 0 0.068519419726457 60
1 16 2.90190847037414 60
1 12 2.96362248468183 60
20 9 70.0224111257843 60
20 5 62.5813469658968 60
0 17 3.91617210843848 60
0 13 5.92538357184446 60
8 10 63.9516785040419 60
9 11 81.6304730177567 60
9 24 81.9008004501979 60
10 23 70.4185861241142 60
4 6 67.878581929223 80
5 7 88.421674957269 60
5 22 72.1291669407764 60
6 21 84.3137666955799 60
16 18 5.37826345988997 40
17 19 68.6416879012406 80
12 14 10.3213838233928 60
13 15 87.0155452194438 60
3 20 2.8249205582168 60
2 1 0.0372997047757387 60
2 8 50.5486482854447 60
2 4 7.36445151429837 60
20 0 0.0545091779564271 60
1 16 2.9236717589204 60
1 12 2.98083958035733 60
20 9 71.4071093666013 60
20 5 64.20749661211 60
0 17 3.78980362197392 60
0 13 5.1921099935082 60
8 10 64.4753262062703 60
9 11 81.6115537030942 80
9 24 78.5480629417833 80
10 23 69.3126232408361 80
4 6 69.4081114769782 80
5 7 87.0095146756264 60
5 22 78.8096218932254 40
6 21 64.8586172035858 60
16 18 7.57142926068703 80
17 19 86.7688143576972 60
12 14 6.76440652793323 80
13 15 82.7547492019113 60
3 20 3.09250692226988 80
2 1 0.0356271120875016 80
2 8 50.3857730546525 80
2 4 13.5910419689407 80
20 0 0.0572419775165722 80
1 16 4.36315315082638 60
1 12 5.47879155445277 80
20 9 75.8884687557137 80
20 5 65.9360811667998 80
0 17 3.88019752568236 80
0 13 9.2888635576215 40
8 10 63.9874136240881 40
9 11 81.6115537030942 60
9 24 79.7060663792504 40
10 23 68.5419970234925 60
4 6 69.5180175975594 80
5 7 87.0095146756264 80
5 22 78.5474772246041 80
6 21 64.1740134358815 60
16 18 7.65600508246991 60
17 19 86.7719393445982 60
12 14 69.1328529669717 60
13 15 82.7301661372877 60
3 20 3.65883757689335 80
2 1 0.041123314741464 80
2 8 48.0389358122502 80
2 4 17.2689240800283 80
20 0 0.089121519307849 80
1 16 1.9209955402954 60
1 12 1.98121588525557 40
20 9 76.4071083855758 80
20 5 66.2175334169007 80
0 17 5.64443661367256 80
0 13 3.27454175003166 60
8 10 64.2944263245457 60
9 11 80.5786760920739 80
9 24 87.8602724086204 60
10 23 29.7374041310552 80
4 6 66.7009002295138 80
5 7 82.979020778493 80
5 22 75.1928086568685 80
6 21 67.8184403179533 80
16 18 16.9295735013342 80
17 19 70.1857761484459 80
12 14 3.69505797698093 80
13 15 66.8217990965286 80
3 20 4.11160756001855 80
2 1 0.0385886117222999 80
2 8 48.9389135372505 60
2 4 17.284380200826 60
20 0 0.0902282447904526 60
1 16 1.50725103099586 60
1 12 1.52824031563656 40
20 9 75.120665723748 60
20 5 66.2812192388687 60
0 17 5.49912657661575 60
0 13 3.66938654746638 60
8 10 64.3009001597448 60
9 11 81.0770666695412 80
9 24 87.557080248458 60
10 23 29.2550492976134 80
4 6 66.8734056790113 80
5 7 82.6296214124778 80
5 22 76.0866776369713 80
6 21 86.1453712061923 80
16 18 16.9603635519827 80
17 19 85.0768680768276 80
12 14 6.8025644526618 80
13 15 67.5570652378521 80
3 20 4.26680490828895 80
2 1 0.0167303603707299 80
2 8 51.7960970692153 80
2 4 5.25256421348642 80
20 0 0.0770357317702891 80
1 16 1.76768757224881 40
1 12 1.77319992453747 40
20 9 69.3288302585083 40
20 5 62.2011685572733 40
0 17 9.50844516501486 60
0 13 37.7200116648833 80
8 10 65.0003117525801 80
9 11 78.3769245433854 80
9 24 77.6571235061757 60
10 23 40.9906481577353 60
4 6 68.9208296569403 60
5 7 79.0400918724698 60
5 22 73.1336080419398 80
6 21 79.9471003865591 60
16 18 72.194138536172 40
17 19 88.4922630631196 40
12 14 70.3064471401821 40
13 15 68.1628851001594 80
3 20 2.4510140592769 60
2 1 0.0154803323053207 80
2 8 51.9702867827476 80
2 4 5.97980117355279 60
20 0 0.0630511122304786 80
1 16 1.15544615836413 40
1 12 1.15059285656558 80
20 9 70.5918790858722 80
20 5 61.5983982993928 60
0 17 14.050365120219 60
0 13 9.78450075550633 40
8 10 64.4885414831094 80
9 11 72.6051887541296 80
9 24 67.0434990409817 80
10 23 40.6052956335735 80
4 6 66.1558443658966 80
5 7 71.4786149387066 80
5 22 83.7927736392638 80
6 21 87.5327435575756 80
16 18 29.001212780468 80
17 19 69.488904241341 80
12 14 17.7165558303473 80
13 15 66.9026127513278 80
3 20 3.30596932030485 40
2 1 0.0437778590185283 60
2 8 51.5176254844032 40
2 4 6.92031238101747 40
20 0 0.053451687608033 40
1 16 2.00602898351198 60
1 12 1.65735713423011 60
20 9 70.1288831762332 80
20 5 61.9461706035185 60
0 17 13.8894103725699 80
0 13 9.40590529734413 60
8 10 64.4695504240306 80
9 11 68.9611507001445 80
9 24 67.7288673937392 80
10 23 31.4964393128006 80
4 6 66.3013645163963 80
5 7 81.1453556859744 60
5 22 84.9593801103023 60
6 21 80.1876489874663 60
16 18 28.8438125466484 60
17 19 88.5047394424721 60
12 14 18.1034442080666 80
13 15 67.0384461646234 60
3 20 3.36787841682582 60
2 1 0.0467753442504309 60
2 8 51.4740140039636 60
2 4 6.5879994243634 80
20 0 0.0423765418523881 60
1 16 1.94297602764137 60
1 12 1.59573162035889 60
20 9 70.1467323836017 80
20 5 61.9700856916622 40
0 17 10.3916734296667 40
0 13 12.8882079921495 40
8 10 64.6763372631354 80
9 11 69.5216012961893 80
9 24 68.245102228077 80
10 23 31.1401781540339 80
4 6 66.417842418617 80
5 7 79.4084172775872 80
5 22 82.6559121923945 80
6 21 76.7886801724208 80
16 18 71.7209362557285 80
17 19 88.6059967339172 80
12 14 21.1899612089755 80
13 15 66.9352997892034 80
3 20 2.91891092466312 40
2 1 0.0617330069341135 40
2 8 51.4018169327835 60
2 4 7.5448655932116 60
20 0 0.056035444979142 40
1 16 1.86365435059726 60
1 12 1.58956707194959 60
20 9 73.3175171704473 60
20 5 61.8917546675113 80
0 17 9.89616904437167 60
0 13 14.2578403901321 80
8 10 64.7480120108228 80
9 11 71.8217162062779 80
9 24 64.3001117058321 80
10 23 30.063314469977 80
4 6 70.398886569531 80
5 7 81.9009299543498 80
5 22 70.8488967599036 80
6 21 64.5723834898467 60
16 18 19.7688293789126 60
17 19 89.0271915527911 60
12 14 22.5583265909178 20
13 15 85.2582197116883 80
3 20 2.91891092466312 60
2 1 0.0617330069341135 40
2 8 51.4018169327835 40
2 4 7.5448655932116 40
20 0 0.056035444979142 40
1 16 1.86365435059726 40
1 12 1.58956707194959 40
20 9 73.3175171704473 40
20 5 61.8917546675113 40
0 17 9.89616904437167 40
0 13 14.2578403901321 60
8 10 64.7480120108228 60
9 11 71.8217162062779 80
9 24 64.3001117058321 60
10 23 30.063314469977 60
4 6 70.398886569531 60
5 7 81.9009299543498 40
5 22 70.8488967599036 40
6 21 64.5723834898467 60
16 18 19.7688293789126 80
17 19 89.0271915527911 80
12 14 22.5583265909178 60
13 15 85.2582197116883 80
3 20 3.18313803691328 60
2 1 0.0590623385333636 60
2 8 50.3364206342214 60
2 4 6.97005678051989 60
20 0 0.0358697924635265 60
1 16 2.07313766416157 60
1 12 1.76227250862848 60
20 9 73.7389482455521 40
20 5 62.4606302078203 60
0 17 7.94111460275748 60
0 13 12.8377920904686 60
8 10 64.7207337606668 60
9 11 76.1520590558558 60
9 24 71.7500920028191 60
10 23 29.2854360270643 60
4 6 70.7859270761673 60
5 7 83.7270866936019 60
5 22 73.474489955889 60
6 21 67.3554851806742 40
16 18 70.3478383230991 80
17 19 70.5542829136596 80
12 14 21.9739710879397 80
13 15 84.6593858703627 60
3 20 3.2960123123744 40
2 1 0.0410235382766358 40
2 8 50.3387033880528 60
2 4 7.23327252238187 60
20 0 0.0504974144918425 60
1 16 1.81131467142624 60
1 12 1.55956177576248 60
20 9 73.7768569580126 60
20 5 62.466371569551 60
0 17 7.95997913615366 80
0 13 12.8742327847594 80
8 10 64.6652089103612 80
9 11 80.3937079502309 40
9 24 71.4983582454826 80
10 23 68.3373725894502 80
4 6 70.776978640543 80
5 7 83.7270866936019 80
5 22 74.406013771374 80
6 21 63.7539317120565 80
16 18 70.5052437768704 80
17 19 70.4457133379653 80
12 14 21.9869781655153 80
13 15 84.3691719762628 40
3 20 3.35724394462144 80
2 1 0.0519937193986364 80
2 8 15.2202698672309 80
2 4 7.23828613812032 80
20 0 0.0378030450282563 60
1 16 1.69976735672774 60
1 12 1.43573330202027 40
20 9 74.107346280448 40
20 5 62.7296995257308 60
0 17 8.97258353455662 60
0 13 12.2587346808283 60
8 10 65.3399714663487 60
9 11 81.5483802737195 60
9 24 69.9202151161777 80
10 23 67.8525013337532 80
4 6 70.8829668107349 60
5 7 83.487256278001 60
5 22 74.2233658731691 60
6 21 62.839624478846 80
16 18 17.4760469304868 80
17 19 69.6728637300268 60
12 14 18.8508979344208 80
13 15 82.5558736153324 40
3 20 3.39523712880927 60
2 1 0.0348324291716006 60
2 8 14.7022383809446 60
2 4 6.60266338988758 60
20 0 0.0248605072090145 60
1 16 1.71384830913246 60
1 12 1.46401298203372 60
20 9 74.1093426239868 80
20 5 62.2255679861775 60
0 17 8.89901044476576 60
0 13 11.1525252575221 40
8 10 64.6595388244834 60
9 11 81.1860171228751 60
9 24 80.6689534863845 80
10 23 68.4500464813085 80
4 6 70.9004469897944 60
5 7 80.3286654563348 60
5 22 73.9481902239017 60
6 21 64.0045926517879 40
16 18 16.1722307322655 80
17 19 87.2954949671353 60
12 14 16.6559014526141 60
13 15 64.161804153175 60
3 20 22.5893547268926 60
2 1 0.619458923830355 60
2 8 24.4929319569439 80
2 4 41.9396513864766 80
20 0 1.10957882402027 80
1 16 2.40650941267659 80
1 12 2.20307954686935 80
20 9 67.9316261438084 40
20 5 69.0239712459637 80
0 17 11.037170205515 80
0 13 11.375726693239 80
8 10 65.9531592488983 80
9 11 83.0199165808428 80
9 24 69.7141191363662 80
10 23 68.664518134713 20
4 6 66.3759547572948 80
5 7 83.07427303194 80
5 22 72.2549764322427 60
6 21 65.7620578431739 80
16 18 10.9894894087953 80
17 19 87.2859116357548 80
12 14 14.0964114470158 80
13 15 63.4436476953813 80
3 20 22.1746529253478 60
2 1 0.622328065403287 60
2 8 23.4439263904295 60
2 4 42.100994608072 60
20 0 1.10916187720412 80
1 16 2.46585066680032 60
1 12 2.27600998888347 60
20 9 65.0229235182864 60
20 5 68.0101362016543 80
0 17 10.4869585044856 80
0 13 10.6247613285299 60
8 10 66.1944808663041 80
9 11 86.3960918533591 80
9 24 68.9382150737268 60
10 23 69.3636369051681 80
4 6 66.4517289373905 60
5 7 81.5036443790944 80
5 22 72.061725815071 80
6 21 65.6286125126092 80
16 18 9.17380320392111 80
17 19 87.2859116357548 80
12 14 14.448178668798 80
13 15 14.6296330216799 80
3 20 22.0489167160996 80
2 1 0.620726870901861 80
2 8 23.3780955016335 80
2 4 42.4734125869369 60
20 0 1.11125320747931 60
1 16 2.33224801370895 60
1 12 2.15266813038597 60
20 9 65.3367528040953 60
20 5 68.4146979494953 60
0 17 7.6205486964311 40
0 13 9.78873475589381 60
8 10 66.1239307040026 60
9 11 87.0008367375487 60
9 24 68.9332729192877 40
10 23 69.8730536660201 40
4 6 65.6732213930719 40
5 7 81.745051446385 40
5 22 64.9870385163292 40
6 21 65.3023103365677 60
16 18 6.06599305716511 60
17 19 87.2337349297859 40
12 14 14.339204035536 60
13 15 61.9983157845982 60
3 20 22.6737405235819 60
2 1 0.597447952651983 60
2 8 28.5564373510084 40
2 4 41.5649602233794 80
20 0 1.11138546423105 60
1 16 2.3086619160061 80
1 12 2.06321064134587 80
20 9 71.0771578784828 80
20 5 58.2172568068693 80
0 17 8.50962178813774 80
0 13 12.8249365833835 80
8 10 66.2532341818148 60
9 11 81.6554690559054 80
9 24 69.5246094090523 80
10 23 68.4377147905441 40
4 6 69.643551959214 60
5 7 63.0481963696103 60
5 22 23.5913760648402 40
6 21 65.6082766152648 80
16 18 13.225130143887 60
17 19 78.9353851911307 80
12 14 20.5372528231422 80
13 15 72.0131111997804 80
3 20 19.760029599675 60
2 1 0.129124609413906 60
2 8 27.9106080328314 60
2 4 16.9446328846992 60
20 0 0.0428636775505134 80
1 16 2.26887261813328 80
1 12 2.19017035512726 40
20 9 70.9444758243016 60
20 5 61.9413916423529 60
0 17 6.5999691275264 60
0 13 11.2781885196002 60
8 10 65.0619493262127 60
9 11 79.6036195172988 60
9 24 69.372140310015 60
10 23 68.9745336525811 80
4 6 69.4482308201605 60
5 7 82.814984847614 60
5 22 75.0799145818747 60
6 21 65.2008559434311 60
16 18 12.6824661158338 60
17 19 78.760556058334 40
12 14 19.7102658476109 60
13 15 71.1324770501783 60
3 20 19.6172284600493 60
2 1 0.0193233910425386 60
2 8 27.7862360829236 60
2 4 16.2187313421571 60
20 0 0.0361106220135874 60
1 16 2.12062084093208 60
1 12 2.13750848057855 60
20 9 70.687299893524 60
20 5 63.2355130085506 60
0 17 6.65782144819933 60
0 13 9.7348613805547 40
8 10 65.0775194542678 60
9 11 67.3396813647328 40
9 24 69.1616242057491 60
10 23 30.1810994873716 80
4 6 70.0068429877914 60
5 7 82.3661249941007 60
5 22 75.3356346291734 60
6 21 65.2461828254182 60
16 18 13.4145465651143 60
17 19 79.1876446856982 40
12 14 18.4216708662614 60
13 15 83.6558063226633 60
3 20 19.2869848744233 80
2 1 0.172604291564663 80
2 8 27.9975648452497 80
2 4 16.5944518656804 80
20 0 0.257559997043104 40
1 16 1.91695012387394 60
1 12 1.90478069325074 80
20 9 70.7782012129564 80
20 5 63.6965196487776 80
0 17 7.10604902197041 60
0 13 11.3488110218742 60
8 10 64.8329805523157 80
9 11 66.5713589195807 80
9 24 70.9630445313037 80
10 23 35.6259845488917 80
4 6 69.0197860348367 80
5 7 83.2524303153523 80
5 22 74.7601188407311 80
6 21 64.3483801723579 80
16 18 13.51351990929 80
17 19 79.5266932799204 80
12 14 19.9870268005491 80
13 15 84.6452986703693 80
3 20 19.5747354555758 60
2 1 0.126437610354221 80
2 8 28.2538891347091 80
2 4 16.528049815901 60
20 0 0.15236471757347 80
1 16 2.08887175122779 80
1 12 2.06591635509626 80
20 9 71.5134133796923 60
20 5 18.4581617890084 60
0 17 6.24342702825407 60
0 13 10.3865478605659 80
8 10 63.7979807344182 80
9 11 67.6121731925453 80
9 24 67.1145256654516 80
10 23 32.1389790521671 80
4 6 46.3134174841386 80
5 7 68.6199943921569 80
5 22 56.8989634922804 80
6 21 65.1560188157031 80
16 18 12.116317139229 80
17 19 79.6530871160476 80
12 14 19.0736827294605 80
13 15 85.1856144865884 80
3 20 2.27791622123418 60
2 1 0.125037963155713 60
2 8 22.6949926021943 60
2 4 13.3907461801235 60
20 0 0.154167669765721 60
1 16 2.52366479166431 60
1 12 2.48157895493316 60
20 9 77.0713489503865 60
20 5 18.9294508790885 60
0 17 7.92493612342746 60
0 13 10.0492221872321 60
8 10 64.9211918968127 60
9 11 74.1962554201543 60
9 24 72.7002370611581 60
10 23 27.3301746936397 80
4 6 63.8194574396187 60
5 7 86.8783460717068 60
5 22 67.5360237252386 60
6 21 74.3021504338135 40
16 18 68.2923578652105 80
17 19 88.7780575273162 60
12 14 23.5807372253837 60
13 15 86.6097639911127 80
3 20 2.43890990732988 60
2 1 0.0850733131120139 60
2 8 21.476410128035 60
2 4 14.4052904083823 60
20 0 0.107296533073267 60
1 16 2.22788721613446 60
1 12 2.22132705216345 60
20 9 76.3842383447243 60
20 5 69.1912469322665 60
0 17 5.58534779576922 60
0 13 7.85953839949701 60
8 10 65.0411946204868 80
9 11 73.8791407139629 80
9 24 70.9501407592085 80
10 23 39.4664886811252 80
4 6 65.6203316679463 60
5 7 84.9409779624932 40
5 22 80.9274278003533 60
6 21 72.3884734268093 80
16 18 69.0453089352375 60
17 19 87.9298799893283 80
12 14 20.5097494708925 60
13 15 82.4599853555718 60
3 20 2.49117854286292 80
2 1 0.0821725567648941 80
2 8 15.6482990702202 80
2 4 9.01741898076972 80
20 0 0.110711993054469 60
1 16 2.3005821347994 80
1 12 2.29228436052336 80
20 9 74.4191483489141 80
20 5 66.2532981379899 80
0 17 3.60060340333132 40
0 13 7.39958793609252 40
8 10 65.004600869003 60
9 11 76.3423505744431 40
9 24 73.4407989846775 60
10 23 39.338309322039 80
4 6 65.9403098103366 80
5 7 77.3052708206557 80
5 22 74.4169921538196 60
6 21 71.8973396498327 60
16 18 69.6554873910195 60
17 19 90.8821942527261 60
12 14 20.5439935937217 60
13 15 86.5397969425338 60
3 20 11.7669324924419 80
2 1 0.205393391382102 80
2 8 19.8297749622571 80
2 4 9.18088818042549 80
20 0 0.545776120192683 60
1 16 3.82800470626083 40
1 12 3.83723258731959 80
20 9 63.0676167622497 80
20 5 19.1448713072287 80
0 17 4.50733654922599 60
0 13 10.6078000944938 60
8 10 61.1334999249522 80
9 11 69.4924264433683 60
9 24 68.0858971541411 80
10 23 32.4048073234663 80
4 6 52.9592694665592 80
5 7 78.6171170176395 80
5 22 68.7599338242096 80
6 21 65.7915458890776 80
16 18 10.9482013318538 80
17 19 89.8011385915321 80
12 14 23.2111824191063 80
13 15 84.4734855253873 80
3 20 11.7669324924419 80
2 1 0.205393391382102 60
2 8 19.8297749622571 60
2 4 9.18088818042549 60
20 0 0.545776120192683 60
1 16 3.82800470626083 40
1 12 3.83723258731959 60
20 9 63.0676167622497 60
20 5 19.1448713072287 60
0 17 4.50733654922599 60
0 13 10.6078000944938 60
8 10 61.1334999249522 80
9 11 69.4924264433683 60
9 24 68.0858971541411 80
10 23 32.4048073234663 80
4 6 52.9592694665592 80
5 7 78.6171170176395 80
5 22 68.7599338242096 80
6 21 65.7915458890776 80
16 18 10.9482013318538 80
17 19 89.8011385915321 80
12 14 23.2111824191063 80
13 15 84.4734855253873 80
3 20 10.5066263550726 80
2 1 0.0552326129624821 80
2 8 16.8129943994347 80
2 4 12.1257022769085 80
20 0 0.0787018235171026 40
1 16 4.88770467616455 40
1 12 4.89981638815093 40
20 9 62.1441890446356 40
20 5 19.0294769738624 60
0 17 2.23758200671487 80
0 13 7.400908076189 80
8 10 63.6883608412315 80
9 11 70.508920863447 60
9 24 69.0538780435743 60
10 23 28.5650991602346 60
4 6 57.4550763949819 60
5 7 67.3541116017153 80
5 22 20.6164662478504 60
6 21 64.3015365865022 40
16 18 70.9305052835507 40
17 19 71.0070393817431 40
12 14 19.8799649948973 80
13 15 83.9996004605683 60
3 20 10.6410234400538 80
2 1 0.0462684572369199 80
2 8 10.7304074262313 60
2 4 7.2827764308834 80
20 0 0.0750355839368088 40
1 16 4.18896416846675 80
1 12 4.20919810825594 80
20 9 57.4341545091131 60
20 5 14.1879242714668 60
0 17 2.03144138763685 40
0 13 7.40782643247391 80
8 10 65.228208803065 80
9 11 68.0920980417803 80
9 24 68.7781540744155 80
10 23 31.547163954477 80
4 6 49.68172942869 80
5 7 66.187635990772 80
5 22 16.4972162622886 80
6 21 66.7221513365518 80
16 18 70.8512274942639 80
17 19 70.4561956368224 80
12 14 18.7950720281796 80
13 15 83.032061427928 80
3 20 5.08589721569102 60
2 1 0.0363868045585611 40
2 8 14.3377975519765 40
2 4 7.79668158819891 40
20 0 0.0729347681675949 60
1 16 3.93014880436804 60
1 12 3.90471194297666 80
20 9 59.2115857598382 60
20 5 13.92921814117 80
0 17 3.5495324071586 60
0 13 6.97505210212115 80
8 10 65.1016751990736 80
9 11 80.6408688295543 80
9 24 71.8871061334922 80
10 23 70.4248311544024 80
4 6 49.0415053164956 60
5 7 64.8946552835237 60
5 22 31.3614092401681 60
6 21 65.5271913137278 60
16 18 70.7484855188459 60
17 19 70.2768154260573 80
12 14 21.5542224132617 60
13 15 69.9006062311822 60
3 20 5.36170061170127 60
2 1 0.0362509286627447 60
2 8 14.3608374812525 80
2 4 7.20305168455411 60
20 0 0.0742090262399169 60
1 16 3.92373983795198 60
1 12 3.90992219595358 80
20 9 58.9570760307561 40
20 5 15.1224416967129 40
0 17 4.30805148861886 40
0 13 6.33733828175145 80
8 10 64.6942761238973 80
9 11 80.8261964768838 80
9 24 71.7968950630679 80
10 23 70.321724053279 80
4 6 49.2780352558902 80
5 7 65.5253715199984 80
5 22 30.9200931991894 80
6 21 66.1595943217962 80
16 18 69.874152592753 80
17 19 70.2606167665116 80
12 14 21.1214161200019 80
13 15 67.9358523888531 80
3 20 5.65408917460874 40
2 1 0.0458492102777837 60
2 8 15.7896161733257 60
2 4 6.68375047984536 40
20 0 0.0545786609387822 60
1 16 3.65812362166119 60
1 12 3.66792293777132 60
20 9 59.5920421111772 80
20 5 16.358877749113 60
0 17 4.13714735361559 80
0 13 5.98280632539248 80
8 10 65.5852216127848 80
9 11 81.3811705321726 80
9 24 69.5855901839525 80
10 23 88.1047422488388 80
4 6 45.853949728476 80
5 7 77.1473764665498 80
5 22 48.3969357084148 60
6 21 84.1042145091806 60
16 18 69.7746782030939 60
17 19 69.7387701361405 20
12 14 18.0006823824592 80
13 15 68.0637985375671 80
3 20 4.74144804047559 40
2 1 0.0845092040197036 40
2 8 16.856247021374 40
2 4 7.70643488793137 40
20 0 0.0366903786754284 40
1 16 3.98852374848731 40
1 12 3.93838016435712 40
20 9 58.5001072031322 40
20 5 15.8720010401 40
0 17 8.28230740937884 60
0 13 6.54576884616113 60
8 10 64.3903055152923 80
9 11 77.8809984665969 60
9 24 67.9274656936087 60
10 23 74.8915176904023 60
4 6 46.2699696127232 40
5 7 82.7316469486676 40
5 22 18.181922533152 60
6 21 81.2477796276503 80
16 18 69.9394786887157 80
17 19 87.3495067082335 60
12 14 12.6532584066165 80
13 15 82.9834212208845 80
3 20 4.71843244022272 60
2 1 0.0813755870314067 60
2 8 16.763268466311 60
2 4 7.71789520020526 60
20 0 0.0365132186735279 60
1 16 3.97390966278637 60
1 12 3.92287061913509 40
20 9 58.6432749081877 60
20 5 15.4861396180149 60
0 17 9.93611793830581 60
0 13 6.31298749517854 60
8 10 64.2698843317323 60
9 11 78.0449889481187 60
9 24 67.6308732475385 60
10 23 75.0395697442131 60
4 6 46.1075747768771 60
5 7 82.8936849318945 60
5 22 18.9158909601691 40
6 21 80.3771428021368 80
16 18 68.5888112954439 80
17 19 84.5145550271521 80
12 14 12.2699742434194 60
13 15 69.2274353627807 60
3 20 4.36621396868221 40
2 1 0.0766480304963321 60
2 8 16.4746318447017 60
2 4 9.54988175898934 60
20 0 0.0479704343498696 60
1 16 3.64607929284824 60
1 12 3.60339658550751 60
20 9 58.7456048491577 60
20 5 15.6594072678303 80
0 17 8.3920299163968 80
0 13 7.30218879860423 80
8 10 64.309106703983 40
9 11 78.0449889481187 80
9 24 67.8538340564211 80
10 23 74.3698463788544 80
4 6 47.4766025447583 80
5 7 83.4727461202981 80
5 22 25.8196074795299 80
6 21 84.7606349177975 80
16 18 69.0937329432209 80
17 19 68.929487935326 80
12 14 14.3856303885571 40
13 15 88.2206250215537 40
3 20 4.26751456281213 80
2 1 0.0969028893909912 80
2 8 20.4801215510238 80
2 4 10.2677673089393 60
20 0 0.0557450624902531 60
1 16 3.80040384211743 40
1 12 3.74988308670825 40
20 9 60.6707871957222 60
20 5 15.6705586047538 60
0 17 5.98758027650234 60
0 13 8.08868715107391 60
8 10 64.0214373033345 60
9 11 79.0053069092367 80
9 24 68.012368663759 80
10 23 70.8404782767949 60
4 6 45.2243567298607 60
5 7 83.7981864685942 60
5 22 27.2581779465857 80
6 21 85.2768295910375 80
16 18 69.4828732555194 60
17 19 69.423230304165 80
12 14 18.9432521576822 40
13 15 82.3434027054798 40
3 20 4.2466191064571 60
2 1 0.100304407631287 60
2 8 20.3689752689607 60
2 4 10.0732031479961 60
20 0 0.156990171770864 60
1 16 3.91198012967142 60
1 12 3.8702364470597 80
20 9 60.9106864038565 60
20 5 15.829406835089 60
0 17 14.7408083571751 40
0 13 9.27148283738923 60
8 10 63.8381439779314 60
9 11 79.2361815650223 80
9 24 67.9223628134054 80
10 23 69.0967291404499 60
4 6 46.1242637150724 60
5 7 82.4134104287972 60
5 22 35.1010325282933 40
6 21 83.7599641836908 80
16 18 69.1835773739467 60
17 19 68.532738716185 60
12 14 20.6133348197645 60
13 15 64.8230241587326 60
3 20 4.39847713677122 60
2 1 0.0229000978101084 80
2 8 15.9383208273907 80
2 4 7.06365042866844 80
20 0 0.15446492537198 80
1 16 2.71125416374661 80
1 12 2.68235312384589 40
20 9 57.9676534736512 80
20 5 11.2151309396163 80
0 17 6.91665998362966 80
0 13 9.05789542391811 80
8 10 64.87010812335 80
9 11 84.9396646401724 80
9 24 74.1228487908512 20
10 23 70.8850909458523 80
4 6 49.7678342207485 80
5 7 79.5712411467524 60
5 22 36.0556790402617 80
6 21 84.1012033769877 80
16 18 71.5479579921758 80
17 19 87.1797699414236 80
12 14 68.6695597212283 80
13 15 83.4939116925293 80
3 20 4.10645850394562 60
2 1 0.231279345186789 60
2 8 48.7268461739586 60
2 4 6.31319549722245 80
20 0 0.184036065795459 60
1 16 2.63261711742452 60
1 12 2.61138943192237 60
20 9 58.9178906085276 80
20 5 11.6190707688933 80
0 17 6.77073449640922 60
0 13 8.1519804165558 80
8 10 64.9744716915876 80
9 11 84.9362712444539 60
9 24 71.394558878387 80
10 23 69.1320672426406 60
4 6 71.9010281883989 80
5 7 83.9346561494001 80
5 22 75.0209085418095 80
6 21 88.9043186476717 80
16 18 71.81122669642 80
17 19 91.2651129619813 80
12 14 69.7191450381032 80
13 15 88.9320007659208 80
3 20 4.08904166301614 80
2 1 0.225843911335425 80
2 8 49.5927237486996 60
2 4 5.69288659054892 60
20 0 0.190861826443474 60
1 16 1.88485434347224 60
1 12 1.85960185324501 60
20 9 68.913064484851 60
20 5 11.3778459296545 40
0 17 6.37293426008682 60
0 13 8.4260810130763 60
8 10 66.3887409677464 60
9 11 77.4537421066385 40
9 24 77.5252424510516 40
10 23 67.7707530560583 40
4 6 68.9879414739295 40
5 7 82.8625081232436 40
5 22 72.7682431069329 60
6 21 89.2743800001852 60
16 18 71.7833144777101 40
17 19 85.4483576089765 60
12 14 70.5005214444556 60
13 15 86.213625223226 60
3 20 4.52465786885558 60
2 1 0.443818453219721 40
2 8 49.6417111309555 80
2 4 7.4800955519883 60
20 0 0.234843495939606 80
1 16 1.84956459300871 80
1 12 1.83756120779087 80
20 9 68.749157660506 80
20 5 10.970636113447 80
0 17 15.3917281075484 80
0 13 9.55377199632822 60
8 10 65.9661323058242 80
9 11 78.4376473037168 80
9 24 84.4680460026752 40
10 23 60.697037543189 60
4 6 48.3616981686451 60
5 7 76.921294172181 40
5 22 34.7217971704436 80
6 21 82.5273219872013 60
16 18 28.3366165597492 80
17 19 85.2252871821203 80
12 14 19.6558050020558 80
13 15 86.17284646462 40
3 20 5.78422383431259 60
2 1 0.421530147156267 60
2 8 49.5122292706419 60
2 4 7.53708069150244 80
20 0 0.377849557695388 80
1 16 1.13544111445508 40
1 12 1.16168705877672 60
20 9 60.640356942071 60
20 5 11.0541292850489 60
0 17 15.9427255900052 60
0 13 10.2415545785454 60
8 10 68.1736082925891 60
9 11 72.9219990744399 60
9 24 86.9936708385269 80
10 23 69.592676182225 60
4 6 45.6322470369391 60
5 7 63.1195905696357 60
5 22 60.0479559536831 60
6 21 81.6071846927009 60
16 18 28.287408361563 40
17 19 88.4174063049566 60
12 14 20.0019248173393 60
13 15 85.4011972798912 60
3 20 5.78707082501503 60
2 1 0.417244267407797 60
2 8 49.5795302007751 60
2 4 5.7451741907278 60
20 0 0.382095572450967 60
1 16 1.22320396100941 60
1 12 1.2442382575059 60
20 9 60.1352053956909 60
20 5 12.4229563558426 60
0 17 15.7668017833775 40
0 13 10.4574545271944 60
8 10 68.1985606497311 40
9 11 72.9205187507034 60
9 24 69.8034393163641 80
10 23 35.3426383757883 60
4 6 45.4128543779881 60
5 7 63.1195905696357 60
5 22 29.2035328339343 60
6 21 64.2936077972187 60
16 18 28.4252680894715 40
17 19 71.4827317847448 60
12 14 20.4782667194374 60
13 15 69.070734867101 60
3 20 5.7344441365034 80
2 1 0.378667817421991 80
2 8 49.5795302007751 80
2 4 5.71364948902144 40
20 0 0.381425043591953 60
1 16 1.2123080434076 80
1 12 1.23278233024608 80
20 9 60.1352053956909 80
20 5 12.3904957272604 60
0 17 15.7398442541928 60
0 13 10.4659553327715 80
8 10 68.1985606497311 80
9 11 72.9205187507034 80
9 24 69.8034393163641 80
10 23 34.0216656247304 80
4 6 45.7053481913146 80
5 7 63.4274539697333 80
5 22 29.2753303605459 80
6 21 65.0898747044457 80
16 18 28.4733591084225 80
17 19 71.4208056889421 80
12 14 20.4819889246186 80
13 15 69.0479714677182 80
3 20 6.18592305367758 80
2 1 0.36866294432878 80
2 8 50.5858644966685 60
2 4 5.75648883620361 80
20 0 0.376711017298011 80
1 16 1.95473464156334 80
1 12 1.94263681174974 60
20 9 61.1452992939392 60
20 5 12.3689332156613 60
0 17 13.8081629066619 80
0 13 11.4074568326438 80
8 10 67.6254522835885 80
9 11 72.9465948255972 80
9 24 72.6258096518918 80
10 23 31.6302852119038 80
4 6 47.8352296184046 80
5 7 63.5264950404719 80
5 22 30.9512527581925 80
6 21 66.6920610528065 80
16 18 71.9619136955702 80
17 19 88.0757780307432 80
12 14 20.4504435811862 80
13 15 69.3685691297297 80
3 20 6.36978340882421 60
2 1 0.377712233425618 60
2 8 52.8655041114931 60
2 4 6.65446090726197 60
20 0 0.352018418291262 60
1 16 2.32752769023709 60
1 12 2.19780960962841 60
20 9 69.6867845075435 60
20 5 10.7429357889294 60
0 17 13.4889258055428 60
0 13 10.6847870450234 60
8 10 65.28740781315 60
9 11 72.3050549505613 60
9 24 70.4983100214653 80
10 23 27.4011370187046 60
4 6 49.177343588356 60
5 7 61.9694957589747 60
5 22 35.072599679458 40
6 21 65.6663969351222 80
16 18 71.7598299985996 60
17 19 88.5458775197501 60
12 14 19.9569274638262 80
13 15 69.1498427281758 80
3 20 6.06511859995901 60
2 1 0.366192340879126 60
2 8 52.2241390185257 60
2 4 6.88978321763372 60
20 0 0.241772364608016 60
1 16 2.05724354969472 60
1 12 1.98190858335664 60
20 9 70.3763596184693 60
20 5 11.3267977063951 60
0 17 9.36752274701665 60
0 13 10.5698453431888 80
8 10 65.4485297825598 80
9 11 82.8194488575221 80
9 24 69.3132539515313 80
10 23 66.8575695006368 60
4 6 51.0916679465593 40
5 7 78.7251940811603 60
5 22 36.9887737820135 80
6 21 81.5050786164129 60
16 18 11.3262568487068 80
17 19 69.9289977721489 60
12 14 20.1173354856019 60
13 15 14.7730913256428 80
3 20 4.0927418538538 80
2 1 0.321535814952014 80
2 8 46.6570468045764 80
2 4 7.17100469004829 60
20 0 0.218577084519306 80
1 16 2.0818585134562 80
1 12 2.01125424239615 80
20 9 73.5062611191523 80
20 5 11.9401384770875 40
0 17 9.08792872376787 40
0 13 11.5901296746065 60
8 10 65.7778533473607 40
9 11 82.0517779545912 60
9 24 67.7385668449833 80
10 23 66.7353047507378 80
4 6 52.3880045847601 80
5 7 78.2681075638011 60
5 22 35.6015837675197 60
6 21 81.6478666042262 60
16 18 12.6936831161666 60
17 19 88.4779336542836 60
12 14 23.8094770463666 60
13 15 67.6273624336297 60
3 20 2.77613085581899 80
2 1 0.231800866280437 80
2 8 49.8115849580395 80
2 4 12.8735156866626 60
20 0 0.184635572151475 40
1 16 1.76678963210769 80
1 12 1.55456964443925 80
20 9 68.2204706404479 80
20 5 65.8003905643959 60
0 17 6.31410461739538 60
0 13 15.8143187601474 80
8 10 68.1688585269394 60
9 11 77.356220685719 80
9 24 65.4760742149912 80
10 23 30.5333032312073 80
4 6 72.4617192241259 80
5 7 78.9266438595112 80
5 22 72.2821073730904 80
6 21 82.9965854186867 80
16 18 10.4618925667039 80
17 19 70.0945797689684 80
12 14 23.7749030876586 80
13 15 68.3115160624628 60
3 20 2.79330480751453 60
2 1 0.235240992535597 60
2 8 49.8161666211035 60
2 4 12.9131370209101 60
20 0 0.183846707149926 40
1 16 1.66244304758968 60
1 12 1.43189781149405 60
20 9 68.2407304103029 60
20 5 65.8358099889912 60
0 17 6.34990160950031 60
0 13 15.8555419096056 80
8 10 68.4234971434638 60
9 11 77.6314280223919 80
9 24 65.601633184034 80
10 23 31.109345873617 80
4 6 72.5038695323985 80
5 7 78.9266438595112 80
5 22 72.3210713323324 80
6 21 82.9965854186867 80
16 18 10.4503079660782 80
17 19 70.1541811876313 80
12 14 23.788788284221 80
13 15 68.3020697078934 80
3 20 2.82939335928976 80
2 1 0.255842404463988 80
2 8 18.1615301076198 80
2 4 11.4723808900318 40
20 0 0.212778154797745 40
1 16 1.87746655696725 40
1 12 1.66541859098728 40
20 9 68.2407304103029 60
20 5 15.5787603204507 80
0 17 6.62145534475763 80
0 13 15.8309455860333 80
8 10 68.4234971434638 60
9 11 77.6314280223919 60
9 24 65.601633184034 60
10 23 62.8528124111825 60
4 6 54.5463638839405 80
5 7 75.5623206330521 60
5 22 72.3210713323324 40
6 21 82.1038572927021 40
16 18 10.6895433983408 40
17 19 68.9909554608567 80
12 14 23.3130919793849 60
13 15 67.5896381765549 80
3 20 4.47605446222588 80
2 1 0.247347992963398 60
2 8 15.5455374257756 80
2 4 7.02425697243476 40
20 0 0.424014754086054 80
1 16 1.92996706340319 80
1 12 1.78174571643328 60
20 9 69.4553930532475 60
20 5 16.2875031555611 40
0 17 4.94109867984792 80
0 13 15.5300018413829 80
8 10 64.3662187751903 80
9 11 79.4646415092551 80
9 24 70.5607051628985 80
10 23 60.7638016112152 80
4 6 69.5477350717562 80
5 7 80.8684308342097 80
5 22 83.2679981332303 80
6 21 82.7432550667157 80
16 18 6.83718188863502 80
17 19 69.8470709034303 80
12 14 22.2846071588226 80
13 15 68.3247255084028 80
3 20 4.8955756636734 40
2 1 0.140405019550978 40
2 8 14.8204769389668 40
2 4 6.59274054416244 60
20 0 0.339787259313396 60
1 16 2.09724733479352 80
1 12 1.94524457862697 60
20 9 68.9465713347505 80
20 5 15.848028428437 60
0 17 4.87132291659513 80
0 13 13.468629573688 80
8 10 64.3225415009385 80
9 11 81.8146485467779 80
9 24 70.197627817441 80
10 23 61.6069414743694 60
4 6 64.5847985780248 60
5 7 72.7013665490745 60
5 22 86.0879703967019 60
6 21 71.6979029568238 60
16 18 6.3907483966897 80
17 19 69.8937060259235 60
12 14 19.9026474647437 60
13 15 67.2830619427007 60
3 20 4.412050791976 60
2 1 0.193517412858937 80
2 8 15.7782325338621 60
2 4 7.22219653455659 60
20 0 0.35456733032158 60
1 16 2.48779020842389 80
1 12 2.5251492121473 40
20 9 64.5172639605833 40
20 5 66.2804714439417 40
0 17 4.42767185428054 80
0 13 12.7057347197835 80
8 10 61.9834395736471 80
9 11 66.7424089473015 80
9 24 68.3749602358111 80
10 23 21.2825275269775 80
4 6 59.7210178111997 80
5 7 85.8146842360675 80
5 22 71.3430380307617 80
6 21 82.4977498062228 80
16 18 5.39924326780802 80
17 19 70.0449893244842 80
12 14 19.8927651169295 80
13 15 16.4534927488626 80
3 20 5.22346946742621 60
2 1 0.171447615043817 60
2 8 46.2106480018825 40
2 4 4.33179893706826 60
20 0 0.222394891260009 60
1 16 3.86665289694448 60
1 12 3.71481240088391 80
20 9 63.7041853605391 60
20 5 17.210507520088 80
0 17 4.25874039123441 80
0 13 11.0860221879932 80
8 10 62.8311903723717 80
9 11 66.9276218532865 80
9 24 65.8210624142938 80
10 23 22.9428522255953 80
4 6 38.4419959531675 80
5 7 83.6942572478241 60
5 22 78.4331523232808 60
6 21 81.4488447066764 60
16 18 4.47559677748689 20
17 19 69.7765120049539 80
12 14 17.3512441254278 80
13 15 64.8756319123517 80
3 20 4.88014411502304 40
2 1 0.167265972924274 40
2 8 46.1504604516002 40
2 4 3.8827148022595 40
20 0 0.11668470389811 40
1 16 3.8049719932305 40
1 12 3.65776624809969 40
20 9 62.9946915188667 40
20 5 14.7532343198536 60
0 17 3.30650351913327 60
0 13 11.6268623734648 80
8 10 63.7455660282508 60
9 11 86.1078574514349 60
9 24 69.4643137177492 60
10 23 64.8498584410631 40
4 6 39.716954087247 40
5 7 83.1181519159904 60
5 22 64.5670178911878 80
6 21 83.8482053126004 80
16 18 5.14657961048166 60
17 19 69.9208031383607 80
12 14 18.0478169684971 80
13 15 16.7461561537706 80
3 20 4.70744846994545 60
2 1 0.145843263993623 60
2 8 46.0842422054459 60
2 4 4.62215674456752 60
20 0 0.133244269660648 60
1 16 6.3362503386352 40
1 12 8.56514624335159 60
20 9 63.4431519382838 60
20 5 60.8927818217998 60
0 17 1.70189086649167 60
0 13 8.57188328751784 60
8 10 63.3985523013893 60
9 11 85.4917400316952 60
9 24 71.6116030827873 60
10 23 67.7474961147211 60
4 6 63.8810667451123 60
5 7 85.4465976649826 40
5 22 69.2082282064467 80
6 21 68.4869027805203 80
16 18 9.29312115783233 80
17 19 7.18170018566735 60
12 14 17.5289944677193 60
13 15 10.4485187277626 80
3 20 4.70744846994545 60
2 1 0.145843263993623 60
2 8 46.0842422054459 60
2 4 4.62215674456752 60
20 0 0.133244269660648 60
1 16 6.3362503386352 60
1 12 8.56514624335159 60
20 9 63.4431519382838 80
20 5 60.8927818217998 80
0 17 1.70189086649167 80
0 13 8.57188328751784 40
8 10 63.3985523013893 80
9 11 85.4917400316952 80
9 24 71.6116030827873 80
10 23 67.7474961147211 80
4 6 63.8810667451123 80
5 7 85.4465976649826 80
5 22 69.2082282064467 80
6 21 68.4869027805203 80
16 18 9.29312115783233 80
17 19 7.18170018566735 40
12 14 17.5289944677193 40
13 15 10.4485187277626 60
3 20 4.42553820884646 80
2 1 0.162298411501596 80
2 8 45.4403883517724 60
2 4 11.703557219766 60
20 0 0.217712685318707 40
1 16 6.08659830181032 40
1 12 8.3348185224092 60
20 9 65.0131111479436 60
20 5 65.9665801321027 60
0 17 1.84135147826093 60
0 13 6.94435343075664 60
8 10 65.4434083548085 80
9 11 74.0090180983533 80
9 24 68.1941968499309 60
10 23 42.8089638591584 60
4 6 66.6188243834306 60
5 7 85.4257475270724 80
5 22 74.2963575682763 80
6 21 68.6514077416553 60
16 18 8.62418078486887 80
17 19 69.6357125832797 40
12 14 15.1644575301043 40
13 15 67.8110709345873 40
3 20 3.7513567650143 60
2 1 0.176170993832743 60
2 8 46.5264464549385 60
2 4 4.73462636634806 60
20 0 0.176627942036724 60
1 16 8.09956314842425 80
1 12 7.30211961074254 60
20 9 62.783704901728 60
20 5 62.4903855350929 40
0 17 4.86460333999909 60
0 13 4.19850334716422 60
8 10 65.3496873575854 80
9 11 73.4958389172635 80
9 24 68.5282568080713 60
10 23 31.9452846645891 60
4 6 66.5589397657071 60
5 7 85.6269433014175 40
5 22 75.2372887886229 80
6 21 69.1410204207147 60
16 18 7.29266915058032 60
17 19 10.5986428293504 60
12 14 17.3254177066003 60
13 15 67.7822112953517 40
3 20 3.65231604140323 80
2 1 0.172841337213157 80
2 8 46.4505676993003 80
2 4 4.99155734425893 80
20 0 0.176280662922323 80
1 16 8.04891166806333 40
1 12 7.23783234307153 80
20 9 65.7559839812585 80
20 5 64.4510112292154 80
0 17 5.04331509729231 80
0 13 3.84037396516454 80
8 10 66.4190832247117 80
9 11 77.0489355104462 20
9 24 67.5798555658234 80
10 23 33.8321503040103 80
4 6 67.1596983162876 60
5 7 88.7328115460943 80
5 22 76.5805121266038 80
6 21 70.6177447380969 80
16 18 7.79723029327707 80
17 19 7.98746875827939 80
12 14 17.8748138654566 80
13 15 10.2764971649402 80
3 20 2.8679570653699 60
2 1 0.176428500122909 60
2 8 46.1330638348437 80
2 4 6.12683363418816 60
20 0 0.192031393414662 60
1 16 8.89097943615831 60
1 12 9.56711714895023 80
20 9 66.2823128501953 80
20 5 64.5839731115628 60
0 17 5.9598880459285 80
0 13 2.99912134861813 80
8 10 66.9733135006559 60
9 11 75.4509186173008 80
9 24 67.5027348905439 60
10 23 35.4238734874229 80
4 6 67.4343768785672 80
5 7 88.3543826172772 80
5 22 74.2055343202771 80
6 21 70.5502110810624 80
16 18 79.6123519619446 80
17 19 79.0943752751203 80
12 14 19.628186370304 80
13 15 10.7210680107091 80
3 20 2.6062106610758 80
2 1 0.170790719462176 60
2 8 46.2494594422781 60
2 4 6.20887390657783 60
20 0 0.129961706785944 60
1 16 8.64481781042594 60
1 12 9.1947751181708 60
20 9 65.9602836397549 40
20 5 64.3241245859272 60
0 17 5.96405518294993 60
0 13 4.03543533250449 60
8 10 68.0982837976818 40
9 11 89.218970004164 40
9 24 65.1514744891596 40
10 23 69.3643693552751 40
4 6 67.871142855278 40
5 7 87.9057676097719 60
5 22 73.5795845239038 60
6 21 70.2080496715705 40
16 18 79.212567759005 60
17 19 79.2191764002016 60
12 14 19.7983604318979 60
13 15 11.986186717341 80
3 20 2.6234319190571 40
2 1 0.166342927822393 80
2 8 46.9566364400988 60
2 4 5.92346079424221 80
20 0 0.105544444802811 80
1 16 8.70568532085093 80
1 12 9.26936760971288 80
20 9 60.1534617118462 80
20 5 64.9677063302727 80
0 17 5.95569990697579 60
0 13 4.09139509132292 80
8 10 69.1650021442826 80
9 11 86.8257100889371 40
9 24 71.0476080358459 60
10 23 86.4596742161696 60
4 6 76.7299719404607 40
5 7 86.3053319957366 80
5 22 83.6715648144338 60
6 21 86.8242040508562 80
16 18 79.1849264131806 80
17 19 79.3383784713832 80
12 14 19.5998656921424 40
13 15 11.7667803340636 40
3 20 2.5753536841875 60
2 1 0.149936659257329 60
2 8 47.3181179484461 80
2 4 5.33975887516122 80
20 0 0.0729696352190052 40
1 16 9.16021696639337 60
1 12 9.34905042758845 60
20 9 57.6900365355918 60
20 5 21.7904947016519 60
0 17 6.4317152169415 60
0 13 4.65675459423516 60
8 10 67.3923382022406 60
9 11 85.5109477589717 80
9 24 62.4528292521715 60
10 23 67.5915133316 60
4 6 38.5278210553353 60
5 7 69.8119536567171 60
5 22 22.6089386939457 60
6 21 70.8531710434468 40
16 18 8.80961331004341 60
17 19 79.0827035019867 60
12 14 20.3648010684647 60
13 15 11.6606240891579 60
3 20 1.45354496849725 60
2 1 0.149159705650384 60
2 8 47.4092713810449 60
2 4 5.56789891630967 60
20 0 0.066918379401268 60
1 16 9.36693237406662 60
1 12 9.68033197375087 60
20 9 57.910996715315 60
20 5 21.9220679038859 40
0 17 9.55475393854061 60
0 13 3.71899434601928 40
8 10 67.7155463603758 60
9 11 85.5109477589717 80
9 24 60.357450554485 60
10 23 67.5915133316 60
4 6 38.7027187631929 60
5 7 69.8119536567171 60
5 22 22.5282327877908 60
6 21 70.8531710434468 40
16 18 9.52719252138252 60
17 19 78.9101872150469 60
12 14 19.7164154219039 60
13 15 10.3920466410653 60
3 20 1.31102120933861 80
2 1 0.180321037180311 80
2 8 47.4193898402016 40
2 4 5.22638659605147 60
20 0 0.258880335562943 80
1 16 9.79595784609665 80
1 12 9.86891578658555 80
20 9 57.5041029405093 60
20 5 56.3500027237921 60
0 17 9.89911218453373 80
0 13 4.02930555865234 80
8 10 73.8739408270341 80
9 11 76.9688849732619 80
9 24 64.0562345695043 80
10 23 62.6874692724068 80
4 6 75.7861260529898 80
5 7 89.7853627488263 80
5 22 74.6876868992589 80
6 21 72.738356842822 80
16 18 12.536594899675 80
17 19 12.5307956171617 80
12 14 19.40486019219 80
13 15 10.3352549166649 80
3 20 1.19220874414026 80
2 1 0.193242544996257 60
2 8 47.4474660227158 80
2 4 4.82440094316019 80
20 0 0.274982404838977 80
1 16 8.7045544989792 60
1 12 8.73696330133878 60
20 9 57.4628402157874 60
20 5 24.5895187309061 80
0 17 9.27046983795039 80
0 13 5.0208065876663 80
8 10 73.3340863517723 80
9 11 78.8246175245744 80
9 24 61.118552850643 80
10 23 62.6501678124151 80
4 6 75.6648984698107 80
5 7 90.4183349654476 80
5 22 73.9205646511361 80
6 21 91.7763479189522 80
16 18 7.48176478291908 80
17 19 6.18569688512537 80
12 14 18.3316873770347 80
13 15 8.65135422362262 80
3 20 2.44671330424115 60
2 1 0.188821850924682 60
2 8 47.4396458844241 60
2 4 4.84352508014843 60
20 0 0.277020600889118 60
1 16 8.68011985928733 60
1 12 8.70971583416267 60
20 9 57.1183768267544 60
20 5 24.9009202366673 60
0 17 6.58724483822766 60
0 13 5.56291475812156 60
8 10 85.0281179051968 60
9 11 88.8242062727643 80
9 24 77.7065496602924 60
10 23 66.6881438608945 60
4 6 76.646743939111 60
5 7 90.1551368030549 40
5 22 76.8261860107344 80
6 21 91.0226715293666 60
16 18 7.27233402595636 60
17 19 8.1254559558005 80
12 14 19.2461987204161 80
13 15 68.1163012961819 80
3 20 2.49798620996054 60
2 1 0.078856587789145 60
2 8 46.8367038869105 60
2 4 4.65013113836099 60
20 0 0.136851074576371 60
1 16 8.52725661713007 60
1 12 8.58748397911911 60
20 9 56.8895293666927 60
20 5 25.5098054458948 60
0 17 7.02735701347708 80
0 13 5.66391155283041 80
8 10 84.3971878725678 80
9 11 89.1378895318663 80
9 24 77.567931561701 60
10 23 66.1483214324871 40
4 6 76.7472520474693 60
5 7 90.5392417987617 80
5 22 76.0900861802478 60
6 21 90.9168989749265 80
16 18 7.21780612483542 60
17 19 9.31057906799005 60
12 14 19.4571253946178 80
13 15 66.9321268621577 60
3 20 19.0076581353405 80
2 1 0.0622621332373276 80
2 8 49.4047669935935 60
2 4 5.94895563145165 80
20 0 0.162502733436925 80
1 16 10.0544116008611 80
1 12 10.0528369721486 80
20 9 53.0869729789292 40
20 5 27.7090015829257 40
0 17 7.23400879949698 60
0 13 7.89193267711191 40
8 10 85.0478223989429 60
9 11 87.0203858585441 80
9 24 82.601752908747 80
10 23 87.5645656500555 80
4 6 76.7185699976347 60
5 7 89.3998532332277 60
5 22 78.2259719061694 60
6 21 90.8572327812853 60
16 18 5.13959903303213 60
17 19 70.4585541778628 60
12 14 69.0514445916192 60
13 15 67.1391100087379 60
3 20 18.9535281730728 80
2 1 0.064590159130409 80
2 8 49.6877404691041 60
2 4 5.8565263176843 40
20 0 0.160859983235335 80
1 16 9.97907054007539 80
1 12 9.97422546107839 80
20 9 53.3494039388034 60
20 5 27.0858244673545 60
0 17 7.30345901234031 80
0 13 7.19896248310529 60
8 10 85.1007818240551 80
9 11 86.7304857586255 80
9 24 82.4212012328616 80
10 23 87.0205949865452 80
4 6 76.3541477810401 80
5 7 89.0294453167914 80
5 22 79.0244593245643 80
6 21 90.8779495104218 80
16 18 6.31730733172883 80
17 19 70.3038403177461 80
12 14 68.3120063027031 60
13 15 67.535250383829 60
3 20 2.4707992818739 60
2 1 0.0638838930828068 60
2 8 47.1107964948337 60
2 4 7.37866369289983 40
20 0 0.161350691544372 60
1 16 9.3964774422226 60
1 12 9.39003137665806 60
20 9 58.1904963654795 60
20 5 24.8284565058666 60
0 17 8.43555824611126 80
0 13 11.9762750142171 60
8 10 73.4847333710362 80
9 11 72.9272817773299 80
9 24 69.4099539784405 80
10 23 77.7559422307493 80
4 6 76.4090996982441 80
5 7 89.0294453167914 80
5 22 89.9750692330667 80
6 21 90.8779495104218 80
16 18 6.74026363543731 80
17 19 70.3038403177461 80
12 14 22.077632045557 80
13 15 67.535250383829 80
3 20 2.57533760810241 80
2 1 0.0543418916710432 80
2 8 47.3795842981022 40
2 4 7.28987396984077 40
20 0 0.152031907619679 40
1 16 8.95925379289784 40
1 12 9.00455343599629 60
20 9 58.0873345035653 80
20 5 57.0641086021095 80
0 17 8.52119239783524 80
0 13 11.5168163083549 60
8 10 73.5882198093586 60
9 11 70.5285752602269 60
9 24 62.9822393104935 60
10 23 44.0120950906196 80
4 6 76.4533035515494 60
5 7 89.1636936163292 40
5 22 82.2296889266528 40
6 21 89.4803885810676 40
16 18 9.14538365920503 80
17 19 70.2008974214702 60
12 14 20.2074873777869 80
13 15 83.6827857730552 80
3 20 2.46454007752598 60
2 1 0.0989245888547175 80
2 8 47.3001109626814 40
2 4 7.68828043415267 80
20 0 0.162767505166739 80
1 16 8.86921283969598 60
1 12 8.90081126611099 60
20 9 58.9372865273069 40
20 5 57.9137357268229 80
0 17 8.80926227033634 80
0 13 11.3409174241994 80
8 10 73.8146687630599 80
9 11 80.1771419572708 80
9 24 62.4683105521366 80
10 23 65.6108245041648 80
4 6 76.3999723094417 80
5 7 89.7625788163865 80
5 22 75.6546411681275 80
6 21 88.612065385806 80
16 18 69.6146678190358 80
17 19 86.2930091547954 80
12 14 20.8937086672193 80
13 15 83.656674520457 80
3 20 2.37963837859986 40
2 1 0.0972482727682283 40
2 8 47.3804941967089 60
2 4 10.1172688587795 60
20 0 0.159934002278805 80
1 16 1.59397726494225 60
1 12 1.48217009250027 80
20 9 59.0119124953403 60
20 5 6.86762255606659 80
0 17 8.10156849865611 80
0 13 11.7422782546326 80
8 10 73.2473497765557 80
9 11 80.8883155902007 80
9 24 63.4881152977606 60
10 23 67.0558980754609 60
4 6 76.4081015850852 60
5 7 90.079986182938 60
5 22 74.1890610174566 60
6 21 89.1866141578529 80
16 18 90.0343342056846 60
17 19 88.0698378519499 60
12 14 21.8904659652533 60
13 15 67.4715929809291 80
3 20 1.31707731223717 80
2 1 0.0933669315792112 60
2 8 47.5460222758464 60
2 4 10.34912311618 60
20 0 0.154475192589867 80
1 16 1.46668491829574 40
1 12 1.31083227740592 40
20 9 57.3336168502369 40
20 5 6.88065138093283 80
0 17 7.69096181051052 80
0 13 10.2233767443847 80
8 10 72.8507543524898 80
9 11 80.7150180206923 80
9 24 63.3200283527309 80
10 23 65.0788144556787 80
4 6 75.949802322566 80
5 7 90.079986182938 80
5 22 74.1939971363353 80
6 21 89.1866141578529 80
16 18 90.0343342056846 80
17 19 88.0698378519499 80
12 14 21.7981785352796 80
13 15 13.7645759204008 80
3 20 1.42754650600751 60
2 1 0.0931073797729691 40
2 8 47.6018031049026 60
2 4 10.4900905360549 60
20 0 0.121544179565359 60
1 16 1.58314751298108 80
1 12 1.43016723962222 60
20 9 57.1997341644554 80
20 5 7.13797470724366 80
0 17 11.9913583881266 80
0 13 15.7325725706927 80
8 10 72.9704581775488 80
9 11 81.926424166438 80
9 24 61.1721051757277 80
10 23 65.7605885358166 80
4 6 76.0681241553263 60
5 7 88.8959406749245 60
5 22 73.7715811298301 60
6 21 88.7430740379466 20
16 18 70.6715539526024 80
17 19 88.0192053189008 80
12 14 26.8992469921871 80
13 15 67.3355624066643 40
3 20 1.74710981953661 40
2 1 0.201366662212895 40
2 8 47.5873235411088 40
2 4 8.68666177923538 40
20 0 0.244897684830097 40
1 16 1.75981018441925 40
1 12 1.75150708806005 40
20 9 57.2543960453473 60
20 5 17.1913890621367 60
0 17 13.0101877106788 80
0 13 16.354877305236 60
8 10 73.0609978949127 60
9 11 72.6309492614417 60
9 24 61.4514557072509 40
10 23 30.4406819516028 40
4 6 75.9787376892853 60
5 7 89.298391853898 80
5 22 71.7068167399951 80
6 21 89.3906005093396 60
16 18 70.1782898573387 80
17 19 88.8625686196475 80
12 14 27.8250571653428 80
13 15 68.29421307772 80
3 20 3.47359951949819 60
2 1 0.207891875156934 60
2 8 47.7128336200204 60
2 4 6.05195635920535 60
20 0 0.229252656527951 40
1 16 1.68388434816749 60
1 12 1.67127416744898 60
20 9 56.9785561205123 60
20 5 17.4919932542449 60
0 17 12.8206382650304 60
0 13 16.2542438165037 60
8 10 84.8398064747578 60
9 11 86.3843624319162 60
9 24 72.5787228303586 60
10 23 65.2187934905491 60
4 6 40.6661463611164 40
5 7 70.9761853399296 80
5 22 11.7165108586207 80
6 21 71.1979228507575 80
16 18 17.9564258143602 60
17 19 70.9652151381904 60
12 14 26.6853678542434 80
13 15 86.3052238485727 80
3 20 3.05068115256059 60
2 1 0.20948166053921 60
2 8 47.4278972674417 60
2 4 7.90097294853022 60
20 0 0.22904457062882 60
1 16 1.38954326767817 60
1 12 1.35002956328273 80
20 9 57.3589371131532 80
20 5 17.7142093080885 80
0 17 12.901248302063 40
0 13 13.8758888385641 80
8 10 85.4479363831269 80
9 11 85.8381939160366 80
9 24 78.4369150020731 80
10 23 64.9654377224899 80
4 6 40.9312764886036 80
5 7 71.6002193037247 80
5 22 5.0799714401428 80
6 21 71.2045691888059 80
16 18 19.4598585814506 40
17 19 88.4104975402282 40
12 14 24.0620858191803 60
13 15 68.1844345591879 40
3 20 2.99018691841657 80
2 1 0.19934848557697 60
2 8 47.4338523550974 60
2 4 7.7761944422627 40
20 0 0.237031526679382 40
1 16 1.3978387368066 60
1 12 1.37426157603793 60
20 9 57.3525326859793 60
20 5 14.9087468622201 60
0 17 13.0719689277198 60
0 13 13.999120987449 80
8 10 84.8639723562259 80
9 11 87.0576248141985 60
9 24 76.8082161423363 60
10 23 67.6465520334477 60
4 6 41.1198389673651 80
5 7 71.8774052939189 80
5 22 13.7147103096283 60
6 21 71.0049058823495 80
16 18 19.4541746251315 40
17 19 88.8038868300158 40
12 14 24.0269360693784 40
13 15 68.0774784147122 80
3 20 2.66381039769396 60
2 1 0.115897265747985 60
2 8 47.7267560279782 60
2 4 6.02368178036831 60
20 0 0.202567375097424 80
1 16 2.34542145707729 60
1 12 2.33590578134138 60
20 9 57.8552745727039 40
20 5 13.3957157698209 60
0 17 38.1186196904399 60
0 13 12.4882792889379 80
8 10 85.2846064664082 80
9 11 72.1581732196188 60
9 24 63.4131840724431 60
10 23 71.4777083512875 60
4 6 41.5359798177879 40
5 7 68.6254285805438 80
5 22 23.2752920399356 60
6 21 71.1982862492608 60
16 18 88.9780409079509 60
17 19 88.8084152622368 60
12 14 20.8777046197634 40
13 15 85.9757760158826 60
3 20 2.65638461007767 80
2 1 0.11260804801483 80
2 8 47.8291418515784 80
2 4 6.12258079712009 80
20 0 0.206202184362919 40
1 16 1.48761507031313 80
1 12 1.4855918030378 80
20 9 58.3796241155719 80
20 5 13.4630053588194 80
0 17 13.3041855344189 80
0 13 12.5568435876813 80
8 10 74.220317244465 20
9 11 72.1581732196188 80
9 24 37.2617869358221 80
10 23 71.4777083512875 60
4 6 42.0982183425639 80
5 7 68.6254285805438 80
5 22 23.5217182621959 80
6 21 71.1982862492608 80
16 18 71.883821668347 80
17 19 88.8084152622368 80
12 14 20.8434184722643 80
13 15 85.9757760158826 60
3 20 2.70505276836794 60
2 1 0.0939291208521352 80
2 8 48.0121018132844 60
2 4 5.94946775543577 60
20 0 0.1676294181192 60
1 16 1.5904915002316 80
1 12 1.58460893912069 80
20 9 58.5676360266882 60
20 5 13.3583441654244 80
0 17 9.44763467676864 80
0 13 8.85002306026878 60
8 10 73.7952832362896 80
9 11 86.397950952872 60
9 24 20.3726741707705 80
10 23 86.1909281610561 80
4 6 41.6637625454991 80
5 7 68.5742270272971 80
5 22 23.4543300461357 80
6 21 71.5569225143136 80
16 18 17.6877415982423 80
17 19 88.7892379880387 80
12 14 17.3077427964809 80
13 15 86.0910283188448 80
3 20 3.53274152629941 60
2 1 0.0916151193248343 60
2 8 48.2231792298263 60
2 4 3.00898375027786 60
20 0 0.171448003423192 60
1 16 1.76547749016348 60
1 12 1.75981569430145 40
20 9 56.9596425054413 60
20 5 13.4439303692609 60
0 17 9.36148015654732 60
0 13 9.03349896983261 40
8 10 73.1246005889795 40
9 11 86.447192586583 40
9 24 20.4820326928853 40
10 23 86.3774569189129 40
4 6 40.1684370716405 60
5 7 15.1318157663279 60
5 22 25.7047925711611 40
6 21 30.1233126437929 60
16 18 17.6654896707706 60
17 19 71.8826514101849 60
12 14 17.7127530400196 80
13 15 69.6327698965822 80
3 20 3.2921609169667 80
2 1 0.0915096632535344 60
2 8 48.4661851870753 80
2 4 2.83925735555519 80
20 0 0.168767171171112 80
1 16 1.83662685431249 80
1 12 1.84563437996498 80
20 9 57.1080126993285 80
20 5 13.6078104411481 60
0 17 8.6110319674955 80
0 13 8.60870713558015 80
8 10 72.9622468023156 40
9 11 86.8290065791856 60
9 24 22.4543689127497 60
10 23 86.8253002554001 40
4 6 40.2759792131117 80
5 7 14.6837914364185 60
5 22 25.7299567002953 80
6 21 29.7800028868633 80
16 18 14.8034274101365 80
17 19 71.8826514101849 40
12 14 17.5902044526316 40
13 15 69.6327698965822 60
3 20 5.78184678576719 60
2 1 0.0273127310449775 80
2 8 48.3900500435073 80
2 4 5.40038539610946 40
20 0 0.0829274375439527 60
1 16 2.60414569938932 60
1 12 2.53740627631744 60
20 9 59.1956294211981 60
20 5 20.4029522976181 60
0 17 8.58642193934411 60
0 13 8.53991094622947 60
8 10 73.4191246184307 80
9 11 69.0012695111813 60
9 24 19.3738622533885 60
10 23 68.8357603746722 60
4 6 35.2242156213799 60
5 7 34.8234275523789 60
5 22 30.0662464065544 40
6 21 29.9763032010737 60
16 18 14.8758968001469 60
17 19 71.4436487066851 60
12 14 17.7193937599597 60
13 15 69.4376389048067 40
3 20 5.94797595722062 60
2 1 0.0276109790561844 60
2 8 13.533822108173 60
2 4 5.48420567965061 60
20 0 0.0724364872325386 60
1 16 1.68669493528262 60
1 12 1.59456091576703 60
20 9 26.282089960542 40
20 5 14.4967551699193 60
0 17 8.53863025366938 40
0 13 8.75380460632125 60
8 10 37.9561979623807 80
9 11 69.1469837903136 60
9 24 14.8308181750805 60
10 23 68.9071976253193 60
4 6 33.587325012325 60
5 7 35.0687321757424 60
5 22 31.4425787697516 40
6 21 31.2356286199668 60
16 18 13.5086179375137 60
17 19 71.4316852343476 60
12 14 16.7930680213787 60
13 15 69.4491265076818 40
3 20 5.46257204552257 80
2 1 0.0408123540223604 40
2 8 13.3734111091696 60
2 4 4.88069265376188 80
20 0 0.090683761665024 80
1 16 1.3788352185092 80
1 12 1.33936998172262 60
20 9 30.6688552974512 60
20 5 15.9619996985794 80
0 17 9.08443556940288 80
0 13 6.90806385374324 80
8 10 39.7189503604354 80
9 11 68.8094676819925 80
9 24 13.3502850943014 80
10 23 68.6693305057626 80
4 6 36.2862611434772 80
5 7 7.04909116900122 80
5 22 25.9450817123749 80
6 21 6.24728821925285 80
16 18 10.1091959921535 80
17 19 71.4695871325141 80
12 14 12.4206529021216 80
13 15 7.75576267832104 80
3 20 4.69045091542379 60
2 1 0.034414602984177 80
2 8 12.1411432251842 80
2 4 4.07895174154553 80
20 0 0.087522566886659 60
1 16 1.27996866769581 60
1 12 1.30549038036016 60
20 9 34.638425943091 80
20 5 18.9169139639653 80
0 17 5.166580067983 80
0 13 6.45147637601199 80
8 10 41.3707808271727 80
9 11 9.26389699658797 80
9 24 21.1727369227431 80
10 23 10.4237210146914 80
4 6 39.7111115105595 80
5 7 2.49833782004429 80
5 22 21.7364891424443 80
6 21 1.3929155560201 80
16 18 3.39247263587116 80
17 19 71.4667815660944 80
12 14 11.7744433693248 80
13 15 7.22923741720203 80
3 20 4.30350162735963 60
2 1 0.023796153806995 60
2 8 9.27617392294393 60
2 4 2.99625697550865 60
20 0 0.0887317710130836 60
1 16 0.967253989749138 60
1 12 0.974481692618221 60
20 9 26.3364893639785 60
20 5 22.0508486536241 60
0 17 3.36021333778646 60
0 13 4.85565770499715 60
8 10 44.3159441844148 80
9 11 9.46711561745324 60
9 24 22.1429749987677 60
10 23 10.3048432702217 60
4 6 39.1929245572363 40
5 7 3.88997988471932 80
5 22 17.441555796242 60
6 21 5.09435855634015 60
16 18 2.22232929704358 80
17 19 71.5053205551632 80
12 14 5.69541501901775 80
13 15 69.5267627057415 80
3 20 4.60010545272616 60
2 1 0.017189012681909 60
2 8 10.6399021738405 60
2 4 3.35747503690452 60
20 0 0.0238212843413583 60
1 16 0.99025086767769 60
1 12 1.00501901603345 60
20 9 30.3118084653249 60
20 5 22.3716638343229 80
0 17 2.69714777953259 80
0 13 1.49062037671812 80
8 10 47.8705525988361 80
9 11 9.12952268575641 60
9 24 22.3307986425142 40
10 23 11.9443606001338 60
4 6 42.0536512494627 80
5 7 3.49863914696547 60
5 22 18.2872610055744 80
6 21 4.6885897647889 60
16 18 2.3859904270021 60
17 19 2.86388314443369 80
12 14 1.0457712170067 60
13 15 2.98054882141788 60
3 20 4.4788178883709 80
2 1 0.00700306558806541 60
2 8 10.7170408511268 80
2 4 3.58102863812567 80
20 0 0.220763933426849 80
1 16 0.924966320729169 80
1 12 0.935432836218479 40
20 9 28.7176271022364 40
20 5 21.7881091586959 60
0 17 1.70021346510843 40
0 13 2.69174153767026 60
8 10 46.905672256159 80
9 11 8.45790129267574 80
9 24 24.3925411153605 80
10 23 9.51969263991871 60
4 6 42.0309389625038 60
5 7 3.52879464091695 60
5 22 21.7451695216019 60
6 21 4.07906426596316 60
16 18 1.86325872660268 60
17 19 2.81924064041425 60
12 14 2.01619245030704 60
13 15 3.47317357858442 60
3 20 3.15635720396641 80
2 1 0.00711361657677399 60
2 8 9.05357628438278 40
2 4 1.87929471620127 80
20 0 0.223725252945133 80
1 16 0.831541561685551 80
1 12 0.827727412140081 60
20 9 22.9326095264778 60
20 5 14.2995633196487 80
0 17 1.62810632708439 60
0 13 2.69181430024336 80
8 10 49.7102566600599 80
9 11 8.96061561845637 80
9 24 24.370691487268 80
10 23 9.42947649690341 80
4 6 23.3836291534764 80
5 7 8.07710623873954 80
5 22 32.4046196202708 80
6 21 1.63285501311025 80
16 18 1.84111226867485 80
17 19 2.76665980013031 60
12 14 2.02210098011362 60
13 15 3.4743662195164 80
3 20 2.89380174692306 60
2 1 0.0279738241514799 60
2 8 8.86332811070203 40
2 4 1.15557758385613 60
20 0 0.150733361733089 60
1 16 0.724066669481787 60
1 12 0.754609627883658 60
20 9 19.4904446874017 60
20 5 12.0295020138242 80
0 17 1.56741787287734 60
0 13 1.99207898124103 80
8 10 12.7453026355453 80
9 11 35.385740551887 80
9 24 71.6545946310572 80
10 23 50.15563575412 80
4 6 10.4068446152361 80
5 7 17.9251923007607 80
5 22 24.5475191487521 80
6 21 2.59206190182951 80
16 18 1.58518352514177 80
17 19 2.82483453825841 80
12 14 1.23684950835626 80
13 15 4.60175720607185 80
3 20 2.81911797780229 80
2 1 0.0324075146361126 40
2 8 54.5686247345613 40
2 4 0.74310482457397 40
20 0 0.147409773268751 40
1 16 0.744618226805356 60
1 12 0.780149260923443 80
20 9 63.0645607684202 80
20 5 12.5482984568873 80
0 17 1.30641849307916 60
0 13 1.73038457474007 60
8 10 78.82853771125 60
9 11 81.2887541539068 60
9 24 86.9170138923024 80
10 23 49.6103437558209 60
4 6 9.56170649932737 40
5 7 18.730077282753 40
5 22 23.1669729348157 40
6 21 2.27876349656986 80
16 18 0.950035461567775 60
17 19 1.94878764139832 80
12 14 1.05229861067045 80
13 15 6.086370697854 60
