Z           X            Y     Timestamp     Body id     Joint type ColorPointX ColorPointY  DepthPointX DepthPointY  WidthOfDisplay  HeightOfDisplay
1.600841 0.04261998 0.4179051 63654494278667 72057594037928060 9 1029.783 253.0038 263.0556 109.1884 512 424 
1.424424 0.03133275 0.2910554 63654494278667 72057594037928060 10 1029.407 313.5149 261.3402 130.1816 512 424 
1.589012 -0.2931348 0.4295795 63654494278729 72057594037928060 5 805.2994 243.7818 185.241 105.6157 512 424 
1.580311 0.04607928 0.4606159 63654494278729 72057594037928060 9 1032.831 220.5126 263.997 97.90831 512 424 
1.422765 0.02985886 0.331246 63654494278729 72057594037928060 10 1028.277 283.1497 260.9746 119.647 512 424 
1.589012 -0.2931348 0.4295795 63654494278729 72057594037928060 5 805.2994 243.7818 185.241 105.6157 512 424 
1.580311 0.04607928 0.4606159 63654494278729 72057594037928060 9 1032.831 220.5126 263.997 97.90831 512 424 
1.422765 0.02985886 0.331246 63654494278729 72057594037928060 10 1028.277 283.1497 260.9746 119.647 512 424 
1.589012 -0.2931348 0.4295795 63654494278729 72057594037928060 5 805.2994 243.7818 185.241 105.6157 512 424 
1.580311 0.04607928 0.4606159 63654494278729 72057594037928060 9 1032.831 220.5126 263.997 97.90831 512 424 
1.422765 0.02985886 0.331246 63654494278729 72057594037928060 10 1028.277 283.1497 260.9746 119.647 512 424 
1.604343 -0.2404293 0.3983638 63654494278836 72057594037928060 5 841.9097 267.2032 198.0491 113.8182 512 424 
1.601019 0.08239436 0.4948176 63654494278836 72057594037928060 9 1056.07 201.6191 272.2233 91.37354 512 424 
1.604343 -0.2404293 0.3983638 63654494278836 72057594037928060 5 841.9097 267.2032 198.0491 113.8182 512 424 
1.601019 0.08239436 0.4948176 63654494278836 72057594037928060 9 1056.07 201.6191 272.2233 91.37354 512 424 
1.604343 -0.2404293 0.3983638 63654494278836 72057594037928060 5 841.9097 267.2032 198.0491 113.8182 512 424 
1.601019 0.08239436 0.4948176 63654494278836 72057594037928060 9 1056.07 201.6191 272.2233 91.37354 512 424 
1.602984 -0.2406141 0.3969747 63654494278942 72057594037928060 5 841.6846 267.9037 197.9604 114.0608 512 424 
1.801484 0.05142849 0.5496339 63654494278942 72057594037928060 8 1027.764 205.9522 263.7754 92.85176 512 424 
1.600975 0.08266535 0.4953278 63654494278942 72057594037928060 9 1056.252 201.2687 272.2863 91.25206 512 424 
1.602984 -0.2406141 0.3969747 63654494278942 72057594037928060 5 841.6846 267.9037 197.9604 114.0608 512 424 
1.801484 0.05142849 0.5496339 63654494278942 72057594037928060 8 1027.764 205.9522 263.7754 92.85176 512 424 
1.600975 0.08266535 0.4953278 63654494278942 72057594037928060 9 1056.252 201.2687 272.2863 91.25206 512 424 
1.609744 -0.2189972 0.3905208 63654494279018 72057594037928060 5 856.5222 273.2485 203.1537 115.9462 512 424 
1.801302 0.05156381 0.5497079 63654494279018 72057594037928060 8 1027.85 205.875 263.8041 92.82504 512 424 
1.621362 0.008784349 0.412063 63654494279018 72057594037928060 9 1006.784 260.4576 255.2489 111.7512 512 424 
1.609744 -0.2189972 0.3905208 63654494279018 72057594037928060 5 856.5222 273.2485 203.1537 115.9462 512 424 
1.801302 0.05156381 0.5497079 63654494279018 72057594037928060 8 1027.85 205.875 263.8041 92.82504 512 424 
1.621362 0.008784349 0.412063 63654494279018 72057594037928060 9 1006.784 260.4576 255.2489 111.7512 512 424 
1.514663 -0.2523723 0.4961758 63654494279101 72057594037928060 5 825.7549 182.5943 191.7831 84.43143 512 424 
1.801295 0.05157397 0.5496985 63654494279101 72057594037928060 8 1027.856 205.8793 263.8063 92.82656 512 424 
1.610892 0.006703997 0.4140796 63654494279101 72057594037928060 9 1005.662 257.364 254.7867 110.6754 512 424 
1.673127 -0.2605885 0.3450578 63654494279183 72057594037928060 5 834.4023 312.062 195.9261 129.376 512 424 
1.799475 0.05013213 0.5496451 63654494279183 72057594037928060 8 1027.064 205.5844 263.5217 92.72321 512 424 
1.601293 0.002492655 0.4153187 63654494279183 72057594037928060 9 1003.089 254.9035 253.8279 109.8177 512 424 
1.673127 -0.2605885 0.3450578 63654494279183 72057594037928060 5 834.4023 312.062 195.9261 129.376 512 424 
1.799475 0.05013213 0.5496451 63654494279183 72057594037928060 8 1027.064 205.5844 263.5217 92.72321 512 424 
1.601293 0.002492655 0.4153187 63654494279183 72057594037928060 9 1003.089 254.9035 253.8279 109.8177 512 424 
1.667457 -0.2617256 0.3386972 63654494279260 72057594037928060 5 833.2421 315.3819 195.4828 130.5254 512 424 
1.794689 0.04613658 0.5507897 63654494279260 72057594037928060 8 1024.85 204.041 262.7289 92.18473 512 424 
1.593933 -0.002337811 0.4173225 63654494279260 72057594037928060 9 1000.023 252.2954 252.715 108.9079 512 424 
1.667457 -0.2617256 0.3386972 63654494279260 72057594037928060 5 833.2421 315.3819 195.4828 130.5254 512 424 
1.794689 0.04613658 0.5507897 63654494279260 72057594037928060 8 1024.85 204.041 262.7289 92.18473 512 424 
1.593933 -0.002337811 0.4173225 63654494279260 72057594037928060 9 1000.023 252.2954 252.715 108.9079 512 424 
1.664766 -0.2629139 0.3375883 63654494279338 72057594037928060 5 832.2687 315.7443 195.1262 130.649 512 424 
1.792805 0.0426789 0.5509504 63654494279338 72057594037928060 8 1022.856 203.6084 262.0281 92.03223 512 424 
1.591661 -0.005627197 0.4176689 63654494279338 72057594037928060 9 997.8687 251.6722 251.9534 108.6887 512 424 
1.664766 -0.2629139 0.3375883 63654494279338 72057594037928060 5 832.2687 315.7443 195.1262 130.649 512 424 
1.792805 0.0426789 0.5509504 63654494279338 72057594037928060 8 1022.856 203.6084 262.0281 92.03223 512 424 
1.591661 -0.005627197 0.4176689 63654494279338 72057594037928060 9 997.8687 251.6722 251.9534 108.6887 512 424 
1.66243 -0.2635505 0.3363564 63654494279430 72057594037928060 5 831.675 316.2318 194.9036 130.8169 512 424 
1.791704 0.0389353 0.5519056 63654494279430 72057594037928060 8 1020.663 202.8452 261.2636 91.76466 512 424 
1.590313 -0.009182847 0.4187455 63654494279430 72057594037928060 9 995.5118 250.7205 251.1292 108.3552 512 424 
1.66243 -0.2635505 0.3363564 63654494279430 72057594037928060 5 831.675 316.2318 194.9036 130.8169 512 424 
1.791704 0.0389353 0.5519056 63654494279430 72057594037928060 8 1020.663 202.8452 261.2636 91.76466 512 424 
1.590313 -0.009182847 0.4187455 63654494279430 72057594037928060 9 995.5118 250.7205 251.1292 108.3552 512 424 
1.66243 -0.2635505 0.3363564 63654494279430 72057594037928060 5 831.675 316.2318 194.9036 130.8169 512 424 
1.791704 0.0389353 0.5519056 63654494279430 72057594037928060 8 1020.663 202.8452 261.2636 91.76466 512 424 
1.590313 -0.009182847 0.4187455 63654494279430 72057594037928060 9 995.5118 250.7205 251.1292 108.3552 512 424 
1.495399 -0.2530251 0.4890818 63654494279608 72057594037928060 5 823.4853 183.1615 190.8296 84.62359 512 424 
1.79097 0.03826206 0.5549863 63654494279608 72057594037928060 8 1020.278 200.8734 261.1287 91.07958 512 424 
1.589149 -0.009554393 0.4220558 63654494279608 72057594037928060 9 995.2756 248.2921 251.0415 107.5116 512 424 
1.495399 -0.2530251 0.4890818 63654494279608 72057594037928060 5 823.4853 183.1615 190.8296 84.62359 512 424 
1.79097 0.03826206 0.5549863 63654494279608 72057594037928060 8 1020.278 200.8734 261.1287 91.07958 512 424 
1.589149 -0.009554393 0.4220558 63654494279608 72057594037928060 9 995.2756 248.2921 251.0415 107.5116 512 424 
1.658674 -0.2596366 0.3360784 63654494279670 72057594037928060 5 833.8785 315.9169 195.6414 130.7119 512 424 
1.790351 0.04249931 0.5534589 63654494279670 72057594037928060 8 1022.82 201.6608 262.0036 91.35593 512 424 
1.588459 -0.00530954 0.4205617 63654494279670 72057594037928060 9 998.1365 249.1631 252.0244 107.8176 512 424 
1.658674 -0.2596366 0.3360784 63654494279670 72057594037928060 5 833.8785 315.9169 195.6414 130.7119 512 424 
1.790351 0.04249931 0.5534589 63654494279670 72057594037928060 8 1022.82 201.6608 262.0036 91.35593 512 424 
1.588459 -0.00530954 0.4205617 63654494279670 72057594037928060 9 998.1365 249.1631 252.0244 107.8176 512 424 
1.658674 -0.2596366 0.3360784 63654494279670 72057594037928060 5 833.8785 315.9169 195.6414 130.7119 512 424 
1.790351 0.04249931 0.5534589 63654494279670 72057594037928060 8 1022.82 201.6608 262.0036 91.35593 512 424 
1.588459 -0.00530954 0.4205617 63654494279670 72057594037928060 9 998.1365 249.1631 252.0244 107.8176 512 424 
1.494144 -0.2478573 0.488946 63654494279786 72057594037928060 5 827.0475 182.9557 192.0543 84.55782 512 424 
1.788534 0.05086745 0.5540397 63654494279786 72057594037928060 8 1027.859 200.9589 263.7371 91.11792 512 424 
1.586582 0.00304308 0.4211711 63654494279786 72057594037928060 9 1003.777 248.3985 253.961 107.5592 512 424 
1.494132 -0.246688 0.4893906 63654494279831 72057594037928060 5 827.8781 182.6326 192.3426 84.44722 512 424 
1.7899 0.05286451 0.5535495 63654494279831 72057594037928060 8 1029.003 201.4996 264.1402 91.307 512 424 
1.58792 0.005014503 0.4207001 63654494279831 72057594037928060 9 1005.069 248.9492 254.4175 107.752 512 424 
1.494132 -0.246688 0.4893906 63654494279831 72057594037928060 5 827.8781 182.6326 192.3426 84.44722 512 424 
1.7899 0.05286451 0.5535495 63654494279831 72057594037928060 8 1029.003 201.4996 264.1402 91.307 512 424 
1.58792 0.005014503 0.4207001 63654494279831 72057594037928060 9 1005.069 248.9492 254.4175 107.752 512 424 
1.494262 -0.2457455 0.4895004 63654494279902 72057594037928060 5 828.5615 182.5828 192.5808 84.431 512 424 
1.79095 0.05652143 0.5533501 63654494279902 72057594037928060 8 1031.142 201.804 264.8863 91.41511 512 424 
1.588954 0.008646058 0.4205141 63654494279902 72057594037928060 9 1007.478 249.2494 255.2581 107.8592 512 424 
1.658373 -0.2515692 0.3383486 63654494279978 72057594037928060 5 839.0234 314.4063 197.4241 130.1981 512 424 
1.793694 0.05942915 0.552475 63654494279978 72057594037928060 8 1032.773 202.8239 265.4658 91.77111 512 424 
1.591677 0.01153308 0.4196595 63654494279978 72057594037928060 9 1009.342 250.2989 255.9223 108.226 512 424 
1.658373 -0.2515692 0.3383486 63654494279978 72057594037928060 5 839.0234 314.4063 197.4241 130.1981 512 424 
1.793694 0.05942915 0.552475 63654494279978 72057594037928060 8 1032.773 202.8239 265.4658 91.77111 512 424 
1.591677 0.01153308 0.4196595 63654494279978 72057594037928060 9 1009.342 250.2989 255.9223 108.226 512 424 
1.613245 -0.224623 0.3606257 63654494280059 72057594037928060 5 853.138 293.5757 201.9976 122.9957 512 424 
1.794792 0.06191701 0.5498437 63654494280059 72057594037928060 8 1034.214 204.5866 265.9688 92.38465 512 424 
1.592762 0.01400631 0.4170517 63654494280059 72057594037928060 9 1010.973 252.2322 256.492 108.8992 512 424 
1.157882 -0.003464412 0.4718108 63654494280059 72057594037928060 11 1011.129 96.48087 252.1507 54.90594 512 424 
1.612916 -0.2245302 0.3597862 63654494280137 72057594037928060 5 853.1783 294.0816 202.0089 123.1714 512 424 
1.795794 0.06340611 0.5495728 63654494280137 72057594037928060 8 1035.061 204.9272 266.2672 92.50385 512 424 
1.593758 0.01548895 0.4167873 63654494280137 72057594037928060 9 1011.937 252.5804 256.8324 109.0213 512 424 
1.612916 -0.2245302 0.3597862 63654494280137 72057594037928060 5 853.1783 294.0816 202.0089 123.1714 512 424 
1.795794 0.06340611 0.5495728 63654494280137 72057594037928060 8 1035.061 204.9272 266.2672 92.50385 512 424 
1.593758 0.01548895 0.4167873 63654494280137 72057594037928060 9 1011.937 252.5804 256.8324 109.0213 512 424 
1.612328 -0.223718 0.3595253 63654494280221 72057594037928060 5 853.6734 294.1663 202.176 123.2017 512 424 
1.796105 0.06380812 0.5492727 63654494280221 72057594037928060 8 1035.288 205.1615 266.3474 92.58543 512 424 
1.594067 0.01588898 0.4164906 63654494280221 72057594037928060 9 1012.196 252.832 256.9241 109.109 512 424 
1.612328 -0.223718 0.3595253 63654494280221 72057594037928060 5 853.6734 294.1663 202.176 123.2017 512 424 
1.796105 0.06380812 0.5492727 63654494280221 72057594037928060 8 1035.288 205.1615 266.3474 92.58543 512 424 
1.594067 0.01588898 0.4164906 63654494280221 72057594037928060 9 1012.196 252.832 256.9241 109.109 512 424 
1.612328 -0.223718 0.3595253 63654494280221 72057594037928060 5 853.6734 294.1663 202.176 123.2017 512 424 
1.796105 0.06380812 0.5492727 63654494280221 72057594037928060 8 1035.288 205.1615 266.3474 92.58543 512 424 
1.594067 0.01588898 0.4164906 63654494280221 72057594037928060 9 1012.196 252.832 256.9241 109.109 512 424 
1.611822 -0.2227056 0.3595974 63654494280323 72057594037928060 5 854.3057 294.0423 202.3915 123.1599 512 424 
1.797113 0.06449264 0.5491916 63654494280323 72057594037928060 8 1035.656 205.3916 266.4803 92.66576 512 424 
1.595072 0.01657042 0.4164134 63654494280323 72057594037928060 9 1012.623 253.0577 257.079 109.1879 512 424 
1.611822 -0.2227056 0.3595974 63654494280323 72057594037928060 5 854.3057 294.0423 202.3915 123.1599 512 424 
1.797113 0.06449264 0.5491916 63654494280323 72057594037928060 8 1035.656 205.3916 266.4803 92.66576 512 424 
1.595072 0.01657042 0.4164134 63654494280323 72057594037928060 9 1012.623 253.0577 257.079 109.1879 512 424 
1.611696 -0.2225589 0.3595278 63654494280393 72057594037928060 5 854.3939 294.0695 202.4211 123.1695 512 424 
1.797213 0.06568833 0.5506508 63654494280393 72057594037928060 8 1036.358 204.5393 266.725 92.37055 512 424 
1.595175 0.01776101 0.4178673 63654494280393 72057594037928060 9 1013.411 252.1 257.3536 108.8563 512 424 
1.611696 -0.2225589 0.3595278 63654494280393 72057594037928060 5 854.3939 294.0695 202.4211 123.1695 512 424 
1.797213 0.06568833 0.5506508 63654494280393 72057594037928060 8 1036.358 204.5393 266.725 92.37055 512 424 
1.595175 0.01776101 0.4178673 63654494280393 72057594037928060 9 1013.411 252.1 257.3536 108.8563 512 424 
1.611406 -0.222641 0.3595064 63654494280468 72057594037928060 5 854.3194 294.041 202.3931 123.1595 512 424 
1.797299 0.06679238 0.5496504 63654494280468 72057594037928060 8 1037.011 205.1473 266.9506 92.58239 512 424 
1.595258 0.01885874 0.4168731 63654494280468 72057594037928060 9 1014.144 252.7771 257.6067 109.0923 512 424 
1.611406 -0.222641 0.3595064 63654494280468 72057594037928060 5 854.3194 294.041 202.3931 123.1595 512 424 
1.797299 0.06679238 0.5496504 63654494280468 72057594037928060 8 1037.011 205.1473 266.9506 92.58239 512 424 
1.595258 0.01885874 0.4168731 63654494280468 72057594037928060 9 1014.144 252.7771 257.6067 109.0923 512 424 
1.611019 -0.2230569 0.3598401 63654494280532 72057594037928060 5 854.0167 293.764 202.2854 123.0627 512 424 
1.796684 0.06668521 0.5495584 63654494280532 72057594037928060 8 1036.971 205.0904 266.9333 92.56255 512 424 
1.594642 0.0187521 0.4167803 63654494280532 72057594037928060 9 1014.091 252.7319 257.5837 109.0765 512 424 
1.610573 -0.223352 0.3601947 63654494280606 72057594037928060 5 853.7892 293.4641 202.2033 122.9581 512 424 
1.79636 0.066963 0.5490816 63654494280606 72057594037928060 8 1037.149 205.3144 266.9927 92.64053 512 424 
1.594317 0.01902826 0.4163054 63654494280606 72057594037928060 9 1014.286 252.9922 257.6483 109.1671 512 424 
1.609936 -0.2235927 0.3602827 63654494280616 72057594037928060 5 853.585 293.312 202.1278 122.9049 512 424 
1.795593 0.06727885 0.5485583 63654494280616 72057594037928060 8 1037.368 205.4854 267.0634 92.70013 512 424 
1.593548 0.01934195 0.4157831 63654494280616 72057594037928060 9 1014.519 253.2068 257.7229 109.2418 512 424 
1.609936 -0.2235927 0.3602827 63654494280616 72057594037928060 5 853.585 293.312 202.1278 122.9049 512 424 
1.795593 0.06727885 0.5485583 63654494280616 72057594037928060 8 1037.368 205.4854 267.0634 92.70013 512 424 
1.593548 0.01934195 0.4157831 63654494280616 72057594037928060 9 1014.519 253.2068 257.7229 109.2418 512 424 
1.607194 -0.2235338 0.3605333 63654494280701 72057594037928060 5 853.4289 292.7394 202.0533 122.7057 512 424 
1.791207 0.06599603 0.548514 63654494280701 72057594037928060 8 1036.777 204.715 266.8335 92.43195 512 424 
1.589165 0.0180647 0.4157286 63654494280701 72057594037928060 9 1013.794 252.4782 257.4394 108.9879 512 424 
1.600758 -0.2236113 0.3591927 63654494280773 72057594037928060 5 852.9229 292.6725 201.8291 122.6812 512 424 
1.780156 0.06244315 0.5468172 63654494280773 72057594037928060 8 1035.086 203.7093 266.1824 92.08073 512 424 
1.578117 0.01452716 0.4140134 63654494280773 72057594037928060 9 1011.737 251.6921 256.6436 108.7122 512 424 
1.600758 -0.2236113 0.3591927 63654494280773 72057594037928060 5 852.9229 292.6725 201.8291 122.6812 512 424 
1.780156 0.06244315 0.5468172 63654494280773 72057594037928060 8 1035.086 203.7093 266.1824 92.08073 512 424 
1.578117 0.01452716 0.4140134 63654494280773 72057594037928060 9 1011.737 251.6921 256.6436 108.7122 512 424 
1.602498 -0.2287727 0.3590618 63654494280853 72057594037928060 5 849.6207 293.0279 200.6974 122.7981 512 424 
1.785279 0.06033048 0.5469154 63654494280853 72057594037928060 8 1033.63 204.598 265.709 92.38779 512 424 
1.583234 0.01243181 0.4141236 63654494280853 72057594037928060 9 1010.184 252.5278 256.1454 109.0007 512 424 
1.588618 -0.2284295 0.3545894 63654494280932 72057594037928060 5 848.8339 293.9448 200.3179 123.1142 512 424 
1.77029 0.05778237 0.5388269 63654494280932 72057594037928060 8 1032.676 206.7139 265.2834 93.12105 512 424 
1.568238 0.009888373 0.4060411 63654494280932 72057594037928060 9 1008.887 255.3647 255.5759 109.9839 512 424 
1.588618 -0.2284295 0.3545894 63654494280932 72057594037928060 5 848.8339 293.9448 200.3179 123.1142 512 424 
1.77029 0.05778237 0.5388269 63654494280932 72057594037928060 8 1032.676 206.7139 265.2834 93.12105 512 424 
1.568238 0.009888373 0.4060411 63654494280932 72057594037928060 9 1008.887 255.3647 255.5759 109.9839 512 424 
1.566872 -0.2272095 0.3280357 63654494281032 72057594037928060 5 848.0942 308.7065 199.885 128.2345 512 424 
1.737484 0.05939937 0.4967459 63654494281032 72057594037928060 8 1034.988 226.4443 265.848 99.97385 512 424 
1.535357 0.01146294 0.3641072 63654494281032 72057594037928060 9 1010.97 278.5832 256.0015 118.0463 512 424 
1.552896 -0.2272478 0.2929325 63654494281097 72057594037928060 5 847.0978 330.7818 199.4183 135.89 512 424 
1.728124 0.05767345 0.4640866 63654494281097 72057594037928060 8 1034.357 244.9751 265.543 106.408 512 424 
1.525922 0.009734605 0.3316066 63654494281097 72057594037928060 9 1010.112 299.7344 255.6005 125.3844 512 424 
1.545063 -0.2263107 0.2084033 63654494281174 72057594037928060 5 847.3782 387.9904 199.4247 155.717 512 424 
1.476091 -0.06758709 0.2255815 63654494281174 72057594037928060 9 956.0892 368.6052 236.4438 149.1783 512 424 
1.542253 -0.2288304 0.1500876 63654494281251 72057594037928060 5 845.5872 427.9398 198.7559 169.5424 512 424 
1.47818 -0.07445498 0.1739311 63654494281251 72057594037928060 9 951.298 406.0233 234.7742 162.1158 512 424 
1.424931 -0.2450444 0.2478649 63654494281329 72057594037928060 5 823.1522 346.4886 189.9789 141.2835 512 424 
1.48026 -0.07360117 0.1142862 63654494281329 72057594037928060 9 952.087 449.0351 235.0233 176.9782 512 424 
1.424931 -0.2450444 0.2478649 63654494281329 72057594037928060 5 823.1522 346.4886 189.9789 141.2835 512 424 
1.48026 -0.07360117 0.1142862 63654494281329 72057594037928060 9 952.087 449.0351 235.0233 176.9782 512 424 
1.424931 -0.2450444 0.2478649 63654494281329 72057594037928060 5 823.1522 346.4886 189.9789 141.2835 512 424 
1.48026 -0.07360117 0.1142862 63654494281329 72057594037928060 9 952.087 449.0351 235.0233 176.9782 512 424 
1.452337 -0.009394549 0.1614167 63654494281428 72057594037928060 9 998.6922 412.8202 250.8823 164.5218 512 424 
1.737587 -0.2158512 -0.6773563 63654494281428 72057594037928060 15 868.8964 945.0848 207.4089 349.1558 512 424 
1.724123 -0.0329136 -0.6805528 63654494281428 72057594037928060 19 980.8596 950.1341 246.21 350.9546 512 424 
1.472309 -0.2876605 0.1609357 63654494281501 72057594037928060 5 797.2832 415.3124 181.4043 165.09 512 424 
1.453325 -0.01014693 0.1480222 63654494281501 72057594037928060 9 998.1534 422.7033 250.6944 167.9359 512 424 
1.737623 -0.2146179 -0.6777973 63654494281501 72057594037928060 15 869.6531 945.345 207.6718 349.2465 512 424 
1.721638 -0.03298768 -0.6836564 63654494281501 72057594037928060 19 980.8389 952.6588 246.1839 351.8322 512 424 
1.472309 -0.2876605 0.1609357 63654494281501 72057594037928060 5 797.2832 415.3124 181.4043 165.09 512 424 
1.453325 -0.01014693 0.1480222 63654494281501 72057594037928060 9 998.1534 422.7033 250.6944 167.9359 512 424 
1.737623 -0.2146179 -0.6777973 63654494281501 72057594037928060 15 869.6531 945.345 207.6718 349.2465 512 424 
1.721638 -0.03298768 -0.6836564 63654494281501 72057594037928060 19 980.8389 952.6588 246.1839 351.8322 512 424 
1.472309 -0.2876605 0.1609357 63654494281501 72057594037928060 5 797.2832 415.3124 181.4043 165.09 512 424 
1.453325 -0.01014693 0.1480222 63654494281501 72057594037928060 9 998.1534 422.7033 250.6944 167.9359 512 424 
1.737623 -0.2146179 -0.6777973 63654494281501 72057594037928060 15 869.6531 945.345 207.6718 349.2465 512 424 
1.721638 -0.03298768 -0.6836564 63654494281501 72057594037928060 19 980.8389 952.6588 246.1839 351.8322 512 424 
1.451829 -0.009955845 0.152323 63654494281592 72057594037928060 9 998.3148 419.4413 250.7399 166.8091 512 424 
1.737043 -0.2142009 -0.6779386 63654494281592 72057594037928060 15 869.8758 945.5695 207.7451 349.3246 512 424 
1.721763 -0.03249684 -0.6841962 63654494281592 72057594037928060 19 981.1418 952.9612 246.2896 351.9374 512 424 
1.451829 -0.009955845 0.152323 63654494281592 72057594037928060 9 998.3148 419.4413 250.7399 166.8091 512 424 
1.737043 -0.2142009 -0.6779386 63654494281592 72057594037928060 15 869.8758 945.5695 207.7451 349.3246 512 424 
1.721763 -0.03249684 -0.6841962 63654494281592 72057594037928060 19 981.1418 952.9612 246.2896 351.9374 512 424 
1.464523 -0.286439 0.1623916 63654494281662 72057594037928060 5 797.2614 413.6382 181.3273 164.5097 512 424 
1.445693 -0.008301577 0.1825178 63654494281662 72057594037928060 9 999.5884 396.7493 251.1481 158.9679 512 424 
1.737429 -0.2104031 -0.6776631 63654494281662 72057594037928060 15 872.2189 945.3049 208.5621 349.2338 512 424 
1.724514 -0.03343782 -0.6834987 63654494281662 72057594037928060 19 980.5387 951.8569 246.0994 351.5534 512 424 
1.464523 -0.286439 0.1623916 63654494281662 72057594037928060 5 797.2614 413.6382 181.3273 164.5097 512 424 
1.445693 -0.008301577 0.1825178 63654494281662 72057594037928060 9 999.5884 396.7493 251.1481 158.9679 512 424 
1.737429 -0.2104031 -0.6776631 63654494281662 72057594037928060 15 872.2189 945.3049 208.5621 349.2338 512 424 
1.724514 -0.03343782 -0.6834987 63654494281662 72057594037928060 19 980.5387 951.8569 246.0994 351.5534 512 424 
1.441423 -0.01089401 0.2112094 63654494281749 72057594037928060 9 997.6985 375.1781 250.4808 151.5051 512 424 
1.726108 -0.2109754 -0.6763778 63654494281749 72057594037928060 15 871.2406 947.2358 208.1463 349.9038 512 424 
1.73573 -0.04408278 -0.663986 63654494281749 72057594037928060 19 973.9023 937.1802 243.8833 346.4452 512 424 
1.441423 -0.01089401 0.2112094 63654494281749 72057594037928060 9 997.6985 375.1781 250.4808 151.5051 512 424 
1.726108 -0.2109754 -0.6763778 63654494281749 72057594037928060 15 871.2406 947.2358 208.1463 349.9038 512 424 
1.73573 -0.04408278 -0.663986 63654494281749 72057594037928060 19 973.9023 937.1802 243.8833 346.4452 512 424 
1.435094 -0.0121855 0.2639442 63654494281842 72057594037928060 9 996.7404 335.3711 250.1355 137.7209 512 424 
1.744867 -0.2045697 -0.6505857 63654494281842 72057594037928060 15 876.1299 927.0276 209.9903 342.8807 512 424 
1.435094 -0.0121855 0.2639442 63654494281842 72057594037928060 9 996.7404 335.3711 250.1355 137.7209 512 424 
1.744867 -0.2045697 -0.6505857 63654494281842 72057594037928060 15 876.1299 927.0276 209.9903 342.8807 512 424 
1.426226 -0.01526991 0.3267859 63654494281936 72057594037928060 9 994.4578 287.2053 249.317 121.015 512 424 
1.681357 -0.2114606 -0.6800172 63654494281936 72057594037928060 15 868.3819 960.6386 206.8392 354.5519 512 424 
1.426226 -0.01526991 0.3267859 63654494281936 72057594037928060 9 994.4578 287.2053 249.317 121.015 512 424 
1.681357 -0.2114606 -0.6800172 63654494281936 72057594037928060 15 868.3819 960.6386 206.8392 354.5519 512 424 
1.422568 -0.01652996 0.3336508 63654494281993 72057594037928060 9 993.5667 281.4344 248.9805 119.0109 512 424 
1.680971 -0.2130266 -0.6788216 63654494281993 72057594037928060 15 867.3676 959.9822 206.4847 354.3238 512 424 
1.42017 -0.01870392 0.3992077 63654494282048 72057594037928060 9 991.806 231.7581 248.4043 101.7592 512 424 
1.699703 -0.2205079 -0.6688947 63654494282048 72057594037928060 15 863.777 949.0406 205.3755 350.5265 512 424 
1.680176 -0.04614475 -0.6620644 63654494282048 72057594037928060 19 972.812 949.4227 243.1197 350.7037 512 424 
1.42017 -0.01870392 0.3992077 63654494282048 72057594037928060 9 991.806 231.7581 248.4043 101.7592 512 424 
1.699703 -0.2205079 -0.6688947 63654494282048 72057594037928060 15 863.777 949.0406 205.3755 350.5265 512 424 
1.680176 -0.04614475 -0.6620644 63654494282048 72057594037928060 19 972.812 949.4227 243.1197 350.7037 512 424 
1.422758 -0.01655565 0.4416319 63654494282150 72057594037928060 9 993.2546 200.4432 248.9663 90.88599 512 424 
1.422758 -0.01655565 0.4416319 63654494282150 72057594037928060 9 993.2546 200.4432 248.9663 90.88599 512 424 
1.422981 -0.01681648 0.4493895 63654494282241 72057594037928060 9 993.0342 194.6685 248.8989 88.88083 512 424 
1.422981 -0.01681648 0.4493895 63654494282241 72057594037928060 9 993.0342 194.6685 248.8989 88.88083 512 424 
1.254238 -0.2728365 0.4359989 63654494282319 72057594037928060 6 779.1357 161.2905 172.9731 76.99565 512 424 
1.666438 -0.02551815 0.4725424 63654494282319 72057594037928060 8 983.6636 229.133 247.6148 100.8443 512 424 
1.423023 -0.01749463 0.4530703 63654494282319 72057594037928060 9 992.516 191.9151 248.7231 87.92429 512 424 
1.254238 -0.2728365 0.4359989 63654494282319 72057594037928060 6 779.1357 161.2905 172.9731 76.99565 512 424 
1.666438 -0.02551815 0.4725424 63654494282319 72057594037928060 8 983.6636 229.133 247.6148 100.8443 512 424 
1.423023 -0.01749463 0.4530703 63654494282319 72057594037928060 9 992.516 191.9151 248.7231 87.92429 512 424 
1.669065 -0.02278583 0.4737309 63654494282411 72057594037928060 8 985.3782 228.843 248.2266 100.7459 512 424 
1.425517 -0.01684613 0.4552515 63654494282411 72057594037928060 9 992.9504 190.873 248.8986 87.56325 512 424 
1.668961 -0.02285786 0.4736106 63654494282469 72057594037928060 8 985.3337 228.9012 248.2104 100.7661 512 424 
1.425341 -0.0174225 0.4560008 63654494282469 72057594037928060 9 992.5209 190.2702 248.749 87.35344 512 424 
1.668961 -0.02285786 0.4736106 63654494282469 72057594037928060 8 985.3337 228.9012 248.2104 100.7661 512 424 
1.425341 -0.0174225 0.4560008 63654494282469 72057594037928060 9 992.5209 190.2702 248.749 87.35344 512 424 
1.668703 -0.02303206 0.4735619 63654494282541 72057594037928060 8 985.2253 228.8859 248.1711 100.7607 512 424 
1.425059 -0.01763685 0.4562916 63654494282541 72057594037928060 9 992.3649 189.985 248.6926 87.25421 512 424 
1.668158 -0.02336664 0.4734156 63654494282611 72057594037928060 8 985.018 228.8813 248.0956 100.7588 512 424 
1.548448 -0.02083091 0.2298471 63654494282611 72057594037928060 9 988.7237 373.1666 248.3168 150.8017 512 424 
1.668158 -0.02336664 0.4734156 63654494282611 72057594037928060 8 985.018 228.8813 248.0956 100.7588 512 424 
1.548448 -0.02083091 0.2298471 63654494282611 72057594037928060 9 988.7237 373.1666 248.3168 150.8017 512 424 
1.668158 -0.02336664 0.4734156 63654494282611 72057594037928060 8 985.018 228.8813 248.0956 100.7588 512 424 
1.548448 -0.02083091 0.2298471 63654494282611 72057594037928060 9 988.7237 373.1666 248.3168 150.8017 512 424 
1.54807 -0.02096728 0.2349419 63654494282694 72057594037928060 9 988.623 369.6259 248.2829 149.5763 512 424 
1.459286 -0.2795793 0.4854117 63654494282771 72057594037928060 5 800.5508 177.2551 182.5591 82.54424 512 424 
1.667508 -0.02386996 0.4762101 63654494282771 72057594037928060 8 984.6972 226.9748 247.9822 100.0961 512 424 
1.424569 -0.01644487 0.4510977 63654494282771 72057594037928060 9 993.2788 193.762 248.9998 88.5665 512 424 
1.459286 -0.2795793 0.4854117 63654494282771 72057594037928060 5 800.5508 177.2551 182.5591 82.54424 512 424 
1.667508 -0.02386996 0.4762101 63654494282771 72057594037928060 8 984.6972 226.9748 247.9822 100.0961 512 424 
1.424569 -0.01644487 0.4510977 63654494282771 72057594037928060 9 993.2788 193.762 248.9998 88.5665 512 424 
1.402895 -0.01264388 0.381115 63654494282921 72057594037928060 9 996.7561 241.8165 249.9363 105.2585 512 424 
1.402895 -0.01264388 0.381115 63654494282921 72057594037928060 9 996.7561 241.8165 249.9363 105.2585 512 424 
1.18936 -0.2574905 0.2862902 63654494282961 72057594037928060 6 783.2639 275.4731 173.4419 116.5479 512 424 
1.411798 -0.01662536 0.3210183 63654494282961 72057594037928060 9 993.729 289.0682 248.9239 121.6601 512 424 
1.451907 -0.2905252 0.3053728 63654494283033 72057594037928060 5 792.3171 307.8194 179.5422 127.808 512 424 
1.189532 -0.2590183 0.2353976 63654494283033 72057594037928060 6 782.1431 321.1077 173.033 132.3816 512 424 
1.410707 -0.01700956 0.2663623 63654494283033 72057594037928060 9 993.6045 330.171 248.8248 135.9143 512 424 
1.654822 -0.0344545 0.2115054 63654494283112 72057594037928060 8 978.6275 395.1373 245.6155 158.3919 512 424 
1.411012 -0.01814912 0.2148717 63654494283112 72057594037928060 9 992.8746 369.0727 248.5331 149.3857 512 424 
1.654822 -0.0344545 0.2115054 63654494283112 72057594037928060 8 978.6275 395.1373 245.6155 158.3919 512 424 
1.411012 -0.01814912 0.2148717 63654494283112 72057594037928060 9 992.8746 369.0727 248.5331 149.3857 512 424 
1.508842 -0.2475533 0.1791333 63654494283242 72057594037928060 5 829.6127 405.2242 192.953 161.6525 512 424 
1.662513 -0.05491784 0.1176301 63654494283242 72057594037928060 8 965.6926 455.842 241.1449 179.3491 512 424 
1.512309 -0.03983264 0.1261645 63654494283242 72057594037928060 9 976.124 442.3544 243.5977 174.7001 512 424 
1.508842 -0.2475533 0.1791333 63654494283242 72057594037928060 5 829.6127 405.2242 192.953 161.6525 512 424 
1.662513 -0.05491784 0.1176301 63654494283242 72057594037928060 8 965.6926 455.842 241.1449 179.3491 512 424 
1.512309 -0.03983264 0.1261645 63654494283242 72057594037928060 9 976.124 442.3544 243.5977 174.7001 512 424 
1.508842 -0.2475533 0.1791333 63654494283242 72057594037928060 5 829.6127 405.2242 192.953 161.6525 512 424 
1.662513 -0.05491784 0.1176301 63654494283242 72057594037928060 8 965.6926 455.842 241.1449 179.3491 512 424 
1.512309 -0.03983264 0.1261645 63654494283242 72057594037928060 9 976.124 442.3544 243.5977 174.7001 512 424 
1.508457 -0.2478886 0.1631053 63654494283313 72057594037928060 5 829.3884 416.49 192.865 165.5526 512 424 
1.661833 -0.05507988 0.1020649 63654494283313 72057594037928060 8 965.6227 465.7649 241.1054 182.7744 512 424 
1.645473 0.02152139 -0.02135682 63654494283313 72057594037928060 9 1015.37 544.6509 258.0474 210.0437 512 424 
1.508457 -0.2478886 0.1631053 63654494283313 72057594037928060 5 829.3884 416.49 192.865 165.5526 512 424 
1.661833 -0.05507988 0.1020649 63654494283313 72057594037928060 8 965.6227 465.7649 241.1054 182.7744 512 424 
1.645473 0.02152139 -0.02135682 63654494283313 72057594037928060 9 1015.37 544.6509 258.0474 210.0437 512 424 
1.508274 -0.2494081 0.1409151 63654494283392 72057594037928060 5 828.3654 432.1178 192.498 170.9603 512 424 
1.662594 -0.05354282 0.07224243 63654494283392 72057594037928060 8 966.6721 484.8499 241.4518 189.3625 512 424 
1.646103 0.02273647 -0.04954482 63654494283392 72057594037928060 9 1016.195 562.8259 258.3164 216.3173 512 424 
1.801654 -0.04700801 -0.5935588 63654494283392 72057594037928060 18 971.8156 880.7347 243.6347 326.7601 512 424 
1.698087 -0.0537232 -0.6388862 63654494283392 72057594037928060 19 967.9705 930.4869 241.5813 344.112 512 424 
1.508274 -0.2494081 0.1409151 63654494283392 72057594037928060 5 828.3654 432.1178 192.498 170.9603 512 424 
1.662594 -0.05354282 0.07224243 63654494283392 72057594037928060 8 966.6721 484.8499 241.4518 189.3625 512 424 
1.646103 0.02273647 -0.04954482 63654494283392 72057594037928060 9 1016.195 562.8259 258.3164 216.3173 512 424 
1.801654 -0.04700801 -0.5935588 63654494283392 72057594037928060 18 971.8156 880.7347 243.6347 326.7601 512 424 
1.698087 -0.0537232 -0.6388862 63654494283392 72057594037928060 19 967.9705 930.4869 241.5813 344.112 512 424 
1.508274 -0.2494081 0.1409151 63654494283392 72057594037928060 5 828.3654 432.1178 192.498 170.9603 512 424 
1.662594 -0.05354282 0.07224243 63654494283392 72057594037928060 8 966.6721 484.8499 241.4518 189.3625 512 424 
1.646103 0.02273647 -0.04954482 63654494283392 72057594037928060 9 1016.195 562.8259 258.3164 216.3173 512 424 
1.801654 -0.04700801 -0.5935588 63654494283392 72057594037928060 18 971.8156 880.7347 243.6347 326.7601 512 424 
1.698087 -0.0537232 -0.6388862 63654494283392 72057594037928060 19 967.9705 930.4869 241.5813 344.112 512 424 
1.661049 -0.05340717 0.06537516 63654494283471 72057594037928060 8 966.7734 489.1987 241.4711 190.8634 512 424 
1.504037 -0.03843753 0.078421 63654494283471 72057594037928060 9 977.2748 475.5989 243.888 186.1774 512 424 
1.697398 -0.0525644 -0.6399555 63654494283471 72057594037928060 19 968.6981 931.3185 241.8284 344.4019 512 424 
1.661049 -0.05340717 0.06537516 63654494283471 72057594037928060 8 966.7734 489.1987 241.4711 190.8634 512 424 
1.504037 -0.03843753 0.078421 63654494283471 72057594037928060 9 977.2748 475.5989 243.888 186.1774 512 424 
1.697398 -0.0525644 -0.6399555 63654494283471 72057594037928060 19 968.6981 931.3185 241.8284 344.4019 512 424 
1.487759 -0.2489613 0.1300832 63654494283543 72057594037928060 5 826.8006 438.4916 191.7722 173.1629 512 424 
1.655233 -0.05338398 0.07088364 63654494283543 72057594037928060 8 966.7745 485.5168 241.4346 189.5927 512 424 
1.491364 -0.03775008 0.08220863 63654494283543 72057594037928060 9 977.8409 472.4289 243.9772 185.0836 512 424 
1.290238 -0.2512597 0.1315715 63654494283626 72057594037928060 6 803.3885 423.1071 181.6479 167.791 512 424 
1.639824 -0.05212543 0.1068894 63654494283626 72057594037928060 8 967.5057 461.7585 241.6024 181.393 512 424 
1.476816 -0.03656159 0.1100182 63654494283626 72057594037928060 9 978.7325 451.8392 244.1789 177.9769 512 424 
1.290238 -0.2512597 0.1315715 63654494283626 72057594037928060 6 803.3885 423.1071 181.6479 167.791 512 424 
1.639824 -0.05212543 0.1068894 63654494283626 72057594037928060 8 967.5057 461.7585 241.6024 181.393 512 424 
1.476816 -0.03656159 0.1100182 63654494283626 72057594037928060 9 978.7325 451.8392 244.1789 177.9769 512 424 
1.290238 -0.2512597 0.1315715 63654494283626 72057594037928060 6 803.3885 423.1071 181.6479 167.791 512 424 
1.639824 -0.05212543 0.1068894 63654494283626 72057594037928060 8 967.5057 461.7585 241.6024 181.393 512 424 
1.476816 -0.03656159 0.1100182 63654494283626 72057594037928060 9 978.7325 451.8392 244.1789 177.9769 512 424 
1.268962 -0.2472945 0.1891168 63654494283723 72057594037928060 6 803.7512 373.0632 181.5478 150.4503 512 424 
1.618994 -0.05397066 0.1774309 63654494283723 72057594037928060 8 966.1356 414.5545 241.0269 165.0878 512 424 
1.455669 -0.03640348 0.1739357 63654494283723 72057594037928060 9 978.8531 404.0043 244.0804 161.4521 512 424 
1.276193 -0.01005889 0.1653021 63654494283723 72057594037928060 10 1002.466 393.2692 250.3629 157.762 512 424 
1.268962 -0.2472945 0.1891168 63654494283723 72057594037928060 6 803.7512 373.0632 181.5478 150.4503 512 424 
1.618994 -0.05397066 0.1774309 63654494283723 72057594037928060 8 966.1356 414.5545 241.0269 165.0878 512 424 
1.455669 -0.03640348 0.1739357 63654494283723 72057594037928060 9 978.8531 404.0043 244.0804 161.4521 512 424 
1.276193 -0.01005889 0.1653021 63654494283723 72057594037928060 10 1002.466 393.2692 250.3629 157.762 512 424 
1.268962 -0.2472945 0.1891168 63654494283723 72057594037928060 6 803.7512 373.0632 181.5478 150.4503 512 424 
1.618994 -0.05397066 0.1774309 63654494283723 72057594037928060 8 966.1356 414.5545 241.0269 165.0878 512 424 
1.455669 -0.03640348 0.1739357 63654494283723 72057594037928060 9 978.8531 404.0043 244.0804 161.4521 512 424 
1.276193 -0.01005889 0.1653021 63654494283723 72057594037928060 10 1002.466 393.2692 250.3629 157.762 512 424 
1.442296 -0.2425992 0.2600034 63654494283824 72057594037928060 5 826.6534 339.7485 191.3613 138.954 512 424 
1.26206 -0.2430988 0.2345369 63654494283824 72057594037928060 6 806.2199 333.8845 182.3375 136.868 512 424 
1.611199 -0.05196809 0.2309972 63654494283824 72057594037928060 8 967.3271 378.6216 241.416 152.6642 512 424 
1.447909 -0.03384975 0.2189584 63654494283824 72057594037928060 9 980.6756 370.2342 244.6728 149.7739 512 424 
1.442296 -0.2425992 0.2600034 63654494283824 72057594037928060 5 826.6534 339.7485 191.3613 138.954 512 424 
1.26206 -0.2430988 0.2345369 63654494283824 72057594037928060 6 806.2199 333.8845 182.3375 136.868 512 424 
1.611199 -0.05196809 0.2309972 63654494283824 72057594037928060 8 967.3271 378.6216 241.416 152.6642 512 424 
1.447909 -0.03384975 0.2189584 63654494283824 72057594037928060 9 980.6756 370.2342 244.6728 149.7739 512 424 
1.233031 -0.260283 0.3258559 63654494283928 72057594037928060 6 787.2169 250.3266 175.4117 107.8336 512 424 
1.606292 -0.04400697 0.3575822 63654494283928 72057594037928060 8 972.2994 294.2087 243.1798 123.4215 512 424 
1.442136 -0.02684639 0.3390309 63654494283928 72057594037928060 9 985.5819 280.8749 246.4069 118.807 512 424 
1.233031 -0.260283 0.3258559 63654494283928 72057594037928060 6 787.2169 250.3266 175.4117 107.8336 512 424 
1.606292 -0.04400697 0.3575822 63654494283928 72057594037928060 8 972.2994 294.2087 243.1798 123.4215 512 424 
1.442136 -0.02684639 0.3390309 63654494283928 72057594037928060 9 985.5819 280.8749 246.4069 118.807 512 424 
1.233031 -0.260283 0.3258559 63654494283928 72057594037928060 6 787.2169 250.3266 175.4117 107.8336 512 424 
1.606292 -0.04400697 0.3575822 63654494283928 72057594037928060 8 972.2994 294.2087 243.1798 123.4215 512 424 
1.442136 -0.02684639 0.3390309 63654494283928 72057594037928060 9 985.5819 280.8749 246.4069 118.807 512 424 
1.236832 -0.2610014 0.3799241 63654494284048 72057594037928060 6 786.92 204.518 175.3957 91.95282 512 424 
1.616422 -0.04051104 0.4287261 63654494284048 72057594037928060 8 974.3994 248.7412 244.028 107.6402 512 424 
1.450122 -0.02522441 0.4054219 63654494284048 72057594037928060 9 986.4962 233.398 246.8486 102.3226 512 424 
1.641534 -0.04356781 0.4855217 63654494284149 72057594037928060 8 972.173 216.1349 243.4762 96.31313 512 424 
1.463418 -0.0274326 0.4641255 63654494284149 72057594037928060 9 984.5591 193.2594 246.345 88.38152 512 424 
1.641534 -0.04356781 0.4855217 63654494284149 72057594037928060 8 972.173 216.1349 243.4762 96.31313 512 424 
1.463418 -0.0274326 0.4641255 63654494284149 72057594037928060 9 984.5591 193.2594 246.345 88.38152 512 424 
1.653812 -0.04263081 0.4850785 63654494284236 72057594037928060 8 972.7414 218.7642 243.7581 97.22744 512 424 
1.502453 -0.0043618 0.3786043 63654494284236 72057594037928060 9 1000.678 262.7889 252.1865 112.5499 512 424 
1.653838 -0.04259399 0.4848563 63654494284330 72057594037928060 8 972.7656 218.9124 243.7665 97.27895 512 424 
1.653838 -0.04259399 0.4848563 63654494284330 72057594037928060 8 972.7656 218.9124 243.7665 97.27895 512 424 
1.653088 -0.04265547 0.4847247 63654494284413 72057594037928060 8 972.7288 218.8556 243.7484 97.2591 512 424 
1.653088 -0.04265547 0.4847247 63654494284413 72057594037928060 8 972.7288 218.8556 243.7484 97.2591 512 424 
1.653088 -0.04265547 0.4847247 63654494284413 72057594037928060 8 972.7288 218.8556 243.7484 97.2591 512 424 
1.652067 -0.04275883 0.4848207 63654494284527 72057594037928060 8 972.6652 218.6003 243.7195 97.17033 512 424 
1.661773 -0.02365362 0.5099641 63654494284887 72057594037928060 8 984.8173 204.2215 248.0093 92.19423 512 424 
1.45157 0.005751445 0.4813437 63654494284887 72057594037928060 9 1009.003 177.7181 254.7158 83.02007 512 424 
1.661773 -0.02365362 0.5099641 63654494284887 72057594037928060 8 984.8173 204.2215 248.0093 92.19423 512 424 
1.45157 0.005751445 0.4813437 63654494284887 72057594037928060 9 1009.003 177.7181 254.7158 83.02007 512 424 
1.661773 -0.02365362 0.5099641 63654494284887 72057594037928060 8 984.8173 204.2215 248.0093 92.19423 512 424 
1.45157 0.005751445 0.4813437 63654494284887 72057594037928060 9 1009.003 177.7181 254.7158 83.02007 512 424 
1.637451 -0.03112577 0.4681695 63654494284985 72057594037928060 8 980.317 226.6382 246.2531 99.97233 512 424 
1.427878 0.001481314 0.4357323 63654494284985 72057594037928060 9 1006.63 205.9989 253.6372 92.83282 512 424 
1.637451 -0.03112577 0.4681695 63654494284985 72057594037928060 8 980.317 226.6382 246.2531 99.97233 512 424 
1.427878 0.001481314 0.4357323 63654494284985 72057594037928060 9 1006.63 205.9989 253.6372 92.83282 512 424 
1.43501 0.01021982 0.4047359 63654494285056 72057594037928060 9 1013 230.6706 255.8779 101.409 512 424 
1.433926 0.009556623 0.3633702 63654494285108 72057594037928060 9 1012.648 261.2392 255.7077 112.0242 512 424 
1.433926 0.009556623 0.3633702 63654494285108 72057594037928060 9 1012.648 261.2392 255.7077 112.0242 512 424 
1.485307 -0.2661951 0.3098836 63654494285220 72057594037928060 5 813.6707 309.5701 187.2591 128.4606 512 424 
1.438997 0.006361953 0.2817204 63654494285220 72057594037928060 9 1010.331 322.697 254.8795 133.3447 512 424 
1.485307 -0.2661951 0.3098836 63654494285220 72057594037928060 5 813.6707 309.5701 187.2591 128.4606 512 424 
1.438997 0.006361953 0.2817204 63654494285220 72057594037928060 9 1010.331 322.697 254.8795 133.3447 512 424 
1.495526 -0.2708586 0.1889827 63654494285331 72057594037928060 5 811.785 397.1403 186.6567 158.8211 512 424 
1.445227 0.00106365 0.1613446 63654494285331 72057594037928060 9 1006.545 412.2679 253.5248 164.3393 512 424 
1.495526 -0.2708586 0.1889827 63654494285331 72057594037928060 5 811.785 397.1403 186.6567 158.8211 512 424 
1.445227 0.00106365 0.1613446 63654494285331 72057594037928060 9 1006.545 412.2679 253.5248 164.3393 512 424 
1.458976 0.003091034 0.1040491 63654494285406 72057594037928060 9 1007.792 455.1351 254.0315 179.1452 512 424 
1.754068 -0.04754294 -0.6663494 63654494285406 72057594037928060 19 971.7416 934.3618 243.2536 345.4633 512 424 
1.30221 -0.2717335 0.1155058 63654494285484 72057594037928060 6 788.2342 437.2501 176.511 172.6662 512 424 
1.495872 -0.01427127 0.06980527 63654494285484 72057594037928060 9 994.5289 481.3674 249.7585 188.1857 512 424 
1.759359 -0.04171671 -0.6818933 63654494285484 72057594037928060 19 975.274 942.5403 244.505 348.3114 512 424 
1.514933 -0.2860911 0.1187689 63654494285556 72057594037928060 5 803.2952 448.1485 183.8423 176.4716 512 424 
1.306859 -0.2723262 0.1107792 63654494285556 72057594037928060 6 788.4057 441.4282 176.6208 174.1139 512 424 
1.497541 -0.01001301 0.06559874 63654494285556 72057594037928060 9 997.5322 484.3983 250.8045 189.2346 512 424 
1.754966 -0.03770624 -0.6820973 63654494285556 72057594037928060 19 977.7226 943.693 245.3264 348.7134 512 424 
1.514933 -0.2860911 0.1187689 63654494285556 72057594037928060 5 803.2952 448.1485 183.8423 176.4716 512 424 
1.306859 -0.2723262 0.1107792 63654494285556 72057594037928060 6 788.4057 441.4282 176.6208 174.1139 512 424 
1.497541 -0.01001301 0.06559874 63654494285556 72057594037928060 9 997.5322 484.3983 250.8045 189.2346 512 424 
1.754966 -0.03770624 -0.6820973 63654494285556 72057594037928060 19 977.7226 943.693 245.3264 348.7134 512 424 
1.500051 -0.01984994 0.08530329 63654494285647 72057594037928060 9 990.4614 470.5391 248.4048 184.4449 512 424 
1.751831 -0.03610831 -0.6821373 63654494285647 72057594037928060 19 978.7105 944.4559 245.6487 348.9791 512 424 
1.500051 -0.01984994 0.08530329 63654494285647 72057594037928060 9 990.4614 470.5391 248.4048 184.4449 512 424 
1.751831 -0.03610831 -0.6821373 63654494285647 72057594037928060 19 978.7105 944.4559 245.6487 348.9791 512 424 
1.311033 -0.2686357 0.1088751 63654494285722 72057594037928060 6 791.9752 443.2502 177.9077 174.7504 512 424 
1.502153 -0.01910534 0.08597629 63654494285722 72057594037928060 9 990.9543 470.1461 248.5932 184.3098 512 424 
1.757036 -0.03440651 -0.6857294 63654494285722 72057594037928060 19 979.7123 945.4023 246.0286 349.3088 512 424 
1.301442 -0.2666064 0.1479664 63654494285795 72057594037928060 6 792.2022 410.6726 177.8994 163.4655 512 424 
1.506358 -0.01087746 0.1320668 63654494285795 72057594037928060 9 996.5877 437.7784 250.6073 173.1424 512 424 
1.764066 -0.2160387 -0.6723548 63654494285795 72057594037928060 15 870.253 935.8436 208.0593 345.9454 512 424 
1.753253 -0.03282853 -0.6813805 63654494285795 72057594037928060 19 980.6879 943.6581 246.3453 348.7024 512 424 
1.301442 -0.2666064 0.1479664 63654494285795 72057594037928060 6 792.2022 410.6726 177.8994 163.4655 512 424 
1.506358 -0.01087746 0.1320668 63654494285795 72057594037928060 9 996.5877 437.7784 250.6073 173.1424 512 424 
1.764066 -0.2160387 -0.6723548 63654494285795 72057594037928060 15 870.253 935.8436 208.0593 345.9454 512 424 
1.753253 -0.03282853 -0.6813805 63654494285795 72057594037928060 19 980.6879 943.6581 246.3453 348.7024 512 424 
1.508886 -0.00298728 0.2074652 63654494285868 72057594037928060 9 1001.921 384.7715 252.5284 154.8304 512 424 
1.755606 -0.2088764 -0.6571833 63654494285868 72057594037928060 15 874.0932 928.6014 209.3491 343.4279 512 424 
1.743221 -0.0316678 -0.6800264 63654494285868 72057594037928060 19 981.4699 945.2106 246.5511 349.2427 512 424 
1.508886 -0.00298728 0.2074652 63654494285868 72057594037928060 9 1001.921 384.7715 252.5284 154.8304 512 424 
1.755606 -0.2088764 -0.6571833 63654494285868 72057594037928060 15 874.0932 928.6014 209.3491 343.4279 512 424 
1.743221 -0.0316678 -0.6800264 63654494285868 72057594037928060 19 981.4699 945.2106 246.5511 349.2427 512 424 
1.507474 0.0008763251 0.2636738 63654494285934 72057594037928060 9 1004.546 344.9349 253.4684 141.0455 512 424 
1.745055 -0.0369993 -0.6602721 63654494285934 72057594037928060 19 978.174 932.736 245.4315 344.8995 512 424 
1.512365 0.003151998 0.3193472 63654494286010 72057594037928060 9 1005.893 306.3141 254.0211 127.6613 512 424 
1.52435 0.0169899 0.3379797 63654494286066 72057594037928060 9 1015.207 295.0208 257.3535 123.7548 512 424 
1.52435 0.0169899 0.3379797 63654494286066 72057594037928060 9 1015.207 295.0208 257.3535 123.7548 512 424 
1.52435 0.0169899 0.3379797 63654494286066 72057594037928060 9 1015.207 295.0208 257.3535 123.7548 512 424 
1.286872 -0.2588812 0.4384545 63654494286263 72057594037928060 6 795.4626 168.6408 179.0157 79.55244 512 424 
1.694748 -0.0001077875 0.5234002 63654494286263 72057594037928060 8 999.2422 202.075 253.2315 91.46877 512 424 
1.489328 0.0004817625 0.4677634 63654494286263 72057594037928060 9 1004.211 196.472 253.3741 89.52403 512 424 
1.286872 -0.2588812 0.4384545 63654494286263 72057594037928060 6 795.4626 168.6408 179.0157 79.55244 512 424 
1.694748 -0.0001077875 0.5234002 63654494286263 72057594037928060 8 999.2422 202.075 253.2315 91.46877 512 424 
1.489328 0.0004817625 0.4677634 63654494286263 72057594037928060 9 1004.211 196.472 253.3741 89.52403 512 424 
1.301987 -0.2611771 0.4438063 63654494286388 72057594037928060 6 795.5637 168.4734 179.2268 79.49525 512 424 
1.695489 0.000115123 0.5242171 63654494286388 72057594037928060 8 999.3665 201.7039 253.2799 91.3401 512 424 
1.489619 0.0007045732 0.4684555 63654494286388 72057594037928060 9 1004.362 196.0403 253.4292 89.37438 512 424 
1.139293 0.02351584 0.4077191 63654494286388 72057594037928060 11 1037.293 149.5392 260.869 73.2735 512 424 
1.697615 -0.0004036592 0.5238279 63654494286464 72057594037928060 8 999.0018 202.3639 253.1673 91.56887 512 424 
1.491658 0.0001894514 0.4680497 63654494286464 72057594037928060 9 1003.944 196.7922 253.3017 89.63494 512 424 
1.287496 0.01419524 0.4297352 63654494286464 72057594037928060 10 1021.456 175.3642 257.3204 82.21297 512 424 
1.697615 -0.0004036592 0.5238279 63654494286464 72057594037928060 8 999.0018 202.3639 253.1673 91.56887 512 424 
1.491658 0.0001894514 0.4680497 63654494286464 72057594037928060 9 1003.944 196.7922 253.3017 89.63494 512 424 
1.287496 0.01419524 0.4297352 63654494286464 72057594037928060 10 1021.456 175.3642 257.3204 82.21297 512 424 
1.493302 0.004441932 0.4789169 63654494286569 72057594037928060 9 1006.909 189.3701 254.3514 87.06234 512 424 
1.493302 0.004441932 0.4789169 63654494286569 72057594037928060 9 1006.909 189.3701 254.3514 87.06234 512 424 
1.493302 0.004441932 0.4789169 63654494286569 72057594037928060 9 1006.909 189.3701 254.3514 87.06234 512 424 
1.511668 0.07255992 0.5541123 63654494286644 72057594037928060 9 1054.26 140.1176 270.9642 70.04836 512 424 
