First JointType Second JointType  Angel
3 20 173.758173538386
2 1 179.981062897395
2 8 108.653416771027
2 4 107.142759860844
20 0 179.900295631944
1 16 88.3183266893877
1 12 91.744274423074
20 9 90.8126315099355
20 5 119.88170949613
0 17 91.6774765837769
0 13 91.0741595608988
8 10 122.772306847352
9 11 119.241222081845
9 24 99.5862318861302
10 23 113.548535592745
4 6 169.374403908769
5 7 175.600369337742
5 22 166.017817474997
6 21 177.676238056523
16 18 177.745664684267
17 19 174.996402977404
12 14 177.025105992239
13 15 170.543407419551
3 20 173.771135458851
2 1 179.980788341331
2 8 108.685436884217
2 4 107.17079916133
20 0 179.899755814692
1 16 88.3321574546614
1 12 91.7283915221455
20 9 90.9236746315966
20 5 120.010320934077
0 17 91.6676263957682
0 13 91.062510329412
8 10 122.683603271185
9 11 119.637532159372
9 24 99.5046905966346
10 23 114.513838610452
4 6 169.4588953505
5 7 176.306599157442
5 22 168.47580708749
6 21 176.980012196442
16 18 177.779541935077
17 19 174.999156821196
12 14 177.029582240794
13 15 170.558685852433
3 20 173.763367634992
2 1 179.98247338688
2 8 108.69078072058
2 4 107.183581347874
20 0 179.905622603984
1 16 88.3347771272759
1 12 91.7299994913225
20 9 90.9590479118136
20 5 120.036927420955
0 17 91.6649736379699
0 13 91.0470664631348
8 10 122.619524467547
9 11 120.067579493099
9 24 99.4920278358436
10 23 115.280325798898
4 6 169.66960973838
5 7 176.950887685205
5 22 171.655148027471
6 21 175.601197624304
16 18 177.756798842139
17 19 174.955951753293
12 14 177.105141286357
13 15 170.917158354989
3 20 173.851457697052
2 1 179.983185215538
2 8 108.75615281888
2 4 107.239371406652
20 0 179.922244295894
1 16 88.3432117064413
1 12 91.7104778521959
20 9 90.9776970539081
20 5 120.191826613391
0 17 91.782964308032
0 13 91.1198420070097
8 10 122.611967782639
9 11 119.912016764247
9 24 99.5117369981176
10 23 115.364081550659
4 6 170.092272848258
5 7 177.376776894711
5 22 172.14539337113
6 21 175.156261174301
16 18 177.321602751957
17 19 175.166063214016
12 14 177.2625535628
13 15 170.942338104022
3 20 173.711885576231
2 1 179.978315099952
2 8 108.763760689075
2 4 107.251789090074
20 0 179.927817212818
1 16 88.3558980863071
1 12 91.685473620076
20 9 91.4101130265841
20 5 121.215082795775
0 17 91.8073976186072
0 13 91.0550313605085
8 10 121.942171549112
9 11 120.365403797465
9 24 105.347896615009
10 23 117.166452787022
4 6 170.222776254853
5 7 177.039545447994
5 22 168.227677653475
6 21 176.235323480367
16 18 177.329449124481
17 19 175.198830955055
12 14 177.327294275547
13 15 171.074061037482
3 20 173.42932053324
2 1 179.961783050756
2 8 108.666761542403
2 4 107.328875609731
20 0 179.94078894601
1 16 88.3993047513518
1 12 91.6265977440805
20 9 91.9618949697015
20 5 122.215609707985
0 17 91.8868342592687
0 13 90.8915702121485
8 10 121.184559484605
9 11 121.542783998582
9 24 105.065045483008
10 23 119.098690795687
4 6 170.994589008243
5 7 177.114193180701
5 22 171.60080428334
6 21 174.139752409345
16 18 177.334597744241
17 19 175.396137766032
12 14 177.43442759686
13 15 171.176351948062
3 20 173.515732323965
2 1 179.961753219428
2 8 108.752733410237
2 4 107.385223896225
20 0 179.939946943119
1 16 88.3695250703904
1 12 91.6589148479414
20 9 91.9893115934659
20 5 122.300375172243
0 17 91.8011232925391
0 13 90.9733313332371
8 10 120.73992741359
9 11 122.587787482565
9 24 106.573268555787
10 23 120.073559169701
4 6 171.058283269894
5 7 177.311835379595
5 22 172.326372489183
6 21 174.105438188524
16 18 177.280222325385
17 19 175.811766569318
12 14 177.48019736556
13 15 171.430288933711
3 20 173.226140496995
2 1 179.898851763088
2 8 108.299175657108
2 4 107.504925862606
20 0 179.871181038727
1 16 88.5079146876351
1 12 91.3883384580682
20 9 121.458321454567
20 5 127.113541210946
0 17 92.00233669336
0 13 90.8295264259164
8 10 165.316604749735
9 11 160.787324759223
9 24 144.723801739585
10 23 155.078774277317
4 6 172.04409212514
5 7 166.012687960813
5 22 163.875317182264
6 21 163.000503865505
16 18 177.237343234771
17 19 175.564408759095
12 14 177.518182883604
13 15 167.470394691701
3 20 172.83431319447
2 1 179.925970562904
2 8 108.06051027493
2 4 107.413717375411
20 0 179.897445019715
1 16 88.4851974769553
1 12 91.5085594361054
20 9 122.655658678382
20 5 131.958497603559
0 17 92.0832715904978
0 13 90.9936431445435
8 10 164.287171671871
9 11 158.545246269271
9 24 142.186954345851
10 23 156.590949278152
4 6 167.562245501164
5 7 162.197944781339
5 22 155.849487709453
6 21 161.352438459092
16 18 177.119907085603
17 19 175.588063090511
12 14 177.508297991075
13 15 167.643649733108
3 20 173.16300179525
2 1 179.955785212078
2 8 108.091393959845
2 4 107.49648052314
20 0 179.950202861282
1 16 88.3393336969818
1 12 91.592012094855
20 9 90.4842633432992
20 5 134.162845093234
0 17 91.7016969992452
0 13 91.1426782213975
8 10 127.552615547471
9 11 120.806080970213
9 24 104.484011680712
10 23 162.493825892456
4 6 152.505388407407
5 7 147.116153611382
5 22 140.472963757278
6 21 159.560002286737
16 18 177.464233471404
17 19 175.638245993413
12 14 177.617338046984
13 15 167.478867231448
3 20 172.825969819073
2 1 179.934438976636
2 8 107.838681737233
2 4 107.637524651189
20 0 179.962423771702
1 16 88.3638223168174
1 12 91.5051798847115
20 9 91.7491032239025
20 5 137.205048198383
0 17 91.7714766549258
0 13 91.1236611295677
8 10 121.56770612534
9 11 117.973983303326
9 24 103.228343340156
10 23 160.70013784879
4 6 133.392444603789
5 7 102.046240474025
5 22 96.9389137058585
6 21 116.539026181704
16 18 177.443978687098
17 19 175.302220914387
12 14 178.47697666316
13 15 171.746045309807
3 20 174.146304988602
2 1 179.804726010264
2 8 110.50975422802
2 4 107.3019948826
20 0 179.75836165427
1 16 88.1621790375739
1 12 91.7652622935654
20 9 91.6494914671089
20 5 136.065738001826
0 17 90.9054848116788
0 13 91.2088098635043
8 10 121.712026144267
9 11 120.896159448594
9 24 109.479031045292
10 23 162.474425663705
4 6 151.13016456036
5 7 117.657174306167
5 22 84.5542561604527
6 21 102.121488765703
16 18 177.117288202501
17 19 175.110658053416
12 14 178.557922196261
13 15 172.098596981794
3 20 174.38030834563
2 1 179.860830877292
2 8 111.578002656285
2 4 108.714364643439
20 0 179.564932151243
1 16 88.3867922129897
1 12 91.5799211493176
20 9 93.4715548449493
20 5 142.421483323723
0 17 90.682726544925
0 13 91.1069842925943
8 10 90.275907339547
9 11 107.169369446604
9 24 100.694080255577
10 23 155.626059724957
4 6 129.048633068442
5 7 157.859968045688
5 22 141.459438611546
6 21 143.744224393752
16 18 177.762411111464
17 19 175.147259583214
12 14 178.310236809742
13 15 171.662193328264
3 20 174.446196632059
2 1 179.857841359938
2 8 111.432352774213
2 4 108.515926879126
20 0 179.454694496299
1 16 88.3854394578154
1 12 91.5705613779968
20 9 96.5007749065223
20 5 147.177988618143
0 17 90.4905888894915
0 13 91.0604870382958
8 10 83.5700629647226
9 11 113.416118992187
9 24 105.624391531515
10 23 153.26136379115
4 6 124.837830496908
5 7 160.612036468342
5 22 139.115977764749
6 21 144.794142574393
16 18 178.1254142827
17 19 175.194919037033
12 14 178.303844412232
13 15 171.123097492826
3 20 173.410169364119
2 1 179.8238056046
2 8 111.727182245651
2 4 108.587246443985
20 0 179.595811778457
1 16 88.3081254618321
1 12 91.6389659698194
20 9 133.8026639183
20 5 147.32360877808
0 17 90.2192862708651
0 13 90.7574602089773
8 10 96.2456506361323
9 11 164.844894997946
9 24 158.732743378328
10 23 159.11696999345
4 6 120.393765244113
5 7 166.183760338427
5 22 136.284707584007
6 21 150.3005354715
16 18 177.328920070169
17 19 175.862911094322
12 14 177.842022925067
13 15 170.32624509242
3 20 175.487013428274
2 1 179.928481397902
2 8 103.980096187405
2 4 99.0840161668991
20 0 179.78396203669
1 16 88.6369719100998
1 12 91.277959675618
20 9 141.027520636795
20 5 149.452681695829
0 17 89.7252004247814
0 13 90.654956664173
8 10 91.3948507072226
9 11 129.861311803942
9 24 115.295899760968
10 23 130.955071676239
4 6 121.27925580857
5 7 169.018804487139
5 22 132.603279856181
6 21 170.292113557671
16 18 176.275197735962
17 19 173.87208256696
12 14 176.853251226362
13 15 167.665719746209
3 20 174.997174999604
2 1 179.93970804691
2 8 103.655458720022
2 4 98.523755445498
20 0 179.768559070885
1 16 88.4960675299869
1 12 91.4346570731621
20 9 137.05464253858
20 5 144.674407820841
0 17 89.7304151958494
0 13 90.6579791682885
8 10 106.753674566559
9 11 174.846166318606
9 24 158.041745939608
10 23 171.260992075528
4 6 122.172284069835
5 7 165.843504578784
5 22 129.092037503598
6 21 166.558109374936
16 18 176.244811013362
17 19 173.676568477662
12 14 176.892635873446
13 15 168.258484473852
3 20 176.94234213301
2 1 179.886969037233
2 8 103.434236632316
2 4 96.7821677726574
20 0 179.715587170171
1 16 89.000396231254
1 12 90.9696200124543
20 9 133.015220480768
20 5 140.393708926307
0 17 89.4815380458275
0 13 90.4600084239267
8 10 109.325647881014
9 11 175.921971634109
9 24 156.559416611524
10 23 171.755970794012
4 6 124.517683870542
5 7 162.057685210223
5 22 132.682467694682
6 21 168.956360308514
16 18 175.551969130144
17 19 173.675073380369
12 14 176.382180362907
13 15 167.078769137165
3 20 175.257129030052
2 1 179.925868625674
2 8 99.2958197920646
2 4 94.7395234148335
20 0 179.725745218958
1 16 89.434426954322
1 12 90.55146873448
20 9 132.707391563208
20 5 138.361026718125
0 17 89.5349404622299
0 13 90.2136409700391
8 10 108.803064993571
9 11 175.342520260608
9 24 152.27671006945
10 23 169.328446755659
4 6 124.706081073094
5 7 124.634190171611
5 22 132.649864179798
6 21 124.911815516927
16 18 174.992587473675
17 19 174.915681161905
12 14 175.857063449953
13 15 166.304316478315
3 20 174.70147882293
2 1 179.925464134003
2 8 98.9479148027981
2 4 94.5733248903524
20 0 179.722529396418
1 16 89.3872000991038
1 12 90.6071820523884
20 9 133.187082339367
20 5 139.534899442391
0 17 89.5495497390359
0 13 90.1505707119693
8 10 108.174537304279
9 11 170.182889489673
9 24 143.787577229323
10 23 168.784184987115
4 6 123.198002943257
5 7 126.342492752504
5 22 138.560778268607
6 21 124.627538532224
16 18 175.028796820361
17 19 174.863537540946
12 14 175.914459069145
13 15 166.59407602086
3 20 173.449181793757
2 1 179.882176469875
2 8 102.091138168105
2 4 98.5161073364434
20 0 179.685892538105
1 16 90.9243469169981
1 12 89.0601981008552
20 9 133.016068994488
20 5 135.991272942807
0 17 87.995943886554
0 13 91.3370960409547
8 10 103.561234915501
9 11 165.229284847941
9 24 151.584342071425
10 23 162.110575889738
4 6 124.822345318335
5 7 118.233933970992
5 22 143.92692553888
6 21 112.526939976397
16 18 166.715334404593
17 19 177.687924469068
12 14 168.681016465299
13 15 157.838141124074
3 20 170.672502772934
2 1 179.940484704469
2 8 103.588759381213
2 4 98.3341664551584
20 0 179.854968133992
1 16 90.8209860097799
1 12 89.1411575422014
20 9 128.297158581628
20 5 138.030526511062
0 17 88.3479735100587
0 13 93.5777886095715
8 10 100.718545453293
9 11 159.451159557532
9 24 162.562927339241
10 23 153.781625523014
4 6 120.481015388298
5 7 115.648325499606
5 22 141.748087675036
6 21 110.68589794742
16 18 128.658671594727
17 19 132.849152987126
12 14 132.034360676014
13 15 126.16877277639
3 20 170.01219254091
2 1 179.880369097587
2 8 102.20253682631
2 4 98.1686486246458
20 0 179.880654886791
1 16 90.7797627438745
1 12 89.1934176474954
20 9 129.415470927874
20 5 139.649012658032
0 17 86.4417419716388
0 13 95.5017140288392
8 10 99.6864297831156
9 11 158.272050213416
9 24 168.707759218752
10 23 152.485600311847
4 6 120.284888026288
5 7 114.952461051019
5 22 133.058092430565
6 21 111.530606313063
16 18 121.551735390477
17 19 125.014714910046
12 14 126.655616071184
13 15 84.9184591636379
3 20 169.255787769588
2 1 179.943229474387
2 8 104.364279337676
2 4 98.5312156118823
20 0 179.873276361466
1 16 92.1343334746034
1 12 87.9861947549171
20 9 123.574396934703
20 5 140.327538881339
0 17 86.5761218438551
0 13 96.3102419787903
8 10 102.666897564631
9 11 87.8647188910042
9 24 162.540853383263
10 23 85.3903880279454
4 6 111.938631686987
5 7 87.5247730400812
5 22 144.586825922098
6 21 88.4473378591032
16 18 160.884382728335
17 19 123.669639608322
12 14 156.916895599342
13 15 113.230474743536
3 20 169.884093102621
2 1 179.929634255785
2 8 105.144245467093
2 4 99.3610036874681
20 0 179.890460845362
1 16 91.154094768224
1 12 88.8539040823839
20 9 119.832017195029
20 5 140.383321135256
0 17 87.4674536994131
0 13 100.084463667187
8 10 103.441860052003
9 11 85.9028357575319
9 24 161.72905160341
10 23 81.6356106662587
4 6 113.167003535128
5 7 127.169042877494
5 22 151.227910871827
6 21 122.188053087599
16 18 127.258182434274
17 19 86.0956145900716
12 14 150.288693628972
13 15 135.300529407648
3 20 170.634285636057
2 1 179.926975377061
2 8 105.765547561511
2 4 98.6597014340702
20 0 179.890942335184
1 16 91.3078081590102
1 12 88.7022554525885
20 9 119.687138944861
20 5 139.871788745732
0 17 81.8234132153603
0 13 105.089285287606
8 10 103.941286561213
9 11 86.8780679103064
9 24 160.087781393118
10 23 83.0112454677269
4 6 114.062474850104
5 7 123.956677078084
5 22 147.158660180246
6 21 115.316420485337
16 18 127.258182434274
17 19 86.0956145900716
12 14 144.195843825475
13 15 143.67159470948
3 20 171.130161669085
2 1 179.946170744066
2 8 104.385343666492
2 4 97.3713959304416
20 0 179.92871781614
1 16 91.0980470610219
1 12 88.8724613789526
20 9 120.963941560436
20 5 136.60842171764
0 17 81.7772729069173
0 13 104.299554850819
8 10 105.163831867216
9 11 121.851680999362
9 24 159.947051098133
10 23 110.276887033401
4 6 123.963270077107
5 7 116.456016730405
5 22 130.931019640659
6 21 111.960207778917
16 18 129.382079643854
17 19 128.333763410172
12 14 147.653230974631
13 15 148.661520943494
3 20 170.261599883775
2 1 179.963519328011
2 8 105.205933372318
2 4 98.8227292498925
20 0 179.915438308742
1 16 91.1182929336766
1 12 88.8811045678047
20 9 121.92008719423
20 5 132.538513334005
0 17 77.6663329599984
0 13 105.117009588873
8 10 103.750949635379
9 11 122.149013132685
9 24 143.914103450466
10 23 109.828920999267
4 6 119.799371649953
5 7 84.1706863581648
5 22 134.720606881895
6 21 83.8080127812264
16 18 156.866214949124
17 19 130.739422234716
12 14 147.705665214314
13 15 120.899931732066
3 20 170.722001536643
2 1 179.959474742995
2 8 105.379960142478
2 4 98.2399162912245
20 0 179.913713921527
1 16 90.9343795168849
1 12 89.0757072225646
20 9 120.670919108923
20 5 134.668763874692
0 17 78.6675889743857
0 13 105.909214766925
8 10 104.4633849306
9 11 159.247958305371
9 24 153.257494109503
10 23 138.239777066082
4 6 118.909850618781
5 7 83.2130245852056
5 22 131.630283537393
6 21 75.5620434025324
16 18 158.046156682425
17 19 86.1386810205191
12 14 146.500170841713
13 15 120.042040748292
3 20 170.931215851456
2 1 179.957609214924
2 8 105.568592191145
2 4 98.4821777525001
20 0 179.90780760012
1 16 90.8449466972971
1 12 89.1699394532165
20 9 119.546510062481
20 5 133.599698752238
0 17 79.5039142232833
0 13 79.5577497797538
8 10 105.139095639199
9 11 158.022888268038
9 24 139.325812758494
10 23 142.907266099889
4 6 99.1983987434051
5 7 42.1323933650795
5 22 109.677607772949
6 21 43.498740765058
16 18 158.714889671577
17 19 87.978101465058
12 14 109.408499106313
13 15 42.2726814542999
3 20 170.598076077023
2 1 179.955297088075
2 8 106.995535004283
2 4 99.6469238922375
20 0 179.925229900754
1 16 91.6638491180044
1 12 88.3188157439326
20 9 117.84026519117
20 5 132.285303131725
0 17 79.4690448112175
0 13 79.1311511292214
8 10 107.627293625957
9 11 159.482169534104
9 24 142.73183639186
10 23 136.538499621701
4 6 98.0948122007057
5 7 71.8674213670594
5 22 104.559489742778
6 21 81.6828201568442
16 18 157.784999127501
17 19 43.6633457743277
12 14 110.039575336514
13 15 42.2097391842527
3 20 173.087163280041
2 1 179.954859419337
2 8 102.785994941665
2 4 96.9193974145408
20 0 179.919024249212
1 16 90.9892633686093
1 12 88.944045514622
20 9 120.739818014855
20 5 136.733869111385
0 17 78.563216066518
0 13 102.809104764373
8 10 108.7649756007
9 11 158.114951416913
9 24 155.467370253935
10 23 141.030429746335
4 6 121.717237286659
5 7 79.2603003551868
5 22 144.872187422683
6 21 76.5578840242922
16 18 155.64263306339
17 19 86.952830774166
12 14 152.711984670019
13 15 106.145852704398
3 20 172.950910346034
2 1 179.956040781771
2 8 103.298827279379
2 4 97.413075343518
20 0 179.91298141335
1 16 89.8557729518713
1 12 90.0833986829315
20 9 121.495273517709
20 5 137.118371415967
0 17 79.2455423719758
0 13 99.8036818311378
8 10 108.38439331773
9 11 156.634219765116
9 24 143.774116757329
10 23 137.621311339111
4 6 121.413594291055
5 7 79.4444675528869
5 22 140.676172760316
6 21 77.6589248185231
16 18 155.974485656208
17 19 86.952830774166
12 14 157.643825807379
13 15 140.962588856641
3 20 173.389548187305
2 1 179.893670895902
2 8 105.082857798831
2 4 98.9292006963573
20 0 179.791376728287
1 16 89.4546659824983
1 12 90.5159843844725
20 9 121.730510401285
20 5 135.478164117701
0 17 77.5823081930366
0 13 102.879508913961
8 10 107.794998790635
9 11 152.923184196443
9 24 147.249168087687
10 23 139.266974849134
4 6 119.564463972562
5 7 82.5744110119257
5 22 150.880709579117
6 21 82.5422757690077
16 18 154.139450109303
17 19 87.8468154976145
12 14 156.840101510621
13 15 148.517000715052
3 20 173.640287806877
2 1 179.892462542974
2 8 105.664702835379
2 4 99.1383420528722
20 0 179.78377298043
1 16 89.5389830676471
1 12 90.4214618084515
20 9 120.337300033199
20 5 134.463385379945
0 17 77.4494039610224
0 13 102.760552483292
8 10 109.410929414784
9 11 152.695277989217
9 24 155.770081495562
10 23 139.656657351248
4 6 107.709245589723
5 7 82.5744110119257
5 22 98.8742280377151
6 21 82.5422757690077
16 18 154.179747202939
17 19 87.7095154130016
12 14 157.267227269705
13 15 149.357660165551
3 20 174.937709355387
2 1 179.761157491103
2 8 100.01788771972
2 4 96.8538197852667
20 0 179.574298575299
1 16 89.5004548734779
1 12 90.4866221091776
20 9 121.92446685612
20 5 135.942375872127
0 17 82.8637321769297
0 13 100.106617012472
8 10 112.133820891869
9 11 157.253723377267
9 24 152.185166597145
10 23 131.968310719595
4 6 121.098216474008
5 7 84.4695706631129
5 22 146.833301882534
6 21 84.1325591366278
16 18 167.224990517086
17 19 127.676547715614
12 14 162.624256405995
13 15 119.406083446709
3 20 174.809330603574
2 1 179.775997479548
2 8 100.376958479539
2 4 97.382753059431
20 0 179.643461404438
1 16 89.5491303243585
1 12 90.4477146109891
20 9 123.020439129558
20 5 134.547801563568
0 17 82.5515790537449
0 13 100.097022373079
8 10 110.442470515542
9 11 159.084521030625
9 24 148.070439341338
10 23 134.028582225229
4 6 123.012835872007
5 7 84.9286423463964
5 22 145.626367204455
6 21 82.2458133798366
16 18 167.052086684473
17 19 127.779153934284
12 14 162.663155716817
13 15 117.943402190187
3 20 176.193555992778
2 1 179.827936243162
2 8 98.8076704216067
2 4 95.7404426981435
20 0 179.738300472101
1 16 90.0881457209498
1 12 89.9295460809811
20 9 127.481062676757
20 5 135.667228299691
0 17 82.8226832043523
0 13 99.2878245810879
8 10 109.798785546084
9 11 40.8103587878757
9 24 114.268794162544
10 23 38.1767946895191
4 6 98.7225224331812
5 7 107.342257229121
5 22 94.369597417836
6 21 105.575451441621
16 18 167.479241726105
17 19 171.195887219898
12 14 163.150010133914
13 15 116.274409422654
3 20 176.531310182447
2 1 179.96357163385
2 8 93.4207327949613
2 4 90.4964262358363
20 0 179.910220935619
1 16 89.1723110961713
1 12 90.8626101231105
20 9 133.050898056293
20 5 143.746452637227
0 17 85.3164402737898
0 13 99.2022048914655
8 10 109.593855468113
9 11 73.6618480129617
9 24 147.896131662313
10 23 69.0223718925807
4 6 125.679436432315
5 7 115.48330075165
5 22 138.135465235364
6 21 110.505691387793
16 18 173.5888338881
17 19 174.783151037287
12 14 163.396066815191
13 15 153.50475346244
3 20 176.30500162677
2 1 179.972683439751
2 8 100.367033165866
2 4 94.8395130579457
20 0 179.876467376008
1 16 89.1575367115856
1 12 90.8970572456074
20 9 129.235983733087
20 5 140.113062407886
0 17 86.0469336940667
0 13 100.315719693164
8 10 106.512670104491
9 11 85.9320852269875
9 24 146.449444183363
10 23 80.9929738378765
4 6 114.774089444348
5 7 99.4829410338742
5 22 135.602115583258
6 21 101.814543475391
16 18 174.662258293956
17 19 175.167153817692
12 14 160.705408912005
13 15 152.398773769914
3 20 177.132493579064
2 1 179.970884983711
2 8 97.3722150300268
2 4 94.1717805023924
20 0 179.882509525725
1 16 91.1044807016194
1 12 88.8986293441919
20 9 128.964590110695
20 5 140.81744150928
0 17 64.8119790951529
0 13 95.6889633635027
8 10 106.680702578397
9 11 116.85689126049
9 24 146.198888791538
10 23 108.515355494603
4 6 114.955582487755
5 7 99.6612783750886
5 22 134.352538708414
6 21 101.87473692332
16 18 129.618074954126
17 19 87.591416427483
12 14 168.082910887909
13 15 81.3012886237798
3 20 175.723807882435
2 1 179.941411255462
2 8 104.454736356203
2 4 101.218235498985
20 0 179.815021497975
1 16 90.9805522448869
1 12 88.9853418139161
20 9 123.673042558861
20 5 133.634876254153
0 17 64.7961012002094
0 13 93.8238852768692
8 10 106.650966925993
9 11 151.835911043342
9 24 151.181635925497
10 23 146.406135042562
4 6 112.600396950185
5 7 107.01884892984
5 22 131.053774724192
6 21 108.866032774103
16 18 129.694455613599
17 19 131.737200352779
12 14 170.35424035644
13 15 123.883984853114
3 20 158.424283823825
2 1 179.976175008773
2 8 113.978862774469
2 4 111.945866266048
20 0 179.867578562316
1 16 89.549125431788
1 12 90.2379186117012
20 9 113.942087478589
20 5 92.3520544210956
0 17 68.0823996267245
0 13 93.2093787395805
8 10 103.056852197906
9 11 116.636891174399
9 24 109.017365904723
10 23 80.3598684024284
4 6 77.1809765274463
5 7 81.8778596501198
5 22 76.3249428933226
6 21 104.921055234253
16 18 131.402859814074
17 19 130.360859035989
12 14 162.62507412114
13 15 116.841864672014
3 20 163.579187433091
2 1 179.965792072767
2 8 112.891080277095
2 4 108.809247981267
20 0 179.917748134906
1 16 90.0083193384081
1 12 90.0361570814505
20 9 115.273048868689
20 5 95.3222714465231
0 17 91.9312949085622
0 13 93.1767751738362
8 10 84.4098591643948
9 11 117.414731550195
9 24 114.815315912591
10 23 124.862057271
4 6 77.5971298027775
5 7 73.9977120212989
5 22 112.933943182052
6 21 103.435525361943
16 18 132.080217302824
17 19 87.4506673201934
12 14 161.352272011214
13 15 124.263854498895
3 20 174.283615203794
2 1 179.95462121407
2 8 104.477286332334
2 4 98.7005403310165
20 0 179.918315692291
1 16 91.7014951804981
1 12 88.3444446217387
20 9 123.790777854824
20 5 137.714052338998
0 17 92.1952512932753
0 13 94.6636270868359
8 10 87.0822855890338
9 11 104.620259987277
9 24 110.143237874377
10 23 113.238342808178
4 6 77.5971298027775
5 7 73.9977120212989
5 22 112.933943182052
6 21 72.9126138249015
16 18 131.689297829812
17 19 87.8160743101935
12 14 158.490756098036
13 15 122.680895231721
3 20 172.700822263498
2 1 179.826758433099
2 8 105.569461866674
2 4 99.6646500813021
20 0 179.896919099549
1 16 90.1815561501261
1 12 89.7422215874814
20 9 122.174763036291
20 5 136.447564984271
0 17 91.1505761850628
0 13 95.7282287127307
8 10 106.0275503731
9 11 109.751850730437
9 24 142.725219247216
10 23 117.425487605932
4 6 77.1702913265536
5 7 81.7584135717621
5 22 120.57888693729
6 21 79.9030982231766
16 18 132.428006824988
17 19 132.925126308235
12 14 159.514326963386
13 15 122.902445200318
3 20 172.856403229776
2 1 179.848559257757
2 8 103.688419222245
2 4 96.153731471542
20 0 179.902088025001
1 16 90.6744034858504
1 12 89.1010341048867
20 9 122.917288028992
20 5 140.016866749741
0 17 87.8647506456904
0 13 101.848616292778
8 10 86.9138129814784
9 11 87.8264502777457
9 24 119.352985840514
10 23 82.3450566776587
4 6 78.0076469966108
5 7 82.1237147565279
5 22 129.945130500529
6 21 70.3693564589414
16 18 171.078397357211
17 19 130.606934393519
12 14 154.376888957901
13 15 120.011515320666
3 20 172.763579038847
2 1 179.846423093037
2 8 104.163774898609
2 4 96.9058983522226
20 0 179.898816711964
1 16 90.7779310711388
1 12 89.0177617084334
20 9 122.640646431442
20 5 139.813644286032
0 17 87.5698697130164
0 13 102.138591559031
8 10 86.6014499981891
9 11 85.4054814823839
9 24 118.354787172068
10 23 84.9553369942863
4 6 78.0076469966108
5 7 82.1237147565279
5 22 129.945130500529
6 21 70.3693564589414
16 18 170.402794052734
17 19 130.23526805047
12 14 153.931853652486
13 15 118.163617962226
3 20 172.36587394327
2 1 179.806429810989
2 8 103.314787472693
2 4 96.5201200919006
20 0 179.902998036347
1 16 90.9135069883408
1 12 88.9037228156087
20 9 124.451289535925
20 5 141.013838480845
0 17 87.8273611643193
0 13 102.38294855368
8 10 105.799862715024
9 11 86.8491982525157
9 24 125.632005942865
10 23 83.9792929832551
4 6 77.5520477924039
5 7 78.2201563479162
5 22 119.654034262437
6 21 72.3021785239788
16 18 171.025661158769
17 19 129.484771887895
12 14 153.684518377778
13 15 116.984472892268
3 20 172.28075444185
2 1 179.818522590125
2 8 103.329700578015
2 4 96.571777573561
20 0 179.886006353125
1 16 90.8920174550834
1 12 88.9265199993357
20 9 124.79888433444
20 5 141.173833027263
0 17 87.7697302622896
0 13 102.385671944863
8 10 105.361842833468
9 11 122.940711208777
9 24 127.64800208348
10 23 111.429357252175
4 6 117.958524296126
5 7 74.3424078388627
5 22 139.625620825331
6 21 71.1679349473686
16 18 170.943519361612
17 19 129.340715338871
12 14 153.702930955964
13 15 117.802674599442
3 20 173.939327258193
2 1 179.906610219486
2 8 108.623734247024
2 4 99.8205279846457
20 0 179.91333187274
1 16 91.3221759827561
1 12 88.3672003407422
20 9 117.657167540791
20 5 136.017477939486
0 17 89.7807638334708
0 13 99.9313831293477
8 10 107.656509473991
9 11 87.0127302154356
9 24 149.898666060092
10 23 82.6955315648119
4 6 91.5141078910135
5 7 46.6926831456096
5 22 115.851733085571
6 21 86.1530102501972
16 18 172.886771302041
17 19 128.627286918924
12 14 156.424450818641
13 15 120.492745511863
3 20 173.541336365529
2 1 179.85671255815
2 8 107.692993176459
2 4 100.276251378392
20 0 179.899798460565
1 16 91.0744336208373
1 12 88.7572019759478
20 9 118.222234437485
20 5 137.071256126095
0 17 88.4535094323428
0 13 99.614036345608
8 10 107.634010185494
9 11 82.1539474287068
9 24 153.208237086386
10 23 79.2798291270591
4 6 77.353155606094
5 7 56.253244356063
5 22 140.830295529132
6 21 85.5167931156814
16 18 171.106684834319
17 19 129.163827688474
12 14 157.480732192118
13 15 122.913334911879
3 20 172.863113112626
2 1 179.900291956743
2 8 106.447956462674
2 4 99.9640155974327
20 0 179.919238371472
1 16 91.0059499247742
1 12 88.9497755159941
20 9 120.999168493631
20 5 138.64122483609
0 17 89.4946642906579
0 13 98.3069229511659
8 10 107.093013919065
9 11 117.578423601599
9 24 149.934941579678
10 23 112.98554721438
4 6 77.9576623528821
5 7 93.8493441871512
5 22 142.525331430405
6 21 116.793714680626
16 18 172.929578359404
17 19 173.481852315153
12 14 161.042570907867
13 15 122.374869301175
3 20 172.148401183807
2 1 179.914598222876
2 8 106.190193771518
2 4 100.606931691406
20 0 179.923164809881
1 16 91.2225230074512
1 12 88.6981138667126
20 9 100.844367166488
20 5 136.7919646191
0 17 90.1405807793169
0 13 96.8468170409325
8 10 76.5340771297299
9 11 77.1663438680653
9 24 107.397678631236
10 23 122.021471358018
4 6 116.205473411464
5 7 124.568790943459
5 22 141.746023665998
6 21 114.099567232644
16 18 174.46738034576
17 19 174.057056881092
12 14 165.364599558221
13 15 84.3113460477788
3 20 172.094753417601
2 1 179.91740976078
2 8 106.529451966819
2 4 100.932258154921
20 0 179.925036734531
1 16 91.8597066707194
1 12 88.3578812217472
20 9 99.9249429072223
20 5 136.170038255371
0 17 91.0967184189238
0 13 95.7347737355767
8 10 76.5746988105728
9 11 77.1663438680653
9 24 106.431429295359
10 23 122.021471358018
4 6 116.71851095945
5 7 124.568790943459
5 22 142.524504987398
6 21 114.099567232644
16 18 175.007074767309
17 19 130.159060319202
12 14 166.679458674092
13 15 84.3113460477788
3 20 171.406565653412
2 1 179.985303344951
2 8 106.568700264813
2 4 100.701440285077
20 0 179.928518038551
1 16 91.950521928676
1 12 88.3545466597563
20 9 100.65392794233
20 5 135.711984166076
0 17 89.5049213059445
0 13 96.5733913754334
8 10 75.5109857262895
9 11 80.3237462047672
9 24 114.622133835951
10 23 122.895492031866
4 6 115.933755510266
5 7 87.4213546454831
5 22 143.819146775988
6 21 82.5883885073145
16 18 173.17717631898
17 19 124.238720307938
12 14 165.857338711698
13 15 85.2368211838502
3 20 171.751099940327
2 1 179.980861835023
2 8 106.409674283156
2 4 102.329206257251
20 0 179.920466645671
1 16 91.2136644461736
1 12 89.1199710397357
20 9 102.015086151768
20 5 137.538175494816
0 17 90.2085103426938
0 13 96.348765523093
8 10 74.9775725161458
9 11 80.349098929204
9 24 110.587051441875
10 23 119.301855690086
4 6 117.471280543251
5 7 125.802213586566
5 22 136.17558151429
6 21 110.391540398403
16 18 173.894321084586
17 19 84.5090540971841
12 14 165.010348669026
13 15 77.8721514879486
3 20 172.223592071086
2 1 179.974789982557
2 8 100.499954787435
2 4 97.8434599926866
20 0 179.933890106588
1 16 89.1386696816602
1 12 91.7497515359019
20 9 108.319565860255
20 5 142.002637391691
0 17 88.534131096186
0 13 99.0476555773591
8 10 72.9388905565543
9 11 80.349098929204
9 24 113.759641995203
10 23 119.301855690086
4 6 116.982010854743
5 7 125.802213586566
5 22 135.669708896905
6 21 110.391540398403
16 18 174.026576532123
17 19 84.5090540971841
12 14 125.979925872987
13 15 77.8721514879486
3 20 173.777636766719
2 1 179.950596043251
2 8 65.722957548418
2 4 96.145498621845
20 0 179.879625514471
1 16 89.8998540495486
1 12 90.0680397291987
20 9 108.928134637194
20 5 143.184182151174
0 17 88.1440351270179
0 13 92.7523934298373
8 10 72.0088543862817
9 11 116.174537270358
9 24 127.304758988809
10 23 140.193058502718
4 6 113.018325054515
5 7 119.750559184137
5 22 165.927311338001
6 21 117.506831649611
16 18 168.005627750198
17 19 125.434654221159
12 14 173.095581538047
13 15 119.18600267178
3 20 173.482549645819
2 1 179.948192823138
2 8 66.9401364669046
2 4 96.4479151229515
20 0 179.882125902425
1 16 90.1634097161754
1 12 89.7812859034524
20 9 107.266686052896
20 5 143.360325023361
0 17 88.9216902315313
0 13 93.0673176213745
8 10 72.5804670112655
9 11 116.940717288869
9 24 126.785192446985
10 23 141.407414167405
4 6 112.281202987455
5 7 81.2235677246961
5 22 167.640848699666
6 21 87.4168014367905
16 18 168.09178752241
17 19 80.487731628909
12 14 170.627552895515
13 15 121.801941462357
3 20 172.878476035037
2 1 179.955731651564
2 8 74.4216087390939
2 4 104.82409944255
20 0 179.886629374337
1 16 90.5118046775548
1 12 89.4497760630526
20 9 99.3589405453133
20 5 133.386426038442
0 17 85.6395939240953
0 13 68.9886751751067
8 10 75.6113091373656
9 11 109.916373468646
9 24 111.189877020791
10 23 139.093049782026
4 6 115.01565397337
5 7 76.5510203554185
5 22 144.372719799583
6 21 72.7196515457777
16 18 133.499397473923
17 19 87.9482426666966
12 14 128.066234917735
13 15 123.469856352128
3 20 175.190077739635
2 1 179.957551591655
2 8 74.5750705173275
2 4 104.4203118682
20 0 179.890471816097
1 16 90.5230255301634
1 12 89.4445964843125
20 9 100.940835032592
20 5 133.480734056062
0 17 82.7992344432156
0 13 98.0604419027193
8 10 73.8743651950313
9 11 153.150525140302
9 24 146.696703425003
10 23 143.814693838063
4 6 75.0117551683328
5 7 43.3291551636335
5 22 120.860015158677
6 21 42.5277258103718
16 18 160.00569090103
17 19 124.807444952445
12 14 160.610330650873
13 15 116.668891422596
3 20 174.299408904029
2 1 179.931085538516
2 8 73.8035829103753
2 4 103.218993407069
20 0 179.847314501511
1 16 89.5146291702715
1 12 90.223517190795
20 9 100.583267362489
20 5 134.678442412341
0 17 81.9835683705241
0 13 99.6524180345804
8 10 76.3087187904069
9 11 141.334601438509
9 24 149.124896508173
10 23 144.193311242533
4 6 76.6265821316454
5 7 79.4838778611932
5 22 123.174371553454
6 21 72.9268270500891
16 18 159.529454170774
17 19 88.0301789166181
12 14 159.661067529095
13 15 116.086679052033
3 20 174.531949630675
2 1 179.931745889229
2 8 73.7528438071167
2 4 103.305476374041
20 0 179.850963820577
1 16 89.4544819096147
1 12 90.2865068988573
20 9 100.617601744548
20 5 134.775623199027
0 17 84.1551582728081
0 13 101.995855573827
8 10 76.4575133815999
9 11 142.01157619305
9 24 150.118634496979
10 23 144.039396209365
4 6 76.7084607598764
5 7 77.9613801598516
5 22 119.745479093796
6 21 73.3305128984271
16 18 132.846180539126
17 19 88.0301789166181
12 14 157.458377023478
13 15 116.086679052033
3 20 176.752173744517
2 1 179.915936052789
2 8 73.58093782645
2 4 101.889499847505
20 0 179.852885669156
1 16 89.6095624716928
1 12 90.1504639845926
20 9 104.235408748908
20 5 134.668099000295
0 17 81.6625190706728
0 13 105.186933256013
8 10 74.5893993298034
9 11 154.361061319451
9 24 140.447537695615
10 23 145.202125315043
4 6 118.699091658035
5 7 118.167004444365
5 22 147.296635335495
6 21 114.648454038732
16 18 159.954218356221
17 19 88.3791215407798
12 14 154.707050936987
13 15 83.0594370935406
3 20 176.752173744517
2 1 179.915936052789
2 8 73.58093782645
2 4 101.889499847505
20 0 179.852885669156
1 16 89.6095624716928
1 12 90.1504639845926
20 9 104.235408748908
20 5 134.668099000295
0 17 81.6625190706728
0 13 105.186933256013
8 10 74.5893993298034
9 11 154.361061319451
9 24 140.447537695615
10 23 145.202125315043
4 6 118.699091658035
5 7 118.167004444365
5 22 147.296635335495
6 21 114.648454038732
16 18 159.954218356221
17 19 88.3791215407798
12 14 154.707050936987
13 15 83.0594370935406
3 20 176.958104839248
2 1 179.919991212181
2 8 106.795344400465
2 4 102.314086465986
20 0 179.878710712511
1 16 89.6929126040422
1 12 90.1058590752483
20 9 104.944973512733
20 5 136.274584803459
0 17 82.546239732513
0 13 103.717850319057
8 10 73.8902879028765
9 11 106.048605297772
9 24 101.323991911318
10 23 144.101737599665
4 6 116.843169700972
5 7 120.675515872943
5 22 129.902501174381
6 21 116.008025467884
16 18 126.979770212457
17 19 116.824166263523
12 14 154.773299133749
13 15 82.8132379731653
3 20 176.874305705728
2 1 179.922445299639
2 8 106.807806570907
2 4 102.345814692745
20 0 179.8823655078
1 16 89.7314410118653
1 12 90.0603736856384
20 9 105.010749528423
20 5 136.296074790938
0 17 82.611739275378
0 13 103.638341966851
8 10 73.6733428083996
9 11 78.6128439156212
9 24 100.579436676244
10 23 118.745871957137
4 6 116.890032150846
5 7 120.675515872943
5 22 131.306815968214
6 21 116.008025467884
16 18 126.968830345706
17 19 116.848564656567
12 14 154.787657465549
13 15 82.8488394494779
3 20 176.496151895238
2 1 179.898713523847
2 8 106.716465187445
2 4 102.39221527247
20 0 179.877737200913
1 16 89.3934603024854
1 12 90.3886819141592
20 9 105.107322592499
20 5 136.740609063742
0 17 81.6983422771613
0 13 103.323988114391
8 10 73.7973847274625
9 11 80.103066128541
9 24 98.8118703286495
10 23 121.438878016764
4 6 116.38119353431
5 7 120.572062943652
5 22 131.210214749516
6 21 115.829958772142
16 18 161.374927344235
17 19 117.114238801082
12 14 156.447915315458
13 15 82.8488394494779
3 20 176.583347167627
2 1 179.940763605372
2 8 107.205373897286
2 4 102.661880832236
20 0 179.898528226326
1 16 89.453745248647
1 12 90.3410935514913
20 9 105.628267070803
20 5 135.929244932042
0 17 80.8687557800172
0 13 102.249062249124
8 10 75.7440781733141
9 11 79.7852223297573
9 24 116.748764809813
10 23 118.301452560071
4 6 118.200102708568
5 7 113.900073061218
5 22 140.736921022443
6 21 117.603322169443
16 18 160.766218942371
17 19 86.3157902854219
12 14 158.596523972394
13 15 120.080706021923
3 20 162.119280753523
2 1 179.558450362694
2 8 114.545495052568
2 4 74.9571306369705
20 0 179.230724114249
1 16 89.5126930862611
1 12 90.3128968527191
20 9 112.925699309119
20 5 99.0473986376407
0 17 84.5609774360737
0 13 101.42127112136
8 10 112.527984895289
9 11 119.968341168079
9 24 154.43112831397
10 23 119.722217574972
4 6 76.6219504936806
5 7 119.948333794381
5 22 154.52707137844
6 21 121.812646224939
16 18 167.049336678969
17 19 87.3674420424991
12 14 158.589732804931
13 15 120.220301120478
3 20 161.16311756313
2 1 179.566327660231
2 8 116.321823926838
2 4 75.7131221144795
20 0 179.229603305694
1 16 89.3590279182801
1 12 90.4658558679597
20 9 109.747643243339
20 5 97.8750720165358
0 17 85.9071767962915
0 13 100.767637137208
8 10 111.846863406004
9 11 125.31985536488
9 24 152.755554017743
10 23 125.110028090402
4 6 77.6554744261595
5 7 117.331229937172
5 22 153.766756004646
6 21 120.167505322902
16 18 169.740611944828
17 19 87.3674420424991
12 14 158.254847982942
13 15 152.579768256175
3 20 160.730729189316
2 1 179.562837433557
2 8 116.74876074627
2 4 76.4775218351684
20 0 179.235122408884
1 16 89.7364634630719
1 12 90.1156677359712
20 9 110.339475178598
20 5 98.5439326210793
0 17 88.3099571224641
0 13 98.5721513434867
8 10 110.668229865738
9 11 126.133074331883
9 24 152.651469542003
10 23 126.323148938327
4 6 77.0906080224682
5 7 117.610067442017
5 22 142.529119813531
6 21 119.699237998151
16 18 171.957496344339
17 19 87.2790391499302
12 14 162.215088385264
13 15 113.79939224793
3 20 161.833613879666
2 1 179.473239620262
2 8 109.304269453653
2 4 71.5673357615596
20 0 179.229237996097
1 16 89.8923892438698
1 12 89.9540811143053
20 9 115.695456744449
20 5 102.100033561377
0 17 90.1183056685351
0 13 96.6414095650497
8 10 112.774830926283
9 11 117.71365897199
9 24 148.984325659723
10 23 122.628974913978
4 6 78.6053604760459
5 7 115.621748342771
5 22 142.581646982491
6 21 119.643144440554
16 18 175.978270136393
17 19 175.441180116287
12 14 164.69852612011
13 15 157.625206925029
3 20 163.570334484006
2 1 179.87151539709
2 8 108.628329169645
2 4 103.856285769111
20 0 179.915789000945
1 16 88.9865458880103
1 12 90.9545672232661
20 9 116.377938079198
20 5 134.370922570576
0 17 88.3591363799655
0 13 98.787235335801
8 10 110.916719943404
9 11 114.6262064607
9 24 148.739375801856
10 23 124.529901442515
4 6 119.92496171314
5 7 119.038832368828
5 22 118.94740893819
6 21 118.490926241896
16 18 173.478875648508
17 19 175.079429155623
12 14 159.134243785478
13 15 155.529088073939
3 20 163.247030859545
2 1 179.960935258189
2 8 108.737786568765
2 4 104.488312547259
20 0 179.937504896739
1 16 89.241624422177
1 12 90.8166362796704
20 9 116.296681329346
20 5 136.047283247681
0 17 89.8048267026989
0 13 96.9952847130121
8 10 110.523246718335
9 11 145.308442635836
9 24 147.202012170323
10 23 145.476942200435
4 6 117.514599752847
5 7 118.082799849996
5 22 120.169959787941
6 21 116.910255717335
16 18 174.91191041567
17 19 176.035701199531
12 14 163.16333584946
13 15 121.021524604212
3 20 162.467036489001
2 1 179.870608604033
2 8 108.843375184797
2 4 103.602562214568
20 0 179.764670785714
1 16 89.6215689791292
1 12 90.4146292333348
20 9 116.742887331579
20 5 137.529604741042
0 17 90.9166912732132
0 13 94.9338576171113
8 10 110.57129682492
9 11 140.516216486343
9 24 155.280535112829
10 23 142.775962773406
4 6 117.355331199833
5 7 119.121314714843
5 22 119.43292882534
6 21 115.499895223125
16 18 174.655184417749
17 19 176.819368251891
12 14 165.0522829029
13 15 122.339170351872
3 20 163.585940333126
2 1 179.906753411737
2 8 107.81684638349
2 4 103.568245170727
20 0 179.824204873539
1 16 89.1946427122173
1 12 90.7827406430815
20 9 118.102383132896
20 5 137.138538765506
0 17 90.9194994757388
0 13 95.6565943182293
8 10 110.265204112366
9 11 145.855540349902
9 24 144.739020487252
10 23 146.402562064663
4 6 119.255249128231
5 7 118.653937994492
5 22 125.776391041859
6 21 117.134172878056
16 18 174.663268472596
17 19 177.069492102615
12 14 164.457639182318
13 15 123.06964833263
3 20 175.968123520735
2 1 179.898562669883
2 8 94.3526141670987
2 4 93.2070872577307
20 0 179.828853996858
1 16 91.0866105123423
1 12 88.8895336569157
20 9 109.19615090898
20 5 147.761130955069
0 17 93.4835364453461
0 13 93.1672786210179
8 10 77.3848792737399
9 11 104.424270725513
9 24 102.636408326669
10 23 149.563552428403
4 6 77.672655441538
5 7 83.618083411506
5 22 128.003268863507
6 21 72.425916931741
16 18 130.201635471717
17 19 87.7634985679428
12 14 164.791080269439
13 15 85.6084669723086
3 20 175.792836765641
2 1 179.924002346003
2 8 95.05036688623
2 4 92.6801616195177
20 0 179.869023359031
1 16 91.2550378883639
1 12 88.7581393448743
20 9 108.031052186688
20 5 149.093308790529
0 17 93.6553326138669
0 13 93.9355096106032
8 10 77.3029159112983
9 11 103.48871819537
9 24 99.9572678669151
10 23 142.0394570792
4 6 76.0806256596629
5 7 83.7390444673214
5 22 117.251976047984
6 21 71.3020012178371
16 18 129.711357603311
17 19 86.9016169333679
12 14 162.369936195148
13 15 81.2910200815583
3 20 175.592665750671
2 1 179.918453700474
2 8 99.2640882139007
2 4 97.0807729804621
20 0 179.874833711835
1 16 91.1012883719919
1 12 88.9097878955195
20 9 105.991147833227
20 5 143.466216868009
0 17 90.9420669218202
0 13 94.8329355813023
8 10 76.8464978769888
9 11 107.736728171089
9 24 103.741164759134
10 23 133.294080416144
4 6 78.4758667912292
5 7 74.1995525480228
5 22 106.880354238336
6 21 69.5455650411687
16 18 131.131802784436
17 19 131.976176865267
12 14 162.420740335708
13 15 125.297579200156
3 20 168.369552200129
2 1 179.751064042079
2 8 102.74575565594
2 4 100.199868374901
20 0 179.452000519593
1 16 90.8600492678333
1 12 89.1039380916302
20 9 123.688083853313
20 5 143.615038635468
0 17 87.5016162396519
0 13 100.235775914789
8 10 104.826765257339
9 11 148.917280569286
9 24 143.461676784302
10 23 142.154237413266
4 6 81.3177265999141
5 7 117.767444194239
5 22 156.345280104916
6 21 78.8020185771844
16 18 168.128373374791
17 19 88.8000530966596
12 14 153.644555078151
13 15 121.272145311205
3 20 168.369552200129
2 1 179.751064042079
2 8 102.74575565594
2 4 100.199868374901
20 0 179.452000519593
1 16 90.8600492678333
1 12 89.1039380916302
20 9 123.688083853313
20 5 143.615038635468
0 17 87.5016162396519
0 13 100.235775914789
8 10 104.826765257339
9 11 148.917280569286
9 24 143.461676784302
10 23 142.154237413266
4 6 81.3177265999141
5 7 117.767444194239
5 22 156.345280104916
6 21 78.8020185771844
16 18 168.128373374791
17 19 88.8000530966596
12 14 153.644555078151
13 15 121.272145311205
3 20 168.007835347961
2 1 179.904371293425
2 8 103.294874189901
2 4 96.5253077284542
20 0 179.853115872324
1 16 91.3372894970771
1 12 88.6814907267485
20 9 122.222240533948
20 5 143.530134895822
0 17 89.8686189804083
0 13 97.9229555681557
8 10 108.474631973694
9 11 151.359418091435
9 24 150.41013372457
10 23 141.001160747096
4 6 83.2945185789666
5 7 117.07842648377
5 22 157.076546305677
6 21 102.004051274597
16 18 128.505942965746
17 19 128.368218621447
12 14 156.334854675674
13 15 120.273407573614
3 20 166.534330574067
2 1 179.907784848937
2 8 108.712453246766
2 4 102.568057816974
20 0 179.787863715874
1 16 90.2218741959483
1 12 89.7536936827913
20 9 113.799873147017
20 5 136.438339461629
0 17 89.6642202837858
0 13 96.2863760329234
8 10 110.458243667517
9 11 147.202822248698
9 24 149.003898722976
10 23 147.420607028625
4 6 118.195167385455
5 7 120.385352207368
5 22 166.060619185573
6 21 118.240947033761
16 18 128.634204967779
17 19 127.289846326637
12 14 159.231004712376
13 15 119.497624140919
3 20 170.893121612722
2 1 179.937403378668
2 8 106.937367747421
2 4 101.196649686293
20 0 179.827543236089
1 16 91.0088084870687
1 12 88.9476240255276
20 9 116.874342036391
20 5 136.598095807342
0 17 89.3746630522328
0 13 97.0350531520568
8 10 111.166709114551
9 11 116.291133485001
9 24 157.316494857337
10 23 121.997225102567
4 6 120.077771508624
5 7 120.385352207368
5 22 168.756313408592
6 21 118.240947033761
16 18 128.634204967779
17 19 127.289846326637
12 14 153.99627334984
13 15 148.222206193427
3 20 171.388089188489
2 1 179.937502960385
2 8 106.308631563716
2 4 100.28094037393
20 0 179.870233275813
1 16 91.0243990046578
1 12 88.9601960893464
20 9 116.342288856844
20 5 134.859813110268
0 17 87.8078730089585
0 13 97.6052692673995
8 10 110.788383537486
9 11 116.511633810063
9 24 157.163625746266
10 23 121.779306001395
4 6 120.419887258365
5 7 121.576292026567
5 22 168.072490851866
6 21 119.28790676416
16 18 126.198571864465
17 19 127.24926028309
12 14 153.498557106349
13 15 145.15337689135
3 20 171.67240160989
2 1 179.951567827916
2 8 104.941753886355
2 4 99.5600850552694
20 0 179.882745635673
1 16 91.4315119431238
1 12 88.5545354351636
20 9 116.994169409589
20 5 135.087963686927
0 17 88.0673723991594
0 13 98.8032598632487
8 10 107.980609537971
9 11 80.1296189264406
9 24 150.326712870852
10 23 88.0962606372594
4 6 119.835697804606
5 7 85.2024163315555
5 22 162.651886319764
6 21 86.3365898853262
16 18 126.310641074917
17 19 125.484545356889
12 14 152.810615591617
13 15 145.34171090996
3 20 172.980956682387
2 1 179.931741205887
2 8 106.521350767871
2 4 97.4254809449276
20 0 179.89178978882
1 16 91.9017524885267
1 12 88.0557622841678
20 9 116.485624706384
20 5 137.118345417942
0 17 87.5076931544172
0 13 98.9371555604053
8 10 109.333090220189
9 11 111.007948333079
9 24 142.460229159454
10 23 105.092993905121
4 6 117.83146235692
5 7 78.7378783956096
5 22 159.020677214512
6 21 75.1578733354464
16 18 128.599314714089
17 19 126.819059544799
12 14 159.015336493394
13 15 81.898478127005
3 20 172.94758515682
2 1 179.924784616701
2 8 106.911964779661
2 4 97.4440042018431
20 0 179.886535222694
1 16 92.023424361705
1 12 87.9371509955148
20 9 116.81503169762
20 5 137.555340099788
0 17 84.9872386121177
0 13 99.2759220861297
8 10 109.223696794663
9 11 111.188213177059
9 24 142.065909137456
10 23 105.363603445017
4 6 117.626116723094
5 7 78.9629220847762
5 22 160.337030256966
6 21 74.0380516912875
16 18 120.890440448763
17 19 122.156133220562
12 14 157.849864058707
13 15 41.9330328575704
3 20 172.967158453733
2 1 179.916818566486
2 8 106.862589768976
2 4 97.4247836821865
20 0 179.884052997637
1 16 92.0542790488846
1 12 87.9117416734972
20 9 116.945227368514
20 5 137.628938641057
0 17 84.9692493737359
0 13 99.2833753676495
8 10 109.080068845573
9 11 111.188213177059
9 24 142.397402008942
10 23 105.363603445017
4 6 116.206271699703
5 7 43.363635130242
5 22 163.766999955717
6 21 42.7180397701909
16 18 120.921807370619
17 19 122.162888787113
12 14 157.84829693587
13 15 41.8987014832586
3 20 173.277337372023
2 1 179.897269330074
2 8 103.117870321743
2 4 96.5469501111712
20 0 179.896514678177
1 16 91.910301932116
1 12 88.0489727738245
20 9 119.597482399518
20 5 137.037148046551
0 17 90.1129564662467
0 13 100.435219443692
8 10 110.823894320295
9 11 112.94687643575
9 24 144.875456681056
10 23 113.003389682216
4 6 117.956019759166
5 7 43.6812361162097
5 22 166.114050843619
6 21 43.2479360628044
16 18 124.945927925665
17 19 124.691647574516
12 14 153.95404649187
13 15 77.3951241439458
3 20 173.478876640197
2 1 179.895396547391
2 8 103.884469570982
2 4 95.6840468338236
20 0 179.89704858135
1 16 91.8879092648467
1 12 88.0734961496086
20 9 120.212627588401
20 5 136.5242589876
0 17 80.542913230762
0 13 103.297107712205
8 10 110.654699394216
9 11 113.202037243257
9 24 144.747913783896
10 23 113.284768554855
4 6 117.949834679287
5 7 44.1351005124658
5 22 164.135767735617
6 21 43.6828791524007
16 18 124.945927925665
17 19 124.691647574516
12 14 148.202295059737
13 15 109.927102412621
3 20 172.307624460834
2 1 179.9618285442
2 8 105.652594760806
2 4 100.271632003626
20 0 179.896434639237
1 16 91.6743561036139
1 12 88.3109688258325
20 9 114.159154544338
20 5 133.530116937211
0 17 87.7253619390119
0 13 100.983549885653
8 10 111.100603714256
9 11 119.449725499397
9 24 164.390951210793
10 23 100.621801626714
4 6 121.056008968076
5 7 82.8380584379143
5 22 167.027700302403
6 21 87.9040687946389
16 18 132.807729704182
17 19 86.3691441266465
12 14 121.549774134771
13 15 80.5154760840666
3 20 172.876002482592
2 1 179.935061458744
2 8 104.403562201174
2 4 101.179321877347
20 0 179.877014560217
1 16 91.5641479950264
1 12 88.4299343533555
20 9 115.571624111336
20 5 132.480601067371
0 17 88.8211089239752
0 13 99.7420727301378
8 10 110.594524930417
9 11 119.438384378512
9 24 154.236683096727
10 23 105.734404396137
4 6 121.033500345069
5 7 82.8380584379143
5 22 166.107618118472
6 21 87.9040687946389
16 18 133.578214312363
17 19 42.7807389898862
12 14 125.876951495934
13 15 41.8197661585389
3 20 172.742611473716
2 1 179.924715873026
2 8 105.484609164375
2 4 102.96780100721
20 0 179.88677404568
1 16 90.9434536290394
1 12 89.0480030648445
20 9 98.7617064375947
20 5 132.313798618218
0 17 87.870057394274
0 13 99.013904396365
8 10 76.8008776965585
9 11 74.3183381536039
9 24 110.737897983768
10 23 101.772476829133
4 6 117.722134013903
5 7 81.6804392938537
5 22 160.574768553366
6 21 88.2740095956084
16 18 133.506503862701
17 19 80.15111243919
12 14 128.218982832112
13 15 84.2288613763064
3 20 172.94208897102
2 1 179.846199944867
2 8 105.702957689636
2 4 102.077729510076
20 0 179.749811771572
1 16 91.4216491319926
1 12 88.5501128921051
20 9 98.5909987961364
20 5 133.360895856961
0 17 82.5074604150262
0 13 98.3895883729008
8 10 76.5003020383948
9 11 75.406025063312
9 24 122.265244989452
10 23 98.7329885235356
4 6 117.646978031599
5 7 80.7398028702974
5 22 155.76564494119
6 21 86.8633858409556
16 18 160.791085455415
17 19 80.15111243919
12 14 162.03525608594
13 15 84.2288613763064
3 20 171.852454122126
2 1 179.802531858155
2 8 105.14196008555
2 4 101.169876268752
20 0 179.561207291361
1 16 91.7923652986676
1 12 88.1875704169296
20 9 112.654437114478
20 5 134.333397779786
0 17 84.1125023593055
0 13 97.0046312378553
8 10 114.324910817598
9 11 155.045568281064
9 24 125.980508017829
10 23 100.008711355498
4 6 118.353827094122
5 7 115.404137001847
5 22 112.947488401136
6 21 84.3295146260007
16 18 160.538814851305
17 19 86.4619687271703
12 14 162.801238851833
13 15 82.8297811145702
3 20 172.361020318408
2 1 179.796684840092
2 8 105.513275830474
2 4 102.958490658151
20 0 179.566514940602
1 16 91.5338270951791
1 12 88.4440581828018
20 9 111.867057242389
20 5 132.016039313962
0 17 83.4999085616474
0 13 95.8910317992797
8 10 114.123538249563
9 11 155.028056983742
9 24 152.197228266625
10 23 131.631237288294
4 6 118.565166645704
5 7 115.404137001847
5 22 153.902255993037
6 21 113.764676325381
16 18 160.882536811142
17 19 131.080208403218
12 14 164.809883740276
13 15 125.951217161832
3 20 172.361020318408
2 1 179.796684840092
2 8 105.513275830474
2 4 102.958490658151
20 0 179.566514940602
1 16 91.5338270951791
1 12 88.4440581828018
20 9 111.867057242389
20 5 132.016039313962
0 17 83.4999085616474
0 13 95.8910317992797
8 10 114.123538249563
9 11 155.028056983742
9 24 152.197228266625
10 23 131.631237288294
4 6 118.565166645704
5 7 115.404137001847
5 22 153.902255993037
6 21 113.764676325381
16 18 160.882536811142
17 19 131.080208403218
12 14 164.809883740276
13 15 125.951217161832
3 20 172.612879574249
2 1 179.881840986524
2 8 107.615464280968
2 4 103.004302652344
20 0 179.72172298013
1 16 90.8076821845017
1 12 89.2101955720028
20 9 114.004905647349
20 5 132.663096920389
0 17 84.4382932964469
0 13 98.3249198847941
8 10 114.300369848832
9 11 156.297810176314
9 24 158.241877123416
10 23 134.975051300355
4 6 117.915236538985
5 7 114.704356891872
5 22 158.29884204495
6 21 107.063254223887
16 18 132.922438960832
17 19 86.1602491622797
12 14 162.510543489734
13 15 127.079653002892
3 20 172.974524811349
2 1 179.942861086904
2 8 75.610399448294
2 4 102.623232493822
20 0 179.72650338082
1 16 89.3788049449381
1 12 90.5287780158254
20 9 100.203490686731
20 5 134.144592232401
0 17 82.9939614450321
0 13 99.7954559624934
8 10 75.3616927613799
9 11 156.185078752371
9 24 150.36803992545
10 23 138.988177764305
4 6 119.667555869391
5 7 111.566606545929
5 22 167.553021168456
6 21 105.157900079057
16 18 132.39528355306
17 19 87.0194355338341
12 14 161.442492940433
13 15 126.473229054568
3 20 173.589724787752
2 1 179.903829665595
2 8 74.8058061478473
2 4 102.161706060054
20 0 179.764333061149
1 16 88.0597644031697
1 12 91.8352845567439
20 9 100.799789875469
20 5 135.513644976906
0 17 85.3627199749549
0 13 100.093328470465
8 10 74.6609626981011
9 11 117.881838684711
9 24 148.201975872401
10 23 108.545499568433
4 6 117.138294331691
5 7 78.9561953737885
5 22 171.530932085523
6 21 80.4838700456766
16 18 169.828592941979
17 19 126.116347705126
12 14 159.054861300879
13 15 156.378644417594
3 20 174.825413259871
2 1 179.847341662517
2 8 73.3895443518065
2 4 101.686868966078
20 0 179.692458813562
1 16 87.7867349336634
1 12 92.0865091777421
20 9 104.372805774148
20 5 136.494892861049
0 17 84.947005609159
0 13 102.241159010463
8 10 73.4651142425307
9 11 115.705889507467
9 24 147.075494941193
10 23 111.06090150364
4 6 117.179750210895
5 7 78.9561953737885
5 22 168.445408321866
6 21 80.4838700456766
16 18 166.023631914234
17 19 86.8827988613431
12 14 152.981929093627
13 15 118.969179524672
3 20 175.899018104024
2 1 179.676220908728
2 8 105.322461375811
2 4 96.8745385741305
20 0 179.68583050726
1 16 89.8497550518496
1 12 90.0081194277046
20 9 119.005724682875
20 5 142.164324787028
0 17 85.2813895771728
0 13 104.794293254921
8 10 112.557687822038
9 11 111.234797712274
9 24 141.14624591231
10 23 129.662362327402
4 6 118.425919801595
5 7 76.6460166765629
5 22 155.744614518914
6 21 85.6137148782044
16 18 167.867608005079
17 19 127.26488216687
12 14 154.723999626443
13 15 122.925099313067
3 20 175.886748840906
2 1 179.686931354568
2 8 105.342208606648
2 4 96.7356312394106
20 0 179.692850098569
1 16 89.9154137024176
1 12 89.9311267947735
20 9 119.046898616395
20 5 142.298262185268
0 17 85.4962498528687
0 13 104.689952741871
8 10 110.624164257441
9 11 111.94889762734
9 24 141.811658906706
10 23 128.955783492066
4 6 118.225729685308
5 7 76.6460166765629
5 22 155.812230518247
6 21 85.6137148782044
16 18 167.852355150957
17 19 127.419554963068
12 14 154.749657062495
13 15 122.901927295825
3 20 175.886748840906
2 1 179.686931354568
2 8 105.342208606648
2 4 96.7356312394106
20 0 179.692850098569
1 16 89.9154137024176
1 12 89.9311267947735
20 9 119.046898616395
20 5 142.298262185268
0 17 85.4962498528687
0 13 104.689952741871
8 10 110.624164257441
9 11 111.94889762734
9 24 141.811658906706
10 23 128.955783492066
4 6 118.225729685308
5 7 76.6460166765629
5 22 155.812230518247
6 21 85.6137148782044
16 18 167.852355150957
17 19 127.419554963068
12 14 154.749657062495
13 15 122.901927295825
3 20 174.055445011337
2 1 179.688502829084
2 8 102.727500456362
2 4 101.556713466492
20 0 179.446020567023
1 16 89.3655585281992
1 12 90.5139682513281
20 9 147.943224176995
20 5 143.85347969043
0 17 87.0413875891113
0 13 103.378547469743
8 10 74.5322908868241
9 11 111.711187364897
9 24 156.000199456783
10 23 108.293862415453
4 6 75.186503894488
5 7 44.0874735209361
5 22 125.220046921702
6 21 43.4651518192623
16 18 171.681000108095
17 19 130.115622744009
12 14 158.12730493876
13 15 125.425953112951
3 20 174.266495437084
2 1 179.817953353186
2 8 103.207704043666
2 4 101.832630692531
20 0 179.650201965216
1 16 89.5112232802605
1 12 90.3461112175502
20 9 147.172144544201
20 5 142.880518284301
0 17 87.3962820760021
0 13 102.127129215855
8 10 75.1518137018537
9 11 114.694265868534
9 24 154.9455239327
10 23 111.296082449939
4 6 76.6856758110718
5 7 44.0874735209361
5 22 124.637679365018
6 21 43.4651518192623
16 18 171.889780106985
17 19 130.115622744009
12 14 159.035410360458
13 15 125.425953112951
3 20 174.501592210221
2 1 179.789258870353
2 8 100.731034635731
2 4 100.796821029288
20 0 179.656647271293
1 16 88.6088346876842
1 12 91.1311427650287
20 9 139.15297316108
20 5 143.207808813181
0 17 86.9275980593478
0 13 102.348839782312
8 10 104.168367139466
9 11 140.651681467374
9 24 147.121973455701
10 23 146.464845261778
4 6 105.241024219812
5 7 122.518423550192
5 22 157.754054222371
6 21 117.812168815834
16 18 172.918176349727
17 19 130.01182685859
12 14 158.707180270198
13 15 157.171262346378
3 20 172.999568794579
2 1 179.796969218228
2 8 100.958518460365
2 4 103.506507924864
20 0 179.729076636611
1 16 87.9072435045602
1 12 91.8402394356298
20 9 137.874726851669
20 5 140.657340851101
0 17 88.0838541652657
0 13 99.2121837221006
8 10 103.375939363752
9 11 139.04337554225
9 24 142.916249305123
10 23 142.820765288004
4 6 105.243265095026
5 7 87.9118644996269
5 22 119.384621076767
6 21 84.9056731874725
16 18 175.517561480559
17 19 130.312415099947
12 14 165.248319338049
13 15 118.084803920762
3 20 172.497910783445
2 1 179.76702772222
2 8 101.081779751271
2 4 103.550719564893
20 0 179.74271769646
1 16 88.1832501339666
1 12 91.566592059701
20 9 136.160714917868
20 5 133.54129124784
0 17 90.1970339117441
0 13 97.5271627042512
8 10 106.138055897369
9 11 124.777070467667
9 24 152.848443182734
10 23 120.117477722028
4 6 112.721091495583
5 7 87.0955410712378
5 22 156.940040758871
6 21 88.4549968011507
16 18 177.283289351069
17 19 130.68328478862
12 14 166.364149636672
13 15 162.491773484915
3 20 173.890993409384
2 1 179.770749653543
2 8 100.859158315473
2 4 103.195962816108
20 0 179.743892590747
1 16 88.5404373417965
1 12 91.2067094168539
20 9 136.727506924012
20 5 134.131224219302
0 17 91.1565474241447
0 13 95.7926664709992
8 10 107.205743609855
9 11 123.705656901968
9 24 157.794583513088
10 23 123.477253421219
4 6 111.615650434315
5 7 122.799094974027
5 22 152.002560463752
6 21 121.514660235076
16 18 178.94470931427
17 19 174.819068310976
12 14 169.020040847315
13 15 168.665605668047
3 20 173.890993409384
2 1 179.770749653543
2 8 100.859158315473
2 4 103.195962816108
20 0 179.743892590747
1 16 88.5404373417965
1 12 91.2067094168539
20 9 136.727506924012
20 5 134.131224219302
0 17 91.1565474241447
0 13 95.7926664709992
8 10 107.205743609855
9 11 123.705656901968
9 24 157.794583513088
10 23 123.477253421219
4 6 111.615650434315
5 7 122.799094974027
5 22 152.002560463752
6 21 121.514660235076
16 18 178.94470931427
17 19 174.819068310976
12 14 169.020040847315
13 15 168.665605668047
3 20 173.881656171962
2 1 179.767934862397
2 8 96.2052806975603
2 4 98.5269405556758
20 0 179.716154199556
1 16 89.0504958467064
1 12 90.7045527355199
20 9 137.873636060881
20 5 139.607900020733
0 17 93.1568480904995
0 13 94.5974433856286
8 10 111.460995575433
9 11 151.786717083223
9 24 147.428480248607
10 23 152.016911580273
4 6 113.507199153483
5 7 123.34619456629
5 22 164.762464948146
6 21 126.021425067393
16 18 177.271278892272
17 19 131.770445007368
12 14 171.867767928138
13 15 128.887739989349
3 20 173.436033512068
2 1 179.798854264735
2 8 102.087978185517
2 4 103.481710178646
20 0 179.716260329826
1 16 89.0801180849318
1 12 90.7057043269123
20 9 135.550209423037
20 5 135.607883654353
0 17 92.7984732576582
0 13 91.4137724658748
8 10 111.827186276215
9 11 148.53939079025
9 24 147.703120662157
10 23 148.140439814682
4 6 113.659414743311
5 7 123.725591286492
5 22 166.74701446013
6 21 127.925527098805
16 18 176.601372330628
17 19 170.05493739499
12 14 176.156126536465
13 15 128.922365555991
3 20 174.21604525618
2 1 179.809913496105
2 8 101.872037287711
2 4 103.352305431329
20 0 179.706011658665
1 16 89.2120410404902
1 12 90.5505971782013
20 9 139.01469937265
20 5 137.608508752703
0 17 92.0986877596829
0 13 90.3685353446141
8 10 111.195421043526
9 11 155.846332474319
9 24 148.40321634573
10 23 154.520780347042
4 6 115.173666240599
5 7 128.857469800604
5 22 169.948231970419
6 21 132.433722299006
16 18 177.572429910521
17 19 175.88926727003
12 14 177.890000844866
13 15 172.441676979285
3 20 174.833591506929
2 1 179.814372106005
2 8 100.672139630937
2 4 102.545585208886
20 0 179.818888136141
1 16 89.293261068712
1 12 90.4699847993723
20 9 140.448514863893
20 5 137.969653039999
0 17 91.8848178392548
0 13 90.5976252490746
8 10 111.378260986829
9 11 157.888618452215
9 24 148.619842295658
10 23 151.627189629188
4 6 114.927108554538
5 7 128.308754900675
5 22 164.860434259646
6 21 131.390076970221
16 18 176.973083687505
17 19 175.846925042853
12 14 177.412461794948
13 15 171.542299878972
3 20 175.218705540841
2 1 179.832059411353
2 8 101.094019254714
2 4 102.797881641885
20 0 179.858235294046
1 16 89.8986878298881
1 12 89.4605852099973
20 9 139.392818490304
20 5 137.144802896611
0 17 91.9251672703388
0 13 89.2639885257831
8 10 114.384708993131
9 11 129.598586487006
9 24 143.523616638529
10 23 129.137601393055
4 6 115.646432498537
5 7 127.669714083536
5 22 163.328529190244
6 21 130.520955223535
16 18 175.989066270186
17 19 176.135269256562
12 14 177.786308777048
13 15 167.664112254977
3 20 175.284206306889
2 1 179.820098439961
2 8 102.813032199173
2 4 104.097589097195
20 0 179.806992813869
1 16 89.753029119937
1 12 89.6182664740697
20 9 131.904215234169
20 5 94.0279889234098
0 17 91.9461042202512
0 13 89.471226135935
8 10 111.71798541598
9 11 85.8240862925599
9 24 155.139798548566
10 23 87.0540600500946
4 6 98.6822343537195
5 7 85.3052492817048
5 22 121.394379409325
6 21 86.5866569319348
16 18 175.932048846488
17 19 176.394367166031
12 14 177.307335221239
13 15 167.302573334326
3 20 175.728948031731
2 1 179.830887226866
2 8 103.547564248788
2 4 104.308928908665
20 0 179.908838994517
1 16 89.6956776157618
1 12 89.6912869317965
20 9 127.509257871622
20 5 130.222156118456
0 17 91.5677775870938
0 13 89.1952921987208
8 10 123.844643040708
9 11 124.068092533933
9 24 135.940285224106
10 23 129.244588785177
4 6 137.816138727382
5 7 129.8274569337
5 22 167.500083397618
6 21 132.203849616219
16 18 176.600465115014
17 19 175.830387114998
12 14 177.795158379045
13 15 167.27195299861
3 20 176.730697555878
2 1 179.829845183586
2 8 103.956483082442
2 4 104.104452050018
20 0 179.901514474493
1 16 89.1499578194402
1 12 90.6552923077495
20 9 127.907966909293
20 5 129.937445706825
0 17 88.9624999414083
0 13 90.7720071825799
8 10 122.36565084228
9 11 124.068092533933
9 24 129.731882090099
10 23 129.244588785177
4 6 137.70569587693
5 7 129.8274569337
5 22 167.058905306935
6 21 132.203849616219
16 18 174.776565664844
17 19 175.434540112327
12 14 176.045361744491
13 15 170.788535055121
3 20 177.605207423116
2 1 179.750867939146
2 8 104.025370875383
2 4 103.670111540116
20 0 179.728809401942
1 16 89.2579642723932
1 12 90.6123290697692
20 9 126.787342621263
20 5 124.734091419771
0 17 88.0055456940966
0 13 90.5102029148929
8 10 141.779434930757
9 11 100.694364004576
9 24 116.308446520303
10 23 108.068249079947
4 6 143.850121180173
5 7 130.430546615362
5 22 165.807159158604
6 21 134.57718291509
16 18 173.599997955692
17 19 174.524357916953
12 14 175.369504614869
13 15 170.699766415851
3 20 177.764480222804
2 1 179.769741205114
2 8 104.077697549757
2 4 103.564790480064
20 0 179.669883822686
1 16 89.3506790129924
1 12 90.5560650928259
20 9 126.679125896752
20 5 124.849397170528
0 17 88.0142445080845
0 13 90.5247346985465
8 10 140.829526674544
9 11 102.832790358343
9 24 112.028561045167
10 23 108.26262685207
4 6 143.659057443253
5 7 131.351302328675
5 22 163.872483163849
6 21 133.322153976451
16 18 173.653691811295
17 19 174.60574313119
12 14 175.322430401983
13 15 170.689317652703
3 20 176.893692646433
2 1 179.767545414993
2 8 103.781912384544
2 4 103.938663545296
20 0 179.673230765698
1 16 89.4033897117476
1 12 90.4981566292303
20 9 126.004840775502
20 5 124.300230093533
0 17 90.4221506460405
0 13 92.2583265361247
8 10 123.114820721049
9 11 128.860823929845
9 24 111.681587365152
10 23 126.682617773329
4 6 144.926631201154
5 7 130.957043441614
5 22 169.96440243692
6 21 132.223805608456
16 18 173.811907184833
17 19 170.127023711221
12 14 169.348620506879
13 15 129.303622339468
3 20 176.653011896865
2 1 179.899400701525
2 8 102.568427801783
2 4 103.150786038001
20 0 179.846252922784
1 16 89.8329018417458
1 12 90.1515964130113
20 9 125.278296651942
20 5 123.414040329626
0 17 89.7713615233403
0 13 92.1637814661059
8 10 122.303418078493
9 11 129.314000635692
9 24 111.490432386792
10 23 125.876086653204
4 6 145.072172884052
5 7 131.513812359009
5 22 168.188306354413
6 21 132.074036171915
16 18 172.388182179368
17 19 171.846402487244
12 14 169.653958777164
13 15 126.293019438489
3 20 166.368292705225
2 1 179.917306054834
2 8 109.216062874279
2 4 108.630793786678
20 0 179.809711563401
1 16 88.742653965167
1 12 91.2788141696316
20 9 117.066500134832
20 5 118.54237920146
0 17 90.8437561039692
0 13 94.4367335191206
8 10 123.343820841876
9 11 125.980255084707
9 24 119.435433470998
10 23 126.683176189854
4 6 144.638811221411
5 7 129.824250934817
5 22 173.39902183705
6 21 131.984961878415
16 18 173.301257832562
17 19 132.385186950571
12 14 132.532261592308
13 15 126.158356604507
3 20 166.176673956046
2 1 179.920367772861
2 8 109.960886300082
2 4 108.812249475681
20 0 179.806003546654
1 16 89.2124565555394
1 12 90.7939169671202
20 9 117.680765451341
20 5 119.758389023584
0 17 90.767248128234
0 13 95.3531334583294
8 10 123.413909283614
9 11 125.584676243486
9 24 119.142770301663
10 23 125.94382880214
4 6 144.109830051024
5 7 129.302931049182
5 22 175.559347742334
6 21 132.01431003033
16 18 171.976848960206
17 19 132.02955007891
12 14 130.985288181045
13 15 127.290937245447
3 20 176.628302783381
2 1 179.918280435192
2 8 101.634673657022
2 4 101.390716534533
20 0 179.807228045679
1 16 90.0267837544007
1 12 89.9805644251
20 9 127.208694347165
20 5 125.595389932596
0 17 89.2927789296558
0 13 98.5045692292386
8 10 141.363693448929
9 11 152.404656326298
9 24 149.847482973403
10 23 138.775620040462
4 6 143.98413842134
5 7 129.302931049182
5 22 130.647511718048
6 21 132.01431003033
16 18 171.233938473379
17 19 132.02955007891
12 14 162.221395990537
13 15 127.290937245447
3 20 177.0119979718
2 1 179.915724057945
2 8 102.13464022226
2 4 101.088363838956
20 0 179.800337563492
1 16 89.9523344436537
1 12 90.0681761931501
20 9 126.95584929096
20 5 126.022708604619
0 17 88.6149652242216
0 13 99.9816857084392
8 10 141.559157230254
9 11 148.506241776081
9 24 138.290168533713
10 23 134.253981477577
4 6 144.0025526482
5 7 129.439856155021
5 22 118.711934901936
6 21 129.918581493797
16 18 169.329043219404
17 19 131.571278819404
12 14 158.41070648033
13 15 85.3088853541056
3 20 177.051713068159
2 1 179.893137599899
2 8 101.748669378352
2 4 100.82511906796
20 0 179.83021403127
1 16 90.116359818285
1 12 89.8805640572844
20 9 127.832036447343
20 5 127.606827595217
0 17 88.3549842680516
0 13 100.023181813713
8 10 141.035610014558
9 11 114.425426385933
9 24 136.588658193956
10 23 100.218741672272
4 6 143.477631131995
5 7 130.282032993708
5 22 165.76628898132
6 21 128.697423140735
16 18 127.774636396332
17 19 86.9577426872391
12 14 157.271708525578
13 15 85.2708032325537
3 20 177.422101701879
2 1 179.889657476394
2 8 101.897351699955
2 4 100.799669557656
20 0 179.830256052883
1 16 90.0434047887664
1 12 89.9559786386848
20 9 128.09842135317
20 5 127.78523002265
0 17 85.688764733551
0 13 103.491481053995
8 10 140.242155567615
9 11 115.22182548543
9 24 138.23638738404
10 23 100.618265166674
4 6 143.490004437423
5 7 130.722074391242
5 22 163.013633049436
6 21 129.501533466342
16 18 88.9233495930918
17 19 86.9577426872391
12 14 152.724125078349
13 15 121.963327628399
3 20 178.168615250217
2 1 179.883041829378
2 8 103.433601570095
2 4 100.637300150931
20 0 179.81929513027
1 16 90.3772816550446
1 12 89.6313026713854
20 9 125.743198140367
20 5 127.794895416631
0 17 86.741434949623
0 13 102.097102606532
8 10 141.289227524397
9 11 114.802088550446
9 24 137.046796523347
10 23 105.430568340514
4 6 144.557462784784
5 7 130.722074391242
5 22 163.02535868084
6 21 129.501533466342
16 18 88.9233495930918
17 19 86.9577426872391
12 14 152.801276133552
13 15 157.430142587495
3 20 178.48332030588
2 1 179.883648226583
2 8 103.537271042992
2 4 100.146245435198
20 0 179.841664098519
1 16 90.449702505732
1 12 89.5654096777926
20 9 125.313516322655
20 5 127.485960050599
0 17 83.962450228
0 13 107.425272114955
8 10 141.272480074796
9 11 116.565326195864
9 24 131.896074202193
10 23 106.677062935216
4 6 144.707771961596
5 7 129.000109057393
5 22 161.861004952957
6 21 128.812881203695
16 18 122.107085948055
17 19 86.8750069417877
12 14 147.083426036191
13 15 120.768946795231
3 20 177.761718419657
2 1 179.816094164095
2 8 103.5100100915
2 4 100.341016939898
20 0 179.693031071268
1 16 90.3674472366904
1 12 89.6495461337188
20 9 125.449469689936
20 5 127.508063531403
0 17 83.9776568925368
0 13 107.422031694411
8 10 141.419226925246
9 11 157.241671555357
9 24 132.372040030056
10 23 145.366967408141
4 6 144.578835497661
5 7 129.549682875432
5 22 158.252737851431
6 21 129.773865198325
16 18 122.093831617418
17 19 86.863168860939
12 14 147.076527908529
13 15 120.966662039247
3 20 176.324520137348
2 1 179.818997023165
2 8 104.254492519088
2 4 102.205541716823
20 0 179.693853006713
1 16 89.9574344023415
1 12 90.0570412291857
20 9 125.035179190499
20 5 125.601335712679
0 17 84.0458262567794
0 13 106.014903480286
8 10 122.961032820981
9 11 125.274068534518
9 24 104.171888291622
10 23 122.42687889372
4 6 143.608247190458
5 7 129.549682875432
5 22 162.103091245107
6 21 129.773865198325
16 18 164.887709450486
17 19 130.136834115284
12 14 150.361627875668
13 15 85.4998470801517
3 20 176.645681029814
2 1 179.823095814743
2 8 103.077213438438
2 4 100.784832853403
20 0 179.706935603783
1 16 90.1113609699111
1 12 89.8768981791488
20 9 125.549267587272
20 5 126.635822900676
0 17 84.6214496412103
0 13 103.764656411202
8 10 123.933739920442
9 11 124.295500944611
9 24 113.648205703985
10 23 121.896240866554
4 6 143.7794565471
5 7 131.522226496979
5 22 162.637767304519
6 21 129.986879437424
16 18 164.980238610353
17 19 86.8354417374519
12 14 153.101152543631
13 15 123.607491151512
3 20 176.595559659014
2 1 179.825339400293
2 8 103.087832709847
2 4 100.792552497391
20 0 179.711192944089
1 16 90.1061517577626
1 12 89.8814601954412
20 9 125.532798728331
20 5 126.600950680133
0 17 84.6036312321927
0 13 103.764114299214
8 10 123.005916622268
9 11 126.209459906514
9 24 111.15887027368
10 23 122.338722452212
4 6 143.854518382493
5 7 132.898292752724
5 22 162.302165559057
6 21 130.991489778375
16 18 165.010268897102
17 19 86.8039068137527
12 14 153.104371914705
13 15 123.601965625952
3 20 177.22038595033
2 1 179.89879061251
2 8 103.792623137342
2 4 101.967303873354
20 0 179.735772235754
1 16 91.6666786810193
1 12 88.3404340347061
20 9 126.591926443577
20 5 125.729561494443
0 17 62.3030043483735
0 13 100.669500794603
8 10 123.643286384277
9 11 106.674520078577
9 24 89.0320592375942
10 23 105.934363381659
4 6 144.698185341356
5 7 130.592566699613
5 22 157.512110856904
6 21 132.121137826666
16 18 88.960128940458
17 19 86.7295032377243
12 14 158.364129259344
13 15 85.4181817227323
3 20 177.227096323799
2 1 179.89416786072
2 8 104.419955361077
2 4 101.899071688546
20 0 179.740319979894
1 16 90.5541355738646
1 12 89.4493445940816
20 9 127.33490708696
20 5 126.329861334774
0 17 85.8641623064052
0 13 100.1256015726
8 10 140.21754908425
9 11 106.674520078577
9 24 126.998866564359
10 23 105.934363381659
4 6 144.348032341498
5 7 130.592566699613
5 22 158.093612606132
6 21 132.121137826666
16 18 133.801574798138
17 19 86.7295032377243
12 14 160.868723774481
13 15 85.4181817227323
3 20 177.270312005813
2 1 179.888718246916
2 8 104.766686539358
2 4 102.195803357772
20 0 179.749699253996
1 16 90.6220999026354
1 12 89.4013431961
20 9 127.938038157736
20 5 126.319649339449
0 17 88.3002977990514
0 13 97.783186172012
8 10 139.525366554998
9 11 84.0109861306127
9 24 135.590527343309
10 23 83.1238451232413
4 6 143.728770922513
5 7 130.681444452992
5 22 163.738101906623
6 21 132.523777302666
16 18 167.484879838709
17 19 86.6934225167968
12 14 163.053196895403
13 15 85.5763282460088
3 20 176.561459242182
2 1 179.887667469946
2 8 105.779944177034
2 4 104.327576786475
20 0 179.761656716679
1 16 90.1430428316331
1 12 89.8772749322041
20 9 125.527532119478
20 5 124.125218210653
0 17 87.2657282816217
0 13 96.95085295701
8 10 141.253838135368
9 11 84.1002629599732
9 24 135.062778326114
10 23 83.4936518409793
4 6 144.751401110993
5 7 168.561519749019
5 22 168.906610224542
6 21 159.001441124077
16 18 167.430251807894
17 19 131.818406283231
12 14 164.823931742664
13 15 129.138083162317
3 20 176.228937298703
2 1 179.88744122252
2 8 106.23692612371
2 4 104.649354440863
20 0 179.757342651143
1 16 90.190562187116
1 12 89.819251900096
20 9 125.925369262196
20 5 123.885938370005
0 17 87.7583856722399
0 13 96.6841429169096
8 10 141.033750835663
9 11 84.7295475051771
9 24 137.837327457815
10 23 84.2006310485913
4 6 144.984480380969
5 7 168.017607332662
5 22 162.888595947677
6 21 158.142404568751
16 18 169.220974565306
17 19 131.818406283231
12 14 164.900014106343
13 15 129.138083162317
3 20 175.003199048195
2 1 179.953481377958
2 8 105.775112991633
2 4 102.642402859316
20 0 179.76022714685
1 16 89.4266100339685
1 12 90.5245707900846
20 9 128.991724987444
20 5 127.653015413771
0 17 87.7899500571953
0 13 96.8591528490923
8 10 139.959494478832
9 11 124.37553836024
9 24 132.864603091244
10 23 122.628806900336
4 6 148.156256037036
5 7 152.958706231248
5 22 142.102753384332
6 21 157.994184167329
16 18 169.411053640089
17 19 130.550228161693
12 14 165.281599925962
13 15 128.637450098332
3 20 175.346598317847
2 1 179.950567915622
2 8 105.686545719435
2 4 102.860304124785
20 0 179.822948563318
1 16 88.654016030434
1 12 91.3055458149982
20 9 128.987864539539
20 5 127.51034865294
0 17 87.6785255038113
0 13 97.0429092579265
8 10 140.185548471672
9 11 122.891365716893
9 24 130.182497335713
10 23 121.97271800299
4 6 147.554247556704
5 7 152.997064273632
5 22 140.585000895963
6 21 159.230126151612
16 18 170.275997769564
17 19 130.518087399453
12 14 165.817661326263
13 15 128.583576396482
3 20 175.785221062845
2 1 179.953283346426
2 8 105.559381431656
2 4 103.348428794687
20 0 179.846016565553
1 16 88.4712899214255
1 12 91.5183980822565
20 9 132.52070662593
20 5 129.818564336621
0 17 87.3666803183529
0 13 95.801100509862
8 10 139.147120749378
9 11 122.093755523829
9 24 137.199770565452
10 23 121.598286070474
4 6 145.110503812269
5 7 170.154493826675
5 22 144.982920721495
6 21 173.492212599194
16 18 172.540713109205
17 19 130.622518907107
12 14 168.601797830411
13 15 167.470494712654
3 20 175.661033613825
2 1 179.938172144578
2 8 106.367945962331
2 4 104.161168049279
20 0 179.868199811615
1 16 88.8870143848014
1 12 91.0926862817633
20 9 135.734391967961
20 5 134.09417689337
0 17 90.1269973418856
0 13 95.3829850622277
8 10 137.695733522303
9 11 165.720181308258
9 24 125.370662742523
10 23 163.981069651164
4 6 142.98786447121
5 7 175.760212592109
5 22 156.673617345296
6 21 178.154425607199
16 18 177.117572704792
17 19 130.694149934838
12 14 168.890641645527
13 15 167.740081130826
3 20 175.987774739135
2 1 179.942113465606
2 8 107.591082673855
2 4 104.951411514496
20 0 179.874151224193
1 16 89.1193082600233
1 12 90.9059582529756
20 9 131.391965455013
20 5 136.770263586647
0 17 91.4950209693706
0 13 94.2149782982345
8 10 136.238206569509
9 11 164.566743603628
9 24 147.657730241219
10 23 160.687003287928
4 6 143.037339953829
5 7 174.922319314547
5 22 155.110191802683
6 21 175.233547846086
16 18 178.537270494867
17 19 130.802400018719
12 14 172.573976049986
13 15 128.835660698962
3 20 175.276954162197
2 1 179.932541828868
2 8 106.471327547016
2 4 104.460731116064
20 0 179.939054872134
1 16 88.9019034693124
1 12 91.1260848496302
20 9 134.812288586636
20 5 142.108867752982
0 17 91.2522338318992
0 13 91.5910326611494
8 10 127.098304756629
9 11 168.107608920907
9 24 148.271960664196
10 23 162.921119197425
4 6 134.872933067826
5 7 173.812727866681
5 22 155.327250190318
6 21 173.270466558921
16 18 178.406112234764
17 19 174.995781681187
12 14 176.080456925785
13 15 173.25543729344
3 20 175.085904826297
2 1 179.942755872286
2 8 106.840959752121
2 4 104.803102873191
20 0 179.747744016394
1 16 88.8503272437335
1 12 91.1801395220866
20 9 135.78485917342
20 5 142.983639560256
0 17 92.306126767167
0 13 90.5056281768936
8 10 126.52495265226
9 11 167.440221605563
9 24 148.895571877497
10 23 162.710124919074
4 6 134.409720014029
5 7 175.081798731774
5 22 153.299182648432
6 21 171.55820169053
16 18 179.206257123248
17 19 175.310378501388
12 14 177.237119303938
13 15 173.061782255727
3 20 176.228388198378
2 1 179.945707816217
2 8 108.447114933048
2 4 106.274330512147
20 0 179.754442168993
1 16 88.9293229778102
1 12 91.0892990349031
20 9 129.86240743543
20 5 136.046311805976
0 17 92.3743988844099
0 13 90.5069958698486
8 10 124.372246209608
9 11 168.497467899573
9 24 148.839696157636
10 23 163.198156879373
4 6 148.909145734278
5 7 170.78349906796
5 22 138.232707123893
6 21 173.658830316562
16 18 179.15853992111
17 19 175.544211780663
12 14 177.150622017934
13 15 173.04713024257
3 20 176.399355065218
2 1 179.948320289538
2 8 107.978989835126
2 4 105.847485249137
20 0 179.803382328784
1 16 88.7888223675384
1 12 91.174215075253
20 9 124.993511832988
20 5 133.167130535349
0 17 92.6534568697173
0 13 91.1000812101346
8 10 156.393418067604
9 11 135.453778828313
9 24 79.4361075175783
10 23 104.483424959197
4 6 171.536882310132
5 7 162.359135961995
5 22 156.15384069003
6 21 177.4455237344
16 18 178.635491080949
17 19 174.687621646428
12 14 176.394891875334
13 15 175.902722829013
3 20 176.369425327719
2 1 179.944499197856
2 8 107.960534103134
2 4 105.827554562284
20 0 179.802716266026
1 16 88.8252746781495
1 12 91.1345287956566
20 9 124.896931187162
20 5 133.124714839268
0 17 92.6861237713871
0 13 91.0749634919121
8 10 155.160477324532
9 11 161.024954655377
9 24 107.895426196779
10 23 125.312473533124
4 6 171.486184348992
5 7 162.063445649454
5 22 155.964137140245
6 21 177.786512783087
16 18 178.613251011854
17 19 174.708151091419
12 14 176.374112611246
13 15 176.045079253686
