Z           X            Y     Timestamp     Body id     Joint type ColorPointX ColorPointY  DepthPointX DepthPointY  WidthOfDisplay  HeightOfDisplay
1.71494 0.163746 0.6939187 63654494386671 72057594037928253 10 1100.353 99.07919 288.4936 55.95415 512 424 
1.648078 -0.2466143 0.7298022 63654494387203 72057594037928253 7 840.238 59.07642 198.0528 41.92908 512 424 
1.685386 -0.02486029 0.7372837 63654494387203 72057594037928253 11 983.2768 64.35674 247.8114 43.85016 512 424 
1.659123 -0.01874763 0.6639739 63654494387274 72057594037928253 11 987.6317 104.3243 249.0848 57.59746 512 424 
1.659123 -0.01874763 0.6639739 63654494387274 72057594037928253 11 987.6317 104.3243 249.0848 57.59746 512 424 
1.659123 -0.01874763 0.6639739 63654494387274 72057594037928253 11 987.6317 104.3243 249.0848 57.59746 512 424 
1.639864 -0.2283127 0.6025944 63654494387374 72057594037928253 7 851.8904 139.8431 201.8762 69.6821 512 424 
1.658524 -0.0251164 0.5889148 63654494387374 72057594037928253 11 983.7263 152.6689 247.6688 74.30742 512 424 
1.73167 -0.06556957 -0.6275465 63654494387450 72057594037928253 19 960.6692 915.7725 239.2858 338.9821 512 424 
1.651899 -0.229304 0.4749051 63654494387516 72057594037928253 7 852.4735 225.3524 202.0851 99.31154 512 424 
1.776073 -0.234278 -0.6735747 63654494387516 72057594037928253 15 860.0027 933.8506 204.5746 345.2488 512 424 
1.724132 -0.06570762 -0.6311404 63654494387516 72057594037928253 19 960.5614 919.6742 239.1945 340.3421 512 424 
1.651899 -0.229304 0.4749051 63654494387516 72057594037928253 7 852.4735 225.3524 202.0851 99.31154 512 424 
1.776073 -0.234278 -0.6735747 63654494387516 72057594037928253 15 860.0027 933.8506 204.5746 345.2488 512 424 
1.724132 -0.06570762 -0.6311404 63654494387516 72057594037928253 19 960.5614 919.6742 239.1945 340.3421 512 424 
1.634587 -0.27252 0.3783888 63654494387610 72057594037928253 7 823.4009 285.1788 191.8456 120.0221 512 424 
1.722444 -0.05439354 -0.6513436 63654494387610 72057594037928253 19 967.5699 932.5205 241.6026 344.8203 512 424 
1.634587 -0.27252 0.3783888 63654494387610 72057594037928253 7 823.4009 285.1788 191.8456 120.0221 512 424 
1.722444 -0.05439354 -0.6513436 63654494387610 72057594037928253 19 967.5699 932.5205 241.6026 344.8203 512 424 
1.608016 -0.2165841 0.3764642 63654494387716 72057594037928253 7 858.0402 282.2877 203.6626 119.087 512 424 
1.748075 -0.02867662 -0.6795095 63654494387716 72057594037928253 19 983.2481 943.741 247.2013 348.7322 512 424 
1.621681 -0.2322694 0.410862 63654494387784 72057594037928253 6 848.5709 261.7955 200.4916 111.9547 512 424 
1.616776 -0.2071566 0.4082613 63654494387784 72057594037928253 7 864.7476 262.6478 206.0627 112.2821 512 424 
1.748673 -0.03048237 -0.6780831 63654494387784 72057594037928253 19 982.1429 942.7329 246.8223 348.381 512 424 
1.626939 -0.2596242 0.4450786 63654494387868 72057594037928253 7 830.9595 240.274 194.4335 104.4492 512 424 
1.748311 -0.04102566 -0.6694235 63654494387868 72057594037928253 19 975.7226 937.5577 244.596 346.5774 512 424 
1.626939 -0.2596242 0.4450786 63654494387868 72057594037928253 7 830.9595 240.274 194.4335 104.4492 512 424 
1.748311 -0.04102566 -0.6694235 63654494387868 72057594037928253 19 975.7226 937.5577 244.596 346.5774 512 424 
1.659155 0.01654053 0.5222151 63654494387936 72057594037928253 11 1010.618 195.7166 256.9295 89.27473 512 424 
1.659155 0.01654053 0.5222151 63654494387936 72057594037928253 11 1010.618 195.7166 256.9295 89.27473 512 424 
1.659155 0.01654053 0.5222151 63654494387936 72057594037928253 11 1010.618 195.7166 256.9295 89.27473 512 424 
1.6668 0.01656486 0.6255852 63654494388058 72057594037928253 11 1010.204 130.8952 256.9218 66.80536 512 424 
1.720508 -0.2291342 -0.6809437 63654494388058 72057594037928253 15 859.7241 951.4336 204.104 351.3549 512 424 
1.620353 -0.05819738 -0.2850319 63654494388058 72057594037928253 17 964.3736 717.7072 240.0618 269.9033 512 424 
1.724074 -0.2283721 -0.6751656 63654494388111 72057594037928253 15 860.4066 946.9971 204.3689 349.8156 512 424 
1.61547 -0.05937731 -0.2684306 63654494388111 72057594037928253 17 963.5544 707.3675 239.7567 266.3099 512 424 
1.724074 -0.2283721 -0.6751656 63654494388111 72057594037928253 15 860.4066 946.9971 204.3689 349.8156 512 424 
1.61547 -0.05937731 -0.2684306 63654494388111 72057594037928253 17 963.5544 707.3675 239.7567 266.3099 512 424 
1.755702 -0.0603896 -0.638562 63654494388206 72057594037928253 19 963.9142 917.164 240.5653 339.4684 512 424 
1.755702 -0.0603896 -0.638562 63654494388206 72057594037928253 19 963.9142 917.164 240.5653 339.4684 512 424 
1.697313 0.002567448 0.7729811 63654494388378 72057594037928253 11 1000.31 44.99646 253.813 37.25212 512 424 
1.697313 0.002567448 0.7729811 63654494388378 72057594037928253 11 1000.31 44.99646 253.813 37.25212 512 424 
1.703775 0.001407015 0.7682128 63654494388448 72057594037928253 11 999.4699 49.86316 253.5596 38.91296 512 424 
1.666959 -0.2272624 0.7808544 63654494388530 72057594037928253 7 853.897 31.51934 202.9831 32.55827 512 424 
1.659806 -0.225784 0.7803459 63654494388603 72057594037928253 7 854.3565 29.6771 203.097 31.93394 512 424 
1.6857 -0.0008085422 0.7632912 63654494388603 72057594037928253 11 998.4241 47.81073 253.0779 38.21001 512 424 
1.659806 -0.225784 0.7803459 63654494388603 72057594037928253 7 854.3565 29.6771 203.097 31.93394 512 424 
1.6857 -0.0008085422 0.7632912 63654494388603 72057594037928253 11 998.4241 47.81073 253.0779 38.21001 512 424 
1.62888 -0.2197259 0.6938423 63654494388808 72057594037928253 7 856.4409 77.12823 203.4778 48.10362 512 424 
1.626892 -0.2278385 0.5620403 63654494388970 72057594037928253 7 851.4015 163.3886 201.5839 77.82396 512 424 
1.76461 -0.06133759 -0.6444101 63654494388970 72057594037928253 19 963.3708 918.7362 240.4309 340.0164 512 424 
1.626892 -0.2278385 0.5620403 63654494388970 72057594037928253 7 851.4015 163.3886 201.5839 77.82396 512 424 
1.76461 -0.06133759 -0.6444101 63654494388970 72057594037928253 19 963.3708 918.7362 240.4309 340.0164 512 424 
1.632868 -0.2297251 0.5036146 63654494389047 72057594037928253 7 850.7725 202.9983 201.3734 91.55064 512 424 
1.765214 -0.04723587 -0.6678507 63654494389109 72057594037928253 19 971.9011 932.7144 243.3811 344.8897 512 424 
1.765214 -0.04723587 -0.6678507 63654494389109 72057594037928253 19 971.9011 932.7144 243.3811 344.8897 512 424 
1.758171 -0.2314745 -0.683266 63654494389177 72057594037928253 15 860.6196 943.8184 204.666 348.7123 512 424 
1.761713 -0.03051017 -0.6813813 63654494389177 72057594037928253 19 982.0221 941.6711 246.8642 348.0116 512 424 
1.758171 -0.2314745 -0.683266 63654494389177 72057594037928253 15 860.6196 943.8184 204.666 348.7123 512 424 
1.761713 -0.03051017 -0.6813813 63654494389177 72057594037928253 19 982.0221 941.6711 246.8642 348.0116 512 424 
1.751292 -0.2339537 -0.6893404 63654494389262 72057594037928253 15 858.7068 949.1345 203.9524 350.5568 512 424 
1.751292 -0.2339537 -0.6893404 63654494389262 72057594037928253 15 858.7068 949.1345 203.9524 350.5568 512 424 
1.750168 -0.2339522 -0.6905183 63654494389326 72057594037928253 15 858.6399 950.1191 203.921 350.8986 512 424 
1.75051 -0.2332342 -0.6911066 63654494389402 72057594037928253 15 859.0978 950.3939 204.082 350.9941 512 424 
1.737177 -0.02850338 -0.6969448 63654494389402 72057594037928253 19 983.4844 957.0153 247.1996 353.3473 512 424 
1.75051 -0.2332342 -0.6911066 63654494389402 72057594037928253 15 859.0978 950.3939 204.082 350.9941 512 424 
1.737177 -0.02850338 -0.6969448 63654494389402 72057594037928253 19 983.4844 957.0153 247.1996 353.3473 512 424 
1.750968 -0.04429287 -0.6677327 63654494389484 72057594037928253 19 973.7241 935.9149 243.9207 346.0047 512 424 
1.750968 -0.04429287 -0.6677327 63654494389484 72057594037928253 19 973.7241 935.9149 243.9207 346.0047 512 424 
1.717534 -0.2369227 -0.6899582 63654494389648 72057594037928253 15 854.7359 957.7538 202.3458 353.5436 512 424 
1.717534 -0.2369227 -0.6899582 63654494389648 72057594037928253 15 854.7359 957.7538 202.3458 353.5436 512 424 
1.717534 -0.2369227 -0.6899582 63654494389648 72057594037928253 15 854.7359 957.7538 202.3458 353.5436 512 424 
1.749633 -0.2236056 -0.6535313 63654494389763 72057594037928253 15 864.8263 927.7562 206.0919 343.131 512 424 
1.739948 -0.04346977 -0.6513181 63654494389763 72057594037928253 19 974.2386 928.449 244.0368 343.4048 512 424 
1.749633 -0.2236056 -0.6535313 63654494389763 72057594037928253 15 864.8263 927.7562 206.0919 343.131 512 424 
1.739948 -0.04346977 -0.6513181 63654494389763 72057594037928253 19 974.2386 928.449 244.0368 343.4048 512 424 
1.669753 -0.224924 0.8031164 63654494390132 72057594037928253 7 855.5107 18.01974 203.6002 27.99007 512 424 
1.697938 -0.01237867 0.7953373 63654494390132 72057594037928253 11 990.8597 31.06139 250.5655 32.49074 512 424 
1.700652 -0.01079445 0.7930827 63654494390184 72057594037928253 11 991.8209 33.28659 250.9133 33.24922 512 424 
1.700652 -0.01079445 0.7930827 63654494390184 72057594037928253 11 991.8209 33.28659 250.9133 33.24922 512 424 
1.701618 -0.2234992 0.8099201 63654494390311 72057594037928253 7 858.4884 23.39649 204.8304 29.80629 512 424 
1.702803 -0.01005105 0.7882574 63654494390311 72057594037928253 11 992.2669 36.964 251.0772 34.50223 512 424 
1.701618 -0.2234992 0.8099201 63654494390311 72057594037928253 7 858.4884 23.39649 204.8304 29.80629 512 424 
1.702803 -0.01005105 0.7882574 63654494390311 72057594037928253 11 992.2669 36.964 251.0772 34.50223 512 424 
1.701618 -0.2234992 0.8099201 63654494390311 72057594037928253 7 858.4884 23.39649 204.8304 29.80629 512 424 
1.702803 -0.01005105 0.7882574 63654494390311 72057594037928253 11 992.2669 36.964 251.0772 34.50223 512 424 
1.701618 -0.2234992 0.8099201 63654494390311 72057594037928253 7 858.4884 23.39649 204.8304 29.80629 512 424 
1.702803 -0.01005105 0.7882574 63654494390311 72057594037928253 11 992.2669 36.964 251.0772 34.50223 512 424 
1.69402 -0.2202688 0.8092339 63654494390469 72057594037928253 7 860.0325 21.53182 205.3181 29.17522 512 424 
1.693071 -0.005083273 0.7766948 63654494390469 72057594037928253 11 995.5656 41.43255 252.1471 36.02942 512 424 
1.69402 -0.2202688 0.8092339 63654494390469 72057594037928253 7 860.0325 21.53182 205.3181 29.17522 512 424 
1.693071 -0.005083273 0.7766948 63654494390469 72057594037928253 11 995.5656 41.43255 252.1471 36.02942 512 424 
1.69402 -0.2202688 0.8092339 63654494390469 72057594037928253 7 860.0325 21.53182 205.3181 29.17522 512 424 
1.693071 -0.005083273 0.7766948 63654494390469 72057594037928253 11 995.5656 41.43255 252.1471 36.02942 512 424 
1.762992 -0.05547283 -0.6398559 63654494390679 72057594037928253 19 966.8939 916.3407 241.6468 339.1825 512 424 
1.762992 -0.05547283 -0.6398559 63654494390679 72057594037928253 19 966.8939 916.3407 241.6468 339.1825 512 424 
1.626288 -0.2227347 0.504701 63654494390864 72057594037928253 7 854.8727 200.9404 202.7484 90.84369 512 424 
1.647275 -0.01734825 0.4845319 63654494390864 72057594037928253 11 989.1068 217.818 249.3749 96.92113 512 424 
1.644023 -0.2288188 0.3853061 63654494390931 72057594037928253 7 852.4934 282.0334 202.0055 118.9893 512 424 
1.642819 -0.01641477 0.3358269 63654494390931 72057594037928253 11 990.1128 313.5367 249.5823 130.1505 512 424 
1.851284 -0.3096609 -0.6793838 63654494390931 72057594037928253 15 821.1198 920.8699 191.5246 340.7217 512 424 
1.771377 -0.02736356 -0.6900645 63654494390931 72057594037928253 19 983.8445 944.6388 247.5544 349.045 512 424 
1.677824 -0.2330114 0.365319 63654494391018 72057594037928253 7 852.2058 299.7632 202.1368 125.144 512 424 
1.762427 -0.2483792 -0.6987522 63654494391018 72057594037928253 15 850.7142 952.182 201.2432 351.6097 512 424 
1.756379 -0.02903995 -0.6977705 63654494391018 72057594037928253 19 982.9847 952.8481 247.1532 351.8992 512 424 
1.677824 -0.2330114 0.365319 63654494391018 72057594037928253 7 852.2058 299.7632 202.1368 125.144 512 424 
1.762427 -0.2483792 -0.6987522 63654494391018 72057594037928253 15 850.7142 952.182 201.2432 351.6097 512 424 
1.756379 -0.02903995 -0.6977705 63654494391018 72057594037928253 19 982.9847 952.8481 247.1532 351.8992 512 424 
1.677824 -0.2330114 0.365319 63654494391018 72057594037928253 7 852.2058 299.7632 202.1368 125.144 512 424 
1.762427 -0.2483792 -0.6987522 63654494391018 72057594037928253 15 850.7142 952.182 201.2432 351.6097 512 424 
1.756379 -0.02903995 -0.6977705 63654494391018 72057594037928253 19 982.9847 952.8481 247.1532 351.8992 512 424 
1.615909 -0.2282435 0.3419268 63654494391125 72057594037928253 7 850.9958 306.3057 201.2694 127.4094 512 424 
1.761057 -0.2479325 -0.6979154 63654494391125 72057594037928253 15 850.8915 952.0043 201.2963 351.5482 512 424 
1.754637 -0.02889382 -0.6963293 63654494391125 72057594037928253 19 983.0862 952.3937 247.1779 351.7412 512 424 
1.610232 -0.2323082 0.3757794 63654494391209 72057594037928253 7 847.802 283.1119 200.1297 119.3529 512 424 
1.766234 -0.2427401 -0.691843 63654494391209 72057594037928253 15 854.3457 947.1063 202.5335 349.8507 512 424 
1.759517 -0.03335941 -0.684209 63654494391209 72057594037928253 19 980.3245 943.8967 246.2585 348.7853 512 424 
1.752222 -0.03479356 -0.6772283 63654494391258 72057594037928253 19 979.4968 941.382 245.9275 347.9099 512 424 
1.614367 -0.2291197 0.46373 63654494391320 72057594037928253 7 849.9523 225.616 200.9363 99.3969 512 424 
1.731696 -0.04643374 -0.6544484 63654494391320 72057594037928253 19 972.4582 932.2716 243.3609 344.7355 512 424 
1.614367 -0.2291197 0.46373 63654494391320 72057594037928253 7 849.9523 225.616 200.9363 99.3969 512 424 
1.731696 -0.04643374 -0.6544484 63654494391320 72057594037928253 19 972.4582 932.2716 243.3609 344.7355 512 424 
1.715749 -0.2514574 -0.6854252 63654494391524 72057594037928253 15 845.6125 955.403 199.1665 352.7225 512 424 
1.699822 -0.04983306 -0.6801637 63654494391524 72057594037928253 19 970.4752 955.9093 242.4357 352.9575 512 424 
1.754672 -0.2377935 -0.6529327 63654494391608 72057594037928253 15 856.5307 926.2666 203.243 342.6103 512 424 
1.691491 -0.4876578 0.4926949 63654494391995 72057594037928253 5 692.4976 221.6607 146.8553 97.78918 512 424 
1.586788 -0.3751123 0.6885723 63654494391995 72057594037928253 6 749.131 68.82723 166.1006 45.30362 512 424 
1.587291 -0.3414869 0.7432531 63654494391995 72057594037928253 7 771.5756 31.92105 173.9949 32.77687 512 424 
1.519965 0.1380114 0.5929696 63654494391995 72057594037928253 11 1099.609 114.6651 286.7639 61.31557 512 424 
1.587782 -0.3094989 0.805677 63654494391995 72057594037928253 21 792.884 -10.27395 181.5345 18.58775 512 424 
1.555694 -0.3534233 0.768874 63654494391995 72057594037928253 22 759.2931 4.001683 169.6683 23.44469 512 424 
1.723117 0.01360805 0.09196344 63654494392679 72057594037928253 11 1008.092 474.189 256.1493 185.7273 512 424 
1.723117 0.01360805 0.09196344 63654494392679 72057594037928253 11 1008.092 474.189 256.1493 185.7273 512 424 
1.723117 0.01360805 0.09196344 63654494392679 72057594037928253 11 1008.092 474.189 256.1493 185.7273 512 424 
1.723117 0.01360805 0.09196344 63654494392679 72057594037928253 11 1008.092 474.189 256.1493 185.7273 512 424 
1.7261 -0.003071929 0.1102723 63654494393024 72057594037928253 11 997.7072 463.0454 252.6026 181.8712 512 424 
1.7261 -0.003071929 0.1102723 63654494393024 72057594037928253 11 997.7072 463.0454 252.6026 181.8712 512 424 
1.7261 -0.003071929 0.1102723 63654494393024 72057594037928253 11 997.7072 463.0454 252.6026 181.8712 512 424 
