Z           X            Y     Timestamp     Body id     Joint type ColorPointX ColorPointY  DepthPointX DepthPointY  WidthOfDisplay  HeightOfDisplay
2.313566 0.02232926 0.554379 63657324528665 72057594037928540 7 1006.517 285.2219 261.0708 122.6568 512 424 
2.313566 0.02232926 0.554379 63657324528665 72057594037928540 7 1006.517 285.2219 261.0708 122.6568 512 424 
2.361804 -0.0878339 0.478724 63657324528903 72057594037928540 6 956.6871 325.2833 243.7945 136.3496 512 424 
2.369193 -0.03764386 0.4739634 63657324528903 72057594037928540 7 979.3384 327.811 251.6501 137.3336 512 424 
2.44732 0.1143548 0.7059554 63657324528903 72057594037928540 8 1043.948 232.5248 274.7766 104.4947 512 424 
2.361804 -0.0878339 0.478724 63657324528903 72057594037928540 6 956.6871 325.2833 243.7945 136.3496 512 424 
2.369193 -0.03764386 0.4739634 63657324528903 72057594037928540 7 979.3384 327.811 251.6501 137.3336 512 424 
2.44732 0.1143548 0.7059554 63657324528903 72057594037928540 8 1043.948 232.5248 274.7766 104.4947 512 424 
2.311928 -0.2059119 0.4759893 63657324529739 72057594037928540 7 901.8932 322.579 224.6494 135.1384 512 424 
2.311928 -0.2059119 0.4759893 63657324529739 72057594037928540 7 901.8932 322.579 224.6494 135.1384 512 424 
2.377566 -0.04548097 0.5310912 63657324530757 72057594037928540 7 975.4534 302.9626 250.4512 128.6852 512 424 
2.358289 -0.1067099 0.3828187 63657324530827 72057594037928540 7 948.7451 368.4552 240.8375 151.2891 512 424 
2.358289 -0.1067099 0.3828187 63657324530827 72057594037928540 7 948.7451 368.4552 240.8375 151.2891 512 424 
2.372103 -0.1268723 0.3383584 63657324530894 72057594037928540 7 940.129 389.5624 237.8101 158.5619 512 424 
2.372103 -0.1268723 0.3383584 63657324530894 72057594037928540 7 940.129 389.5624 237.8101 158.5619 512 424 
2.375459 -0.2688144 0.1704139 63657324534924 72057594037928540 7 877.5852 465.9479 215.8465 184.6848 512 424 
2.44864 0.119964 0.1571558 63657324534924 72057594037928540 11 1049.668 471.7641 275.5297 187.4882 512 424 
2.375459 -0.2688144 0.1704139 63657324534924 72057594037928540 7 877.5852 465.9479 215.8465 184.6848 512 424 
2.44864 0.119964 0.1571558 63657324534924 72057594037928540 11 1049.668 471.7641 275.5297 187.4882 512 424 
2.56006 0.3194676 0.4419766 63657324536248 72057594037928540 9 1127.799 355.0746 303.5345 147.4204 512 424 
2.56006 0.3194676 0.4419766 63657324536248 72057594037928540 9 1127.799 355.0746 303.5345 147.4204 512 424 
2.239164 -0.1843581 0.5138893 63657324536860 72057594037928540 6 909.4954 297.2785 227.1178 126.3835 512 424 
2.14193 -0.1206856 0.5280456 63657324536860 72057594037928540 21 938.0635 278.7469 236.7061 120.0776 512 424 
2.206393 -0.09345745 0.5280981 63657324536860 72057594037928540 22 952.3054 286.2248 241.874 122.7499 512 424 
2.24079 -0.1875771 0.5128384 63657324536921 72057594037928540 6 908.0201 297.9755 226.6097 126.6183 512 424 
2.17641 -0.1314346 0.5313139 63657324536921 72057594037928540 7 933.3737 281.3688 235.213 120.9683 512 424 
2.145812 -0.1196437 0.5229437 63657324536921 72057594037928540 21 938.6849 281.7545 236.9245 121.1265 512 424 
2.208894 -0.0927892 0.5248257 63657324536921 72057594037928540 22 952.6763 288.0913 242.004 123.4007 512 424 
2.24079 -0.1875771 0.5128384 63657324536921 72057594037928540 6 908.0201 297.9755 226.6097 126.6183 512 424 
2.17641 -0.1314346 0.5313139 63657324536921 72057594037928540 7 933.3737 281.3688 235.213 120.9683 512 424 
2.145812 -0.1196437 0.5229437 63657324536921 72057594037928540 21 938.6849 281.7545 236.9245 121.1265 512 424 
2.208894 -0.0927892 0.5248257 63657324536921 72057594037928540 22 952.6763 288.0913 242.004 123.4007 512 424 
2.232164 -0.1781558 0.4950425 63657324536969 72057594037928540 6 912.3773 305.4909 228.0542 129.2513 512 424 
2.171246 -0.1179886 0.505088 63657324536969 72057594037928540 7 940.0543 293.5659 237.4527 125.2406 512 424 
2.140617 -0.1062576 0.4968285 63657324536969 72057594037928540 21 945.4423 294.0682 239.189 125.4395 512 424 
2.20503 -0.07911777 0.4970649 63657324536969 72057594037928540 22 959.431 301.0057 244.2697 127.9214 512 424 
2.162176 0.03339472 0.3959379 63657324537223 72057594037928540 11 1015.232 345.4438 263.201 143.6049 512 424 
2.162176 0.03339472 0.3959379 63657324537223 72057594037928540 11 1015.232 345.4438 263.201 143.6049 512 424 
2.236919 -0.005472192 0.4556557 63657324539619 72057594037928540 11 995.0034 323.736 256.6065 135.9839 512 424 
2.236919 -0.005472192 0.4556557 63657324539619 72057594037928540 11 995.0034 323.736 256.6065 135.9839 512 424 
2.289396 -0.3007869 0.4820691 63657324539677 72057594037928540 5 856.9674 318.1421 209.0075 133.3639 512 424 
2.193223 0.02880686 0.5235732 63657324539677 72057594037928540 7 1011.574 286.1325 262.3562 122.9898 512 424 
2.208996 -0.09698038 0.3833835 63657324539677 72057594037928540 11 951.6222 356.4628 241.3296 147.1372 512 424 
2.289153 -0.04640349 0.2932852 63657324539940 72057594037928540 10 976.5748 404.5886 250.0463 163.9318 512 424 
2.289153 -0.04640349 0.2932852 63657324539940 72057594037928540 10 976.5748 404.5886 250.0463 163.9318 512 424 
2.340078 0.4551539 0.5037163 63657324540689 72057594037928540 11 1203.535 308.5872 329.3846 131.5515 512 424 
2.340078 0.4551539 0.5037163 63657324540689 72057594037928540 11 1203.535 308.5872 329.3846 131.5515 512 424 
