First JointType Second JointType  Angel
3 20 156.0808220762
2 1 160.797761995804
2 8 98.5628875647882
2 4 113.052537710034
20 0 164.97319114533
1 16 94.702460771714
1 12 93.3948028434104
20 9 89.1331741070596
20 5 107.170096813801
0 17 93.0264057468828
0 13 78.8048581814405
8 10 130.371290521404
9 11 102.773984288239
9 24 118.582264000266
10 23 103.335906018296
4 6 172.317148062989
5 7 171.296012887002
5 22 142.92558549752
6 21 169.173875481232
16 18 93.2576864692975
17 19 89.9681245465784
12 14 103.52153901939
13 15 89.8014704895018
3 20 175.065118391668
2 1 179.89843784258
2 8 106.768737522065
2 4 106.395567260554
20 0 179.906185227786
1 16 90.1486681223372
1 12 89.8763030081433
20 9 99.7917111590898
20 5 117.515654608892
0 17 92.7575190282057
0 13 89.8013647782529
8 10 144.780080853064
9 11 101.447809271456
9 24 119.046034426309
10 23 103.333446937607
4 6 174.144489877499
5 7 171.170119318859
5 22 135.250928139689
6 21 169.802918006663
16 18 93.2555937746777
17 19 89.972426470641
12 14 112.292714427833
13 15 89.7887930065114
3 20 175.816781173403
2 1 179.850516914371
2 8 106.594221628292
2 4 105.972147175523
20 0 179.853747584414
1 16 90.3071667508396
1 12 89.7102048862172
20 9 86.0089296002696
20 5 117.705459484915
0 17 93.0178283051009
0 13 88.4393232848884
8 10 128.187105717718
9 11 118.580808817052
9 24 110.559639820046
10 23 120.142399866397
4 6 174.156182358546
5 7 170.017440174015
5 22 136.490057923904
6 21 170.157306432235
16 18 92.9156079940399
17 19 89.9120803315945
12 14 112.322382573686
13 15 89.7114278835982
3 20 176.4137588697
2 1 179.902087717113
2 8 106.441672056787
2 4 105.299424954252
20 0 179.92775946262
1 16 90.2982170077164
1 12 89.4892190677197
20 9 116.264675552461
20 5 117.152856173959
0 17 92.4547015201548
0 13 89.7368433213615
8 10 171.728315699184
9 11 163.524091465535
9 24 143.563498547157
10 23 163.562080014398
4 6 173.368443226185
5 7 166.390397650874
5 22 140.616904799288
6 21 168.67297874882
16 18 112.030862808321
17 19 89.9264008840532
12 14 112.937860768055
13 15 89.7038541536367
3 20 176.370479110832
2 1 179.896622621962
2 8 106.461238045683
2 4 105.289295749252
20 0 179.923758547124
1 16 90.2988742156346
1 12 89.618355082345
20 9 116.29069641544
20 5 117.124541574088
0 17 92.4828644659925
0 13 89.8786994182123
8 10 171.877392778821
9 11 164.34376486778
9 24 142.217910935378
10 23 164.266374760965
4 6 173.397612172062
5 7 166.414635435995
5 22 141.691312532009
6 21 169.160651306608
16 18 111.977591261365
17 19 90.2566818149538
12 14 112.984730122654
13 15 89.6277715006533
3 20 176.389574893143
2 1 179.896028327593
2 8 106.464100614208
2 4 105.319063198264
20 0 179.92249935248
1 16 90.3015437718113
1 12 89.6141694840519
20 9 116.287633572603
20 5 117.152943002105
0 17 92.4951650161674
0 13 89.9068218292447
8 10 171.900695556826
9 11 164.314050132387
9 24 142.177666201799
10 23 164.419511542316
4 6 173.339061442889
5 7 166.106221932601
5 22 139.977534253034
6 21 168.747778047534
16 18 111.97602138461
17 19 90.3382533913209
12 14 112.989975805997
13 15 90.2205522588704
3 20 176.377868558
2 1 179.901371954718
2 8 106.380369343359
2 4 105.490600094359
20 0 179.951148784794
1 16 90.1119006760996
1 12 89.8525737310828
20 9 115.763248422791
20 5 117.113493462277
0 17 92.8976595009865
0 13 89.9814605095635
8 10 172.988120817586
9 11 164.601737102992
9 24 144.903136390207
10 23 164.631266604838
4 6 174.237885473617
5 7 166.149596313744
5 22 139.790238225991
6 21 168.759133665027
16 18 112.111434667712
17 19 89.8819430471054
12 14 112.936385664782
13 15 89.5924021134539
3 20 176.658293501424
2 1 179.884807517703
2 8 106.500272408736
2 4 105.646903216358
20 0 179.949965496147
1 16 90.0445550730046
1 12 89.9123590021366
20 9 115.741501118272
20 5 117.323691572128
0 17 92.7687334954477
0 13 90.0277962957531
8 10 173.297930514959
9 11 165.487260221416
9 24 143.476289726777
10 23 165.977983697011
4 6 174.579057013402
5 7 168.987547805935
5 22 137.915999237286
6 21 169.36890165156
16 18 112.180687848226
17 19 90.1351617526866
12 14 113.033179922499
13 15 89.5817595845752
3 20 176.206641456026
2 1 179.892123161838
2 8 106.518452221452
2 4 105.61533746687
20 0 179.938626975692
1 16 89.9931761140442
1 12 89.9602567816617
20 9 116.284675781483
20 5 117.530659580869
0 17 94.1802776330923
0 13 91.052659759087
8 10 173.930491507907
9 11 163.986705610983
9 24 143.65103457485
10 23 163.754074914264
4 6 174.389866222639
5 7 169.57982951603
5 22 136.803100376389
6 21 168.000810431695
16 18 109.604762912391
17 19 88.7809655978738
12 14 112.508553855069
13 15 89.5791935367296
3 20 176.465682449848
2 1 179.885312850219
2 8 106.48470633133
2 4 105.969716514107
20 0 179.905809766406
1 16 89.798400539668
1 12 90.1477484449676
20 9 116.673142467097
20 5 118.040693092655
0 17 92.5800240605465
0 13 91.4783180682556
8 10 174.173443404962
9 11 165.888402406231
9 24 148.775324129608
10 23 167.763039019557
4 6 174.983346904133
5 7 168.794532263366
5 22 138.742662939227
6 21 167.128700177369
16 18 112.589562193096
17 19 90.4274612158504
12 14 112.679707302964
13 15 89.5529597920827
3 20 176.371123205677
2 1 179.872607961919
2 8 106.479459270886
2 4 106.097527256593
20 0 179.901202062089
1 16 89.8067795232693
1 12 90.1398807270021
20 9 116.7653469665
20 5 118.570312788395
0 17 92.8031595568693
0 13 91.6103013214053
8 10 174.215548748152
9 11 166.693009223403
9 24 136.478585149566
10 23 167.415988496253
4 6 175.240452385477
5 7 168.490878239342
5 22 143.326588587283
6 21 166.808206500468
16 18 112.255712059615
17 19 91.1614078639244
12 14 112.416583923803
13 15 89.7322558569592
3 20 176.460062938744
2 1 179.872083900628
2 8 106.424464941798
2 4 105.983017494428
20 0 179.902637883355
1 16 89.7882833464616
1 12 90.1659650335175
20 9 116.856874690721
20 5 117.996008359489
0 17 92.8368298832548
0 13 91.9679821889494
8 10 173.993652522081
9 11 167.210369917155
9 24 148.992262160439
10 23 168.323237395599
4 6 175.38950860815
5 7 167.7385145911
5 22 139.612835761253
6 21 167.678141575366
16 18 112.255712059615
17 19 91.1614078639244
12 14 112.416583923803
13 15 89.7322558569592
3 20 176.670262558509
2 1 179.854010454773
2 8 106.544447886524
2 4 106.16358082665
20 0 179.891073389851
1 16 89.657197694726
1 12 90.3117212897705
20 9 116.829097001966
20 5 118.232828220386
0 17 92.9688037613318
0 13 92.3512047233354
8 10 173.703276857928
9 11 169.262999945538
9 24 152.223520616931
10 23 169.319034616601
4 6 176.779691710729
5 7 168.69867327406
5 22 140.856520032703
6 21 166.955686782965
16 18 112.233759008067
17 19 91.9922114064019
12 14 112.159175431124
13 15 88.0032698497736
3 20 176.958644160092
2 1 179.85947318693
2 8 106.579307837372
2 4 106.256151534679
20 0 179.892327183347
1 16 89.605198215222
1 12 90.3646842026649
20 9 117.089294939789
20 5 117.618389764043
0 17 93.0559434313204
0 13 92.3271679309794
8 10 173.775164965294
9 11 168.581866790982
9 24 151.533375282967
10 23 168.983343691024
4 6 176.886555661019
5 7 165.753164946735
5 22 140.040755257367
6 21 167.853850704876
16 18 112.165551357828
17 19 91.8772715504052
12 14 112.285182182935
13 15 88.116823353372
3 20 176.743048460458
2 1 179.855480911009
2 8 106.540271340128
2 4 106.323768848268
20 0 179.891953126277
1 16 89.5954321034817
1 12 90.3796871745398
20 9 116.954607041881
20 5 117.65623562138
0 17 93.8024453212632
0 13 92.5750860067732
8 10 174.192964924808
9 11 169.27580752621
9 24 149.358709708755
10 23 169.929319501544
4 6 176.647930136529
5 7 164.3286431966
5 22 136.096616347991
6 21 166.323977381702
16 18 110.354842011437
17 19 90.9247613600496
12 14 112.200446777825
13 15 88.1549273894434
3 20 176.722883468808
2 1 179.854924726741
2 8 106.532289673705
2 4 106.326588269485
20 0 179.896554699673
1 16 89.6378797795738
1 12 90.3401935830456
20 9 117.05731922841
20 5 117.817478117143
0 17 93.7822973917018
0 13 92.4662561279274
8 10 174.271025410349
9 11 169.864796691927
9 24 149.478748611421
10 23 170.864130760575
4 6 174.744849224494
5 7 164.011564295241
5 22 143.498307257344
6 21 166.514555346222
16 18 110.411947940161
17 19 91.0055168163691
12 14 112.485091561378
13 15 88.4782001273247
3 20 176.746763196579
2 1 179.856494851129
2 8 106.52016094613
2 4 106.42158717569
20 0 179.896427772872
1 16 89.6330081895024
1 12 90.3644079740308
20 9 116.922686028445
20 5 117.897676332963
0 17 93.4573594500475
0 13 92.4557515576784
8 10 174.262051715811
9 11 169.412040442903
9 24 150.140132893895
10 23 169.975189836465
4 6 174.713424674299
5 7 166.388933439398
5 22 139.52813153264
6 21 169.673124972753
16 18 111.344040129612
17 19 91.4804816770388
12 14 112.580491265653
13 15 88.5820917373537
3 20 176.67630467134
2 1 179.858741019876
2 8 106.544855593272
2 4 106.463129093538
20 0 179.897985329922
1 16 89.6486379471392
1 12 90.3485207456739
20 9 116.95542133198
20 5 117.85006536924
0 17 93.4625469106806
0 13 92.4146354635679
8 10 174.569570656224
9 11 169.896517959984
9 24 151.294045438762
10 23 170.538929277547
4 6 174.484221069385
5 7 166.655401563798
5 22 135.747692426369
6 21 169.277069671807
16 18 111.334880369633
17 19 91.5426366480843
12 14 112.694092457635
13 15 88.8786179508308
3 20 176.594034397764
2 1 179.848671882697
2 8 106.558846181148
2 4 106.533911322296
20 0 179.889933830385
1 16 89.6668368403029
1 12 90.3583559416322
20 9 116.933510396021
20 5 118.220022392599
0 17 93.6642234902953
0 13 92.1968099506518
8 10 174.490907867615
9 11 169.636217538873
9 24 153.076482636779
10 23 169.650890711917
4 6 174.254148069513
5 7 167.791288675932
5 22 143.687209704475
6 21 165.840958542642
16 18 112.07738510871
17 19 91.7204648407764
12 14 112.768618367447
13 15 88.9899175801924
3 20 176.412034185164
2 1 179.87875723265
2 8 106.390599849882
2 4 106.421452877323
20 0 179.902144764518
1 16 89.7433701956915
1 12 90.2776229181591
20 9 116.585249410923
20 5 119.105778707073
0 17 93.6960219522494
0 13 91.9744184379827
8 10 174.583139843764
9 11 170.599379858037
9 24 155.297551034364
10 23 170.663529682187
4 6 171.903710639271
5 7 166.365077964152
5 22 142.601668524342
6 21 165.112407022478
16 18 112.060581056548
17 19 91.8232337613549
12 14 112.743146210416
13 15 89.1212951714862
3 20 176.475168759024
2 1 179.878315180029
2 8 106.377494850397
2 4 106.512487831713
20 0 179.907604834729
1 16 89.8047122470367
1 12 90.2102281080667
20 9 116.811728367323
20 5 119.378931980714
0 17 93.7045562807173
0 13 91.9580614005164
8 10 174.639714866697
9 11 171.033020851968
9 24 155.876698436512
10 23 171.677424587742
4 6 171.679765387371
5 7 166.036867760398
5 22 143.05332630341
6 21 164.700312536395
16 18 112.160727388409
17 19 91.9609313047713
12 14 112.725401152129
13 15 88.962350107416
3 20 176.409690680737
2 1 179.879489370211
2 8 106.554882896125
2 4 106.412793001544
20 0 179.912683427212
1 16 89.8123007506793
1 12 90.2030439222639
20 9 117.449246341527
20 5 122.053374153838
0 17 93.5484670079904
0 13 92.0631925051127
8 10 174.858339152792
9 11 171.031981638499
9 24 155.685863278291
10 23 172.042224760959
4 6 165.980475979081
5 7 165.860284720445
5 22 147.944078174073
6 21 167.49623953217
16 18 112.200735496786
17 19 91.9112108086871
12 14 112.49021806449
13 15 88.8476113818422
3 20 176.503556777072
2 1 179.876911524446
2 8 106.616345989967
2 4 106.38658677952
20 0 179.915137831591
1 16 89.7994509103467
1 12 90.2052200330544
20 9 117.47027028481
20 5 122.19636674327
0 17 93.2475198956353
0 13 92.0616609709181
8 10 174.929342558608
9 11 171.581291810225
9 24 156.301984123931
10 23 172.705748180389
4 6 165.797366536557
5 7 166.068915146522
5 22 148.216174866887
6 21 167.923965669785
16 18 112.221944375817
17 19 91.8819124002706
12 14 112.531727374958
13 15 88.8769685580589
3 20 176.575043385314
2 1 179.881487553021
2 8 106.628559513491
2 4 106.283341814632
20 0 179.917152993842
1 16 89.8606730099244
1 12 90.1397157515014
20 9 117.571674589369
20 5 122.448952588199
0 17 94.3225914059708
0 13 92.1203412604353
8 10 174.748700979011
9 11 171.677803596066
9 24 153.632996588706
10 23 173.074071509767
4 6 163.472814508486
5 7 168.588468383153
5 22 143.471854053002
6 21 167.252891429989
16 18 110.09599494501
17 19 90.3302791432476
12 14 112.434524256132
13 15 88.798353210166
3 20 176.579932802011
2 1 179.875958743663
2 8 106.657629015229
2 4 106.237893841212
20 0 179.914884675898
1 16 89.8958932437836
1 12 90.1105792267712
20 9 117.44092525074
20 5 122.459317164552
0 17 93.9105248685149
0 13 92.0708572917878
8 10 174.351378977471
9 11 171.786653941403
9 24 155.624432471486
10 23 173.357905259602
4 6 163.535108373888
5 7 168.776861298506
5 22 145.719567776542
6 21 168.83545889605
16 18 110.145991509374
17 19 89.9576382813408
12 14 112.39291722763
13 15 88.8193741719614
3 20 176.520523032865
2 1 179.880819301408
2 8 106.768520747226
2 4 106.203127798683
20 0 179.90852391714
1 16 89.8827227088844
1 12 90.1311674535499
20 9 117.710546101634
20 5 122.595810932354
0 17 93.8365115198668
0 13 92.1162400183006
8 10 174.253445499514
9 11 171.505734826232
9 24 150.694023890577
10 23 173.30203353786
4 6 163.323948481688
5 7 168.9673620394
5 22 139.430790327452
6 21 168.609176094084
16 18 110.229223443481
17 19 89.8967112475814
12 14 112.338656388384
13 15 88.5790020917024
3 20 176.517793966291
2 1 179.875767959403
2 8 106.811284784423
2 4 106.251853543104
20 0 179.909413042765
1 16 89.9191690110931
1 12 90.0982118747754
20 9 117.800978494038
20 5 122.621198469316
0 17 93.6569407778191
0 13 92.0364701789424
8 10 174.153460074459
9 11 171.17548465093
9 24 150.244004367173
10 23 173.252263816283
4 6 163.774966564395
5 7 169.531562976391
5 22 138.700252098876
6 21 168.432475008018
16 18 110.661651978307
17 19 90.1353951944361
12 14 112.360455469077
13 15 88.5867557362815
3 20 176.493539761427
2 1 179.876644294757
2 8 106.873461312987
2 4 106.319167375538
20 0 179.911982819067
1 16 89.9347965655783
1 12 90.0782843238472
20 9 117.861450315729
20 5 122.655758344866
0 17 93.6340362061242
0 13 91.9599072472797
8 10 174.235910372872
9 11 171.567203502197
9 24 150.652836304406
10 23 173.935657190005
4 6 163.676767382631
5 7 168.977390589827
5 22 138.006488721422
6 21 169.536631912709
16 18 110.795306461074
17 19 90.0716533943492
12 14 112.257326049686
13 15 88.6445930662674
3 20 176.398774363019
2 1 179.874199364619
2 8 106.862754181331
2 4 106.228279274732
20 0 179.905988413848
1 16 89.9441045878326
1 12 90.0636813602203
20 9 117.843168893025
20 5 122.350171385194
0 17 93.7101981045564
0 13 91.9223871367468
8 10 174.159542393145
9 11 171.389376664148
9 24 154.267512131801
10 23 173.162898898659
4 6 168.452046732434
5 7 165.602755431336
5 22 139.234269358226
6 21 168.836435051536
16 18 110.807807959821
17 19 90.2392594845366
12 14 112.217731091502
13 15 88.667449342414
3 20 176.584919427962
2 1 179.881499749655
2 8 106.778421756832
2 4 106.252564529332
20 0 179.9114248007
1 16 89.9598570456481
1 12 90.0464602495181
20 9 117.627607401424
20 5 122.428276669448
0 17 92.8954117845064
0 13 91.8082192062192
8 10 173.976621164377
9 11 171.231708149075
9 24 151.208300911735
10 23 172.919858392007
4 6 168.633472024507
5 7 165.400553186644
5 22 138.021164640725
6 21 168.878756376018
16 18 112.716829679892
17 19 91.5205548720727
12 14 112.151166938467
13 15 88.5907326537895
3 20 176.344060992053
2 1 179.887159284982
2 8 106.777795692171
2 4 106.279100989394
20 0 179.918364463805
1 16 89.9745080018912
1 12 89.9844918924021
20 9 117.454137620059
20 5 122.179680435149
0 17 92.8154700157052
0 13 91.7774528933532
8 10 173.955189585102
9 11 171.828323231399
9 24 153.501264792046
10 23 173.163096523263
4 6 172.643516343606
5 7 166.337917422962
5 22 137.777276456049
6 21 165.799436345641
16 18 112.768148171899
17 19 91.5202785486619
12 14 112.12562751308
13 15 88.634447733045
3 20 176.261644141169
2 1 179.892777463399
2 8 106.705961175995
2 4 106.298879651658
20 0 179.930234605998
1 16 89.9571302228564
1 12 89.9942716332189
20 9 117.286615116973
20 5 122.171326549552
0 17 92.870563618811
0 13 91.7647997216551
8 10 173.788033806241
9 11 171.693058318141
9 24 151.52923709243
10 23 173.462562822324
4 6 172.973303448523
5 7 166.75070044337
5 22 132.623339092931
6 21 166.431696968019
16 18 112.787556660371
17 19 91.5199892051841
12 14 112.135680452289
13 15 88.6330198367964
3 20 176.115645898004
2 1 179.896742597619
2 8 106.654286145777
2 4 106.346421683839
20 0 179.933360250159
1 16 89.8701895114493
1 12 90.0673258228278
20 9 117.116562183622
20 5 122.327301493302
0 17 92.6507789254094
0 13 91.7677021207311
8 10 173.572341880791
9 11 171.312338246856
9 24 151.979007713279
10 23 173.572818874292
4 6 172.619264379492
5 7 167.216077579568
5 22 136.902810390547
6 21 165.903627199371
16 18 112.557997509462
17 19 91.0331037175863
12 14 112.103063332015
13 15 88.6174928789334
3 20 176.150192269105
2 1 179.895198201883
2 8 106.651488710948
2 4 106.368617146487
20 0 179.927363052876
1 16 89.8708774234008
1 12 90.0714820160177
20 9 117.112187546705
20 5 122.283417490737
0 17 92.666029419124
0 13 91.7097116450222
8 10 173.561927675073
9 11 171.397961088849
9 24 152.485822777138
10 23 173.80528670026
4 6 172.702210334886
5 7 167.431445894225
5 22 138.788695870484
6 21 165.972615350729
16 18 112.557281488551
17 19 90.9105760244938
12 14 112.126743695181
13 15 88.6695428330641
3 20 176.14567933209
2 1 179.898282974478
2 8 106.652353540131
2 4 106.345207760318
20 0 179.93079063105
1 16 89.9523239375417
1 12 90.02117677903
20 9 117.120916961952
20 5 122.267076313353
0 17 92.8032998716211
0 13 91.6447264397538
8 10 173.491635678883
9 11 170.076265626788
9 24 150.820793290048
10 23 175.347038147544
4 6 172.75320994159
5 7 168.309750764579
5 22 140.376168990343
6 21 166.870058815262
16 18 112.506305348486
17 19 90.7155157685346
12 14 112.071114572545
13 15 88.6285373933651
3 20 176.086237359371
2 1 179.909621214406
2 8 106.699724178043
2 4 106.351839025254
20 0 179.928711603511
1 16 89.9493505576055
1 12 90.0313301869311
20 9 117.116233126445
20 5 120.875337351009
0 17 92.7823557023162
0 13 91.6725698840871
8 10 173.540075672593
9 11 170.051935599609
9 24 148.089395432458
10 23 175.277071447809
4 6 175.566188066949
5 7 171.247472716304
5 22 142.764306878259
6 21 167.627294255099
16 18 112.468174849104
17 19 90.5729059517759
12 14 112.056180394948
13 15 88.6856612337771
3 20 176.100208517086
2 1 179.919589869316
2 8 106.708759202256
2 4 106.348251266415
20 0 179.927598933556
1 16 89.922258913698
1 12 90.0548461226166
20 9 117.05336197941
20 5 120.801488596571
0 17 92.7628860636397
0 13 91.6824138790189
8 10 173.763812676958
9 11 171.401333780038
9 24 152.175420531571
10 23 173.985421795792
4 6 176.738882999027
5 7 170.567057160935
5 22 146.068825185291
6 21 169.950218859909
16 18 112.434962285867
17 19 90.5700463736628
12 14 112.05843306353
13 15 88.6248214559549
3 20 176.097578223053
2 1 179.918924043318
2 8 106.713878336742
2 4 106.359403551603
20 0 179.925337520949
1 16 89.940998579218
1 12 90.0424455896763
20 9 117.106484765782
20 5 120.655558675867
0 17 92.7856405417223
0 13 91.653724117701
8 10 173.707461049406
9 11 170.719513510376
9 24 152.586551295881
10 23 173.403396931932
4 6 176.765308217796
5 7 169.993536049622
5 22 145.578132040892
6 21 170.602792211329
16 18 112.441011419769
17 19 90.5639957231874
12 14 112.071694619118
13 15 88.6313454395543
3 20 176.071258060364
2 1 179.917545683641
2 8 106.735791250848
2 4 106.353907219764
20 0 179.923180972123
1 16 89.9818103315337
1 12 90.0164810837938
20 9 117.056493042618
20 5 120.549467521462
0 17 92.832789717514
0 13 91.5912476174531
8 10 173.816511889687
9 11 171.212275745838
9 24 153.726767696818
10 23 173.972861521187
4 6 176.636853175695
5 7 169.470887053491
5 22 146.933714414048
6 21 169.809865876632
16 18 112.417411015184
17 19 90.4577737935895
12 14 112.104794993048
13 15 88.571223288383
3 20 176.071408674118
2 1 179.917749362205
2 8 106.689140316147
2 4 106.355835159665
20 0 179.91865657477
1 16 89.9797261625024
1 12 90.0181893822825
20 9 116.876382571276
20 5 120.534881589815
0 17 92.8395558967874
0 13 91.5829313466569
8 10 173.764896285339
9 11 170.863674364253
9 24 159.859423328232
10 23 173.841676210641
4 6 176.647814560636
5 7 169.242680923616
5 22 147.063083216877
6 21 169.748513807135
16 18 112.42954036783
17 19 90.4601683832979
12 14 112.108137567031
13 15 88.6028315484906
3 20 175.047726451705
2 1 179.915238297009
2 8 106.689246107382
2 4 106.416220309876
20 0 179.9118604974
1 16 89.701947220082
1 12 90.3069441764119
20 9 116.830834877463
20 5 120.298821433051
0 17 94.0064398060124
0 13 91.9880618276977
8 10 173.701341324617
9 11 171.54354501702
9 24 159.913067401696
10 23 172.908969344284
4 6 176.353795794922
5 7 169.519894310962
5 22 144.330742778597
6 21 169.344096796773
16 18 92.4208861321501
17 19 89.9221053412093
12 14 112.007920095275
13 15 88.5029373629657
3 20 175.345027061712
2 1 179.919923199099
2 8 106.710847037655
2 4 106.393443727424
20 0 179.912750303296
1 16 89.6235412138967
1 12 90.3524501919894
20 9 117.118876137442
20 5 120.054885828031
0 17 93.786542916393
0 13 91.94564595229
8 10 173.866804188096
9 11 171.654846277433
9 24 157.630780794032
10 23 172.632301053696
4 6 176.223132443795
5 7 169.107094452936
5 22 140.937046254944
6 21 170.561602991179
16 18 92.9588097270033
17 19 90.2121981951705
12 14 112.095043218797
13 15 88.5018097278049
3 20 174.815494289049
2 1 179.917667324657
2 8 106.706098433066
2 4 106.512567259487
20 0 179.90991027423
1 16 89.6004678659125
1 12 90.3771707010773
20 9 117.442872716692
20 5 120.043696094277
0 17 94.2061441993361
0 13 91.9067511823392
8 10 173.675551206166
9 11 171.430724986191
9 24 160.152218634255
10 23 172.580033425393
4 6 175.643911507499
5 7 169.037903414264
5 22 141.660865984904
6 21 171.137647164187
16 18 92.9646741526853
17 19 90.230504699678
12 14 112.454502273871
13 15 88.4804905982831
3 20 174.897420942851
2 1 179.916645231489
2 8 106.521555972811
2 4 106.721902021264
20 0 179.913229585466
1 16 89.5388830440993
1 12 90.4583216135739
20 9 117.766565476184
20 5 120.319146705477
0 17 94.385786605057
0 13 91.9859840705311
8 10 173.418153253944
9 11 170.869257476419
9 24 160.540067604544
10 23 171.452721748148
4 6 174.89450732634
5 7 169.865714514306
5 22 138.913846742909
6 21 170.399478194157
16 18 93.1119991951883
17 19 90.1974600310482
12 14 112.635853365672
13 15 88.5159267300133
3 20 174.834959429662
2 1 179.915571583008
2 8 106.51854043449
2 4 106.708710499011
20 0 179.914916133126
1 16 89.5480835210058
1 12 90.4498595238135
20 9 117.655229396497
20 5 120.272900135769
0 17 94.3969021277387
0 13 91.9339535966108
8 10 173.44390791109
9 11 170.683846050509
9 24 158.667978877096
10 23 171.908736835982
4 6 174.934706855627
5 7 170.81637567479
5 22 142.697611875072
6 21 169.85117429892
16 18 93.1086249034649
17 19 90.2161818349178
12 14 112.691752980442
13 15 88.6964568598778
3 20 174.855320968007
2 1 179.91655084402
2 8 106.537795702555
2 4 106.73473133789
20 0 179.915008481255
1 16 89.576186521102
1 12 90.4426783567269
20 9 117.676224297302
20 5 120.236736928988
0 17 94.4085052249115
0 13 91.8871426074772
8 10 173.38660252171
9 11 171.304355867933
9 24 159.764969776266
10 23 171.395066668979
4 6 174.966891667199
5 7 171.027586023058
5 22 146.388693910962
6 21 169.686823312392
16 18 93.1727620044962
17 19 90.2533766195995
12 14 112.724727645802
13 15 88.7889159404307
3 20 174.865427892549
2 1 179.914325727954
2 8 106.721863062596
2 4 107.184095618247
20 0 179.914014287565
1 16 89.5414311032217
1 12 90.4793518397464
20 9 118.083310314954
20 5 120.872913956546
0 17 83.2140993235569
0 13 92.0770366585639
8 10 172.92714512185
9 11 170.876227374054
9 24 160.024711673954
10 23 171.2746947996
4 6 174.472897960588
5 7 170.677430353937
5 22 143.989767857369
6 21 169.781971743178
16 18 93.1703179841697
17 19 90.2550888818935
12 14 93.5414746431731
13 15 88.7970089579325
3 20 174.891663968281
2 1 179.915087936026
2 8 106.707489505561
2 4 107.170768164767
20 0 179.91749223856
1 16 89.5295461350122
1 12 90.4882352218959
20 9 118.06251695649
20 5 120.860881401295
0 17 83.2233181817415
0 13 92.0214119887048
8 10 172.921782590009
9 11 170.764025260552
9 24 161.198391166487
10 23 171.48404187028
4 6 174.508962478253
5 7 170.105299448154
5 22 146.438672662808
6 21 169.677012842401
16 18 93.4316169710142
17 19 89.7080501508987
12 14 93.5955630728704
13 15 88.9174901594885
3 20 175.032812610672
2 1 179.908371951072
2 8 106.91918384333
2 4 106.92215187936
20 0 179.905994758164
1 16 89.5298720060672
1 12 90.4707976151225
20 9 118.871480953538
20 5 120.326104580662
0 17 83.6173905067214
0 13 91.9332787792066
8 10 172.628505689565
9 11 170.158898613723
9 24 156.827771032129
10 23 170.795524621106
4 6 174.378156500392
5 7 170.231446116944
5 22 140.083590399677
6 21 169.669083174338
16 18 92.3280929339559
17 19 90.002778709406
12 14 93.6114498331262
13 15 88.9026453677082
3 20 175.296394760648
2 1 179.908961899607
2 8 106.861802697048
2 4 106.873530261886
20 0 179.903256158683
1 16 89.4365264508231
1 12 90.5704313240267
20 9 119.358609727719
20 5 119.729035132847
0 17 83.3494214608575
0 13 81.5927700573337
8 10 172.22296145766
9 11 169.018389396536
9 24 157.070151754502
10 23 170.170721807667
4 6 174.65337854759
5 7 170.488593163714
5 22 140.899294756474
6 21 170.591831040056
16 18 92.9566633695083
17 19 90.2985134971995
12 14 93.6237027116678
13 15 88.8251355139582
3 20 175.369778302381
2 1 179.91376841103
2 8 106.498488000974
2 4 107.461873037254
20 0 179.895765638988
1 16 89.4249030563627
1 12 90.5832389018689
20 9 119.949743743761
20 5 119.344883108587
0 17 83.3466284423793
0 13 81.5939078696195
8 10 172.038288920178
9 11 160.000560025739
9 24 149.35233214265
10 23 151.996002802638
4 6 173.287713731106
5 7 170.79807222642
5 22 138.725181885359
6 21 170.387639740312
16 18 92.9568218744325
17 19 90.3066613760113
12 14 93.6253543681244
13 15 88.8526665448383
3 20 175.175583555413
2 1 179.914997959451
2 8 106.409535993257
2 4 107.449272146568
20 0 179.898692903925
1 16 89.4224183540512
1 12 90.5813853199523
20 9 119.822464944501
20 5 119.427836937452
0 17 83.2925775598149
0 13 81.5520179376142
8 10 172.045630478806
9 11 160.613353050819
9 24 150.486865370819
10 23 153.121760633702
4 6 173.282094099075
5 7 170.938402521718
5 22 145.941924355297
6 21 170.188678448684
16 18 93.1097373562387
17 19 90.3986244528821
12 14 93.6424376918062
13 15 88.7661537545482
3 20 175.078669776309
2 1 179.910681100003
2 8 106.430090869336
2 4 107.447007162737
20 0 179.890725945034
1 16 89.4738082224196
1 12 90.5576041387633
20 9 119.871103468094
20 5 119.432594568162
0 17 83.6448531122856
0 13 81.5366117176437
8 10 172.005946084205
9 11 160.578360518583
9 24 151.012046275436
10 23 153.108692871832
4 6 173.254075527934
5 7 170.768011071724
5 22 146.285819338011
6 21 170.228153996251
16 18 92.4324570634425
17 19 90.040605115511
12 14 93.6469477218703
13 15 88.7671647528595
3 20 175.049090334225
2 1 179.909191368699
2 8 106.417819498876
2 4 107.432570976016
20 0 179.894152807886
1 16 89.5441396167896
1 12 90.5174859810265
20 9 119.75361124394
20 5 119.456216118549
0 17 83.7436783181577
0 13 81.4697182263502
8 10 172.051969602345
9 11 160.05731060448
9 24 148.813335550423
10 23 153.535891427642
4 6 173.138516915614
5 7 171.111150551884
5 22 135.227226957848
6 21 169.945281656468
16 18 92.3511373830238
17 19 89.9623313901644
12 14 93.6890211847062
13 15 88.9100257935831
3 20 174.701267265674
2 1 179.91571280106
2 8 105.851252629714
2 4 107.733575117796
20 0 179.900423882017
1 16 89.6670852918531
1 12 90.376840258713
20 9 120.098007435086
20 5 117.469831805436
0 17 83.718456982264
0 13 81.4991276104311
8 10 155.795989857043
9 11 150.475218301721
9 24 140.602195825028
10 23 153.571912371215
4 6 173.831093736128
5 7 168.680536947852
5 22 138.258523407443
6 21 170.044441813997
16 18 92.3799166396308
17 19 90.0182413525888
12 14 93.6858108452923
13 15 89.0429654587198
