               JointType               X                    Y  WidthOfDisplay  HeightOfDisplay
0 0 0 0 0 0 0 0 236.31045715332 252.910949707031 512 424
0 0 0 0 0 1 0 0 236.666162719727 188.979451904297 512 424
0 0 0 0 0 2 0 0 237.137303466797 119.362641601563 512 424
0 0 0 0 0 3 0 0 237.133925170898 86.3293835449219 512 424
0 0 0 0 0 4 0 0 202.62641418457 135.509780273438 512 424
0 0 0 0 0 5 0 0 189.308278808594 193.214195556641 512 424
0 0 0 0 0 6 0 0 181.611427307129 239.222376708984 512 424
0 0 0 0 0 7 0 0 180.006656494141 254.236954345703 512 424
0 0 0 0 0 8 0 0 265.110300292969 152.940959472656 512 424
0 0 0 0 0 9 0 0 280.592138671875 177.687202148438 512 424
0 0 0 0 0 10 0 0 279.830947265625 225.821806640625 512 424
0 0 0 0 0 11 0 0 266.02259765625 238.210737304688 512 424
0 0 0 0 0 12 0 0 226.704270629883 253.007056884766 512 424
0 0 0 0 0 13 0 0 220.897225952148 317.394797363281 512 424
0 0 0 0 0 14 0 0 227.480844726563 351.23419921875 512 424
0 0 0 0 0 15 0 0 226.922900390625 372.365859375 512 424
0 0 0 0 0 16 0 0 253.198092651367 253.233521728516 512 424
0 0 0 0 0 17 0 0 255.47609375 329.612095947266 512 424
0 0 0 0 0 18 0 0 261.766259765625 355.810283203125 512 424
0 0 0 0 0 19 0 0 261.4248046875 371.748486328125 512 424
0 0 0 0 0 20 0 0 237.189006958008 130.477341918945 512 424
0 0 0 0 0 21 0 0 179.195773925781 270.39501953125 512 424
0 0 0 0 0 22 0 0 179.410189819336 253.761622314453 512 424
0 0 0 0 0 23 0 0 277.835004272461 276.382180175781 512 424
0 0 0 0 0 24 0 0 275.493776855469 259.302615966797 512 424
0 0 0 0 0 0 0 0 236.43016418457 253.038376464844 512 424
0 0 0 0 0 1 0 0 236.878023071289 182.698436279297 512 424
0 0 0 0 0 2 0 0 237.290115966797 113.687353515625 512 424
0 0 0 0 0 3 0 0 237.094989624023 84.0079943847656 512 424
0 0 0 0 0 4 0 0 199.230217895508 141.47091796875 512 424
0 0 0 0 0 5 0 0 188.068156738281 198.068804931641 512 424
0 0 0 0 0 6 0 0 180.597125549316 244.460042724609 512 424
0 0 0 0 0 7 0 0 179.672496337891 255.342427978516 512 424
0 0 0 0 0 8 0 0 273.858581542969 142.163664550781 512 424
0 0 0 0 0 9 0 0 281.866904296875 183.697133789062 512 424
0 0 0 0 0 10 0 0 281.503125 230.836259765625 512 424
0 0 0 0 0 11 0 0 267.30251953125 241.130346679688 512 424
0 0 0 0 0 12 0 0 219.526111450195 252.880303955078 512 424
0 0 0 0 0 13 0 0 219.756625366211 324.984797363281 512 424
0 0 0 0 0 14 0 0 227.17986328125 362.418837890625 512 424
0 0 0 0 0 15 0 0 226.923881835937 372.36275390625 512 424
0 0 0 0 0 16 0 0 253.341193237305 253.212633056641 512 424
0 0 0 0 0 17 0 0 255.96974609375 329.668990478516 512 424
0 0 0 0 0 18 0 0 261.76171875 355.82859375 512 424
0 0 0 0 0 19 0 0 261.4171875 371.76732421875 512 424
0 0 0 0 0 20 0 0 237.187366333008 130.805818481445 512 424
0 0 0 0 0 21 0 0 178.660769042969 270.581259765625 512 424
0 0 0 0 0 22 0 0 179.055536499023 253.296153564453 512 424
0 0 0 0 0 23 0 0 279.040658569336 276.091818847656 512 424
0 0 0 0 0 24 0 0 276.585202636719 260.061932373047 512 424
0 0 0 0 0 0 0 0 236.652307739258 253.118078613281 512 424
0 0 0 0 0 1 0 0 236.895703735352 182.800008544922 512 424
0 0 0 0 0 2 0 0 237.035350341797 113.890139160156 512 424
0 0 0 0 0 3 0 0 237.041727905273 84.2074401855469 512 424
0 0 0 0 0 4 0 0 199.255706176758 141.47291015625 512 424
0 0 0 0 0 5 0 0 187.876613769531 197.717652587891 512 424
0 0 0 0 0 6 0 0 180.190191955566 243.894466552734 512 424
0 0 0 0 0 7 0 0 178.753057861328 254.574630126953 512 424
0 0 0 0 0 8 0 0 273.973161621094 142.177639160156 512 424
0 0 0 0 0 9 0 0 282.424833984375 177.896162109375 512 424
0 0 0 0 0 10 0 0 283.8365625 222.835751953125 512 424
0 0 0 0 0 11 0 0 280.11369140625 234.527094726562 512 424
0 0 0 0 0 12 0 0 219.691096801758 252.955538330078 512 424
0 0 0 0 0 13 0 0 221.555116577148 324.987639160156 512 424
0 0 0 0 0 14 0 0 227.20001953125 362.4092578125 512 424
0 0 0 0 0 15 0 0 226.925390625 372.372802734375 512 424
0 0 0 0 0 16 0 0 253.62305847168 253.294649658203 512 424
0 0 0 0 0 17 0 0 256.6305078125 329.707662353516 512 424
0 0 0 0 0 18 0 0 261.63744140625 356.12244140625 512 424
0 0 0 0 0 19 0 0 261.422255859375 371.749951171875 512 424
0 0 0 0 0 20 0 0 237.009739379883 130.97576965332 512 424
0 0 0 0 0 21 0 0 177.599416503906 270.40322265625 512 424
0 0 0 0 0 22 0 0 177.994301147461 254.940645751953 512 424
0 0 0 0 0 23 0 0 279.749818725586 275.920666503906 512 424
0 0 0 0 0 24 0 0 276.465261230469 259.068504638672 512 424
0 0 0 0 0 0 0 0 238.249819335938 253.501547851562 512 424
0 0 0 0 0 1 0 0 237.925396728516 183.276206054687 512 424
0 0 0 0 0 2 0 0 237.65512512207 114.602473144531 512 424
0 0 0 0 0 3 0 0 238.106585083008 85.1445458984375 512 424
0 0 0 0 0 4 0 0 200.364328613281 141.77067199707 512 424
0 0 0 0 0 5 0 0 189.295004882812 197.398893432617 512 424
0 0 0 0 0 6 0 0 181.926872558594 244.389650878906 512 424
0 0 0 0 0 7 0 0 181.306705322266 254.101109619141 512 424
0 0 0 0 0 8 0 0 275.123026123047 142.64470703125 512 424
0 0 0 0 0 9 0 0 284.557624511719 196.940473022461 512 424
0 0 0 0 0 10 0 0 286.235233154297 243.980953369141 512 424
0 0 0 0 0 11 0 0 284.122009277344 256.733841552734 512 424
0 0 0 0 0 12 0 0 221.209960327148 253.401912841797 512 424
0 0 0 0 0 13 0 0 221.913999633789 325.901776123047 512 424
0 0 0 0 0 14 0 0 227.19158203125 362.23166015625 512 424
0 0 0 0 0 15 0 0 226.85548828125 372.77138671875 512 424
0 0 0 0 0 16 0 0 255.213519287109 253.535528564453 512 424
0 0 0 0 0 17 0 0 258.249439086914 329.45466796875 512 424
0 0 0 0 0 18 0 0 258.124599609375 362.7346875 512 424
0 0 0 0 0 19 0 0 261.333427734375 371.73474609375 512 424
0 0 0 0 0 20 0 0 237.720725097656 131.614762573242 512 424
0 0 0 0 0 21 0 0 179.942974853516 270.073175048828 512 424
0 0 0 0 0 22 0 0 180.653903808594 254.506889648437 512 424
0 0 0 0 0 23 0 0 285.459293823242 274.868610839844 512 424
0 0 0 0 0 24 0 0 280.127473144531 257.36048828125 512 424
0 0 0 0 0 0 0 0 238.3044140625 253.5330859375 512 424
0 0 0 0 0 1 0 0 237.972506103516 183.293637695312 512 424
0 0 0 0 0 2 0 0 237.70504699707 114.601616210937 512 424
0 0 0 0 0 3 0 0 238.134270629883 85.1519506835938 512 424
0 0 0 0 0 4 0 0 200.363273925781 141.781599731445 512 424
0 0 0 0 0 5 0 0 189.312963867188 197.40374206543 512 424
0 0 0 0 0 6 0 0 181.936628417969 244.415622558594 512 424
0 0 0 0 0 7 0 0 181.641934814453 254.243228759766 512 424
0 0 0 0 0 8 0 0 275.133221435547 142.65291015625 512 424
0 0 0 0 0 9 0 0 284.560700683594 196.913651733398 512 424
0 0 0 0 0 10 0 0 286.371668701172 243.966334228516 512 424
0 0 0 0 0 11 0 0 284.523054199219 256.585584716797 512 424
0 0 0 0 0 12 0 0 221.286322631836 253.477835693359 512 424
0 0 0 0 0 13 0 0 221.982656860352 325.985682373047 512 424
0 0 0 0 0 14 0 0 227.2135546875 362.1408984375 512 424
0 0 0 0 0 15 0 0 226.831567382812 372.669140625 512 424
0 0 0 0 0 16 0 0 255.271849365234 253.564986572266 512 424
0 0 0 0 0 17 0 0 258.363081665039 329.28228515625 512 424
0 0 0 0 0 18 0 0 257.856240234375 363.354873046875 512 424
0 0 0 0 0 19 0 0 261.29935546875 371.9068359375 512 424
0 0 0 0 0 20 0 0 237.768669433594 131.61841003418 512 424
0 0 0 0 0 21 0 0 180.431427001953 270.459512939453 512 424
0 0 0 0 0 22 0 0 180.332927246094 256.1009765625 512 424
0 0 0 0 0 23 0 0 285.949664916992 274.828151855469 512 424
0 0 0 0 0 24 0 0 280.166350097656 257.183901367188 512 424
0 0 0 0 0 0 0 0 238.312133789063 253.53501953125 512 424
0 0 0 0 0 1 0 0 237.983126220703 183.291337890625 512 424
0 0 0 0 0 2 0 0 237.71998840332 114.592629394531 512 424
0 0 0 0 0 3 0 0 238.141712036133 85.14927734375 512 424
0 0 0 0 0 4 0 0 200.380705566406 141.788513793945 512 424
0 0 0 0 0 5 0 0 189.330263671875 197.391012573242 512 424
0 0 0 0 0 6 0 0 181.989157714844 244.416970214844 512 424
0 0 0 0 0 7 0 0 181.743975830078 254.230103759766 512 424
0 0 0 0 0 8 0 0 275.167030029297 142.656469726563 512 424
0 0 0 0 0 9 0 0 284.584958496094 196.912743530273 512 424
0 0 0 0 0 10 0 0 286.404012451172 243.968692626953 512 424
0 0 0 0 0 11 0 0 284.552497558594 256.585511474609 512 424
0 0 0 0 0 12 0 0 221.295258178711 253.478011474609 512 424
0 0 0 0 0 13 0 0 221.955776977539 326.031004638672 512 424
0 0 0 0 0 14 0 0 227.132373046875 362.127421875 512 424
0 0 0 0 0 15 0 0 227.017690429687 372.02572265625 512 424
0 0 0 0 0 16 0 0 255.278939208984 253.568282470703 512 424
0 0 0 0 0 17 0 0 258.377319946289 329.287705078125 512 424
0 0 0 0 0 18 0 0 257.884951171875 363.409599609375 512 424
0 0 0 0 0 19 0 0 261.30755859375 371.974951171875 512 424
0 0 0 0 0 20 0 0 237.782409667969 131.61143737793 512 424
0 0 0 0 0 21 0 0 180.522349853516 270.450899658203 512 424
0 0 0 0 0 22 0 0 180.671730957031 255.961948242188 512 424
0 0 0 0 0 23 0 0 285.931266479492 274.829147949219 512 424
0 0 0 0 0 24 0 0 280.248791503906 257.287978515625 512 424
0 0 0 0 0 0 0 0 238.72735534668 253.590632324219 512 424
0 0 0 0 0 1 0 0 238.324579467773 183.373638305664 512 424
0 0 0 0 0 2 0 0 237.949265136719 114.673240356445 512 424
0 0 0 0 0 3 0 0 238.405372314453 85.2258190917969 512 424
0 0 0 0 0 4 0 0 200.7738671875 142.027071533203 512 424
0 0 0 0 0 5 0 0 190.036319580078 197.498720092773 512 424
0 0 0 0 0 6 0 0 183.520090942383 244.809360351563 512 424
0 0 0 0 0 7 0 0 183.715109863281 254.319298095703 512 424
0 0 0 0 0 8 0 0 275.694515380859 142.697133178711 512 424
0 0 0 0 0 9 0 0 284.785169677734 196.797541503906 512 424
0 0 0 0 0 10 0 0 287.220093383789 243.537111816406 512 424
0 0 0 0 0 11 0 0 285.449041748047 256.687203369141 512 424
0 0 0 0 0 12 0 0 221.712877807617 253.622117919922 512 424
0 0 0 0 0 13 0 0 222.816234741211 327.691284179688 512 424
0 0 0 0 0 14 0 0 227.106430664062 362.144326171875 512 424
0 0 0 0 0 15 0 0 226.663725585937 371.81255859375 512 424
0 0 0 0 0 16 0 0 255.715421142578 253.551823730469 512 424
0 0 0 0 0 17 0 0 259.602922973633 328.586939697266 512 424
0 0 0 0 0 18 0 0 258.387421875 362.432255859375 512 424
0 0 0 0 0 19 0 0 261.3097265625 371.79779296875 512 424
0 0 0 0 0 20 0 0 238.041454467773 131.696162109375 512 424
0 0 0 0 0 21 0 0 182.732944335938 270.87140625 512 424
0 0 0 0 0 22 0 0 181.964052734375 255.635756835938 512 424
0 0 0 0 0 23 0 0 287.152045288086 275.037025146484 512 424
0 0 0 0 0 24 0 0 281.700693359375 258.131275634766 512 424
0 0 0 0 0 0 0 0 239.014905395508 253.652114257813 512 424
0 0 0 0 0 1 0 0 238.652260131836 183.438554077148 512 424
0 0 0 0 0 2 0 0 238.266923828125 114.745416259766 512 424
0 0 0 0 0 3 0 0 238.764751586914 85.4002966308594 512 424
0 0 0 0 0 4 0 0 201.140661621094 142.219145507812 512 424
0 0 0 0 0 5 0 0 190.362224121094 197.881225585938 512 424
0 0 0 0 0 6 0 0 183.548095092773 244.761203613281 512 424
0 0 0 0 0 7 0 0 183.229022827148 254.846984863281 512 424
0 0 0 0 0 8 0 0 276.042057495117 142.826011352539 512 424
0 0 0 0 0 9 0 0 285.038862304687 196.862659912109 512 424
0 0 0 0 0 10 0 0 287.657420654297 243.571060791016 512 424
0 0 0 0 0 11 0 0 286.122826538086 256.683856201172 512 424
0 0 0 0 0 12 0 0 222.002213134766 253.69251953125 512 424
0 0 0 0 0 13 0 0 223.061915283203 327.843894042969 512 424
0 0 0 0 0 14 0 0 227.09765625 362.139755859375 512 424
0 0 0 0 0 15 0 0 226.629375 371.871240234375 512 424
0 0 0 0 0 16 0 0 255.999896240234 253.602928466797 512 424
0 0 0 0 0 17 0 0 259.818869018555 329.011147460937 512 424
0 0 0 0 0 18 0 0 258.473994140625 362.153466796875 512 424
0 0 0 0 0 19 0 0 261.318251953125 371.829638671875 512 424
0 0 0 0 0 20 0 0 238.365503540039 131.768470458984 512 424
0 0 0 0 0 21 0 0 182.115753173828 271.5596484375 512 424
0 0 0 0 0 22 0 0 182.000076904297 255.189993896484 512 424
0 0 0 0 0 23 0 0 287.816333618164 275.291796875 512 424
0 0 0 0 0 24 0 0 282.252857666016 257.510516357422 512 424
0 0 0 0 0 0 0 0 238.942169189453 253.463822021484 512 424
0 0 0 0 0 1 0 0 238.526724243164 183.33910949707 512 424
0 0 0 0 0 2 0 0 238.069374389648 114.720983276367 512 424
0 0 0 0 0 3 0 0 238.755639038086 85.3924896240234 512 424
0 0 0 0 0 4 0 0 201.135599365234 142.151087646484 512 424
0 0 0 0 0 5 0 0 190.239832763672 197.819766235352 512 424
0 0 0 0 0 6 0 0 183.521767578125 244.489334716797 512 424
0 0 0 0 0 7 0 0 182.758427734375 254.477113037109 512 424
0 0 0 0 0 8 0 0 275.821782836914 142.733666381836 512 424
0 0 0 0 0 9 0 0 285.207836914063 196.754566650391 512 424
0 0 0 0 0 10 0 0 288.598012695312 243.299605712891 512 424
0 0 0 0 0 11 0 0 287.233771972656 255.890114746094 512 424
0 0 0 0 0 12 0 0 221.920811767578 253.530932617187 512 424
0 0 0 0 0 13 0 0 221.950436401367 326.548518066406 512 424
0 0 0 0 0 14 0 0 225.438090820313 361.4053125 512 424
0 0 0 0 0 15 0 0 224.71798828125 372.1944140625 512 424
0 0 0 0 0 16 0 0 255.926787109375 253.387667236328 512 424
0 0 0 0 0 17 0 0 261.649033203125 327.420234375 512 424
0 0 0 0 0 18 0 0 258.917783203125 361.7448046875 512 424
0 0 0 0 0 19 0 0 261.36603515625 372.6130078125 512 424
0 0 0 0 0 20 0 0 238.186628417969 131.726946411133 512 424
0 0 0 0 0 21 0 0 182.044147338867 271.184234619141 512 424
0 0 0 0 0 22 0 0 182.049965820313 254.128142089844 512 424
0 0 0 0 0 23 0 0 289.201192626953 274.478293457031 512 424
0 0 0 0 0 24 0 0 283.739490966797 257.228872070312 512 424
0 0 0 0 0 0 0 0 239.41161315918 253.214672851563 512 424
0 0 0 0 0 1 0 0 239.078284912109 183.271826782227 512 424
0 0 0 0 0 2 0 0 238.671681518555 114.839371948242 512 424
0 0 0 0 0 3 0 0 239.263857421875 85.5563720703125 512 424
0 0 0 0 0 4 0 0 201.818364257813 142.394688720703 512 424
0 0 0 0 0 5 0 0 190.85004699707 197.659205932617 512 424
0 0 0 0 0 6 0 0 183.839498291016 244.642952880859 512 424
0 0 0 0 0 7 0 0 183.520844116211 255.068431396484 512 424
0 0 0 0 0 8 0 0 276.177373046875 142.737620849609 512 424
0 0 0 0 0 9 0 0 285.861918945312 196.72837097168 512 424
0 0 0 0 0 10 0 0 289.756823120117 243.203145751953 512 424
0 0 0 0 0 11 0 0 288.543318481445 255.964273681641 512 424
0 0 0 0 0 12 0 0 222.459506835938 253.319350585938 512 424
0 0 0 0 0 13 0 0 222.096517944336 326.074351806641 512 424
0 0 0 0 0 14 0 0 225.11220703125 361.186669921875 512 424
0 0 0 0 0 15 0 0 224.716889648438 372.200859375 512 424
0 0 0 0 0 16 0 0 256.310146484375 253.097199707031 512 424
0 0 0 0 0 17 0 0 260.112629394531 326.903129882812 512 424
0 0 0 0 0 18 0 0 258.940986328125 361.66857421875 512 424
0 0 0 0 0 19 0 0 261.35595703125 372.597509765625 512 424
0 0 0 0 0 20 0 0 238.777442016602 131.797266845703 512 424
0 0 0 0 0 21 0 0 183.379187011719 271.687463378906 512 424
0 0 0 0 0 22 0 0 183.071431884766 255.209311523437 512 424
0 0 0 0 0 23 0 0 289.527658691406 274.644360351563 512 424
0 0 0 0 0 24 0 0 285.360025634766 257.2580859375 512 424
0 0 0 0 0 0 0 0 239.22581237793 253.194282226563 512 424
0 0 0 0 0 1 0 0 238.892381591797 183.257178344727 512 424
0 0 0 0 0 2 0 0 238.50665222168 114.828114624023 512 424
0 0 0 0 0 3 0 0 239.189326171875 85.5833471679688 512 424
0 0 0 0 0 4 0 0 201.725419921875 142.424820556641 512 424
0 0 0 0 0 5 0 0 190.435525512695 197.51610534668 512 424
0 0 0 0 0 6 0 0 183.245826416016 244.501141357422 512 424
0 0 0 0 0 7 0 0 183.021185913086 255.360565185547 512 424
0 0 0 0 0 8 0 0 275.936640625 142.717669677734 512 424
0 0 0 0 0 9 0 0 285.732514648437 196.862389526367 512 424
0 0 0 0 0 10 0 0 289.825465698242 243.330045166016 512 424
0 0 0 0 0 11 0 0 288.58758605957 255.987110595703 512 424
0 0 0 0 0 12 0 0 222.289775390625 253.2973046875 512 424
0 0 0 0 0 13 0 0 221.756659545898 326.460836181641 512 424
0 0 0 0 0 14 0 0 224.727919921875 361.817080078125 512 424
0 0 0 0 0 15 0 0 224.769580078125 371.862333984375 512 424
0 0 0 0 0 16 0 0 256.100908203125 253.078947753906 512 424
0 0 0 0 0 17 0 0 260.160383300781 327.235708007812 512 424
0 0 0 0 0 18 0 0 258.549228515625 363.264638671875 512 424
0 0 0 0 0 19 0 0 261.631494140625 373.072705078125 512 424
0 0 0 0 0 20 0 0 238.606362915039 131.785284423828 512 424
0 0 0 0 0 21 0 0 182.918142089844 271.775178222656 512 424
0 0 0 0 0 22 0 0 182.399522705078 256.157885742187 512 424
0 0 0 0 0 23 0 0 290.059016113281 274.398940429688 512 424
0 0 0 0 0 24 0 0 278.174176025391 243.72375 512 424
0 0 0 0 0 0 0 0 239.399381713867 253.14912109375 512 424
0 0 0 0 0 1 0 0 239.061116943359 183.274111938477 512 424
0 0 0 0 0 2 0 0 238.668678588867 114.887265014648 512 424
0 0 0 0 0 3 0 0 239.311669921875 85.625087890625 512 424
0 0 0 0 0 4 0 0 201.800610351563 142.431441650391 512 424
0 0 0 0 0 5 0 0 190.866936645508 197.81176940918 512 424
0 0 0 0 0 6 0 0 183.903218994141 245.011009521484 512 424
0 0 0 0 0 7 0 0 184.092250366211 255.592186279297 512 424
0 0 0 0 0 8 0 0 276.10111328125 142.725081787109 512 424
0 0 0 0 0 9 0 0 286.009868164062 196.77313659668 512 424
0 0 0 0 0 10 0 0 290.042555541992 243.189332275391 512 424
0 0 0 0 0 11 0 0 288.91582824707 255.909151611328 512 424
0 0 0 0 0 12 0 0 222.460239257813 253.260859375 512 424
0 0 0 0 0 13 0 0 221.490790405273 326.410679931641 512 424
0 0 0 0 0 14 0 0 224.727919921875 361.817080078125 512 424
0 0 0 0 0 15 0 0 224.769580078125 371.862333984375 512 424
0 0 0 0 0 16 0 0 256.274609375 253.027048339844 512 424
0 0 0 0 0 17 0 0 260.402932128906 327.064526367188 512 424
0 0 0 0 0 18 0 0 258.549228515625 363.264638671875 512 424
0 0 0 0 0 19 0 0 261.631494140625 373.072705078125 512 424
0 0 0 0 0 20 0 0 238.770132446289 131.835557861328 512 424
0 0 0 0 0 21 0 0 183.961960449219 271.705715332031 512 424
0 0 0 0 0 22 0 0 184.156866455078 255.432524414062 512 424
0 0 0 0 0 23 0 0 290.225715332031 274.202563476562 512 424
0 0 0 0 0 24 0 0 284.923150634766 256.9023046875 512 424
0 0 0 0 0 0 0 0 239.44190612793 253.071293945313 512 424
0 0 0 0 0 1 0 0 239.096595458984 183.266758422852 512 424
0 0 0 0 0 2 0 0 238.701373901367 114.976452026367 512 424
0 0 0 0 0 3 0 0 239.25404296875 85.7446411132812 512 424
0 0 0 0 0 4 0 0 201.9459375 142.566925048828 512 424
0 0 0 0 0 5 0 0 190.98035949707 197.872399291992 512 424
0 0 0 0 0 6 0 0 184.034659423828 245.145423583984 512 424
0 0 0 0 0 7 0 0 184.078114624023 255.903787841797 512 424
0 0 0 0 0 8 0 0 276.1624609375 142.869412841797 512 424
0 0 0 0 0 9 0 0 286.030903320313 196.926608276367 512 424
0 0 0 0 0 10 0 0 290.030221557617 243.195162353516 512 424
0 0 0 0 0 11 0 0 289.12166809082 256.229893798828 512 424
0 0 0 0 0 12 0 0 222.513427734375 253.225834960938 512 424
0 0 0 0 0 13 0 0 221.284672241211 326.446392822266 512 424
0 0 0 0 0 14 0 0 224.836669921875 361.2451171875 512 424
0 0 0 0 0 15 0 0 224.008095703125 372.742998046875 512 424
0 0 0 0 0 16 0 0 256.322802734375 252.909025878906 512 424
0 0 0 0 0 17 0 0 260.715148925781 326.776215820312 512 424
0 0 0 0 0 18 0 0 259.32673828125 363.183310546875 512 424
0 0 0 0 0 19 0 0 262.1487890625 372.93017578125 512 424
0 0 0 0 0 20 0 0 238.803355102539 131.896817626953 512 424
0 0 0 0 0 21 0 0 184.518952636719 272.837629394531 512 424
0 0 0 0 0 22 0 0 182.865196533203 255.669213867187 512 424
0 0 0 0 0 23 0 0 290.393469238281 274.304545898437 512 424
0 0 0 0 0 24 0 0 285.661138916016 259.0386328125 512 424
0 0 0 0 0 0 0 0 239.713768920898 253.06728515625 512 424
0 0 0 0 0 1 0 0 239.496474609375 183.254910888672 512 424
0 0 0 0 0 2 0 0 239.251596679688 114.987933959961 512 424
0 0 0 0 0 3 0 0 239.6237109375 85.8315246582031 512 424
0 0 0 0 0 4 0 0 202.150224609375 142.62389465332 512 424
0 0 0 0 0 5 0 0 191.617146606445 198.143909912109 512 424
0 0 0 0 0 6 0 0 184.789467163086 245.219390869141 512 424
0 0 0 0 0 7 0 0 184.895458374023 255.639504394531 512 424
0 0 0 0 0 8 0 0 276.514948120117 142.947783813477 512 424
0 0 0 0 0 9 0 0 286.485586547852 197.005640869141 512 424
0 0 0 0 0 10 0 0 290.606790161133 243.245161132813 512 424
0 0 0 0 0 11 0 0 289.509819946289 256.667692871094 512 424
0 0 0 0 0 12 0 0 222.798021850586 253.198253173828 512 424
0 0 0 0 0 13 0 0 221.510194702148 326.575905761719 512 424
0 0 0 0 0 14 0 0 224.5030078125 361.251181640625 512 424
0 0 0 0 0 15 0 0 223.517958984375 372.601845703125 512 424
0 0 0 0 0 16 0 0 256.590606079102 252.928397216797 512 424
0 0 0 0 0 17 0 0 260.990230712891 326.870731201172 512 424
0 0 0 0 0 18 0 0 259.419345703125 363.285263671875 512 424
0 0 0 0 0 19 0 0 262.18154296875 372.85365234375 512 424
0 0 0 0 0 20 0 0 239.314909667969 131.899165649414 512 424
0 0 0 0 0 21 0 0 184.483126831055 272.833172607422 512 424
0 0 0 0 0 22 0 0 184.178979492187 256.318201904297 512 424
0 0 0 0 0 23 0 0 290.745427856445 274.773454589844 512 424
0 0 0 0 0 24 0 0 286.238505859375 258.991137695312 512 424
0 0 0 0 0 0 0 0 239.769066772461 252.981401367187 512 424
0 0 0 0 0 1 0 0 239.498012695312 183.223211669922 512 424
0 0 0 0 0 2 0 0 239.2091015625 115.076820678711 512 424
0 0 0 0 0 3 0 0 239.6576953125 85.9235607910156 512 424
0 0 0 0 0 4 0 0 202.255883789062 142.695935668945 512 424
0 0 0 0 0 5 0 0 191.807151489258 197.957449951172 512 424
0 0 0 0 0 6 0 0 185.068388061523 245.140963134766 512 424
0 0 0 0 0 7 0 0 185.508041381836 255.439523925781 512 424
0 0 0 0 0 8 0 0 276.542838745117 142.964014282227 512 424
0 0 0 0 0 9 0 0 286.522002563477 197.102921142578 512 424
0 0 0 0 0 10 0 0 290.981848754883 243.459599609375 512 424
0 0 0 0 0 11 0 0 289.965796508789 256.847473144531 512 424
0 0 0 0 0 12 0 0 222.863178100586 253.128717041016 512 424
0 0 0 0 0 13 0 0 221.293295288086 326.619030761719 512 424
0 0 0 0 0 14 0 0 224.470180664062 361.130361328125 512 424
0 0 0 0 0 15 0 0 223.545908203125 372.598623046875 512 424
0 0 0 0 0 16 0 0 256.627813110352 252.827044677734 512 424
0 0 0 0 0 17 0 0 262.061881103516 326.615789794922 512 424
0 0 0 0 0 18 0 0 259.48095703125 363.328828125 512 424
0 0 0 0 0 19 0 0 262.197158203125 372.8640234375 512 424
0 0 0 0 0 20 0 0 239.282551269531 131.952207641602 512 424
0 0 0 0 0 21 0 0 184.596154174805 271.983299560547 512 424
0 0 0 0 0 22 0 0 185.118500976563 255.549364013672 512 424
0 0 0 0 0 23 0 0 291.149314575195 274.884313964844 512 424
0 0 0 0 0 24 0 0 286.510673828125 257.7523046875 512 424
0 0 0 0 0 0 0 0 239.845386962891 252.977899169922 512 424
0 0 0 0 0 1 0 0 239.57260925293 183.22129699707 512 424
0 0 0 0 0 2 0 0 239.27389831543 115.082753295898 512 424
0 0 0 0 0 3 0 0 239.695292358398 85.9391180419922 512 424
0 0 0 0 0 4 0 0 202.537874755859 142.63634765625 512 424
0 0 0 0 0 5 0 0 192.043721313477 197.641630249023 512 424
0 0 0 0 0 6 0 0 183.266049499512 242.725310058594 512 424
0 0 0 0 0 7 0 0 182.317426757813 252.464665527344 512 424
0 0 0 0 0 8 0 0 276.505680541992 142.92375 512 424
0 0 0 0 0 9 0 0 286.591641235352 197.134074707031 512 424
0 0 0 0 0 10 0 0 291.181807250977 243.480985107422 512 424
0 0 0 0 0 11 0 0 290.281024169922 257.159877929688 512 424
0 0 0 0 0 12 0 0 222.935836791992 253.115246582031 512 424
0 0 0 0 0 13 0 0 221.430491943359 326.643743896484 512 424
0 0 0 0 0 14 0 0 224.416625976563 361.10958984375 512 424
0 0 0 0 0 15 0 0 223.544077148438 372.587314453125 512 424
0 0 0 0 0 16 0 0 256.708919677734 252.834312744141 512 424
0 0 0 0 0 17 0 0 262.082938232422 326.62423828125 512 424
0 0 0 0 0 18 0 0 259.53333984375 363.274365234375 512 424
0 0 0 0 0 19 0 0 262.2084375 372.839677734375 512 424
0 0 0 0 0 20 0 0 239.349922485352 131.955646972656 512 424
0 0 0 0 0 21 0 0 179.941172485352 268.6636328125 512 424
0 0 0 0 0 22 0 0 181.474326171875 253.151173095703 512 424
0 0 0 0 0 23 0 0 291.426464233398 275.080258789063 512 424
0 0 0 0 0 24 0 0 286.76371887207 257.873111572266 512 424
0 0 0 0 0 0 0 0 239.617779541016 252.912156982422 512 424
0 0 0 0 0 1 0 0 239.405807495117 183.21578918457 512 424
0 0 0 0 0 2 0 0 239.16479675293 115.152955932617 512 424
0 0 0 0 0 3 0 0 239.578427124023 86.0563861083984 512 424
0 0 0 0 0 4 0 0 202.466654052734 142.694853515625 512 424
0 0 0 0 0 5 0 0 191.968926391602 197.562089233398 512 424
0 0 0 0 0 6 0 0 183.216479187012 242.642634277344 512 424
0 0 0 0 0 7 0 0 181.836401367188 252.635642089844 512 424
0 0 0 0 0 8 0 0 276.387848510742 142.9993359375 512 424
0 0 0 0 0 9 0 0 286.391924438477 197.299045410156 512 424
0 0 0 0 0 10 0 0 291.119844360352 243.579862060547 512 424
0 0 0 0 0 11 0 0 290.166795654297 258.09859375 512 424
0 0 0 0 0 12 0 0 222.715451049805 253.041755371094 512 424
0 0 0 0 0 13 0 0 221.191165771484 326.322064208984 512 424
0 0 0 0 0 14 0 0 224.33337890625 361.36494140625 512 424
0 0 0 0 0 15 0 0 223.53814453125 372.59923828125 512 424
0 0 0 0 0 16 0 0 256.470648193359 252.781519775391 512 424
0 0 0 0 0 17 0 0 261.356346435547 326.712099609375 512 424
0 0 0 0 0 18 0 0 259.535478515625 363.27380859375 512 424
0 0 0 0 0 19 0 0 262.12447265625 372.86302734375 512 424
0 0 0 0 0 20 0 0 239.226685180664 132.006066894531 512 424
0 0 0 0 0 21 0 0 179.799463500977 269.11896484375 512 424
0 0 0 0 0 22 0 0 181.270888671875 251.649986572266 512 424
0 0 0 0 0 23 0 0 291.446151733398 275.617475585937 512 424
0 0 0 0 0 24 0 0 286.87311340332 258.660230712891 512 424
0 0 0 0 0 0 0 0 239.646885986328 252.930335693359 512 424
0 0 0 0 0 1 0 0 239.434284057617 183.227947387695 512 424
0 0 0 0 0 2 0 0 239.191940307617 115.158551635742 512 424
0 0 0 0 0 3 0 0 239.615355834961 86.0511126708984 512 424
0 0 0 0 0 4 0 0 202.531722412109 142.71544921875 512 424
0 0 0 0 0 5 0 0 192.110518188477 197.617767944336 512 424
0 0 0 0 0 6 0 0 183.611283874512 242.723537597656 512 424
0 0 0 0 0 7 0 0 182.22755859375 252.652355957031 512 424
0 0 0 0 0 8 0 0 276.421012573242 143.019008789062 512 424
0 0 0 0 0 9 0 0 286.432471313477 197.334421386719 512 424
0 0 0 0 0 10 0 0 291.495957641602 244.198480224609 512 424
0 0 0 0 0 11 0 0 290.679666748047 258.30349609375 512 424
0 0 0 0 0 12 0 0 222.743825073242 253.056154785156 512 424
0 0 0 0 0 13 0 0 221.238714599609 326.453724365234 512 424
0 0 0 0 0 14 0 0 224.224453125 361.240927734375 512 424
0 0 0 0 0 15 0 0 223.508276367188 372.47818359375 512 424
0 0 0 0 0 16 0 0 256.500091552734 252.803477783203 512 424
0 0 0 0 0 17 0 0 261.389627685547 326.98119140625 512 424
0 0 0 0 0 18 0 0 259.573564453125 363.353642578125 512 424
0 0 0 0 0 19 0 0 262.14626953125 372.855966796875 512 424
0 0 0 0 0 20 0 0 239.253799438477 132.013010253906 512 424
0 0 0 0 0 21 0 0 180.101235961914 269.135517578125 512 424
0 0 0 0 0 22 0 0 181.631181640625 250.631334228516 512 424
0 0 0 0 0 23 0 0 291.834159545898 275.827475585938 512 424
0 0 0 0 0 24 0 0 287.58203918457 258.543365478516 512 424
0 0 0 0 0 0 0 0 239.208677978516 252.930936279297 512 424
0 0 0 0 0 1 0 0 239.146119995117 183.262620239258 512 424
0 0 0 0 0 2 0 0 239.016100463867 115.214669799805 512 424
0 0 0 0 0 3 0 0 239.490917358398 86.1508905029297 512 424
0 0 0 0 0 4 0 0 202.500272216797 142.701870117187 512 424
0 0 0 0 0 5 0 0 191.701563110352 197.802880249023 512 424
0 0 0 0 0 6 0 0 182.879667663574 242.465549316406 512 424
0 0 0 0 0 7 0 0 180.72580078125 252.576345214844 512 424
0 0 0 0 0 8 0 0 276.288151245117 143.168862304688 512 424
0 0 0 0 0 9 0 0 286.228799438477 197.504006347656 512 424
0 0 0 0 0 10 0 0 291.633975219727 244.778060302734 512 424
0 0 0 0 0 11 0 0 291.083524169922 258.2665234375 512 424
0 0 0 0 0 12 0 0 222.33960144043 253.022126464844 512 424
0 0 0 0 0 13 0 0 220.958665771484 326.484398193359 512 424
0 0 0 0 0 14 0 0 224.167954101562 360.60041015625 512 424
0 0 0 0 0 15 0 0 223.477265625 372.500068359375 512 424
0 0 0 0 0 16 0 0 256.016136474609 252.846895751953 512 424
0 0 0 0 0 17 0 0 260.998865966797 327.027626953125 512 424
0 0 0 0 0 18 0 0 260.101552734375 363.3365625 512 424
0 0 0 0 0 19 0 0 262.74802734375 373.097958984375 512 424
0 0 0 0 0 20 0 0 239.053423461914 132.064938964844 512 424
0 0 0 0 0 21 0 0 178.885899047852 268.993603515625 512 424
0 0 0 0 0 22 0 0 180.33435546875 251.734786376953 512 424
0 0 0 0 0 23 0 0 292.320868530273 275.845991210937 512 424
0 0 0 0 0 24 0 0 288.04908996582 259.097017822266 512 424
0 0 0 0 0 0 0 0 238.787800292969 252.899678955078 512 424
0 0 0 0 0 1 0 0 238.758526000977 183.280706787109 512 424
0 0 0 0 0 2 0 0 238.692203369141 115.284380493164 512 424
0 0 0 0 0 3 0 0 239.310148925781 86.2572821044922 512 424
0 0 0 0 0 4 0 0 202.178828125 142.622719726563 512 424
0 0 0 0 0 5 0 0 190.601388549805 197.208056030273 512 424
0 0 0 0 0 6 0 0 180.251665039062 239.994831542969 512 424
0 0 0 0 0 7 0 0 177.564577636719 248.994948120117 512 424
0 0 0 0 0 8 0 0 276.154224243164 143.242253417969 512 424
0 0 0 0 0 9 0 0 285.874985961914 197.394589233398 512 424
0 0 0 0 0 10 0 0 291.443348999023 244.321342773437 512 424
0 0 0 0 0 11 0 0 291.175971069336 258.488874511719 512 424
0 0 0 0 0 12 0 0 221.922071533203 252.955487060547 512 424
0 0 0 0 0 13 0 0 220.631380615234 326.249155273438 512 424
0 0 0 0 0 14 0 0 224.14763671875 360.616552734375 512 424
0 0 0 0 0 15 0 0 223.555913085938 372.567392578125 512 424
0 0 0 0 0 16 0 0 255.591560668945 252.849494628906 512 424
0 0 0 0 0 17 0 0 260.469508666992 327.170502929687 512 424
0 0 0 0 0 18 0 0 260.04650390625 363.352705078125 512 424
0 0 0 0 0 19 0 0 262.72611328125 373.143603515625 512 424
0 0 0 0 0 20 0 0 238.709525756836 132.119844970703 512 424
0 0 0 0 0 21 0 0 175.591064453125 264.12435546875 512 424
0 0 0 0 0 22 0 0 176.649285888672 249.265192260742 512 424
0 0 0 0 0 23 0 0 292.473837280273 276.129869384766 512 424
0 0 0 0 0 24 0 0 288.472714233398 259.087476806641 512 424
0 0 0 0 0 0 0 0 238.838498535156 252.934425048828 512 424
0 0 0 0 0 1 0 0 238.790283813477 183.325018310547 512 424
0 0 0 0 0 2 0 0 238.714542236328 115.320532836914 512 424
0 0 0 0 0 3 0 0 239.282448730469 86.2951116943359 512 424
0 0 0 0 0 4 0 0 202.23970703125 142.713422851563 512 424
0 0 0 0 0 5 0 0 190.52518737793 197.170365600586 512 424
0 0 0 0 0 6 0 0 179.589453125 239.948879394531 512 424
0 0 0 0 0 7 0 0 177.011247558594 249.33665222168 512 424
0 0 0 0 0 8 0 0 276.188941040039 143.271506347656 512 424
0 0 0 0 0 9 0 0 286.160894165039 197.534247436523 512 424
0 0 0 0 0 10 0 0 292.042850952148 244.103125 512 424
0 0 0 0 0 11 0 0 291.669711303711 258.685075683594 512 424
0 0 0 0 0 12 0 0 221.986685791016 252.976551513672 512 424
0 0 0 0 0 13 0 0 220.685902099609 326.239809570313 512 424
0 0 0 0 0 14 0 0 224.205234375 360.646875 512 424
0 0 0 0 0 15 0 0 223.514633789062 372.518583984375 512 424
0 0 0 0 0 16 0 0 255.632810668945 252.896647949219 512 424
0 0 0 0 0 17 0 0 260.472789916992 327.395590820313 512 424
0 0 0 0 0 18 0 0 260.1609375 363.245009765625 512 424
0 0 0 0 0 19 0 0 262.80533203125 373.048681640625 512 424
0 0 0 0 0 20 0 0 238.732640991211 132.159161376953 512 424
0 0 0 0 0 21 0 0 174.97298828125 263.9740625 512 424
0 0 0 0 0 22 0 0 175.887039794922 249.197501831055 512 424
0 0 0 0 0 23 0 0 293.113651733398 276.053961181641 512 424
0 0 0 0 0 24 0 0 288.123319702148 259.556431884766 512 424
0 0 0 0 0 0 0 0 238.771487426758 252.910816650391 512 424
0 0 0 0 0 1 0 0 238.713159790039 183.3073046875 512 424
0 0 0 0 0 2 0 0 238.622456054687 115.303779296875 512 424
0 0 0 0 0 3 0 0 239.20787109375 86.3118597412109 512 424
0 0 0 0 0 4 0 0 202.040188598633 142.681884765625 512 424
0 0 0 0 0 5 0 0 188.551923217773 195.946846923828 512 424
0 0 0 0 0 6 0 0 176.695415039063 233.13953125 512 424
0 0 0 0 0 7 0 0 174.492635498047 240.38754699707 512 424
0 0 0 0 0 8 0 0 275.738875732422 143.255653686523 512 424
0 0 0 0 0 9 0 0 286.057196044922 197.447951049805 512 424
0 0 0 0 0 10 0 0 292.032501220703 244.010085449219 512 424
0 0 0 0 0 11 0 0 291.670166625977 258.719976806641 512 424
0 0 0 0 0 12 0 0 221.906900024414 252.953820800781 512 424
0 0 0 0 0 13 0 0 220.523599243164 326.063134765625 512 424
0 0 0 0 0 14 0 0 224.20681640625 360.64775390625 512 424
0 0 0 0 0 15 0 0 223.525078125 372.517470703125 512 424
0 0 0 0 0 16 0 0 255.575135498047 252.872276611328 512 424
0 0 0 0 0 17 0 0 260.199307250977 327.126052246094 512 424
0 0 0 0 0 18 0 0 260.1723046875 363.25798828125 512 424
0 0 0 0 0 19 0 0 262.8065625 373.060400390625 512 424
0 0 0 0 0 20 0 0 238.644559326172 132.143064575195 512 424
0 0 0 0 0 21 0 0 172.387919616699 252.275601196289 512 424
0 0 0 0 0 22 0 0 173.342576904297 242.45762878418 512 424
0 0 0 0 0 23 0 0 293.046064453125 276.01662109375 512 424
0 0 0 0 0 24 0 0 287.997039794922 259.966508789063 512 424
0 0 0 0 0 0 0 0 238.754744262695 252.900137939453 512 424
0 0 0 0 0 1 0 0 238.688228149414 183.293930664062 512 424
0 0 0 0 0 2 0 0 238.58669921875 115.286728515625 512 424
0 0 0 0 0 3 0 0 239.237211914062 86.3438958740234 512 424
0 0 0 0 0 4 0 0 201.997678833008 142.657290039063 512 424
0 0 0 0 0 5 0 0 188.396723022461 195.838067626953 512 424
0 0 0 0 0 6 0 0 176.27419921875 232.858134765625 512 424
0 0 0 0 0 7 0 0 173.978651123047 240.204939575195 512 424
0 0 0 0 0 8 0 0 275.706033935547 143.274125366211 512 424
0 0 0 0 0 9 0 0 286.021102294922 197.559806518555 512 424
0 0 0 0 0 10 0 0 292.167677001953 244.253366699219 512 424
0 0 0 0 0 11 0 0 291.997119750977 259.003306884766 512 424
0 0 0 0 0 12 0 0 221.894390258789 252.944226074219 512 424
0 0 0 0 0 13 0 0 220.516817016602 326.157734375 512 424
0 0 0 0 0 14 0 0 224.125766601563 360.646171875 512 424
0 0 0 0 0 15 0 0 223.565625 372.452373046875 512 424
0 0 0 0 0 16 0 0 255.553016357422 252.857496337891 512 424
0 0 0 0 0 17 0 0 259.792490844727 326.959470214844 512 424
0 0 0 0 0 18 0 0 260.19697265625 363.302724609375 512 424
0 0 0 0 0 19 0 0 262.821767578125 373.076572265625 512 424
0 0 0 0 0 20 0 0 238.612069091797 132.127581176758 512 424
0 0 0 0 0 21 0 0 171.704760437012 252.269273071289 512 424
0 0 0 0 0 22 0 0 172.587230224609 242.619244995117 512 424
0 0 0 0 0 23 0 0 293.342607421875 276.028251953125 512 424
0 0 0 0 0 24 0 0 288.796375732422 259.890014648438 512 424
0 0 0 0 0 0 0 0 238.839845581055 252.890416259766 512 424
0 0 0 0 0 1 0 0 238.766947021484 183.312102050781 512 424
0 0 0 0 0 2 0 0 238.650794067383 115.313665161133 512 424
0 0 0 0 0 3 0 0 239.28494140625 86.3749725341797 512 424
0 0 0 0 0 4 0 0 202.052890014648 142.639627685547 512 424
0 0 0 0 0 5 0 0 188.191500854492 195.702142944336 512 424
0 0 0 0 0 6 0 0 176.206204223633 230.987796020508 512 424
0 0 0 0 0 7 0 0 174.191429443359 238.358863525391 512 424
0 0 0 0 0 8 0 0 275.787902832031 143.307780151367 512 424
0 0 0 0 0 9 0 0 286.223626098633 197.64874206543 512 424
0 0 0 0 0 10 0 0 292.813009643555 244.401082763672 512 424
0 0 0 0 0 11 0 0 292.862015380859 258.930832519531 512 424
0 0 0 0 0 12 0 0 221.981163330078 252.917425537109 512 424
0 0 0 0 0 13 0 0 220.479692993164 326.12462890625 512 424
0 0 0 0 0 14 0 0 224.138803710938 360.678046875 512 424
0 0 0 0 0 15 0 0 223.55337890625 372.43869140625 512 424
0 0 0 0 0 16 0 0 255.634262084961 252.863880615234 512 424
0 0 0 0 0 17 0 0 261.17969543457 327.068737792969 512 424
0 0 0 0 0 18 0 0 260.377236328125 363.27251953125 512 424
0 0 0 0 0 19 0 0 262.85337890625 373.08134765625 512 424
0 0 0 0 0 20 0 0 238.680576171875 132.154798583984 512 424
0 0 0 0 0 21 0 0 172.611103515625 249.567487182617 512 424
0 0 0 0 0 22 0 0 173.317958984375 238.519216918945 512 424
0 0 0 0 0 23 0 0 294.261567382812 275.996097412109 512 424
0 0 0 0 0 24 0 0 289.770059204102 259.553229980469 512 424
0 0 0 0 0 0 0 0 238.821681518555 252.893829345703 512 424
0 0 0 0 0 1 0 0 238.744989013672 183.320935058594 512 424
0 0 0 0 0 2 0 0 238.61694152832 115.343233032227 512 424
0 0 0 0 0 3 0 0 239.336328125 86.4404071044922 512 424
0 0 0 0 0 4 0 0 202.016503295898 142.643919677734 512 424
0 0 0 0 0 5 0 0 188.140744018555 195.640077514648 512 424
0 0 0 0 0 6 0 0 176.211814575195 230.856970825195 512 424
0 0 0 0 0 7 0 0 174.092669677734 238.383736572266 512 424
0 0 0 0 0 8 0 0 275.846584472656 143.37133972168 512 424
0 0 0 0 0 9 0 0 286.195296020508 197.835216674805 512 424
0 0 0 0 0 10 0 0 293.05819519043 244.234925537109 512 424
0 0 0 0 0 11 0 0 293.352943115234 259.169719238281 512 424
0 0 0 0 0 12 0 0 221.960098876953 252.912313232422 512 424
0 0 0 0 0 13 0 0 220.465996704102 325.138876953125 512 424
0 0 0 0 0 14 0 0 224.193793945313 360.718388671875 512 424
0 0 0 0 0 15 0 0 223.561655273438 372.527197265625 512 424
0 0 0 0 0 16 0 0 255.617767944336 252.878543701172 512 424
0 0 0 0 0 17 0 0 260.630173950195 326.073464355469 512 424
0 0 0 0 0 18 0 0 260.47212890625 363.249169921875 512 424
0 0 0 0 0 19 0 0 262.75576171875 373.059228515625 512 424
0 0 0 0 0 20 0 0 238.65013671875 132.177899169922 512 424
0 0 0 0 0 21 0 0 172.184892578125 250.232951049805 512 424
0 0 0 0 0 22 0 0 172.84314453125 238.275071411133 512 424
0 0 0 0 0 23 0 0 294.701928710938 276.254261474609 512 424
0 0 0 0 0 24 0 0 291.142295532227 260.772741699219 512 424
0 0 0 0 0 0 0 0 238.84087890625 252.90505859375 512 424
0 0 0 0 0 1 0 0 238.79750793457 183.312426757812 512 424
0 0 0 0 0 2 0 0 238.69110168457 115.33756652832 512 424
0 0 0 0 0 3 0 0 239.465858154297 86.443505859375 512 424
0 0 0 0 0 4 0 0 202.024952392578 142.622931518555 512 424
0 0 0 0 0 5 0 0 187.996039428711 195.554075927734 512 424
0 0 0 0 0 6 0 0 176.202138671875 230.574306030273 512 424
0 0 0 0 0 7 0 0 174.289257202148 238.184494628906 512 424
0 0 0 0 0 8 0 0 275.76969909668 143.419172363281 512 424
0 0 0 0 0 9 0 0 286.251107177734 198.002549438477 512 424
0 0 0 0 0 10 0 0 293.168162841797 244.308472900391 512 424
0 0 0 0 0 11 0 0 293.36789855957 259.424323730469 512 424
0 0 0 0 0 12 0 0 221.962728881836 252.921555175781 512 424
0 0 0 0 0 13 0 0 220.424973144531 324.965657958984 512 424
0 0 0 0 0 14 0 0 224.16017578125 360.685458984375 512 424
0 0 0 0 0 15 0 0 223.330620117187 372.8919140625 512 424
0 0 0 0 0 16 0 0 255.644116821289 252.893850097656 512 424
0 0 0 0 0 17 0 0 260.548939819336 326.02482421875 512 424
0 0 0 0 0 18 0 0 260.485751953125 363.267744140625 512 424
0 0 0 0 0 19 0 0 262.7581640625 373.046572265625 512 424
0 0 0 0 0 20 0 0 238.71721862793 132.171209106445 512 424
0 0 0 0 0 21 0 0 172.483391418457 249.42543762207 512 424
0 0 0 0 0 22 0 0 173.486605834961 236.916683959961 512 424
0 0 0 0 0 23 0 0 294.538206176758 276.623796386719 512 424
0 0 0 0 0 24 0 0 290.399738769531 259.650031738281 512 424
0 0 0 0 0 0 0 0 238.816353149414 252.947478027344 512 424
0 0 0 0 0 1 0 0 238.78744934082 183.332217407227 512 424
0 0 0 0 0 2 0 0 238.701492919922 115.348801879883 512 424
0 0 0 0 0 3 0 0 239.485194091797 86.4639990234375 512 424
0 0 0 0 0 4 0 0 201.995302124023 142.661676635742 512 424
0 0 0 0 0 5 0 0 187.99149810791 195.556538696289 512 424
0 0 0 0 0 6 0 0 176.146416015625 230.971627197266 512 424
0 0 0 0 0 7 0 0 174.041427001953 238.795178833008 512 424
0 0 0 0 0 8 0 0 275.751153564453 143.463878173828 512 424
0 0 0 0 0 9 0 0 286.261260986328 198.08350769043 512 424
0 0 0 0 0 10 0 0 293.183876342773 244.661677246094 512 424
0 0 0 0 0 11 0 0 293.271237792969 259.486293945313 512 424
0 0 0 0 0 12 0 0 221.933704833984 252.95208984375 512 424
0 0 0 0 0 13 0 0 220.437080688477 325.041876220703 512 424
0 0 0 0 0 14 0 0 224.1568359375 360.688505859375 512 424
0 0 0 0 0 15 0 0 223.329814453125 372.896396484375 512 424
0 0 0 0 0 16 0 0 255.625626220703 252.949346923828 512 424
0 0 0 0 0 17 0 0 260.239052124023 326.112073974609 512 424
0 0 0 0 0 18 0 0 260.486689453125 363.263701171875 512 424
0 0 0 0 0 19 0 0 262.756728515625 373.041416015625 512 424
0 0 0 0 0 20 0 0 238.720906982422 132.184111938477 512 424
0 0 0 0 0 21 0 0 171.761177368164 250.153479003906 512 424
0 0 0 0 0 22 0 0 173.311091918945 237.784030761719 512 424
0 0 0 0 0 23 0 0 294.375759887695 276.70599609375 512 424
0 0 0 0 0 24 0 0 290.516010742188 258.412844238281 512 424
0 0 0 0 0 0 0 0 238.804077758789 252.955329589844 512 424
0 0 0 0 0 1 0 0 238.774104614258 183.328423461914 512 424
0 0 0 0 0 2 0 0 238.683870849609 115.336284790039 512 424
0 0 0 0 0 3 0 0 239.485194091797 86.4572680664062 512 424
0 0 0 0 0 4 0 0 201.974984741211 142.702853393555 512 424
0 0 0 0 0 5 0 0 188.021424865723 195.533716430664 512 424
0 0 0 0 0 6 0 0 176.1560546875 230.941949462891 512 424
0 0 0 0 0 7 0 0 174.195645751953 238.883743286133 512 424
0 0 0 0 0 8 0 0 275.741983642578 143.498975830078 512 424
0 0 0 0 0 9 0 0 286.269522705078 198.138600463867 512 424
0 0 0 0 0 10 0 0 293.295936889648 244.789074707031 512 424
0 0 0 0 0 11 0 0 293.554099121094 259.798364257813 512 424
0 0 0 0 0 12 0 0 221.922601318359 252.95314453125 512 424
0 0 0 0 0 13 0 0 220.485303344727 325.664317626953 512 424
0 0 0 0 0 14 0 0 224.155444335937 360.690205078125 512 424
0 0 0 0 0 15 0 0 223.373159179687 372.682763671875 512 424
0 0 0 0 0 16 0 0 255.613878173828 252.962266845703 512 424
0 0 0 0 0 17 0 0 260.160477905273 325.583177490234 512 424
0 0 0 0 0 18 0 0 260.484052734375 363.2373046875 512 424
0 0 0 0 0 19 0 0 262.715302734375 373.009716796875 512 424
0 0 0 0 0 20 0 0 238.704354248047 132.173609008789 512 424
0 0 0 0 0 21 0 0 171.710068969727 250.420139160156 512 424
0 0 0 0 0 22 0 0 173.363943481445 238.161242675781 512 424
0 0 0 0 0 23 0 0 294.46408996582 276.863876953125 512 424
0 0 0 0 0 24 0 0 290.850610351563 257.674665527344 512 424
0 0 0 0 0 0 0 0 238.776685180664 252.982020263672 512 424
0 0 0 0 0 1 0 0 238.756151123047 183.353985595703 512 424
0 0 0 0 0 2 0 0 238.666548461914 115.351790161133 512 424
0 0 0 0 0 3 0 0 239.512495117188 86.4604541015625 512 424
0 0 0 0 0 4 0 0 201.957506103516 142.664438476563 512 424
0 0 0 0 0 5 0 0 188.147919921875 195.602663574219 512 424
0 0 0 0 0 6 0 0 175.992766723633 234.16943359375 512 424
0 0 0 0 0 7 0 0 173.444763183594 242.612462158203 512 424
0 0 0 0 0 8 0 0 275.729705810547 143.514259033203 512 424
0 0 0 0 0 9 0 0 286.273563842773 198.244668579102 512 424
0 0 0 0 0 10 0 0 293.355073852539 244.706890869141 512 424
0 0 0 0 0 11 0 0 293.524517211914 259.675958251953 512 424
0 0 0 0 0 12 0 0 221.890012207031 252.973775634766 512 424
0 0 0 0 0 13 0 0 220.468079223633 325.737222900391 512 424
0 0 0 0 0 14 0 0 224.201572265625 360.753720703125 512 424
0 0 0 0 0 15 0 0 223.380688476563 372.648515625 512 424
0 0 0 0 0 16 0 0 255.590211181641 252.993521728516 512 424
0 0 0 0 0 17 0 0 260.246427612305 325.928709716797 512 424
0 0 0 0 0 18 0 0 260.4364453125 363.269443359375 512 424
0 0 0 0 0 19 0 0 262.719873046875 373.0257421875 512 424
0 0 0 0 0 20 0 0 238.686404418945 132.192668457031 512 424
0 0 0 0 0 21 0 0 170.013201293945 254.440020751953 512 424
0 0 0 0 0 22 0 0 172.373772583008 242.625795898438 512 424
0 0 0 0 0 23 0 0 294.416285400391 276.841319580078 512 424
0 0 0 0 0 24 0 0 290.513883056641 259.245317382813 512 424
0 0 0 0 0 0 0 0 238.723394165039 253.001180419922 512 424
0 0 0 0 0 1 0 0 238.722122802734 183.368707275391 512 424
0 0 0 0 0 2 0 0 238.653628540039 115.455391235352 512 424
0 0 0 0 0 3 0 0 239.452583007813 86.53974609375 512 424
0 0 0 0 0 4 0 0 202.033516845703 142.714140625 512 424
0 0 0 0 0 5 0 0 188.14326171875 195.619846191406 512 424
0 0 0 0 0 6 0 0 176.17483215332 234.214345703125 512 424
0 0 0 0 0 7 0 0 173.645783691406 242.113492431641 512 424
0 0 0 0 0 8 0 0 275.812996826172 143.582843017578 512 424
0 0 0 0 0 9 0 0 286.224931030273 198.317236938477 512 424
0 0 0 0 0 10 0 0 293.438804321289 244.772647705078 512 424
0 0 0 0 0 11 0 0 293.625093383789 259.853731689453 512 424
0 0 0 0 0 12 0 0 221.835783691406 252.981773681641 512 424
0 0 0 0 0 13 0 0 220.479724731445 324.771832275391 512 424
0 0 0 0 0 14 0 0 224.234545898437 360.7784765625 512 424
0 0 0 0 0 15 0 0 223.341518554687 372.417919921875 512 424
0 0 0 0 0 16 0 0 255.538150634766 253.023375244141 512 424
0 0 0 0 0 17 0 0 259.114806518555 326.079881591797 512 424
0 0 0 0 0 18 0 0 260.275546875 363.471298828125 512 424
0 0 0 0 0 19 0 0 262.79513671875 373.1712890625 512 424
0 0 0 0 0 20 0 0 238.666702270508 132.263332519531 512 424
0 0 0 0 0 21 0 0 170.229939575195 254.860841064453 512 424
0 0 0 0 0 22 0 0 172.42174621582 242.57498046875 512 424
0 0 0 0 0 23 0 0 294.411187744141 277.008106689453 512 424
0 0 0 0 0 24 0 0 290.824049072266 258.092104492188 512 424
0 0 0 0 0 0 0 0 238.668680419922 253.022841796875 512 424
0 0 0 0 0 1 0 0 238.628831176758 183.3814453125 512 424
0 0 0 0 0 2 0 0 238.535221557617 115.451167602539 512 424
0 0 0 0 0 3 0 0 239.426422729492 86.5758624267578 512 424
0 0 0 0 0 4 0 0 202.114752807617 142.680449829102 512 424
0 0 0 0 0 5 0 0 188.271182250977 195.907559204102 512 424
0 0 0 0 0 6 0 0 176.091353759766 237.220122680664 512 424
0 0 0 0 0 7 0 0 173.609461669922 246.531831054688 512 424
0 0 0 0 0 8 0 0 275.891498413086 143.632940063477 512 424
0 0 0 0 0 9 0 0 286.182582397461 198.394948120117 512 424
0 0 0 0 0 10 0 0 293.326837158203 244.329099121094 512 424
0 0 0 0 0 11 0 0 293.663142700195 259.847673339844 512 424
0 0 0 0 0 12 0 0 221.778002319336 252.99654296875 512 424
0 0 0 0 0 13 0 0 220.425684204102 324.847279052734 512 424
0 0 0 0 0 14 0 0 224.219985351563 360.770009765625 512 424
0 0 0 0 0 15 0 0 223.340786132812 372.397236328125 512 424
0 0 0 0 0 16 0 0 255.478605957031 253.038045654297 512 424
0 0 0 0 0 17 0 0 259.01810546875 326.975329589844 512 424
0 0 0 0 0 18 0 0 260.274287109375 363.494033203125 512 424
0 0 0 0 0 19 0 0 262.80134765625 373.16671875 512 424
0 0 0 0 0 20 0 0 238.552439575195 132.264917602539 512 424
0 0 0 0 0 21 0 0 170.314227294922 260.265198364258 512 424
0 0 0 0 0 22 0 0 172.210109863281 246.568540039062 512 424
0 0 0 0 0 23 0 0 294.627814941406 276.893065185547 512 424
0 0 0 0 0 24 0 0 291.426134643555 258.422510986328 512 424
0 0 0 0 0 0 0 0 238.582738037109 253.078916015625 512 424
0 0 0 0 0 1 0 0 238.54649230957 183.419033203125 512 424
0 0 0 0 0 2 0 0 238.470094604492 115.463047485352 512 424
0 0 0 0 0 3 0 0 239.404904174805 86.5916168212891 512 424
0 0 0 0 0 4 0 0 202.100045776367 142.679087524414 512 424
0 0 0 0 0 5 0 0 188.243687133789 195.948355102539 512 424
0 0 0 0 0 6 0 0 176.228565673828 237.433316040039 512 424
0 0 0 0 0 7 0 0 173.696077880859 246.709267578125 512 424
0 0 0 0 0 8 0 0 275.887455444336 143.639898071289 512 424
0 0 0 0 0 9 0 0 286.128558959961 198.557516479492 512 424
0 0 0 0 0 10 0 0 293.332784423828 244.486071777344 512 424
0 0 0 0 0 11 0 0 293.62760559082 259.919860839844 512 424
0 0 0 0 0 12 0 0 221.672797241211 253.054345703125 512 424
0 0 0 0 0 13 0 0 220.358696899414 325.412532958984 512 424
0 0 0 0 0 14 0 0 224.179013671875 360.760224609375 512 424
0 0 0 0 0 15 0 0 223.321010742187 372.3692578125 512 424
0 0 0 0 0 16 0 0 255.407648925781 253.090457763672 512 424
0 0 0 0 0 17 0 0 259.022939453125 326.900300292969 512 424
0 0 0 0 0 18 0 0 260.12900390625 363.545185546875 512 424
0 0 0 0 0 19 0 0 262.82654296875 373.1940234375 512 424
0 0 0 0 0 20 0 0 238.48209777832 132.283242797852 512 424
0 0 0 0 0 21 0 0 170.226248779297 260.577854614258 512 424
0 0 0 0 0 22 0 0 173.312624511719 244.82134765625 512 424
0 0 0 0 0 23 0 0 294.583078613281 277.027947998047 512 424
0 0 0 0 0 24 0 0 290.98272644043 259.004932861328 512 424
0 0 0 0 0 0 0 0 238.403968505859 253.225693359375 512 424
0 0 0 0 0 1 0 0 238.38330871582 183.511201171875 512 424
0 0 0 0 0 2 0 0 238.34014831543 115.464805297852 512 424
0 0 0 0 0 3 0 0 239.370084838867 86.5736944580078 512 424
0 0 0 0 0 4 0 0 202.078073120117 142.676875610352 512 424
0 0 0 0 0 5 0 0 188.040029907227 196.030752563477 512 424
0 0 0 0 0 6 0 0 176.311461181641 238.007490844727 512 424
0 0 0 0 0 7 0 0 173.863026123047 247.11927734375 512 424
0 0 0 0 0 8 0 0 275.900844116211 143.706768188477 512 424
0 0 0 0 0 9 0 0 286.039057006836 198.722955932617 512 424
0 0 0 0 0 10 0 0 293.386339111328 244.521022949219 512 424
0 0 0 0 0 11 0 0 293.673279418945 260.081579589844 512 424
0 0 0 0 0 12 0 0 221.480199584961 253.216577148437 512 424
0 0 0 0 0 13 0 0 220.242798461914 326.025599365234 512 424
0 0 0 0 0 14 0 0 224.02974609375 360.84638671875 512 424
0 0 0 0 0 15 0 0 223.316997070313 372.37318359375 512 424
0 0 0 0 0 16 0 0 255.238488769531 253.218514404297 512 424
0 0 0 0 0 17 0 0 258.668330078125 327.514772949219 512 424
0 0 0 0 0 18 0 0 259.65205078125 364.335498046875 512 424
0 0 0 0 0 19 0 0 262.78857421875 373.123359375 512 424
0 0 0 0 0 20 0 0 238.342512817383 132.311631469727 512 424
0 0 0 0 0 21 0 0 169.966092529297 260.834934692383 512 424
0 0 0 0 0 22 0 0 172.927766113281 245.989370117187 512 424
0 0 0 0 0 23 0 0 294.610734863281 277.337850341797 512 424
0 0 0 0 0 24 0 0 290.84544128418 259.453907470703 512 424
0 0 0 0 0 0 0 0 238.407806396484 253.224697265625 512 424
0 0 0 0 0 1 0 0 238.392581176758 183.512724609375 512 424
0 0 0 0 0 2 0 0 238.360729370117 115.47483215332 512 424
0 0 0 0 0 3 0 0 239.365880737305 86.5780596923828 512 424
0 0 0 0 0 4 0 0 202.088810424805 142.692857055664 512 424
0 0 0 0 0 5 0 0 188.090728149414 196.079443969727 512 424
0 0 0 0 0 6 0 0 176.349298095703 238.019663696289 512 424
0 0 0 0 0 7 0 0 173.810452880859 247.147094726563 512 424
0 0 0 0 0 8 0 0 275.919711303711 143.721665649414 512 424
0 0 0 0 0 9 0 0 286.050922241211 198.757086791992 512 424
0 0 0 0 0 10 0 0 293.466876220703 244.638342285156 512 424
0 0 0 0 0 11 0 0 293.77825012207 260.128601074219 512 424
0 0 0 0 0 12 0 0 221.483920288086 253.215668945313 512 424
0 0 0 0 0 13 0 0 220.325298461914 326.167601318359 512 424
0 0 0 0 0 14 0 0 224.020239257813 360.861884765625 512 424
0 0 0 0 0 15 0 0 223.324189453125 372.394306640625 512 424
0 0 0 0 0 16 0 0 255.243381347656 253.218792724609 512 424
0 0 0 0 0 17 0 0 258.6867578125 327.533991699219 512 424
0 0 0 0 0 18 0 0 259.650703125 364.40455078125 512 424
0 0 0 0 0 19 0 0 262.714716796875 373.1527734375 512 424
0 0 0 0 0 20 0 0 238.360061645508 132.318984985352 512 424
0 0 0 0 0 21 0 0 169.868797607422 260.657835083008 512 424
0 0 0 0 0 22 0 0 172.786086425781 246.666215820312 512 424
0 0 0 0 0 23 0 0 294.677297363281 277.322498779297 512 424
0 0 0 0 0 24 0 0 290.93637878418 259.019024658203 512 424
0 0 0 0 0 0 0 0 238.391824951172 253.250830078125 512 424
0 0 0 0 0 1 0 0 238.384861450195 183.543237304687 512 424
0 0 0 0 0 2 0 0 238.368375854492 115.508069458008 512 424
0 0 0 0 0 3 0 0 239.380397338867 86.6204742431641 512 424
0 0 0 0 0 4 0 0 202.121403198242 142.695669555664 512 424
0 0 0 0 0 5 0 0 188.096719360352 196.112710571289 512 424
0 0 0 0 0 6 0 0 176.310333251953 237.983086547852 512 424
0 0 0 0 0 7 0 0 173.634334716797 247.12068359375 512 424
0 0 0 0 0 8 0 0 275.953051147461 143.774531860352 512 424
0 0 0 0 0 9 0 0 286.079750366211 198.812369995117 512 424
0 0 0 0 0 10 0 0 293.733975830078 245.374777832031 512 424
0 0 0 0 0 11 0 0 293.81832824707 260.284284667969 512 424
0 0 0 0 0 12 0 0 221.461683959961 253.224794921875 512 424
0 0 0 0 0 13 0 0 220.284722290039 326.047835693359 512 424
0 0 0 0 0 14 0 0 224.166123046875 360.899736328125 512 424
0 0 0 0 0 15 0 0 223.52677734375 372.35244140625 512 424
0 0 0 0 0 16 0 0 255.231164550781 253.271043701172 512 424
0 0 0 0 0 17 0 0 258.741806640625 327.621384277344 512 424
0 0 0 0 0 18 0 0 259.613291015625 364.45921875 512 424
0 0 0 0 0 19 0 0 262.711728515625 373.165693359375 512 424
0 0 0 0 0 20 0 0 238.363694458008 132.352251586914 512 424
0 0 0 0 0 21 0 0 169.865999755859 260.944915161133 512 424
0 0 0 0 0 22 0 0 172.790261230469 247.756997070313 512 424
0 0 0 0 0 23 0 0 294.698098144531 277.297977294922 512 424
0 0 0 0 0 24 0 0 291.19717956543 259.485841064453 512 424
0 0 0 0 0 0 0 0 238.393884277344 253.257474365234 512 424
0 0 0 0 0 1 0 0 238.388036499023 183.544886474609 512 424
0 0 0 0 0 2 0 0 238.366289672852 115.511357421875 512 424
0 0 0 0 0 3 0 0 239.395075073242 86.6268054199219 512 424
0 0 0 0 0 4 0 0 202.132640991211 142.70951171875 512 424
0 0 0 0 0 5 0 0 188.87803894043 197.031095581055 512 424
0 0 0 0 0 6 0 0 178.394518432617 241.35142578125 512 424
0 0 0 0 0 7 0 0 175.368179626465 252.401666259766 512 424
0 0 0 0 0 8 0 0 275.982965087891 143.809319458008 512 424
0 0 0 0 0 9 0 0 286.076004638672 198.813338623047 512 424
0 0 0 0 0 10 0 0 293.725757446289 245.679475097656 512 424
0 0 0 0 0 11 0 0 293.89430480957 260.388493652344 512 424
0 0 0 0 0 12 0 0 221.463784179688 253.233623046875 512 424
0 0 0 0 0 13 0 0 220.259380493164 326.026693115234 512 424
0 0 0 0 0 14 0 0 224.152221679688 360.90158203125 512 424
0 0 0 0 0 15 0 0 223.549731445312 372.35759765625 512 424
0 0 0 0 0 16 0 0 255.233575439453 253.277457275391 512 424
0 0 0 0 0 17 0 0 258.721897583008 327.726378173828 512 424
0 0 0 0 0 18 0 0 259.540400390625 364.477060546875 512 424
0 0 0 0 0 19 0 0 262.749052734375 373.13806640625 512 424
0 0 0 0 0 20 0 0 238.365123901367 132.354448242187 512 424
0 0 0 0 0 21 0 0 171.504494628906 269.056829833984 512 424
0 0 0 0 0 22 0 0 172.475337524414 253.26388671875 512 424
0 0 0 0 0 23 0 0 294.934996337891 277.255899658203 512 424
0 0 0 0 0 24 0 0 291.050615844727 259.02912109375 512 424
0 0 0 0 0 0 0 0 238.399560546875 253.27181640625 512 424
0 0 0 0 0 1 0 0 238.409698486328 183.568563842773 512 424
0 0 0 0 0 2 0 0 238.396796264648 115.551777954102 512 424
0 0 0 0 0 3 0 0 239.420899047852 86.6633471679688 512 424
0 0 0 0 0 4 0 0 202.23526550293 142.716361083984 512 424
0 0 0 0 0 5 0 0 188.988345947266 197.2058984375 512 424
0 0 0 0 0 6 0 0 178.728962402344 243.220555419922 512 424
0 0 0 0 0 7 0 0 176.402106628418 254.030524902344 512 424
0 0 0 0 0 8 0 0 276.051259765625 143.865680541992 512 424
0 0 0 0 0 9 0 0 286.081943969727 198.862188110352 512 424
0 0 0 0 0 10 0 0 293.498161621094 244.849747314453 512 424
0 0 0 0 0 11 0 0 294.016027832031 260.284338378906 512 424
0 0 0 0 0 12 0 0 221.47766418457 253.250406494141 512 424
0 0 0 0 0 13 0 0 220.275893554688 326.0808203125 512 424
0 0 0 0 0 14 0 0 224.145571289063 360.911220703125 512 424
0 0 0 0 0 15 0 0 223.486889648438 372.4490625 512 424
0 0 0 0 0 16 0 0 255.232399902344 253.288891601563 512 424
0 0 0 0 0 17 0 0 258.713813476563 327.759483642578 512 424
0 0 0 0 0 18 0 0 259.500380859375 364.417646484375 512 424
0 0 0 0 0 19 0 0 262.710498046875 373.111318359375 512 424
0 0 0 0 0 20 0 0 238.394797973633 132.389196166992 512 424
0 0 0 0 0 21 0 0 173.19181640625 271.479624023438 512 424
0 0 0 0 0 22 0 0 173.446287231445 255.906218261719 512 424
0 0 0 0 0 23 0 0 295.196819458008 277.134287109375 512 424
0 0 0 0 0 24 0 0 291.213518066406 260.267613525391 512 424
0 0 0 0 0 0 0 0 238.387266235352 253.274974365234 512 424
0 0 0 0 0 1 0 0 238.400465698242 183.571679077148 512 424
0 0 0 0 0 2 0 0 238.38836730957 115.558002319336 512 424
0 0 0 0 0 3 0 0 239.412420654297 86.6687280273437 512 424
0 0 0 0 0 4 0 0 202.248569946289 142.7249609375 512 424
0 0 0 0 0 5 0 0 189.054412231445 197.420784301758 512 424
0 0 0 0 0 6 0 0 178.883655395508 243.67607421875 512 424
0 0 0 0 0 7 0 0 177.571964111328 254.579396972656 512 424
0 0 0 0 0 8 0 0 276.00306640625 143.858388671875 512 424
0 0 0 0 0 9 0 0 286.074119262695 198.866107177734 512 424
0 0 0 0 0 10 0 0 293.460349731445 245.176389160156 512 424
0 0 0 0 0 11 0 0 294.005689697266 260.130841064453 512 424
0 0 0 0 0 12 0 0 221.463427734375 253.249210205078 512 424
0 0 0 0 0 13 0 0 220.27697265625 326.100915527344 512 424
0 0 0 0 0 14 0 0 224.142495117188 360.914208984375 512 424
0 0 0 0 0 15 0 0 223.485541992188 372.45298828125 512 424
0 0 0 0 0 16 0 0 255.222288818359 253.298238525391 512 424
0 0 0 0 0 17 0 0 258.70571105957 327.758168945312 512 424
0 0 0 0 0 18 0 0 259.504072265625 364.426494140625 512 424
0 0 0 0 0 19 0 0 262.721982421875 373.121572265625 512 424
0 0 0 0 0 20 0 0 238.386950073242 132.39438659668 512 424
0 0 0 0 0 21 0 0 175.688605041504 272.046336669922 512 424
0 0 0 0 0 22 0 0 174.234616699219 255.015690917969 512 424
0 0 0 0 0 23 0 0 295.279438476563 277.1591015625 512 424
0 0 0 0 0 24 0 0 291.133077392578 260.225206298828 512 424
0 0 0 0 0 0 0 0 238.386095581055 253.291301269531 512 424
0 0 0 0 0 1 0 0 238.403286743164 183.590897216797 512 424
0 0 0 0 0 2 0 0 238.391871948242 115.582069091797 512 424
0 0 0 0 0 3 0 0 239.429086914063 86.6920355224609 512 424
0 0 0 0 0 4 0 0 202.285742797852 142.735724487305 512 424
0 0 0 0 0 5 0 0 189.098873901367 197.652017822266 512 424
0 0 0 0 0 6 0 0 178.974560241699 243.770789794922 512 424
0 0 0 0 0 7 0 0 177.960838928223 254.688560791016 512 424
0 0 0 0 0 8 0 0 276.06153503418 143.910883789062 512 424
0 0 0 0 0 9 0 0 286.075961914062 198.923885498047 512 424
0 0 0 0 0 10 0 0 293.443686523438 244.920510253906 512 424
0 0 0 0 0 11 0 0 293.961138305664 260.260377197266 512 424
0 0 0 0 0 12 0 0 221.457903442383 253.257390136719 512 424
0 0 0 0 0 13 0 0 220.308134765625 326.081907958984 512 424
0 0 0 0 0 14 0 0 224.15560546875 360.93046875 512 424
0 0 0 0 0 15 0 0 223.41861328125 372.608056640625 512 424
0 0 0 0 0 16 0 0 255.22379699707 253.326999511719 512 424
0 0 0 0 0 17 0 0 258.703812866211 327.740531005859 512 424
0 0 0 0 0 18 0 0 259.491650390625 364.4047265625 512 424
0 0 0 0 0 19 0 0 262.72013671875 373.0803515625 512 424
0 0 0 0 0 20 0 0 238.391121826172 132.417292480469 512 424
0 0 0 0 0 21 0 0 175.969836425781 272.334061279297 512 424
0 0 0 0 0 22 0 0 173.736039123535 255.041009521484 512 424
0 0 0 0 0 23 0 0 294.984831542969 277.231361083984 512 424
0 0 0 0 0 24 0 0 291.483280639648 262.109216308594 512 424
0 0 0 0 0 0 0 0 238.38999206543 253.295505371094 512 424
0 0 0 0 0 1 0 0 238.409702758789 183.592860107422 512 424
0 0 0 0 0 2 0 0 238.405084838867 115.589290771484 512 424
0 0 0 0 0 3 0 0 239.4499609375 86.7283343505859 512 424
0 0 0 0 0 4 0 0 202.284439086914 142.746256713867 512 424
0 0 0 0 0 5 0 0 189.10653503418 197.646495361328 512 424
0 0 0 0 0 6 0 0 178.984770202637 243.761619873047 512 424
0 0 0 0 0 7 0 0 177.801156311035 254.680738525391 512 424
0 0 0 0 0 8 0 0 276.147521362305 143.913564453125 512 424
0 0 0 0 0 9 0 0 286.065590820312 198.952640380859 512 424
0 0 0 0 0 10 0 0 293.557387695313 245.183435058594 512 424
0 0 0 0 0 11 0 0 293.932632446289 260.340064697266 512 424
0 0 0 0 0 12 0 0 221.464758911133 253.261579589844 512 424
0 0 0 0 0 13 0 0 220.340859375 326.270111083984 512 424
0 0 0 0 0 14 0 0 224.135595703125 360.925810546875 512 424
0 0 0 0 0 15 0 0 223.427446289062 372.556142578125 512 424
0 0 0 0 0 16 0 0 255.224822387695 253.331057128906 512 424
0 0 0 0 0 17 0 0 258.716381225586 327.741527099609 512 424
0 0 0 0 0 18 0 0 259.546962890625 364.253701171875 512 424
0 0 0 0 0 19 0 0 262.770673828125 372.99158203125 512 424
0 0 0 0 0 20 0 0 238.402664794922 132.422565917969 512 424
0 0 0 0 0 21 0 0 176.186398925781 272.319354248047 512 424
0 0 0 0 0 22 0 0 173.60470123291 255.052347412109 512 424
0 0 0 0 0 23 0 0 294.856423339844 277.338089599609 512 424
0 0 0 0 0 24 0 0 292.787313842773 264.201833496094 512 424
0 0 0 0 0 0 0 0 238.866461791992 253.964733886719 512 424
0 0 0 0 0 1 0 0 238.961553344727 183.789119873047 512 424
0 0 0 0 0 2 0 0 239.029122924805 115.169876708984 512 424
0 0 0 0 0 3 0 0 240.57923828125 86.1715692138672 512 424
0 0 0 0 0 4 0 0 202.520571899414 142.621159057617 512 424
0 0 0 0 0 5 0 0 189.305299682617 198.213756103516 512 424
0 0 0 0 0 6 0 0 179.522807312012 244.644378662109 512 424
0 0 0 0 0 7 0 0 178.448558654785 255.641295166016 512 424
0 0 0 0 0 8 0 0 277.070255737305 143.803715820313 512 424
0 0 0 0 0 9 0 0 287.044780273437 199.658343505859 512 424
0 0 0 0 0 10 0 0 294.559311523437 246.018352050781 512 424
0 0 0 0 0 11 0 0 295.273198852539 261.641636962891 512 424
0 0 0 0 0 12 0 0 221.819763793945 253.995070800781 512 424
0 0 0 0 0 13 0 0 220.484370117187 326.420345458984 512 424
0 0 0 0 0 14 0 0 224.239145507813 361.08615234375 512 424
0 0 0 0 0 15 0 0 223.386181640625 372.558984375 512 424
0 0 0 0 0 16 0 0 255.814041137695 253.940036621094 512 424
0 0 0 0 0 17 0 0 261.013139038086 327.413724365234 512 424
0 0 0 0 0 18 0 0 263.296201171875 357.88001953125 512 424
0 0 0 0 0 19 0 0 262.771640625 372.997998046875 512 424
0 0 0 0 0 20 0 0 239.009139404297 132.170568847656 512 424
0 0 0 0 0 21 0 0 177.196657714844 273.556502685547 512 424
0 0 0 0 0 22 0 0 174.428749084473 255.401448974609 512 424
0 0 0 0 0 23 0 0 296.123806152344 278.494027099609 512 424
0 0 0 0 0 24 0 0 294.338495483398 265.202028808594 512 424
0 0 0 0 0 0 0 0 239.015139160156 254.179073486328 512 424
0 0 0 0 0 1 0 0 239.211189575195 183.920772094727 512 424
0 0 0 0 0 2 0 0 239.381171264648 115.198079833984 512 424
0 0 0 0 0 3 0 0 240.841628417969 86.1870172119141 512 424
0 0 0 0 0 4 0 0 202.61954284668 142.675443115234 512 424
0 0 0 0 0 5 0 0 189.481330566406 198.432383422852 512 424
0 0 0 0 0 6 0 0 179.904915771484 244.796346435547 512 424
0 0 0 0 0 7 0 0 178.925217590332 255.892119140625 512 424
0 0 0 0 0 8 0 0 277.233356933594 143.893767089844 512 424
0 0 0 0 0 9 0 0 287.397401123047 199.880433349609 512 424
0 0 0 0 0 10 0 0 294.922227783203 246.101607666016 512 424
0 0 0 0 0 11 0 0 295.700473632812 261.527520751953 512 424
0 0 0 0 0 12 0 0 221.947057495117 254.198359375 512 424
0 0 0 0 0 13 0 0 220.615154418945 326.524116210938 512 424
0 0 0 0 0 14 0 0 224.349814453125 361.188720703125 512 424
0 0 0 0 0 15 0 0 223.541030273438 372.588427734375 512 424
0 0 0 0 0 16 0 0 255.981833496094 254.155270996094 512 424
0 0 0 0 0 17 0 0 260.926545410156 327.896193847656 512 424
0 0 0 0 0 18 0 0 263.325908203125 357.860947265625 512 424
0 0 0 0 0 19 0 0 262.790068359375 372.997060546875 512 424
0 0 0 0 0 20 0 0 239.334243774414 132.226620483398 512 424
0 0 0 0 0 21 0 0 177.614945678711 273.792218017578 512 424
0 0 0 0 0 22 0 0 175.32670715332 255.36037109375 512 424
0 0 0 0 0 23 0 0 296.84892578125 278.371968994141 512 424
0 0 0 0 0 24 0 0 294.479723510742 262.315954589844 512 424
0 0 0 0 0 0 0 0 239.477917480469 254.741019287109 512 424
0 0 0 0 0 1 0 0 239.748435058594 184.130205688477 512 424
0 0 0 0 0 2 0 0 239.982208251953 115.047826538086 512 424
0 0 0 0 0 3 0 0 241.719275512695 86.0115380859375 512 424
0 0 0 0 0 4 0 0 203.043441772461 142.719007568359 512 424
0 0 0 0 0 5 0 0 189.904417114258 198.735759887695 512 424
0 0 0 0 0 6 0 0 180.775342102051 245.594216308594 512 424
0 0 0 0 0 7 0 0 179.776192626953 256.481883544922 512 424
0 0 0 0 0 8 0 0 277.966848144531 143.910775146484 512 424
0 0 0 0 0 9 0 0 288.442183837891 200.147113037109 512 424
0 0 0 0 0 10 0 0 296.312727050781 246.435187988281 512 424
0 0 0 0 0 11 0 0 297.159491577148 261.906497802734 512 424
0 0 0 0 0 12 0 0 222.343205566406 254.753023681641 512 424
0 0 0 0 0 13 0 0 221.034221191406 326.807662353516 512 424
0 0 0 0 0 14 0 0 224.55111328125 361.220068359375 512 424
0 0 0 0 0 15 0 0 223.542319335937 372.587958984375 512 424
0 0 0 0 0 16 0 0 256.511321411133 254.724957275391 512 424
0 0 0 0 0 17 0 0 262.058521728516 328.870257568359 512 424
0 0 0 0 0 18 0 0 263.3319140625 357.86794921875 512 424
0 0 0 0 0 19 0 0 262.790390625 373.006171875 512 424
0 0 0 0 0 20 0 0 239.92055847168 132.167565917969 512 424
0 0 0 0 0 21 0 0 178.195359191895 274.445062255859 512 424
0 0 0 0 0 22 0 0 175.871648864746 256.12509765625 512 424
0 0 0 0 0 23 0 0 298.429437866211 278.624400634766 512 424
0 0 0 0 0 24 0 0 295.445023193359 263.560411376953 512 424
0 0 0 0 0 0 0 0 240.521530761719 255.636580810547 512 424
0 0 0 0 0 1 0 0 241.091784667969 184.420991821289 512 424
0 0 0 0 0 2 0 0 241.626363525391 114.734144897461 512 424
0 0 0 0 0 3 0 0 243.478479614258 85.4720068359375 512 424
0 0 0 0 0 4 0 0 204.193739624023 142.691981201172 512 424
0 0 0 0 0 5 0 0 190.71463684082 198.768381958008 512 424
0 0 0 0 0 6 0 0 181.929199523926 246.166955566406 512 424
0 0 0 0 0 7 0 0 181.084854736328 257.729871826172 512 424
0 0 0 0 0 8 0 0 279.742590332031 143.842586669922 512 424
0 0 0 0 0 9 0 0 290.563043212891 200.253314208984 512 424
0 0 0 0 0 10 0 0 299.168762207031 246.653361816406 512 424
0 0 0 0 0 11 0 0 300.610546264648 262.452269287109 512 424
0 0 0 0 0 12 0 0 223.236848144531 255.609722900391 512 424
0 0 0 0 0 13 0 0 221.745637207031 327.142027587891 512 424
0 0 0 0 0 14 0 0 225.009404296875 361.548076171875 512 424
0 0 0 0 0 15 0 0 223.591083984375 372.77244140625 512 424
0 0 0 0 0 16 0 0 257.701272583008 255.665020751953 512 424
0 0 0 0 0 17 0 0 263.495738525391 330.571146240234 512 424
0 0 0 0 0 18 0 0 263.3220703125 357.858017578125 512 424
0 0 0 0 0 19 0 0 262.70537109375 372.99955078125 512 424
0 0 0 0 0 20 0 0 241.488512573242 132.007077636719 512 424
0 0 0 0 0 21 0 0 180.429934387207 275.670814208984 512 424
0 0 0 0 0 22 0 0 177.876873474121 258.009326171875 512 424
0 0 0 0 0 23 0 0 302.063480834961 279.187955322266 512 424
0 0 0 0 0 24 0 0 299.343470458984 263.728311767578 512 424
0 0 0 0 0 0 0 0 240.514503173828 255.649426269531 512 424
0 0 0 0 0 1 0 0 241.089309082031 184.427901000977 512 424
0 0 0 0 0 2 0 0 241.623221435547 114.739639282227 512 424
0 0 0 0 0 3 0 0 243.497825317383 85.4752001953125 512 424
0 0 0 0 0 4 0 0 204.169166870117 142.695087890625 512 424
0 0 0 0 0 5 0 0 190.722702026367 198.791959228516 512 424
0 0 0 0 0 6 0 0 181.911916809082 246.198293457031 512 424
0 0 0 0 0 7 0 0 180.824093017578 257.764997558594 512 424
0 0 0 0 0 8 0 0 279.788189697266 143.859064331055 512 424
0 0 0 0 0 9 0 0 290.525583496094 200.269468383789 512 424
0 0 0 0 0 10 0 0 299.186271362305 246.653043212891 512 424
0 0 0 0 0 11 0 0 300.587994995117 262.536314697266 512 424
0 0 0 0 0 12 0 0 223.228551635742 255.618033447266 512 424
0 0 0 0 0 13 0 0 221.815825805664 327.200759277344 512 424
0 0 0 0 0 14 0 0 225.008481445312 361.547841796875 512 424
0 0 0 0 0 15 0 0 223.738959960938 372.68291015625 512 424
0 0 0 0 0 16 0 0 257.692401123047 255.682182617187 512 424
0 0 0 0 0 17 0 0 263.485753173828 330.564876708984 512 424
0 0 0 0 0 18 0 0 263.332060546875 357.808095703125 512 424
0 0 0 0 0 19 0 0 262.713955078125 372.994013671875 512 424
0 0 0 0 0 20 0 0 241.485762939453 132.012412719727 512 424
0 0 0 0 0 21 0 0 180.24216003418 275.680001220703 512 424
0 0 0 0 0 22 0 0 177.170036621094 258.715089111328 512 424
0 0 0 0 0 23 0 0 301.973823852539 279.379235839844 512 424
0 0 0 0 0 24 0 0 298.609787597656 263.909240722656 512 424
0 0 0 0 0 0 0 0 240.498287353516 255.661892089844 512 424
0 0 0 0 0 1 0 0 241.086555175781 184.428735961914 512 424
0 0 0 0 0 2 0 0 241.631424560547 114.728169555664 512 424
0 0 0 0 0 3 0 0 243.514143676758 85.4867651367187 512 424
0 0 0 0 0 4 0 0 204.145348510742 142.702045898437 512 424
0 0 0 0 0 5 0 0 190.740924682617 198.827540283203 512 424
0 0 0 0 0 6 0 0 181.947292785645 246.242751464844 512 424
0 0 0 0 0 7 0 0 180.813458251953 257.754597167969 512 424
0 0 0 0 0 8 0 0 279.765894775391 143.865626831055 512 424
0 0 0 0 0 9 0 0 290.514685058594 200.312095336914 512 424
0 0 0 0 0 10 0 0 299.22784362793 246.676773681641 512 424
0 0 0 0 0 11 0 0 300.755953979492 262.587408447266 512 424
0 0 0 0 0 12 0 0 223.21016784668 255.624288330078 512 424
0 0 0 0 0 13 0 0 221.828731079102 327.227595214844 512 424
0 0 0 0 0 14 0 0 225.001083984375 361.565419921875 512 424
0 0 0 0 0 15 0 0 223.80498046875 372.789990234375 512 424
0 0 0 0 0 16 0 0 257.681473388672 255.706850585938 512 424
0 0 0 0 0 17 0 0 263.429093017578 330.630032958984 512 424
0 0 0 0 0 18 0 0 263.292744140625 358.006142578125 512 424
0 0 0 0 0 19 0 0 262.698427734375 373.04888671875 512 424
0 0 0 0 0 20 0 0 241.491739501953 132.005161743164 512 424
0 0 0 0 0 21 0 0 180.183551635742 275.578487548828 512 424
0 0 0 0 0 22 0 0 177.008815917969 259.480938720703 512 424
0 0 0 0 0 23 0 0 302.096724243164 279.404519042969 512 424
0 0 0 0 0 24 0 0 299.095559082031 264.456096191406 512 424
0 0 0 0 0 0 0 0 241.771823120117 256.211815185547 512 424
0 0 0 0 0 1 0 0 242.479365844727 184.361506347656 512 424
0 0 0 0 0 2 0 0 243.146850585938 114.024035644531 512 424
0 0 0 0 0 3 0 0 245.046466674805 84.8005541992188 512 424
0 0 0 0 0 4 0 0 205.5342578125 142.495505981445 512 424
0 0 0 0 0 5 0 0 191.571102294922 199.238914794922 512 424
0 0 0 0 0 6 0 0 183.011258850098 247.081754150391 512 424
0 0 0 0 0 7 0 0 182.213573608398 258.351942138672 512 424
0 0 0 0 0 8 0 0 281.402373046875 143.583892211914 512 424
0 0 0 0 0 9 0 0 292.424501342773 200.276416625977 512 424
0 0 0 0 0 10 0 0 301.860257568359 246.543674316406 512 424
0 0 0 0 0 11 0 0 303.791341552734 262.033410644531 512 424
0 0 0 0 0 12 0 0 224.363450927734 256.168962402344 512 424
0 0 0 0 0 13 0 0 222.681381835937 328.461107177734 512 424
0 0 0 0 0 14 0 0 226.784692382812 355.13765625 512 424
0 0 0 0 0 15 0 0 223.783374023437 372.836484375 512 424
0 0 0 0 0 16 0 0 259.073536376953 256.262683105469 512 424
0 0 0 0 0 17 0 0 260.316394042969 323.579685058594 512 424
0 0 0 0 0 18 0 0 263.29294921875 358.005791015625 512 424
0 0 0 0 0 19 0 0 262.69875 373.044287109375 512 424
0 0 0 0 0 20 0 0 242.97572265625 131.463818359375 512 424
0 0 0 0 0 21 0 0 181.792242431641 276.56765625 512 424
0 0 0 0 0 22 0 0 178.52566986084 259.782546386719 512 424
0 0 0 0 0 23 0 0 305.615871582031 279.0806640625 512 424
0 0 0 0 0 24 0 0 302.470264282227 264.600499267578 512 424
0 0 0 0 0 0 0 0 241.75469909668 256.216253662109 512 424
0 0 0 0 0 1 0 0 242.476143188477 184.364040527344 512 424
0 0 0 0 0 2 0 0 243.152504882813 114.026357421875 512 424
0 0 0 0 0 3 0 0 245.059957885742 84.7891357421875 512 424
0 0 0 0 0 4 0 0 205.50162109375 142.48270324707 512 424
0 0 0 0 0 5 0 0 191.529295654297 199.250545654297 512 424
0 0 0 0 0 6 0 0 182.90460357666 247.109278564453 512 424
0 0 0 0 0 7 0 0 182.146307983398 258.315584716797 512 424
0 0 0 0 0 8 0 0 281.395751953125 143.576948852539 512 424
0 0 0 0 0 9 0 0 292.417675170898 200.313272094727 512 424
0 0 0 0 0 10 0 0 301.890960693359 246.553049316406 512 424
0 0 0 0 0 11 0 0 303.797464599609 262.058781738281 512 424
0 0 0 0 0 12 0 0 224.343309326172 256.172053222656 512 424
0 0 0 0 0 13 0 0 222.710473632812 327.796771240234 512 424
0 0 0 0 0 14 0 0 226.689829101563 355.099951171875 512 424
0 0 0 0 0 15 0 0 223.765971679688 372.800126953125 512 424
0 0 0 0 0 16 0 0 259.058302001953 256.267150878906 512 424
0 0 0 0 0 17 0 0 260.301657714844 323.663796386719 512 424
0 0 0 0 0 18 0 0 264.102451171875 356.26546875 512 424
0 0 0 0 0 19 0 0 262.82314453125 372.54193359375 512 424
0 0 0 0 0 20 0 0 242.979370117188 131.466088867187 512 424
0 0 0 0 0 21 0 0 181.741265869141 276.665361328125 512 424
0 0 0 0 0 22 0 0 178.734073181152 260.514938964844 512 424
0 0 0 0 0 23 0 0 305.564191894531 279.121328125 512 424
0 0 0 0 0 24 0 0 303.369414672852 265.376954345703 512 424
0 0 0 0 0 0 0 0 244.295972290039 256.642188720703 512 424
0 0 0 0 0 1 0 0 244.994727783203 184.127943115234 512 424
0 0 0 0 0 2 0 0 245.674936523438 113.01044128418 512 424
0 0 0 0 0 3 0 0 247.657877197266 83.3976458740234 512 424
0 0 0 0 0 4 0 0 207.862376098633 141.56205078125 512 424
0 0 0 0 0 5 0 0 193.902336425781 199.300509033203 512 424
0 0 0 0 0 6 0 0 185.749406738281 247.915852050781 512 424
0 0 0 0 0 7 0 0 185.158892822266 259.590286865234 512 424
0 0 0 0 0 8 0 0 283.883922119141 142.924163818359 512 424
0 0 0 0 0 9 0 0 295.722694702148 199.971959838867 512 424
0 0 0 0 0 10 0 0 306.369672241211 246.262736816406 512 424
0 0 0 0 0 11 0 0 309.063983154297 261.66064453125 512 424
0 0 0 0 0 12 0 0 226.611130981445 256.609066162109 512 424
0 0 0 0 0 13 0 0 224.948568725586 330.260178222656 512 424
0 0 0 0 0 14 0 0 226.74685546875 355.10080078125 512 424
0 0 0 0 0 15 0 0 223.817490234375 372.637998046875 512 424
0 0 0 0 0 16 0 0 261.854995727539 256.676875 512 424
0 0 0 0 0 17 0 0 260.838591308594 323.599050292969 512 424
0 0 0 0 0 18 0 0 263.207490234375 357.912333984375 512 424
0 0 0 0 0 19 0 0 262.71287109375 373.054072265625 512 424
0 0 0 0 0 20 0 0 245.498087158203 130.657432861328 512 424
0 0 0 0 0 21 0 0 184.944642333984 278.277119140625 512 424
0 0 0 0 0 22 0 0 181.926062011719 260.134315185547 512 424
0 0 0 0 0 23 0 0 311.332580566406 278.748936767578 512 424
0 0 0 0 0 24 0 0 307.88369140625 262.616375732422 512 424
0 0 0 0 0 0 0 0 245.412534790039 256.766524658203 512 424
0 0 0 0 0 1 0 0 246.292857666016 183.885203857422 512 424
0 0 0 0 0 2 0 0 247.179829101562 112.247499389648 512 424
0 0 0 0 0 3 0 0 249.171763916016 82.3065203857422 512 424
0 0 0 0 0 4 0 0 209.306477661133 140.819418945312 512 424
0 0 0 0 0 5 0 0 195.936623535156 198.713765869141 512 424
0 0 0 0 0 6 0 0 188.116066894531 247.663356933594 512 424
0 0 0 0 0 7 0 0 187.809732666016 260.285208740234 512 424
0 0 0 0 0 8 0 0 285.536207275391 142.425662841797 512 424
0 0 0 0 0 9 0 0 297.901591186523 199.437496948242 512 424
0 0 0 0 0 10 0 0 309.423109741211 245.832189941406 512 424
0 0 0 0 0 11 0 0 312.763914794922 260.45560546875 512 424
0 0 0 0 0 12 0 0 227.64328918457 256.736361083984 512 424
0 0 0 0 0 13 0 0 221.425663452148 321.760891113281 512 424
0 0 0 0 0 14 0 0 226.757915039063 355.150986328125 512 424
0 0 0 0 0 15 0 0 223.788120117188 372.678837890625 512 424
0 0 0 0 0 16 0 0 263.043862915039 256.799995117188 512 424
0 0 0 0 0 17 0 0 260.409978027344 323.735046386719 512 424
0 0 0 0 0 18 0 0 263.2130859375 357.915234375 512 424
0 0 0 0 0 19 0 0 262.718583984375 373.05708984375 512 424
0 0 0 0 0 20 0 0 246.949219970703 130.039927978516 512 424
0 0 0 0 0 21 0 0 187.793880615234 279.08041015625 512 424
0 0 0 0 0 22 0 0 184.855280761719 260.671473388672 512 424
0 0 0 0 0 23 0 0 315.743693847656 277.751436767578 512 424
0 0 0 0 0 24 0 0 311.69568359375 260.210809326172 512 424
0 0 0 0 0 0 0 0 247.042907104492 256.365317382813 512 424
0 0 0 0 0 1 0 0 248.560927734375 183.003723754883 512 424
0 0 0 0 0 2 0 0 250.176314086914 110.422588500977 512 424
0 0 0 0 0 3 0 0 252.54130859375 79.9329064941406 512 424
0 0 0 0 0 4 0 0 212.088997802734 139.478015136719 512 424
0 0 0 0 0 5 0 0 199.399584960937 198.209110107422 512 424
0 0 0 0 0 6 0 0 194.493874511719 247.907491455078 512 424
0 0 0 0 0 7 0 0 195.433019104004 260.950395507813 512 424
0 0 0 0 0 8 0 0 289.202229003906 141.23037109375 512 424
0 0 0 0 0 9 0 0 302.477654418945 198.298778076172 512 424
0 0 0 0 0 10 0 0 315.556531982422 244.369904785156 512 424
0 0 0 0 0 11 0 0 315.607333374023 256.294177246094 512 424
0 0 0 0 0 12 0 0 229.134313354492 256.1888671875 512 424
0 0 0 0 0 13 0 0 221.433986206055 321.768022460938 512 424
0 0 0 0 0 14 0 0 226.75705078125 355.161181640625 512 424
0 0 0 0 0 15 0 0 223.80005859375 372.683876953125 512 424
0 0 0 0 0 16 0 0 264.791989746094 256.540932617187 512 424
0 0 0 0 0 17 0 0 260.405052490234 323.755412597656 512 424
0 0 0 0 0 18 0 0 263.211943359375 357.919951171875 512 424
0 0 0 0 0 19 0 0 262.705224609375 373.06119140625 512 424
0 0 0 0 0 20 0 0 249.756640625 128.495805664062 512 424
0 0 0 0 0 21 0 0 196.752969055176 280.204649658203 512 424
0 0 0 0 0 22 0 0 193.021754455566 257.244951171875 512 424
0 0 0 0 0 23 0 0 294.618480834961 273.870275878906 512 424
0 0 0 0 0 24 0 0 314.275317993164 256.133565673828 512 424
0 0 0 0 0 0 0 0 247.018971557617 256.421245117187 512 424
0 0 0 0 0 1 0 0 248.551684570312 183.076482543945 512 424
0 0 0 0 0 2 0 0 250.179009399414 110.472444458008 512 424
0 0 0 0 0 3 0 0 252.667270507813 79.9504040527344 512 424
0 0 0 0 0 4 0 0 212.126673583984 139.527365722656 512 424
0 0 0 0 0 5 0 0 199.3020703125 198.257215576172 512 424
0 0 0 0 0 6 0 0 194.300266113281 247.859854736328 512 424
0 0 0 0 0 7 0 0 195.122926330566 260.945239257812 512 424
0 0 0 0 0 8 0 0 289.198127441406 141.234736328125 512 424
0 0 0 0 0 9 0 0 302.44440246582 198.364139404297 512 424
0 0 0 0 0 10 0 0 315.619080810547 244.129333496094 512 424
0 0 0 0 0 11 0 0 315.466063842773 256.507927246094 512 424
0 0 0 0 0 12 0 0 229.11253112793 256.241162109375 512 424
0 0 0 0 0 13 0 0 221.449337768555 321.794096679688 512 424
0 0 0 0 0 14 0 0 226.759965820312 355.18658203125 512 424
0 0 0 0 0 15 0 0 223.694633789062 372.8881640625 512 424
0 0 0 0 0 16 0 0 264.767673339844 256.600083007812 512 424
0 0 0 0 0 17 0 0 260.247142333984 323.752834472656 512 424
0 0 0 0 0 18 0 0 263.172421875 357.878056640625 512 424
0 0 0 0 0 19 0 0 262.68421875 373.140732421875 512 424
0 0 0 0 0 20 0 0 249.75669921875 128.555278320313 512 424
0 0 0 0 0 21 0 0 196.550014953613 280.309971923828 512 424
0 0 0 0 0 22 0 0 192.526285705566 259.281801757813 512 424
0 0 0 0 0 23 0 0 294.500678100586 273.883752441406 512 424
0 0 0 0 0 24 0 0 314.945366821289 258.019127197266 512 424
0 0 0 0 0 0 0 0 247.01083190918 256.427542724609 512 424
0 0 0 0 0 1 0 0 248.529371948242 183.080042114258 512 424
0 0 0 0 0 2 0 0 250.135842895508 110.473588867188 512 424
0 0 0 0 0 3 0 0 252.653578491211 79.9633966064453 512 424
0 0 0 0 0 4 0 0 212.115986938477 139.534033813477 512 424
0 0 0 0 0 5 0 0 199.299403686523 198.278507080078 512 424
0 0 0 0 0 6 0 0 194.304419555664 247.864710693359 512 424
0 0 0 0 0 7 0 0 195.167113342285 260.975340576172 512 424
0 0 0 0 0 8 0 0 289.102825927734 141.214852905273 512 424
0 0 0 0 0 9 0 0 302.392142333984 198.372941894531 512 424
0 0 0 0 0 10 0 0 315.602210083008 244.133109130859 512 424
0 0 0 0 0 11 0 0 315.45311340332 256.507615966797 512 424
0 0 0 0 0 12 0 0 229.100852050781 256.244044189453 512 424
0 0 0 0 0 13 0 0 221.437224121094 321.839985351563 512 424
0 0 0 0 0 14 0 0 226.759145507812 355.187607421875 512 424
0 0 0 0 0 15 0 0 223.694428710938 372.888544921875 512 424
0 0 0 0 0 16 0 0 264.760581054688 256.617921142578 512 424
0 0 0 0 0 17 0 0 260.681546020508 323.657098388672 512 424
0 0 0 0 0 18 0 0 263.17201171875 357.880400390625 512 424
0 0 0 0 0 19 0 0 262.685361328125 373.142109375 512 424
0 0 0 0 0 20 0 0 249.719458618164 128.556900634766 512 424
0 0 0 0 0 21 0 0 196.59616394043 280.343958740234 512 424
0 0 0 0 0 22 0 0 192.519809875488 259.480363769531 512 424
0 0 0 0 0 23 0 0 294.497578125 273.944935302734 512 424
0 0 0 0 0 24 0 0 314.973474121094 258.191960449219 512 424
0 0 0 0 0 0 0 0 246.985293579102 256.476646728516 512 424
0 0 0 0 0 1 0 0 248.500665283203 183.114525146484 512 424
0 0 0 0 0 2 0 0 250.103861083984 110.49950378418 512 424
0 0 0 0 0 3 0 0 252.644074707031 79.9911822509766 512 424
0 0 0 0 0 4 0 0 212.109300537109 139.551771850586 512 424
0 0 0 0 0 5 0 0 199.241893920898 198.316956787109 512 424
0 0 0 0 0 6 0 0 194.252615661621 247.941538085938 512 424
0 0 0 0 0 7 0 0 194.971147155762 260.96662109375 512 424
0 0 0 0 0 8 0 0 289.091781005859 141.22391418457 512 424
0 0 0 0 0 9 0 0 302.323792114258 198.43049987793 512 424
0 0 0 0 0 10 0 0 315.561385498047 244.17896484375 512 424
0 0 0 0 0 11 0 0 315.30091003418 256.604992675781 512 424
0 0 0 0 0 12 0 0 229.066694335938 256.281866455078 512 424
0 0 0 0 0 13 0 0 221.438336791992 321.770979003906 512 424
0 0 0 0 0 14 0 0 226.737978515625 355.142958984375 512 424
0 0 0 0 0 15 0 0 223.771083984375 372.7976953125 512 424
0 0 0 0 0 16 0 0 264.743727416992 256.687282714844 512 424
0 0 0 0 0 17 0 0 260.706737670898 323.704239501953 512 424
0 0 0 0 0 18 0 0 263.22673828125 357.6994921875 512 424
0 0 0 0 0 19 0 0 262.719052734375 373.05638671875 512 424
0 0 0 0 0 20 0 0 249.688612670898 128.584198608398 512 424
0 0 0 0 0 21 0 0 196.486994018555 280.283684082031 512 424
0 0 0 0 0 22 0 0 192.075846252441 255.810859375 512 424
0 0 0 0 0 23 0 0 294.37024597168 273.928690185547 512 424
0 0 0 0 0 24 0 0 314.115307617188 256.962225341797 512 424
0 0 0 0 0 0 0 0 249.283530883789 259.392344970703 512 424
0 0 0 0 0 1 0 0 251.455255126953 184.933319091797 512 424
0 0 0 0 0 2 0 0 253.825765380859 110.744564819336 512 424
0 0 0 0 0 3 0 0 257.052258300781 79.7968487548828 512 424
0 0 0 0 0 4 0 0 214.980101318359 140.514100952148 512 424
0 0 0 0 0 5 0 0 205.213798217773 200.753651123047 512 424
0 0 0 0 0 6 0 0 203.886995544434 251.738823242187 512 424
0 0 0 0 0 7 0 0 206.311806335449 263.09486328125 512 424
0 0 0 0 0 8 0 0 293.757220458984 141.982849731445 512 424
0 0 0 0 0 9 0 0 308.213196411133 199.363400268555 512 424
0 0 0 0 0 10 0 0 294.025780029297 242.567856445312 512 424
0 0 0 0 0 11 0 0 293.413712768555 257.157458496094 512 424
0 0 0 0 0 12 0 0 230.914536132812 258.966163330078 512 424
0 0 0 0 0 13 0 0 221.420084838867 321.811496582031 512 424
0 0 0 0 0 14 0 0 226.6780078125 355.140703125 512 424
0 0 0 0 0 15 0 0 223.798051757812 372.774814453125 512 424
0 0 0 0 0 16 0 0 267.496784057617 259.820158691406 512 424
0 0 0 0 0 17 0 0 260.698300170898 323.733536376953 512 424
0 0 0 0 0 18 0 0 263.260751953125 357.639462890625 512 424
0 0 0 0 0 19 0 0 262.705546875 373.0440234375 512 424
0 0 0 0 0 20 0 0 253.209144897461 129.26967956543 512 424
0 0 0 0 0 21 0 0 209.559069213867 282.391682128906 512 424
0 0 0 0 0 22 0 0 205.451861877441 260.8573046875 512 424
0 0 0 0 0 23 0 0 294.341095581055 273.938123779297 512 424
0 0 0 0 0 24 0 0 291.305932617188 259.214158935547 512 424
