Z           X            Y     Timestamp     Body id     Joint type ColorPointX ColorPointY  DepthPointX DepthPointY  WidthOfDisplay  HeightOfDisplay
1.048001 -0.1507298 -0.6883279 63644806762781 72057594037928504 13 870.0428 1230.028 200.9577 444.1101 512 424 
0.9623302 -0.1314172 -1.065587 63644806762781 72057594037928504 14 0 0 209.297 561.7171 512 424 
0.8311038 -0.1179843 -1.072897 63644806762781 72057594037928504 15 0 0 208.9117 608.5258 512 424 
1.092347 -0.0341058 -0.6945934 63644806762781 72057594037928504 17 987.5188 1207.525 241.8524 437.5089 512 424 
1.048892 -0.04389042 -1.07715 63644806762781 72057594037928504 18 0 0 239.3792 545.8217 512 424 
0.9189627 -0.03597895 -1.092819 63644806762781 72057594037928504 19 0 0 240.907 580.3406 512 424 
1.048001 -0.1507298 -0.6883279 63644806762781 72057594037928504 13 870.0428 1230.028 200.9577 444.1101 512 424 
0.9623302 -0.1314172 -1.065587 63644806762781 72057594037928504 14 0 0 209.297 561.7171 512 424 
0.8311038 -0.1179843 -1.072897 63644806762781 72057594037928504 15 0 0 208.9117 608.5258 512 424 
1.092347 -0.0341058 -0.6945934 63644806762781 72057594037928504 17 987.5188 1207.525 241.8524 437.5089 512 424 
1.048892 -0.04389042 -1.07715 63644806762781 72057594037928504 18 0 0 239.3792 545.8217 512 424 
0.9189627 -0.03597895 -1.092819 63644806762781 72057594037928504 19 0 0 240.907 580.3406 512 424 
1.079178 -0.199299 -1.010663 63644806762870 72057594037928504 14 0 0 190.4658 523.6973 512 424 
0.9402577 -0.1862378 -1.027215 63644806762870 72057594037928504 15 0 0 189.388 557.5529 512 424 
1.076963 -0.0496485 -1.011485 63644806762870 72057594037928504 18 0 0 237.508 526.0981 512 424 
0.9377265 -0.03958124 -1.027267 63644806762870 72057594037928504 19 0 0 239.5825 560.1338 512 424 
1.079178 -0.199299 -1.010663 63644806762870 72057594037928504 14 0 0 190.4658 523.6973 512 424 
0.9402577 -0.1862378 -1.027215 63644806762870 72057594037928504 15 0 0 189.388 557.5529 512 424 
1.076963 -0.0496485 -1.011485 63644806762870 72057594037928504 18 0 0 237.508 526.0981 512 424 
0.9377265 -0.03958124 -1.027267 63644806762870 72057594037928504 19 0 0 239.5825 560.1338 512 424 
1.218799 -0.2688711 -0.9676531 63644806762962 72057594037928504 14 781.1226 1377.505 175.3311 485.7316 512 424 
1.092678 -0.2554125 -1.004506 63644806762962 72057594037928504 15 0 0 173.6248 518.463 512 424 
1.108906 -0.03958102 -0.9731534 63644806762962 72057594037928504 18 0 0 240.829 510.7958 512 424 
0.9766959 -0.02313327 -0.9927026 63644806762962 72057594037928504 19 0 0 245.3704 543.6283 512 424 
1.218799 -0.2688711 -0.9676531 63644806762962 72057594037928504 14 781.1226 1377.505 175.3311 485.7316 512 424 
1.092678 -0.2554125 -1.004506 63644806762962 72057594037928504 15 0 0 173.6248 518.463 512 424 
1.108906 -0.03958102 -0.9731534 63644806762962 72057594037928504 18 0 0 240.829 510.7958 512 424 
0.9766959 -0.02313327 -0.9927026 63644806762962 72057594037928504 19 0 0 245.3704 543.6283 512 424 
1.251724 -0.2608358 -0.9537356 63644806763060 72057594037928504 14 792.8649 1343.017 179.0542 476.5996 512 424 
1.133504 -0.2470449 -0.9864891 63644806763060 72057594037928504 15 0 0 177.8003 506.59 512 424 
1.104817 -0.03733457 -0.9538283 63644806763060 72057594037928504 18 0 0 241.4432 507.0535 512 424 
0.9799819 -0.02275735 -0.9673176 63644806763060 72057594037928504 19 0 0 245.446 537.2086 512 424 
1.218453 -0.2367278 -0.9554315 63644806763128 72057594037928504 14 809.1164 1366.906 184.3576 483.3568 512 424 
1.098265 -0.2183447 -0.9795793 63644806763128 72057594037928504 15 0 0 184.774 512.5195 512 424 
1.076886 -0.04462711 -0.9324136 63644806763128 72057594037928504 18 0 0 238.7813 507.6908 512 424 
0.9523451 -0.02832064 -0.9415818 63644806763128 72057594037928504 19 0 0 243.2612 537.5497 512 424 
1.218453 -0.2367278 -0.9554315 63644806763128 72057594037928504 14 809.1164 1366.906 184.3576 483.3568 512 424 
1.098265 -0.2183447 -0.9795793 63644806763128 72057594037928504 15 0 0 184.774 512.5195 512 424 
1.076886 -0.04462711 -0.9324136 63644806763128 72057594037928504 18 0 0 238.7813 507.6908 512 424 
0.9523451 -0.02832064 -0.9415818 63644806763128 72057594037928504 19 0 0 243.2612 537.5497 512 424 
1.218453 -0.2367278 -0.9554315 63644806763128 72057594037928504 14 809.1164 1366.906 184.3576 483.3568 512 424 
1.098265 -0.2183447 -0.9795793 63644806763128 72057594037928504 15 0 0 184.774 512.5195 512 424 
1.076886 -0.04462711 -0.9324136 63644806763128 72057594037928504 18 0 0 238.7813 507.6908 512 424 
0.9523451 -0.02832064 -0.9415818 63644806763128 72057594037928504 19 0 0 243.2612 537.5497 512 424 
1.232442 -0.2722776 -0.9622068 63644806763231 72057594037928504 14 780.252 1363.272 174.9766 481.9169 512 424 
1.110302 -0.2580069 -0.9864604 63644806763231 72057594037928504 15 0 0 173.3242 510.8937 512 424 
1.05027 -0.1215182 -0.9281629 63644806763231 72057594037928504 18 0 0 213.128 511.7791 512 424 
0.9233348 -0.1101582 -0.9353992 63644806763231 72057594037928504 19 0 0 213.5871 542.1241 512 424 
1.232442 -0.2722776 -0.9622068 63644806763231 72057594037928504 14 780.252 1363.272 174.9766 481.9169 512 424 
1.110302 -0.2580069 -0.9864604 63644806763231 72057594037928504 15 0 0 173.3242 510.8937 512 424 
1.05027 -0.1215182 -0.9281629 63644806763231 72057594037928504 18 0 0 213.128 511.7791 512 424 
0.9233348 -0.1101582 -0.9353992 63644806763231 72057594037928504 19 0 0 213.5871 542.1241 512 424 
1.22934 -0.275319 -0.9605653 63644806763356 72057594037928504 14 777.1434 1363.96 173.9299 482.0461 512 424 
1.113136 -0.2629189 -0.9799409 63644806763356 72057594037928504 15 0 0 171.8368 508.7462 512 424 
1.057326 -0.1366021 -0.9249014 63644806763356 72057594037928504 18 0 0 208.3556 509.2903 512 424 
0.937295 -0.1274084 -0.9298718 63644806763356 72057594037928504 19 0 0 207.7647 537.2914 512 424 
1.257697 -0.279199 -0.9506207 63644806763433 72057594037928504 14 778.1666 1336.476 174.1698 474.5579 512 424 
1.14266 -0.2777589 -0.9700236 63644806763433 72057594037928504 15 0 0 168.7476 500.4146 512 424 
1.166546 -0.1410667 -0.9374649 63644806763433 72057594037928504 18 889.2344 1387.864 210.4213 489.9405 512 424 
1.048895 -0.1425189 -0.9485978 63644806763433 72057594037928504 19 0 0 206.4621 516.738 512 424 
1.257697 -0.279199 -0.9506207 63644806763433 72057594037928504 14 778.1666 1336.476 174.1698 474.5579 512 424 
1.14266 -0.2777589 -0.9700236 63644806763433 72057594037928504 15 0 0 168.7476 500.4146 512 424 
1.166546 -0.1410667 -0.9374649 63644806763433 72057594037928504 18 889.2344 1387.864 210.4213 489.9405 512 424 
1.048895 -0.1425189 -0.9485978 63644806763433 72057594037928504 19 0 0 206.4621 516.738 512 424 
1.264188 -0.2773451 -0.9438319 63644806763505 72057594037928504 14 780.6957 1326.52 174.9348 471.8185 512 424 
1.151611 -0.2777399 -0.9618169 63644806763505 72057594037928504 15 0 0 169.081 496.7831 512 424 
1.23718 -0.109401 -0.9395305 63644806763505 72057594037928504 18 920.9619 1340.209 221.5967 477.1666 512 424 
1.123625 -0.1114081 -0.9554991 63644806763505 72057594037928504 19 0 0 218.5234 503.1647 512 424 
1.307153 -0.2452001 -0.8946798 63644806763578 72057594037928504 14 812.9454 1259.726 185.4225 452.7931 512 424 
1.222372 -0.2465263 -0.908265 63644806763578 72057594037928504 15 801.0428 1322.671 181.1312 471.0096 512 424 
1.342944 -0.1637257 -0.872138 63644806763578 72057594037928504 18 881.5327 1222.099 208.8577 441.7841 512 424 
1.262565 -0.1780093 -0.8902466 63644806763578 72057594037928504 19 864.0398 1281.851 202.35 459.8694 512 424 
1.307153 -0.2452001 -0.8946798 63644806763578 72057594037928504 14 812.9454 1259.726 185.4225 452.7931 512 424 
1.222372 -0.2465263 -0.908265 63644806763578 72057594037928504 15 801.0428 1322.671 181.1312 471.0096 512 424 
1.342944 -0.1637257 -0.872138 63644806763578 72057594037928504 18 881.5327 1222.099 208.8577 441.7841 512 424 
1.262565 -0.1780093 -0.8902466 63644806763578 72057594037928504 19 864.0398 1281.851 202.35 459.8694 512 424 
1.300738 -0.2462042 -0.9009386 63644806763661 72057594037928504 14 811.3683 1268.513 184.9028 455.4095 512 424 
1.213082 -0.2529363 -0.9168343 63644806763661 72057594037928504 15 794.1528 1336.4 178.9128 474.7604 512 424 
1.34317 -0.1670019 -0.874016 63644806763661 72057594037928504 18 878.9576 1223.483 207.9867 442.2019 512 424 
1.257861 -0.1866817 -0.8900741 63644806763661 72057594037928504 19 856.3206 1284.542 199.7063 460.6008 512 424 
1.273943 -0.2227524 -0.9079617 63644806763736 72057594037928504 14 827.6536 1290.055 190.2864 461.9541 512 424 
1.184178 -0.232776 -0.9226189 63644806763736 72057594037928504 15 808.0132 1361.507 183.4763 481.8585 512 424 
1.357312 -0.169386 -0.8754708 63644806763736 72057594037928504 18 878.0185 1217.368 207.7874 440.2864 512 424 
1.2733 -0.1961244 -0.8927304 63644806763736 72057594037928504 19 849.7944 1277.574 197.631 458.4798 512 424 
1.173648 -0.2375511 -0.9107516 63644806763806 72057594037928504 14 802.2312 1358.152 181.3797 480.8515 512 424 
1.073091 -0.2484454 -0.9131605 63644806763806 72057594037928504 15 0 0 172.7391 501.2234 512 424 
1.269349 -0.05524334 -0.9092842 63644806763806 72057594037928504 18 967.4711 1293.868 237.5378 463.985 512 424 
1.170657 -0.06832139 -0.9214039 63644806763806 72057594037928504 19 955.5897 1370.018 232.4703 485.5955 512 424 
1.173648 -0.2375511 -0.9107516 63644806763806 72057594037928504 14 802.2312 1358.152 181.3797 480.8515 512 424 
1.073091 -0.2484454 -0.9131605 63644806763806 72057594037928504 15 0 0 172.7391 501.2234 512 424 
1.269349 -0.05524334 -0.9092842 63644806763806 72057594037928504 18 967.4711 1293.868 237.5378 463.985 512 424 
1.170657 -0.06832139 -0.9214039 63644806763806 72057594037928504 19 955.5897 1370.018 232.4703 485.5955 512 424 
1.173648 -0.2375511 -0.9107516 63644806763806 72057594037928504 14 802.2312 1358.152 181.3797 480.8515 512 424 
1.073091 -0.2484454 -0.9131605 63644806763806 72057594037928504 15 0 0 172.7391 501.2234 512 424 
1.269349 -0.05524334 -0.9092842 63644806763806 72057594037928504 18 967.4711 1293.868 237.5378 463.985 512 424 
1.170657 -0.06832139 -0.9214039 63644806763806 72057594037928504 19 955.5897 1370.018 232.4703 485.5955 512 424 
1.170725 -0.2407609 -0.9105202 63644806763917 72057594037928504 14 798.8997 1360.03 180.2693 481.3081 512 424 
1.072625 -0.2476344 -0.9166915 63644806763917 72057594037928504 15 0 0 173.0455 502.2066 512 424 
1.261005 -0.05472816 -0.9114267 63644806763917 72057594037928504 18 967.9087 1300.79 237.5984 466.0256 512 424 
1.161852 -0.06587829 -0.9183012 63644806763917 72057594037928504 19 957.7278 1373.571 233.0759 486.5697 512 424 
1.170725 -0.2407609 -0.9105202 63644806763917 72057594037928504 14 798.8997 1360.03 180.2693 481.3081 512 424 
1.072625 -0.2476344 -0.9166915 63644806763917 72057594037928504 15 0 0 173.0455 502.2066 512 424 
1.261005 -0.05472816 -0.9114267 63644806763917 72057594037928504 18 967.9087 1300.79 237.5984 466.0256 512 424 
1.161852 -0.06587829 -0.9183012 63644806763917 72057594037928504 19 957.7278 1373.571 233.0759 486.5697 512 424 
1.226676 -0.2960787 -0.9166294 63644806764042 72057594037928504 14 758.6797 1327.257 167.2202 471.6425 512 424 
1.125177 -0.2973602 -0.9242601 63644806764042 72057594037928504 15 738.5243 1407.227 160.8524 492.4949 512 424 
1.266742 -0.05267293 -0.9130447 63644806764042 72057594037928504 18 969.6364 1298.644 238.2492 465.3992 512 424 
1.164413 -0.05928782 -0.9207885 63644806764042 72057594037928504 19 963.7769 1374 235.1346 486.7109 512 424 
1.301203 -0.3466824 -0.9225702 63644806764079 72057594037928504 14 729.3445 1286.212 157.7326 459.486 512 424 
1.198967 -0.3412345 -0.9310057 63644806764079 72057594037928504 15 713.7768 1358.823 152.7983 479.3681 512 424 
1.387226 -0.2010534 -0.893171 63644806764079 72057594037928504 18 855.7188 1216.157 200.4706 439.7799 512 424 
1.283711 -0.1987281 -0.9025565 63644806764079 72057594037928504 19 848.6117 1279.688 197.3693 459.1013 512 424 
1.406405 -0.303775 -0.9147804 63644806764144 72057594037928504 14 779.6444 1223.305 174.8582 441.3696 512 424 
1.303777 -0.2926832 -0.9242169 63644806764144 72057594037928504 15 773.8612 1285.995 172.5554 460.1156 512 424 
1.39093 -0.2170729 -0.9001524 63644806764144 72057594037928504 18 843.7864 1219.709 196.4582 440.8108 512 424 
1.288045 -0.2076284 -0.9095144 63644806764144 72057594037928504 19 841.6774 1282.955 195.1063 460.0074 512 424 
1.406405 -0.303775 -0.9147804 63644806764144 72057594037928504 14 779.6444 1223.305 174.8582 441.3696 512 424 
1.303777 -0.2926832 -0.9242169 63644806764144 72057594037928504 15 773.8612 1285.995 172.5554 460.1156 512 424 
1.39093 -0.2170729 -0.9001524 63644806764144 72057594037928504 18 843.7864 1219.709 196.4582 440.8108 512 424 
1.288045 -0.2076284 -0.9095144 63644806764144 72057594037928504 19 841.6774 1282.955 195.1063 460.0074 512 424 
1.406405 -0.303775 -0.9147804 63644806764144 72057594037928504 14 779.6444 1223.305 174.8582 441.3696 512 424 
1.303777 -0.2926832 -0.9242169 63644806764144 72057594037928504 15 773.8612 1285.995 172.5554 460.1156 512 424 
1.39093 -0.2170729 -0.9001524 63644806764144 72057594037928504 18 843.7864 1219.709 196.4582 440.8108 512 424 
1.288045 -0.2076284 -0.9095144 63644806764144 72057594037928504 19 841.6774 1282.955 195.1063 460.0074 512 424 
1.406405 -0.303775 -0.9147804 63644806764144 72057594037928504 14 779.6444 1223.305 174.8582 441.3696 512 424 
1.303777 -0.2926832 -0.9242169 63644806764144 72057594037928504 15 773.8612 1285.995 172.5554 460.1156 512 424 
1.39093 -0.2170729 -0.9001524 63644806764144 72057594037928504 18 843.7864 1219.709 196.4582 440.8108 512 424 
1.288045 -0.2076284 -0.9095144 63644806764144 72057594037928504 19 841.6774 1282.955 195.1063 460.0074 512 424 
1.391036 -0.3471999 -0.9364352 63644806764386 72057594037928504 14 744.4006 1247.747 163.1203 448.3904 512 424 
1.28881 -0.3209297 -0.9478939 63644806764386 72057594037928504 15 748.3223 1314.617 164.3267 467.9451 512 424 
1.391579 -0.2886746 -0.9188359 63644806764386 72057594037928504 18 789.1776 1233.84 178.0357 444.7066 512 424 
1.289015 -0.2634979 -0.9304276 63644806764386 72057594037928504 19 795.7171 1299.863 179.8628 464.4399 512 424 
1.382857 -0.3492462 -0.9401693 63644806764457 72057594037928504 14 741.5074 1254.918 162.1662 450.4981 512 424 
1.279034 -0.3184245 -0.9526486 63644806764457 72057594037928504 15 748.7271 1324.658 164.5159 470.7734 512 424 
1.38153 -0.1705123 -0.9395384 63644806764457 72057594037928504 18 878.8289 1254.961 208.4956 451.9155 512 424 
1.277262 -0.1431831 -0.9517095 63644806764457 72057594037928504 19 894.3273 1324.832 213.0329 472.6357 512 424 
1.382857 -0.3492462 -0.9401693 63644806764457 72057594037928504 14 741.5074 1254.918 162.1662 450.4981 512 424 
1.279034 -0.3184245 -0.9526486 63644806764457 72057594037928504 15 748.7271 1324.658 164.5159 470.7734 512 424 
1.38153 -0.1705123 -0.9395384 63644806764457 72057594037928504 18 878.8289 1254.961 208.4956 451.9155 512 424 
1.277262 -0.1431831 -0.9517095 63644806764457 72057594037928504 19 894.3273 1324.832 213.0329 472.6357 512 424 
1.392957 -0.3536237 -0.9380771 63644806764526 72057594037928504 14 739.8079 1248.023 161.606 448.41 512 424 
1.288061 -0.322305 -0.9506856 63644806764526 72057594037928504 15 747.0615 1317.409 163.948 468.7116 512 424 
1.434739 -0.2022355 -0.9368594 63644806764526 72057594037928504 18 858.622 1225.933 201.9716 442.8586 512 424 
1.329169 -0.1739307 -0.9495909 63644806764526 72057594037928504 19 872.6013 1291.847 206.0674 462.9125 512 424 
1.392957 -0.3536237 -0.9380771 63644806764526 72057594037928504 14 739.8079 1248.023 161.606 448.41 512 424 
1.288061 -0.322305 -0.9506856 63644806764526 72057594037928504 15 747.0615 1317.409 163.948 468.7116 512 424 
1.434739 -0.2022355 -0.9368594 63644806764526 72057594037928504 18 858.622 1225.933 201.9716 442.8586 512 424 
1.329169 -0.1739307 -0.9495909 63644806764526 72057594037928504 19 872.6013 1291.847 206.0674 462.9125 512 424 
1.421194 -0.3741373 -0.9358643 63644806764607 72057594037928504 14 728.998 1232.029 158.0506 443.4312 512 424 
1.314126 -0.3448403 -0.9483863 63644806764607 72057594037928504 15 733.2141 1299.816 159.3736 463.4819 512 424 
1.493856 -0.3179057 -0.9293016 63644806764607 72057594037928504 18 780.6353 1192.937 175.7257 431.9211 512 424 
1.386114 -0.2898612 -0.942412 63644806764607 72057594037928504 19 787.5928 1254.87 177.6554 451.0809 512 424 
1.421194 -0.3741373 -0.9358643 63644806764607 72057594037928504 14 728.998 1232.029 158.0506 443.4312 512 424 
1.314126 -0.3448403 -0.9483863 63644806764607 72057594037928504 15 733.2141 1299.816 159.3736 463.4819 512 424 
1.493856 -0.3179057 -0.9293016 63644806764607 72057594037928504 18 780.6353 1192.937 175.7257 431.9211 512 424 
1.386114 -0.2898612 -0.942412 63644806764607 72057594037928504 19 787.5928 1254.87 177.6554 451.0809 512 424 
1.419727 -0.3750715 -0.9381567 63644806764688 72057594037928504 14 728.0538 1234.49 157.7526 444.1653 512 424 
1.310833 -0.3491047 -0.9507654 63644806764688 72057594037928504 15 729.1655 1303.721 158.0679 464.5239 512 424 
1.530751 -0.2013305 -0.932094 63644806764688 72057594037928504 18 866.0898 1178.736 205.1532 427.9829 512 424 
1.420702 -0.1788783 -0.9454339 63644806764688 72057594037928504 19 875.0323 1239.303 207.5034 447.1003 512 424 
1.421676 -0.3761107 -0.9399431 63644806764732 72057594037928504 14 727.608 1234.866 157.6265 444.2739 512 424 
1.311481 -0.3518899 -0.9527253 63644806764732 72057594037928504 15 727.0269 1304.945 157.3912 464.8342 512 424 
1.498975 -0.2776417 -0.9402096 63644806764732 72057594037928504 18 809.8392 1198.411 185.7476 433.8954 512 424 
1.388021 -0.2554724 -0.9534536 63644806764732 72057594037928504 19 814.1946 1262.367 186.7141 453.6263 512 424 
1.421676 -0.3761107 -0.9399431 63644806764732 72057594037928504 14 727.608 1234.866 157.6265 444.2739 512 424 
1.311481 -0.3518899 -0.9527253 63644806764732 72057594037928504 15 727.0269 1304.945 157.3912 464.8342 512 424 
1.498975 -0.2776417 -0.9402096 63644806764732 72057594037928504 18 809.8392 1198.411 185.7476 433.8954 512 424 
1.388021 -0.2554724 -0.9534536 63644806764732 72057594037928504 19 814.1946 1262.367 186.7141 453.6263 512 424 
1.421676 -0.3761107 -0.9399431 63644806764732 72057594037928504 14 727.608 1234.866 157.6265 444.2739 512 424 
1.311481 -0.3518899 -0.9527253 63644806764732 72057594037928504 15 727.0269 1304.945 157.3912 464.8342 512 424 
1.498975 -0.2776417 -0.9402096 63644806764732 72057594037928504 18 809.8392 1198.411 185.7476 433.8954 512 424 
1.388021 -0.2554724 -0.9534536 63644806764732 72057594037928504 19 814.1946 1262.367 186.7141 453.6263 512 424 
1.416646 -0.3692027 -0.9438657 63644806764806 72057594037928504 14 731.9423 1240.344 159.1009 445.9922 512 424 
1.304803 -0.3500507 -0.9568067 63644806764806 72057594037928504 15 727.2939 1312.302 157.5353 466.9219 512 424 
1.492667 -0.2815734 -0.9412148 63644806764806 72057594037928504 18 806.3731 1201.974 184.5374 434.9895 512 424 
1.380078 -0.2642654 -0.9546698 63644806764806 72057594037928504 19 806.5366 1267.565 184.1033 455.101 512 424 
1.416646 -0.3692027 -0.9438657 63644806764806 72057594037928504 14 731.9423 1240.344 159.1009 445.9922 512 424 
1.304803 -0.3500507 -0.9568067 63644806764806 72057594037928504 15 727.2939 1312.302 157.5353 466.9219 512 424 
1.492667 -0.2815734 -0.9412148 63644806764806 72057594037928504 18 806.3731 1201.974 184.5374 434.9895 512 424 
1.380078 -0.2642654 -0.9546698 63644806764806 72057594037928504 19 806.5366 1267.565 184.1033 455.101 512 424 
1.413761 -0.3534559 -0.9490556 63644806764875 72057594037928504 14 743.3086 1245.717 162.9465 447.7726 512 424 
1.300148 -0.3376229 -0.9624687 63644806764875 72057594037928504 15 736.6021 1319.792 160.6769 469.2018 512 424 
1.49111 -0.2815094 -0.9450676 63644806764875 72057594037928504 18 806.2553 1205.446 184.5085 436.0793 512 424 
1.37678 -0.2672272 -0.9590591 63644806764875 72057594037928504 19 803.8683 1272.768 183.2246 456.6216 512 424 
1.403244 -0.3532301 -0.9527925 63644806764947 72057594037928504 14 741.7979 1253.97 162.4481 450.2274 512 424 
1.288982 -0.3387083 -0.9662597 63644806764947 72057594037928504 15 733.7001 1329.856 159.7798 471.9516 512 424 
1.487844 -0.2802756 -0.9492159 63644806764947 72057594037928504 18 806.7874 1209.92 184.6937 437.4857 512 424 
1.372815 -0.2673465 -0.9633182 63644806764947 72057594037928504 19 803.3069 1278.259 183.0532 458.2426 512 424 
1.403244 -0.3532301 -0.9527925 63644806764947 72057594037928504 14 741.7979 1253.97 162.4481 450.2274 512 424 
1.288982 -0.3387083 -0.9662597 63644806764947 72057594037928504 15 733.7001 1329.856 159.7798 471.9516 512 424 
1.487844 -0.2802756 -0.9492159 63644806764947 72057594037928504 18 806.7874 1209.92 184.6937 437.4857 512 424 
1.372815 -0.2673465 -0.9633182 63644806764947 72057594037928504 19 803.3069 1278.259 183.0532 458.2426 512 424 
1.479941 -0.3590661 -0.9424986 63644806765018 72057594037928504 14 749.3268 1208.794 165.1449 436.5641 512 424 
1.365514 -0.3438784 -0.9563757 63644806765018 72057594037928504 15 742.8243 1276.915 162.7384 457.0273 512 424 
1.486758 -0.2802556 -0.9522395 63644806765018 72057594037928504 18 806.6881 1212.597 184.6702 438.3216 512 424 
1.372151 -0.2665476 -0.9658996 63644806765018 72057594037928504 19 803.8496 1280.643 183.2539 458.9532 512 424 
1.479941 -0.3590661 -0.9424986 63644806765018 72057594037928504 14 749.3268 1208.794 165.1449 436.5641 512 424 
1.365514 -0.3438784 -0.9563757 63644806765018 72057594037928504 15 742.8243 1276.915 162.7384 457.0273 512 424 
1.486758 -0.2802556 -0.9522395 63644806765018 72057594037928504 18 806.6881 1212.597 184.6702 438.3216 512 424 
1.372151 -0.2665476 -0.9658996 63644806765018 72057594037928504 19 803.8496 1280.643 183.2539 458.9532 512 424 
1.587447 -0.4481449 -0.9170749 63644806765113 72057594037928504 14 704.4598 1145.61 150.2299 416.1161 512 424 
1.471785 -0.4245158 -0.9323816 63644806765113 72057594037928504 15 700.8245 1205.3 148.7303 434.8596 512 424 
1.50801 -0.2605618 -0.9479149 63644806765113 72057594037928504 18 822.8347 1199.841 190.264 434.4464 512 424 
1.392463 -0.2400666 -0.9618475 63644806765113 72057594037928504 19 826.4588 1266.471 190.9342 454.981 512 424 
1.587447 -0.4481449 -0.9170749 63644806765113 72057594037928504 14 704.4598 1145.61 150.2299 416.1161 512 424 
1.471785 -0.4245158 -0.9323816 63644806765113 72057594037928504 15 700.8245 1205.3 148.7303 434.8596 512 424 
1.50801 -0.2605618 -0.9479149 63644806765113 72057594037928504 18 822.8347 1199.841 190.264 434.4464 512 424 
1.392463 -0.2400666 -0.9618475 63644806765113 72057594037928504 19 826.4588 1266.471 190.9342 454.981 512 424 
1.684687 -0.4713349 -0.9724697 63644806765199 72057594037928504 14 705.1033 1145.109 151.1354 415.9833 512 424 
1.516639 -0.2498736 -0.9520016 63644806765199 72057594037928504 18 831.1558 1198.886 193.1706 434.2048 512 424 
1.403589 -0.2177319 -0.9670512 63644806765199 72057594037928504 19 844.505 1264.554 197.1286 454.5713 512 424 
1.684687 -0.4713349 -0.9724697 63644806765199 72057594037928504 14 705.1033 1145.109 151.1354 415.9833 512 424 
1.516639 -0.2498736 -0.9520016 63644806765199 72057594037928504 18 831.1558 1198.886 193.1706 434.2048 512 424 
1.403589 -0.2177319 -0.9670512 63644806765199 72057594037928504 19 844.505 1264.554 197.1286 454.5713 512 424 
1.594143 -0.4764624 -0.9667555 63644806765270 72057594037928504 15 686.739 1176.365 144.6317 425.6874 512 424 
1.515606 -0.2446648 -0.9549521 63644806765270 72057594037928504 18 834.7195 1201.424 194.3932 435.0309 512 424 
1.405368 -0.2054995 -0.9712448 63644806765270 72057594037928504 19 853.9207 1266.812 200.3503 455.3289 512 424 
1.594143 -0.4764624 -0.9667555 63644806765270 72057594037928504 15 686.739 1176.365 144.6317 425.6874 512 424 
1.515606 -0.2446648 -0.9549521 63644806765270 72057594037928504 18 834.7195 1201.424 194.3932 435.0309 512 424 
1.405368 -0.2054995 -0.9712448 63644806765270 72057594037928504 19 853.9207 1266.812 200.3503 455.3289 512 424 
1.574041 -0.485992 -0.9413106 63644806765337 72057594037928504 15 676.6797 1167.382 140.9973 422.7178 512 424 
1.519809 -0.2432155 -0.9570065 63644806765337 72057594037928504 18 836.1042 1201.004 194.8987 434.9083 512 424 
1.412254 -0.1986229 -0.9746039 63644806765337 72057594037928504 19 859.6583 1265.743 202.353 455.0535 512 424 
1.574041 -0.485992 -0.9413106 63644806765337 72057594037928504 15 676.6797 1167.382 140.9973 422.7178 512 424 
1.519809 -0.2432155 -0.9570065 63644806765337 72057594037928504 18 836.1042 1201.004 194.8987 434.9083 512 424 
1.412254 -0.1986229 -0.9746039 63644806765337 72057594037928504 19 859.6583 1265.743 202.353 455.0535 512 424 
1.577282 -0.4928766 -0.9484338 63644806765407 72057594037928504 15 672.6453 1170.905 139.7129 423.7747 512 424 
1.533409 -0.2511954 -0.9621159 63644806765407 72057594037928504 18 831.7487 1198.597 193.5099 434.1202 512 424 
1.428389 -0.2016535 -0.980531 63644806765407 72057594037928504 19 858.6343 1261.831 202.1324 453.8686 512 424 
1.577282 -0.4928766 -0.9484338 63644806765407 72057594037928504 15 672.6453 1170.905 139.7129 423.7747 512 424 
1.533409 -0.2511954 -0.9621159 63644806765407 72057594037928504 18 831.7487 1198.597 193.5099 434.1202 512 424 
1.428389 -0.2016535 -0.980531 63644806765407 72057594037928504 19 858.6343 1261.831 202.1324 453.8686 512 424 
1.585776 -0.4381508 -0.9624025 63644806765543 72057594037928504 15 710.9348 1176.805 152.7144 426.1259 512 424 
1.570593 -0.2906307 -0.9750957 63644806765543 72057594037928504 19 808.3024 1191.572 185.762 431.7335 512 424 
1.585986 -0.4403228 -0.9629909 63644806765612 72057594037928504 15 709.5137 1177.118 152.2402 426.208 512 424 
1.723834 -0.3419247 -1.037869 63644806765612 72057594037928504 19 790.9386 1171.504 180.7953 425.2296 512 424 
1.585986 -0.4403228 -0.9629909 63644806765612 72057594037928504 15 709.5137 1177.118 152.2402 426.208 512 424 
1.723834 -0.3419247 -1.037869 63644806765612 72057594037928504 19 790.9386 1171.504 180.7953 425.2296 512 424 
1.585015 -0.4499421 -0.9657739 63644806765685 72057594037928504 15 702.9063 1179.407 150.0324 426.8486 512 424 
1.585015 -0.4499421 -0.9657739 63644806765685 72057594037928504 15 702.9063 1179.407 150.0324 426.8486 512 424 
1.585015 -0.4499421 -0.9657739 63644806765685 72057594037928504 15 702.9063 1179.407 150.0324 426.8486 512 424 
1.584143 -0.4594882 -0.9707154 63644806765796 72057594037928504 15 696.3591 1183.115 147.8672 427.9301 512 424 
1.759766 -0.4641113 -1.012695 63644806765796 72057594037928504 19 720.727 1143.187 156.9011 415.5327 512 424 
1.584143 -0.4594882 -0.9707154 63644806765796 72057594037928504 15 696.3591 1183.115 147.8672 427.9301 512 424 
1.759766 -0.4641113 -1.012695 63644806765796 72057594037928504 19 720.727 1143.187 156.9011 415.5327 512 424 
1.702549 -0.4742686 -1.010798 63644806765859 72057594037928504 15 706.0726 1162.694 151.7493 421.6246 512 424 
1.688255 -0.4710649 -1.017559 63644806765957 72057594037928504 15 705.8788 1172.352 151.6883 424.6843 512 424 
1.688255 -0.4710649 -1.017559 63644806765957 72057594037928504 15 705.8788 1172.352 151.6883 424.6843 512 424 
1.688255 -0.4710649 -1.017559 63644806765957 72057594037928504 15 705.8788 1172.352 151.6883 424.6843 512 424 
1.78392 -0.5070208 -1.042652 63644806766057 72057594037928504 15 698.539 1152.846 149.6156 418.4147 512 424 
1.80476 -0.3935797 -1.040602 63644806766123 72057594037928504 19 768.4567 1144.295 173.4469 416.2956 512 424 
1.80476 -0.3935797 -1.040602 63644806766123 72057594037928504 19 768.4567 1144.295 173.4469 416.2956 512 424 
1.760225 -0.2335629 0.04069514 63644806766415 72057594037928504 11 858.0554 506.7236 204.5642 196.8041 512 424 
1.821463 -0.389293 -1.031982 63644806766415 72057594037928504 19 772.7758 1133.583 174.9608 412.8386 512 424 
1.760225 -0.2335629 0.04069514 63644806766415 72057594037928504 11 858.0554 506.7236 204.5642 196.8041 512 424 
1.821463 -0.389293 -1.031982 63644806766415 72057594037928504 19 772.7758 1133.583 174.9608 412.8386 512 424 
1.760225 -0.2335629 0.04069514 63644806766415 72057594037928504 11 858.0554 506.7236 204.5642 196.8041 512 424 
1.821463 -0.389293 -1.031982 63644806766415 72057594037928504 19 772.7758 1133.583 174.9608 412.8386 512 424 
1.798019 -0.266423 0.01182301 63644806766515 72057594037928504 11 840.9905 524.3284 198.8655 202.8742 512 424 
1.979575 -0.40306 -1.026947 63644806766639 72057594037928504 19 780.9506 1082.548 178.3977 396.0147 512 424 
1.979575 -0.40306 -1.026947 63644806766639 72057594037928504 19 780.9506 1082.548 178.3977 396.0147 512 424 
2.236642 -0.4561116 -1.092628 63644806766784 72057594037928504 19 777.2747 1050.286 178.1698 385.1563 512 424 
2.236642 -0.4561116 -1.092628 63644806766784 72057594037928504 19 777.2747 1050.286 178.1698 385.1563 512 424 
2.120603 -0.536243 -0.1301649 63644806766973 72057594037928504 7 725.2405 596.6953 160.1723 227.8822 512 424 
2.120603 -0.536243 -0.1301649 63644806766973 72057594037928504 7 725.2405 596.6953 160.1723 227.8822 512 424 
2.135408 -0.5123224 -0.1172769 63644806767043 72057594037928504 7 738.799 589.8113 164.9738 225.4964 512 424 
2.04199 -0.4254427 0.02938041 63644806767043 72057594037928504 11 773.2658 516.1809 176.6662 199.9987 512 424 
2.135408 -0.5123224 -0.1172769 63644806767043 72057594037928504 7 738.799 589.8113 164.9738 225.4964 512 424 
2.04199 -0.4254427 0.02938041 63644806767043 72057594037928504 11 773.2658 516.1809 176.6662 199.9987 512 424 
2.334451 -0.6288747 -1.05442 63644806767315 72057594037928504 15 706.5743 1011.175 154.0517 371.6195 512 424 
2.348508 -0.6291528 -1.056574 63644806767357 72057594037928504 15 708.0132 1009.27 154.592 370.9782 512 424 
2.348508 -0.6291528 -1.056574 63644806767357 72057594037928504 15 708.0132 1009.27 154.592 370.9782 512 424 
2.348508 -0.6291528 -1.056574 63644806767357 72057594037928504 15 708.0132 1009.27 154.592 370.9782 512 424 
2.30359 -0.5918434 -0.06375557 63644806767455 72057594037928504 10 718.686 560.9404 158.6862 215.4751 512 424 
2.30359 -0.5918434 -0.06375557 63644806767455 72057594037928504 10 718.686 560.9404 158.6862 215.4751 512 424 
2.339429 -0.5961145 -0.0830621 63644806767536 72057594037928504 10 720.5892 569.2435 159.4657 218.3563 512 424 
2.339429 -0.5961145 -0.0830621 63644806767536 72057594037928504 10 720.5892 569.2435 159.4657 218.3563 512 424 
2.633291 -0.598116 -0.09343472 63644806768213 72057594037928504 10 747.3237 569.1569 169.7129 218.3383 512 424 
2.633291 -0.598116 -0.09343472 63644806768213 72057594037928504 10 747.3237 569.1569 169.7129 218.3383 512 424 
2.758021 -0.6646516 -0.0559208 63644806768534 72057594037928504 10 731.5693 553.0505 164.5898 212.7477 512 424 
2.893678 -0.6208764 -0.07642834 63644806768763 72057594037928504 7 758.7275 559.5029 174.3661 214.9988 512 424 
2.896147 -0.5883373 -0.1132241 63644806768851 72057594037928504 6 770.8987 572.9352 178.5824 219.6583 512 424 
2.845352 -0.5807384 -0.126194 63644806768851 72057594037928504 7 770.251 578.515 178.2272 221.5913 512 424 
2.840026 -0.5591177 -0.1180494 63644806768851 72057594037928504 21 777.9603 575.5433 180.8994 220.5646 512 424 
2.827142 -0.5656387 -0.1292465 63644806768851 72057594037928504 22 774.6627 579.9545 179.7142 222.0916 512 424 
2.799888 -0.6609567 -0.06011752 63644806768851 72057594037928504 23 736.5027 554.3084 166.4123 213.1866 512 424 
2.851727 -0.6947427 -0.06938999 63644806768851 72057594037928504 24 728.118 557.3619 163.6139 214.241 512 424 
3.061848 -0.6985891 -0.1746937 63644806768939 72057594037928504 6 743.3372 592.0501 169.3248 226.2759 512 424 
3.046218 -0.6953902 -0.1700927 63644806768939 72057594037928504 7 743.2985 590.7584 169.2809 225.8279 512 424 
3.039915 -0.6748513 -0.1333022 63644806769018 72057594037928504 7 749.9647 578.0254 171.6111 221.4148 512 424 
3.035946 -0.6805528 -0.1312575 63644806769018 72057594037928504 11 747.6819 577.3765 170.8093 221.189 512 424 
3.177799 -0.7106159 -1.04102 63644806769018 72057594037928504 14 748.4631 879.126 170.7311 326.1815 512 424 
3.039915 -0.6748513 -0.1333022 63644806769018 72057594037928504 7 749.9647 578.0254 171.6111 221.4148 512 424 
3.035946 -0.6805528 -0.1312575 63644806769018 72057594037928504 11 747.6819 577.3765 170.8093 221.189 512 424 
3.177799 -0.7106159 -1.04102 63644806769018 72057594037928504 14 748.4631 879.126 170.7311 326.1815 512 424 
3.039915 -0.6748513 -0.1333022 63644806769018 72057594037928504 7 749.9647 578.0254 171.6111 221.4148 512 424 
3.035946 -0.6805528 -0.1312575 63644806769018 72057594037928504 11 747.6819 577.3765 170.8093 221.189 512 424 
3.177799 -0.7106159 -1.04102 63644806769018 72057594037928504 14 748.4631 879.126 170.7311 326.1815 512 424 
3.160194 -0.5035881 -0.1297754 63644806769109 72057594037928504 9 815.8214 574.9225 194.7411 220.3669 512 424 
3.160194 -0.5035881 -0.1297754 63644806769109 72057594037928504 9 815.8214 574.9225 194.7411 220.3669 512 424 
3.160194 -0.5035881 -0.1297754 63644806769109 72057594037928504 9 815.8214 574.9225 194.7411 220.3669 512 424 
3.197304 -0.9012367 -0.1656158 63644806769199 72057594037928504 5 685.4423 586.5913 149.4273 224.3677 512 424 
3.232451 -0.5162942 -0.1491854 63644806769199 72057594037928504 9 815.052 580.3214 194.6034 222.2354 512 424 
3.204183 -0.8964969 -0.167253 63644806769270 72057594037928504 5 687.6222 587.011 150.2001 224.514 512 424 
3.25788 -0.5230542 -0.1623072 63644806769270 72057594037928504 9 814.0505 584.2151 194.2967 223.5829 512 424 
3.117712 -0.7394614 -0.0568841 63644806769270 72057594037928504 11 733.256 550.8873 166 212 512 424 
3.123524 -0.7793654 -0.07992451 63644806769270 72057594037928504 23 720.1434 558.7073 161.431 214.7044 512 424 
3.119229 -0.7311318 -0.1002833 63644806769270 72057594037928504 24 736.2676 565.6373 167.0278 217.1149 512 424 
3.204183 -0.8964969 -0.167253 63644806769270 72057594037928504 5 687.6222 587.011 150.2001 224.514 512 424 
3.25788 -0.5230542 -0.1623072 63644806769270 72057594037928504 9 814.0505 584.2151 194.2967 223.5829 512 424 
3.117712 -0.7394614 -0.0568841 63644806769270 72057594037928504 11 733.256 550.8873 166 212 512 424 
3.123524 -0.7793654 -0.07992451 63644806769270 72057594037928504 23 720.1434 558.7073 161.431 214.7044 512 424 
3.119229 -0.7311318 -0.1002833 63644806769270 72057594037928504 24 736.2676 565.6373 167.0278 217.1149 512 424 
3.211759 -0.9005622 -0.1665809 63644806769355 72057594037928504 5 686.9355 586.6596 149.9756 224.3918 512 424 
3.30201 -0.5318151 -0.1802363 63644806769355 72057594037928504 9 813.2991 589.2714 194.1075 225.3333 512 424 
3.12647 -0.7138237 -0.05788273 63644806769355 72057594037928504 11 742.629 551.152 169.2808 212.0971 512 424 
3.211759 -0.9005622 -0.1665809 63644806769355 72057594037928504 5 686.9355 586.6596 149.9756 224.3918 512 424 
3.30201 -0.5318151 -0.1802363 63644806769355 72057594037928504 9 813.2991 589.2714 194.1075 225.3333 512 424 
3.12647 -0.7138237 -0.05788273 63644806769355 72057594037928504 11 742.629 551.152 169.2808 212.0971 512 424 
3.327718 -0.5363679 -0.1682147 63644806769439 72057594037928504 9 813.0201 584.991 194.0636 223.8512 512 424 
3.338004 -0.5363482 -0.1642199 63644806769503 72057594037928504 9 813.4968 583.5545 194.2494 223.3542 512 424 
3.221447 -0.7509272 -0.1085549 63644806769503 72057594037928504 11 737.0762 567.2766 167.5057 217.6838 512 424 
3.365289 -0.5298622 -0.1305141 63644806769574 72057594037928504 9 816.7516 572.495 195.4436 219.5277 512 424 
3.259642 -0.7649324 -0.1234157 63644806769574 72057594037928504 11 735.2256 571.699 166.925 219.2164 512 424 
3.365289 -0.5298622 -0.1305141 63644806769574 72057594037928504 9 816.7516 572.495 195.4436 219.5277 512 424 
3.259642 -0.7649324 -0.1234157 63644806769574 72057594037928504 11 735.2256 571.699 166.925 219.2164 512 424 
3.365289 -0.5298622 -0.1305141 63644806769574 72057594037928504 9 816.7516 572.495 195.4436 219.5277 512 424 
3.259642 -0.7649324 -0.1234157 63644806769574 72057594037928504 11 735.2256 571.699 166.925 219.2164 512 424 
3.365289 -0.5298622 -0.1305141 63644806769574 72057594037928504 9 816.7516 572.495 195.4436 219.5277 512 424 
3.259642 -0.7649324 -0.1234157 63644806769574 72057594037928504 11 735.2256 571.699 166.925 219.2164 512 424 
3.308166 -0.6334049 -0.06229417 63644806769700 72057594037928504 7 780.8079 551.4023 182.9012 212.207 512 424 
3.364536 -0.5296141 -0.130282 63644806769700 72057594037928504 9 816.7961 572.4308 195.4578 219.5056 512 424 
3.298737 -0.757422 -0.1286517 63644806769700 72057594037928504 11 740.4017 572.8958 168.7964 219.6335 512 424 
3.419695 -0.8064665 -0.7446588 63644806769700 72057594037928504 13 733.8782 762.5513 166.3188 285.5611 512 424 
3.324647 -0.6464907 -0.07510029 63644806769744 72057594037928504 7 777.5648 555.3984 181.7976 213.5887 512 424 
3.364495 -0.5309349 -0.1295839 63644806769744 72057594037928504 9 816.3763 572.2121 195.3125 219.4297 512 424 
3.321689 -0.7529359 -0.1413496 63644806769744 72057594037928504 11 743.4206 576.6596 169.8818 220.9395 512 424 
3.471538 -0.7912556 -0.7499748 63644806769744 72057594037928504 13 742.0235 760.7084 169.2449 284.9149 512 424 
3.463161 -0.7258446 -1.086057 63644806769744 72057594037928504 18 761.8646 864.2385 175.9208 321.0002 512 424 
3.361953 -0.7080728 -0.1285082 63644806769818 72057594037928504 6 760.2675 572.0288 175.8225 219.341 512 424 
3.380523 -0.656625 -0.09069985 63644806769818 72057594037928504 7 777.5326 559.8989 181.8764 215.1473 512 424 
3.369623 -0.5345827 -0.1291115 63644806769818 72057594037928504 9 815.4549 572.0032 195.0022 219.3569 512 424 
3.352762 -0.749845 -0.1432342 63644806769818 72057594037928504 11 746.4769 576.8308 171 221 512 424 
3.479787 -0.7819177 -0.7599661 63644806769818 72057594037928504 13 745.4182 763.2046 170.4344 285.7832 512 424 
3.33937 -0.7547163 -0.1476936 63644806769818 72057594037928504 23 744.0469 578.4349 170.1279 221.5553 512 424 
3.332559 -0.7442539 -0.1631109 63644806769818 72057594037928504 24 746.9466 583.4336 171.1164 223.2893 512 424 
3.361953 -0.7080728 -0.1285082 63644806769818 72057594037928504 6 760.2675 572.0288 175.8225 219.341 512 424 
3.380523 -0.656625 -0.09069985 63644806769818 72057594037928504 7 777.5326 559.8989 181.8764 215.1473 512 424 
3.369623 -0.5345827 -0.1291115 63644806769818 72057594037928504 9 815.4549 572.0032 195.0022 219.3569 512 424 
3.352762 -0.749845 -0.1432342 63644806769818 72057594037928504 11 746.4769 576.8308 171 221 512 424 
3.479787 -0.7819177 -0.7599661 63644806769818 72057594037928504 13 745.4182 763.2046 170.4344 285.7832 512 424 
3.33937 -0.7547163 -0.1476936 63644806769818 72057594037928504 23 744.0469 578.4349 170.1279 221.5553 512 424 
3.332559 -0.7442539 -0.1631109 63644806769818 72057594037928504 24 746.9466 583.4336 171.1164 223.2893 512 424 
3.361953 -0.7080728 -0.1285082 63644806769818 72057594037928504 6 760.2675 572.0288 175.8225 219.341 512 424 
3.380523 -0.656625 -0.09069985 63644806769818 72057594037928504 7 777.5326 559.8989 181.8764 215.1473 512 424 
3.369623 -0.5345827 -0.1291115 63644806769818 72057594037928504 9 815.4549 572.0032 195.0022 219.3569 512 424 
3.352762 -0.749845 -0.1432342 63644806769818 72057594037928504 11 746.4769 576.8308 171 221 512 424 
3.479787 -0.7819177 -0.7599661 63644806769818 72057594037928504 13 745.4182 763.2046 170.4344 285.7832 512 424 
3.33937 -0.7547163 -0.1476936 63644806769818 72057594037928504 23 744.0469 578.4349 170.1279 221.5553 512 424 
3.332559 -0.7442539 -0.1631109 63644806769818 72057594037928504 24 746.9466 583.4336 171.1164 223.2893 512 424 
3.38882 -0.6529866 -0.1199866 63644806769926 72057594037928504 7 779.1735 568.9969 182.446 218.299 512 424 
3.40728 -0.5477371 -0.1552889 63644806769926 72057594037928504 9 813.0598 579.7118 194.223 222.0239 512 424 
3.380457 -0.7312678 -0.1628699 63644806769926 72057594037928504 11 754.15 582.6061 173.7079 223.0047 512 424 
3.520577 -0.7722516 -0.7731723 63644806769926 72057594037928504 13 750.918 764.4883 172.4112 286.2279 512 424 
3.575801 -0.675506 -1.115055 63644806769926 72057594037928504 18 783.3148 862.3171 183.5619 320.3297 512 424 
3.38882 -0.6529866 -0.1199866 63644806769926 72057594037928504 7 779.1735 568.9969 182.446 218.299 512 424 
3.40728 -0.5477371 -0.1552889 63644806769926 72057594037928504 9 813.0598 579.7118 194.223 222.0239 512 424 
3.380457 -0.7312678 -0.1628699 63644806769926 72057594037928504 11 754.15 582.6061 173.7079 223.0047 512 424 
3.520577 -0.7722516 -0.7731723 63644806769926 72057594037928504 13 750.918 764.4883 172.4112 286.2279 512 424 
3.575801 -0.675506 -1.115055 63644806769926 72057594037928504 18 783.3148 862.3171 183.5619 320.3297 512 424 
3.393253 -0.6550494 -0.1178403 63644806770003 72057594037928504 7 778.7704 568.2774 182.3148 218.0496 512 424 
3.3939 -0.5448994 -0.1833702 63644806770003 72057594037928504 9 813.3729 588.6818 194.2941 225.1294 512 424 
3.41043 -0.7470182 -0.1456677 63644806770003 72057594037928504 11 751.0935 576.8108 172.7054 220.9948 512 424 
3.521589 -0.7704188 -0.7741565 63644806770003 72057594037928504 13 751.534 764.7167 172.6267 286.3072 512 424 
3.393253 -0.6550494 -0.1178403 63644806770003 72057594037928504 7 778.7704 568.2774 182.3148 218.0496 512 424 
3.3939 -0.5448994 -0.1833702 63644806770003 72057594037928504 9 813.3729 588.6818 194.2941 225.1294 512 424 
3.41043 -0.7470182 -0.1456677 63644806770003 72057594037928504 11 751.0935 576.8108 172.7054 220.9948 512 424 
3.521589 -0.7704188 -0.7741565 63644806770003 72057594037928504 13 751.534 764.7167 172.6267 286.3072 512 424 
3.403036 -0.6585599 -0.1165186 63644806770063 72057594037928504 7 778.2144 567.7605 182.1389 217.8703 512 424 
3.403504 -0.5442992 -0.1715828 63644806770063 72057594037928504 9 813.9809 584.8435 194.5276 223.8008 512 424 
3.410256 -0.7482192 -0.1487533 63644806770063 72057594037928504 11 750.7119 577.774 172.5707 221.3286 512 424 
3.532452 -0.7711745 -0.7748978 63644806770063 72057594037928504 13 751.9707 764.2209 172.797 286.1342 512 424 
3.593923 -0.6450962 -1.079975 63644806770063 72057594037928504 18 793.1998 850.2621 187.0494 316.1245 512 424 
3.403036 -0.6585599 -0.1165186 63644806770063 72057594037928504 7 778.2144 567.7605 182.1389 217.8703 512 424 
3.403504 -0.5442992 -0.1715828 63644806770063 72057594037928504 9 813.9809 584.8435 194.5276 223.8008 512 424 
3.410256 -0.7482192 -0.1487533 63644806770063 72057594037928504 11 750.7119 577.774 172.5707 221.3286 512 424 
3.532452 -0.7711745 -0.7748978 63644806770063 72057594037928504 13 751.9707 764.2209 172.797 286.1342 512 424 
3.593923 -0.6450962 -1.079975 63644806770063 72057594037928504 18 793.1998 850.2621 187.0494 316.1245 512 424 
3.41042 -0.6600679 -0.1135595 63644806770128 72057594037928504 7 778.1499 566.761 182.1306 217.5242 512 424 
3.404978 -0.5440624 -0.171157 63644806770128 72057594037928504 9 814.1206 584.6874 194.5788 223.7467 512 424 
3.416036 -0.7472735 -0.1395255 63644806770128 72057594037928504 11 751.3613 574.8278 172.8114 220.3076 512 424 
3.537784 -0.771615 -0.7747673 63644806770128 72057594037928504 13 752.1628 763.8306 172.8731 285.998 512 424 
3.600567 -0.6462764 -1.078827 63644806770128 72057594037928504 18 793.1717 849.3344 187.0515 315.8009 512 424 
3.409846 -0.658693 -0.116077 63644806770172 72057594037928504 7 778.5498 567.5496 182.2673 217.7975 512 424 
3.406532 -0.5440359 -0.1711813 63644806770172 72057594037928504 9 814.1988 584.6704 194.6086 223.7409 512 424 
3.421557 -0.746738 -0.1418687 63644806770172 72057594037928504 11 751.8788 575.4834 172.9996 220.535 512 424 
3.543488 -0.7717497 -0.7754248 63644806770172 72057594037928504 13 752.4692 763.6528 172.9891 285.9359 512 424 
3.493031 -0.7358693 -1.110404 63644806770172 72057594037928504 14 760.5944 868.7954 175.5199 322.5875 512 424 
3.409846 -0.658693 -0.116077 63644806770172 72057594037928504 7 778.5498 567.5496 182.2673 217.7975 512 424 
3.406532 -0.5440359 -0.1711813 63644806770172 72057594037928504 9 814.1988 584.6704 194.6086 223.7409 512 424 
3.421557 -0.746738 -0.1418687 63644806770172 72057594037928504 11 751.8788 575.4834 172.9996 220.535 512 424 
3.543488 -0.7717497 -0.7754248 63644806770172 72057594037928504 13 752.4692 763.6528 172.9891 285.9359 512 424 
3.493031 -0.7358693 -1.110404 63644806770172 72057594037928504 14 760.5944 868.7954 175.5199 322.5875 512 424 
3.408459 -0.6529015 -0.1287093 63644806770252 72057594037928504 7 780.2938 571.4934 182.8644 219.1642 512 424 
3.409172 -0.5444791 -0.172751 63644806770252 72057594037928504 9 814.1808 585.1177 194.606 223.8958 512 424 
3.435099 -0.7422676 -0.1355444 63644806770252 72057594037928504 11 754.1033 573.3513 173.7998 219.797 512 424 
3.545205 -0.7715227 -0.7759483 63644806770252 72057594037928504 13 752.6418 763.6966 173.0517 285.951 512 424 
3.585774 -0.6502241 -1.08129 63644806770252 72057594037928504 18 791.2863 851.3803 186.3695 316.5149 512 424 
3.414361 -0.6544142 -0.1263441 63644806770311 72057594037928504 7 780.1432 570.6895 182.8234 218.8856 512 424 
3.409824 -0.5448176 -0.1734696 63644806770311 72057594037928504 9 814.1055 585.3313 194.5806 223.9697 512 424 
3.444178 -0.7411986 -0.1354389 63644806770311 72057594037928504 11 754.9947 573.2064 174.1252 219.7471 512 424 
3.545174 -0.7713148 -0.7762451 63644806770311 72057594037928504 13 752.7025 763.7874 173.0726 285.9826 512 424 
3.580001 -0.6502561 -1.082168 63644806770311 72057594037928504 18 790.9938 852.158 186.2575 316.7862 512 424 
3.41906 -0.6533992 -0.1287305 63644806770333 72057594037928504 7 780.7188 571.3748 183.03 219.1233 512 424 
3.409309 -0.5446549 -0.1736258 63644806770333 72057594037928504 9 814.1333 585.3879 194.5893 223.9893 512 424 
3.452365 -0.7389436 -0.1307922 63644806770333 72057594037928504 11 756.1867 571.6766 174.556 219.2174 512 424 
3.541053 -0.7700835 -0.7767622 63644806770333 72057594037928504 13 752.8228 764.2124 173.107 286.1308 512 424 
3.41906 -0.6533992 -0.1287305 63644806770333 72057594037928504 7 780.7188 571.3748 183.03 219.1233 512 424 
3.409309 -0.5446549 -0.1736258 63644806770333 72057594037928504 9 814.1333 585.3879 194.5893 223.9893 512 424 
3.452365 -0.7389436 -0.1307922 63644806770333 72057594037928504 11 756.1867 571.6766 174.556 219.2174 512 424 
3.541053 -0.7700835 -0.7767622 63644806770333 72057594037928504 13 752.8228 764.2124 173.107 286.1308 512 424 
3.381311 -0.6920137 -0.1570933 63644806770398 72057594037928504 6 766.5344 580.7535 178.0202 222.3667 512 424 
3.417053 -0.6524081 -0.131807 63644806770398 72057594037928504 7 780.9209 572.3532 183.0953 219.4622 512 424 
3.406218 -0.5456052 -0.1412416 63644806770398 72057594037928504 9 813.6605 575.3491 194.4367 220.5141 512 424 
3.44089 -0.756135 -0.1489546 63644806770398 72057594037928504 11 750.1948 577.4248 172.4424 221.2074 512 424 
3.525662 -0.7670692 -0.7760985 63644806770398 72057594037928504 13 752.7944 765.0291 173.0711 286.4154 512 424 
3.487697 -0.6510944 -1.04655 63644806770398 72057594037928504 18 786.0408 849.8188 184.3949 315.9714 512 424 
3.381311 -0.6920137 -0.1570933 63644806770398 72057594037928504 6 766.5344 580.7535 178.0202 222.3667 512 424 
3.417053 -0.6524081 -0.131807 63644806770398 72057594037928504 7 780.9209 572.3532 183.0953 219.4622 512 424 
3.406218 -0.5456052 -0.1412416 63644806770398 72057594037928504 9 813.6605 575.3491 194.4367 220.5141 512 424 
3.44089 -0.756135 -0.1489546 63644806770398 72057594037928504 11 750.1948 577.4248 172.4424 221.2074 512 424 
3.525662 -0.7670692 -0.7760985 63644806770398 72057594037928504 13 752.7944 765.0291 173.0711 286.4154 512 424 
3.487697 -0.6510944 -1.04655 63644806770398 72057594037928504 18 786.0408 849.8188 184.3949 315.9714 512 424 
3.372805 -0.6929946 -0.1550688 63644806770474 72057594037928504 6 765.7169 580.2428 177.7222 222.1895 512 424 
3.407317 -0.6510779 -0.1230871 63644806770474 72057594037928504 7 780.7932 569.7548 183.0389 218.5622 512 424 
3.398286 -0.5204898 -0.1196026 63644806770474 72057594037928504 9 821.1307 568.6774 197.0241 218.209 512 424 
3.370358 -0.7047207 -0.1639604 63644806770474 72057594037928504 11 761.8839 583.0859 176.38 223.1735 512 424 
3.502633 -0.7637894 -0.7725593 63644806770474 72057594037928504 13 752.376 765.4937 172.8878 286.5776 512 424 
3.53016 -0.5930134 -1.014981 63644806770474 72057594037928504 18 805.6688 836.4517 191.3142 311.3033 512 424 
3.37992 -0.6577934 -0.1083473 63644806770530 72057594037928504 7 777.1527 565.446 181.7346 217.0681 512 424 
3.340859 -0.5262188 -0.1467915 63644806770530 72057594037928504 9 816.8297 577.9664 195.4194 221.4213 512 424 
3.387816 -0.7437224 -0.1197496 63644806770530 72057594037928504 11 750.653 568.9963 172.5272 218.2861 512 424 
3.470826 -0.7634382 -0.7711281 63644806770530 72057594037928504 13 750.5131 767.2051 172.1842 287.1751 512 424 
3.468766 -0.6141691 -1.039495 63644806770530 72057594037928504 18 796.3528 849.3784 187.9513 315.8157 512 424 
3.351962 -0.7276675 -0.09403937 63644806770598 72057594037928504 7 753.395 561.2522 173.4324 215.6036 512 424 
3.303039 -0.703099 -0.1152292 63644806770598 72057594037928504 11 758.16 568.4913 174.9916 218.1142 512 424 
3.440689 -0.7686117 -0.7599367 63644806770598 72057594037928504 13 747.0063 765.826 170.9172 286.6962 512 424 
3.45834 -0.6182725 -1.044811 63644806770598 72057594037928504 18 794.5821 851.9736 187.3136 316.7213 512 424 
3.351962 -0.7276675 -0.09403937 63644806770598 72057594037928504 7 753.395 561.2522 173.4324 215.6036 512 424 
3.303039 -0.703099 -0.1152292 63644806770598 72057594037928504 11 758.16 568.4913 174.9916 218.1142 512 424 
3.440689 -0.7686117 -0.7599367 63644806770598 72057594037928504 13 747.0063 765.826 170.9172 286.6962 512 424 
3.45834 -0.6182725 -1.044811 63644806770598 72057594037928504 18 794.5821 851.9736 187.3136 316.7213 512 424 
3.280564 -0.6520177 -0.07536932 63644806770667 72057594037928504 7 773.2261 555.8176 180.2101 213.7313 512 424 
3.270215 -0.7157919 -0.1010379 63644806770667 72057594037928504 11 751.9182 564.2716 172.7677 216.649 512 424 
3.399642 -0.7804334 -0.740439 63644806770667 72057594037928504 13 740.6331 762.5835 168.6371 285.5692 512 424 
3.266039 -0.6529543 -0.07040837 63644806770731 72057594037928504 7 772.0522 554.3168 179.778 213.2108 512 424 
3.331275 -0.5171842 -0.1225141 63644806770731 72057594037928504 9 819.2502 570.3613 196.2541 218.7905 512 424 
3.247791 -0.7126555 -0.0958519 63644806770731 72057594037928504 11 751.4512 562.8047 172.5663 216.1404 512 424 
3.388947 -0.7851918 -0.7462995 63644806770731 72057594037928504 13 738.4323 765.1523 167.8467 286.4656 512 424 
3.266039 -0.6529543 -0.07040837 63644806770731 72057594037928504 7 772.0522 554.3168 179.778 213.2108 512 424 
3.331275 -0.5171842 -0.1225141 63644806770731 72057594037928504 9 819.2502 570.3613 196.2541 218.7905 512 424 
3.247791 -0.7126555 -0.0958519 63644806770731 72057594037928504 11 751.4512 562.8047 172.5663 216.1404 512 424 
3.388947 -0.7851918 -0.7462995 63644806770731 72057594037928504 13 738.4323 765.1523 167.8467 286.4656 512 424 
3.266039 -0.6529543 -0.07040837 63644806770731 72057594037928504 7 772.0522 554.3168 179.778 213.2108 512 424 
3.331275 -0.5171842 -0.1225141 63644806770731 72057594037928504 9 819.2502 570.3613 196.2541 218.7905 512 424 
3.247791 -0.7126555 -0.0958519 63644806770731 72057594037928504 11 751.4512 562.8047 172.5663 216.1404 512 424 
3.388947 -0.7851918 -0.7462995 63644806770731 72057594037928504 13 738.4323 765.1523 167.8467 286.4656 512 424 
3.279328 -0.5233706 -0.1468588 63644806770820 72057594037928504 9 814.9311 578.8682 194.6501 221.7324 512 424 
3.184314 -0.6773685 -0.09661883 63644806770820 72057594037928504 10 758.9287 563.6693 175.0462 216.4434 512 424 
3.177438 -0.6911993 -0.08435619 63644806770820 72057594037928504 11 753.8354 559.6545 173.2676 215.0497 512 424 
3.312209 -0.7721562 -0.7553379 63644806770820 72057594037928504 13 737.3223 773.4649 167.3072 289.3635 512 424 
3.538882 -0.6443859 -1.047402 63644806770820 72057594037928504 18 790.6765 845.4559 186.0965 314.4487 512 424 
3.279328 -0.5233706 -0.1468588 63644806770820 72057594037928504 9 814.9311 578.8682 194.6501 221.7324 512 424 
3.184314 -0.6773685 -0.09661883 63644806770820 72057594037928504 10 758.9287 563.6693 175.0462 216.4434 512 424 
3.177438 -0.6911993 -0.08435619 63644806770820 72057594037928504 11 753.8354 559.6545 173.2676 215.0497 512 424 
3.312209 -0.7721562 -0.7553379 63644806770820 72057594037928504 13 737.3223 773.4649 167.3072 289.3635 512 424 
3.538882 -0.6443859 -1.047402 63644806770820 72057594037928504 18 790.6765 845.4559 186.0965 314.4487 512 424 
3.233349 -0.5210244 -0.1608753 63644806770913 72057594037928504 9 813.5539 584.1477 194.0791 223.5593 512 424 
3.138339 -0.6750224 -0.1105773 63644806770913 72057594037928504 10 756.6904 568.8664 174.1689 218.2431 512 424 
3.133314 -0.7083223 -0.09675989 63644806770913 72057594037928504 11 745.0386 564.2717 170.112 216.6455 512 424 
3.233349 -0.5210244 -0.1608753 63644806770913 72057594037928504 9 813.5539 584.1477 194.0791 223.5593 512 424 
3.138339 -0.6750224 -0.1105773 63644806770913 72057594037928504 10 756.6904 568.8664 174.1689 218.2431 512 424 
3.133314 -0.7083223 -0.09675989 63644806770913 72057594037928504 11 745.0386 564.2717 170.112 216.6455 512 424 
3.01924 -0.5724791 -0.02970365 63644806770979 72057594037928504 7 784.3706 541.8537 183.5879 208.9025 512 424 
3.104761 -0.7235079 -0.1002091 63644806770979 72057594037928504 11 737.8013 565.7678 167.5323 217.1608 512 424 
2.963888 -0.5204403 -0.05682956 63644806770979 72057594037928504 21 799.6536 551.729 188.7591 212.3304 512 424 
2.927504 -0.5933067 0.01915465 63644806770979 72057594037928504 22 771.0082 524.4962 178.7662 202.883 512 424 
3.015598 -0.5397452 -0.05396193 63644806771125 72057594037928504 7 795.7195 550.3788 187.5085 211.8609 512 424 
3.009094 -0.649888 -0.06699276 63644806771125 72057594037928504 11 756.4644 555.1031 173.8451 213.4736 512 424 
2.931934 -0.5853177 -0.02631974 63644806771195 72057594037928504 7 774.2665 540.9633 179.8858 208.587 512 424 
2.927667 -0.619527 -0.04855483 63644806771195 72057594037928504 11 761.5979 549.0662 175.4594 211.3849 512 424 
3.245206 -0.7404329 -1.105035 63644806771195 72057594037928504 14 743.3083 892.863 169.0499 330.9568 512 424 
3.154914 -0.6927091 -1.145228 63644806771195 72057594037928504 15 753.004 916.7397 172.2226 339.2553 512 424 
2.882421 -0.6084932 -0.04967675 63644806771195 72057594037928504 24 762.4402 549.7545 175.6465 211.6237 512 424 
2.918174 -0.6530285 -0.07192091 63644806771261 72057594037928504 7 748.7607 557.6495 170.9578 214.3515 512 424 
2.888872 -0.581205 -1.146743 63644806771261 72057594037928504 19 774.2658 952.8032 179.0136 351.7691 512 424 
2.902315 -0.656222 -0.07398293 63644806771347 72057594037928504 7 746.4004 558.5518 170.0982 214.6629 512 424 
2.895488 -0.5869398 -1.151414 63644806771347 72057594037928504 19 772.6077 953.5573 178.4533 352.0279 512 424 
2.902315 -0.656222 -0.07398293 63644806771347 72057594037928504 7 746.4004 558.5518 170.0982 214.6629 512 424 
2.895488 -0.5869398 -1.151414 63644806771347 72057594037928504 19 772.6077 953.5573 178.4533 352.0279 512 424 
2.880007 -0.574046 -1.140984 63644806771582 72057594037928504 19 776.3063 951.9723 179.7014 351.4841 512 424 
2.880007 -0.574046 -1.140984 63644806771582 72057594037928504 19 776.3063 951.9723 179.7014 351.4841 512 424 
2.651511 -0.6168324 -0.03366395 63644806771665 72057594037928504 11 741.236 544.9873 167.6837 209.9579 512 424 
2.889034 -0.5784196 -1.140748 63644806771665 72057594037928504 19 775.295 950.5707 179.3721 350.9981 512 424 
2.651511 -0.6168324 -0.03366395 63644806771665 72057594037928504 11 741.236 544.9873 167.6837 209.9579 512 424 
2.889034 -0.5784196 -1.140748 63644806771665 72057594037928504 19 775.295 950.5707 179.3721 350.9981 512 424 
2.597873 -0.6416187 -0.04063621 63644806771730 72057594037928504 11 726.4388 548.1462 162.3724 211.0437 512 424 
2.437184 -0.6099903 -1.000765 63644806772169 72057594037928504 14 725.7506 967.4429 160.9487 356.7275 512 424 
2.234365 -0.5297413 -1.083024 63644806772169 72057594037928504 19 742.0573 1046.297 166.0032 383.6688 512 424 
2.437184 -0.6099903 -1.000765 63644806772169 72057594037928504 14 725.7506 967.4429 160.9487 356.7275 512 424 
2.234365 -0.5297413 -1.083024 63644806772169 72057594037928504 19 742.0573 1046.297 166.0032 383.6688 512 424 
2.292948 -0.573662 -1.057427 63644806772252 72057594037928504 15 727.4396 1021.237 161.1184 375.1223 512 424 
2.292948 -0.573662 -1.057427 63644806772252 72057594037928504 15 727.4396 1021.237 161.1184 375.1223 512 424 
1.982276 -0.1449629 -0.1987279 63644806772872 72057594037928504 11 918.2365 637.5144 226.4254 242.068 512 424 
1.881243 -0.5823632 -1.057097 63644806772996 72057594037928504 15 669.9207 1128.801 140.2639 410.3873 512 424 
1.722355 -0.2536999 -1.00968 63644806772996 72057594037928504 19 845.1867 1154.485 199.2899 420.0589 512 424 
1.607297 -0.3502062 -0.9615338 63644806773070 72057594037928504 19 772.5352 1167.43 173.6834 423.7611 512 424 
1.855109 -0.5551027 -1.050738 63644806773137 72057594037928504 15 681.3365 1133.572 144.024 412.0479 512 424 
1.685809 -0.2840116 -0.9705678 63644806773137 72057594037928504 18 823.3697 1143.299 191.5079 416.2989 512 424 
1.56583 -0.2432525 -0.9901534 63644806773137 72057594037928504 19 839.9964 1203.849 196.615 435.8392 512 424 
1.855109 -0.5551027 -1.050738 63644806773137 72057594037928504 15 681.3365 1133.572 144.024 412.0479 512 424 
1.685809 -0.2840116 -0.9705678 63644806773137 72057594037928504 18 823.3697 1143.299 191.5079 416.2989 512 424 
1.56583 -0.2432525 -0.9901534 63644806773137 72057594037928504 19 839.9964 1203.849 196.615 435.8392 512 424 
1.855109 -0.5551027 -1.050738 63644806773137 72057594037928504 15 681.3365 1133.572 144.024 412.0479 512 424 
1.685809 -0.2840116 -0.9705678 63644806773137 72057594037928504 18 823.3697 1143.299 191.5079 416.2989 512 424 
1.56583 -0.2432525 -0.9901534 63644806773137 72057594037928504 19 839.9964 1203.849 196.615 435.8392 512 424 
1.679429 -0.4923691 -0.991902 63644806773251 72057594037928504 15 690.9871 1159.434 146.4719 420.4073 512 424 
1.651592 -0.2713432 -0.9705575 63644806773251 72057594037928504 18 828.5299 1156.036 193.0952 420.4709 512 424 
1.528874 -0.2383401 -0.9893709 63644806773251 72057594037928504 19 840.3198 1219.672 196.5197 440.8005 512 424 
1.679429 -0.4923691 -0.991902 63644806773251 72057594037928504 15 690.9871 1159.434 146.4719 420.4073 512 424 
1.651592 -0.2713432 -0.9705575 63644806773251 72057594037928504 18 828.5299 1156.036 193.0952 420.4709 512 424 
1.528874 -0.2383401 -0.9893709 63644806773251 72057594037928504 19 840.3198 1219.672 196.5197 440.8005 512 424 
1.520111 -0.390942 -0.946341 63644806773328 72057594037928504 15 732.8212 1193.511 159.7558 431.618 512 424 
1.641656 -0.2742918 -0.9596745 63644806773328 72057594037928504 18 825.7635 1152.755 192.0611 419.3889 512 424 
1.517783 -0.2451472 -0.9785649 63644806773328 72057594037928504 19 834.6058 1217.118 194.4655 439.9601 512 424 
1.520111 -0.390942 -0.946341 63644806773328 72057594037928504 15 732.8212 1193.511 159.7558 431.618 512 424 
1.641656 -0.2742918 -0.9596745 63644806773328 72057594037928504 18 825.7635 1152.755 192.0611 419.3889 512 424 
1.517783 -0.2451472 -0.9785649 63644806773328 72057594037928504 19 834.6058 1217.118 194.4655 439.9601 512 424 
1.570781 -0.393352 -0.9145438 63644806773374 72057594037928504 14 738.739 1150.375 161.7738 417.9815 512 424 
1.446711 -0.3638527 -0.933663 63644806773374 72057594037928504 15 740.7728 1217.934 162.067 439.2801 512 424 
1.632611 -0.2729977 -0.9581916 63644806773374 72057594037928504 18 825.8172 1155.246 192.0251 420.1975 512 424 
1.50824 -0.2458125 -0.9770008 63644806773374 72057594037928504 19 833.2915 1220.378 193.9585 440.966 512 424 
1.404702 -0.3267979 -0.9371471 63644806773444 72057594037928504 14 762.0206 1241.24 169.0849 446.6591 512 424 
1.281267 -0.2998275 -0.9548367 63644806773444 72057594037928504 15 764.5496 1325.075 169.7675 471.1635 512 424 
1.608166 -0.2583761 -0.9499821 63644806773444 72057594037928504 18 833.3104 1159.318 194.4341 421.5565 512 424 
1.483515 -0.2331879 -0.9690529 63644806773444 72057594037928504 19 840.0825 1226.199 196.0959 442.822 512 424 
1.270254 -0.2669142 -0.9263111 63644806773518 72057594037928504 14 790.3032 1307.844 177.9416 466.6584 512 424 
1.1472 -0.2431159 -0.943381 63644806773518 72057594037928504 15 793.2742 1408.123 178.8823 493.8815 512 424 
1.620308 -0.2167968 -0.9338921 63644806773518 72057594037928504 18 861.5641 1143.936 204.1824 416.6768 512 424 
1.4951 -0.1947555 -0.9538165 63644806773518 72057594037928504 19 868.3732 1209.83 205.7617 437.8857 512 424 
1.270254 -0.2669142 -0.9263111 63644806773518 72057594037928504 14 790.3032 1307.844 177.9416 466.6584 512 424 
1.1472 -0.2431159 -0.943381 63644806773518 72057594037928504 15 793.2742 1408.123 178.8823 493.8815 512 424 
1.620308 -0.2167968 -0.9338921 63644806773518 72057594037928504 18 861.5641 1143.936 204.1824 416.6768 512 424 
1.4951 -0.1947555 -0.9538165 63644806773518 72057594037928504 19 868.3732 1209.83 205.7617 437.8857 512 424 
1.270254 -0.2669142 -0.9263111 63644806773518 72057594037928504 14 790.3032 1307.844 177.9416 466.6584 512 424 
1.1472 -0.2431159 -0.943381 63644806773518 72057594037928504 15 793.2742 1408.123 178.8823 493.8815 512 424 
1.620308 -0.2167968 -0.9338921 63644806773518 72057594037928504 18 861.5641 1143.936 204.1824 416.6768 512 424 
1.4951 -0.1947555 -0.9538165 63644806773518 72057594037928504 19 868.3732 1209.83 205.7617 437.8857 512 424 
1.250674 -0.2225448 -0.9395645 63644806773662 72057594037928504 14 825.2598 1331.477 189.6486 473.8279 512 424 
1.129328 -0.1949264 -0.9537139 63644806773662 72057594037928504 15 0 0 192.8898 500.6353 512 424 
1.556717 -0.2157209 -0.9146612 63644806773662 72057594037928504 18 857.9345 1155.905 202.4826 420.5635 512 424 
1.432178 -0.1896912 -0.9336929 63644806773662 72057594037928504 19 867.7323 1224.807 205.0492 442.5645 512 424 
1.458423 -0.1411298 -0.8397174 63644806773725 72057594037928504 14 904.7672 1143.258 217.7421 416.5879 512 424 
1.333734 -0.1157615 -0.8587632 63644806773725 72057594037928504 15 919.1415 1216.131 221.6045 440.0828 512 424 
1.551609 -0.2120173 -0.90786 63644806773725 72057594037928504 18 860.0994 1153.284 203.1777 419.7189 512 424 
1.427136 -0.1855199 -0.9267607 63644806773725 72057594037928504 19 870.4749 1222.067 205.9246 441.7255 512 424 
1.458423 -0.1411298 -0.8397174 63644806773725 72057594037928504 14 904.7672 1143.258 217.7421 416.5879 512 424 
1.333734 -0.1157615 -0.8587632 63644806773725 72057594037928504 15 919.1415 1216.131 221.6045 440.0828 512 424 
1.551609 -0.2120173 -0.90786 63644806773725 72057594037928504 18 860.0994 1153.284 203.1777 419.7189 512 424 
1.427136 -0.1855199 -0.9267607 63644806773725 72057594037928504 19 870.4749 1222.067 205.9246 441.7255 512 424 
1.170776 -0.3011965 -0.9444662 63644806773786 72057594037928504 14 744.0295 1391.318 162.9106 488.5815 512 424 
1.049794 -0.2706917 -0.9591987 63644806773786 72057594037928504 15 0 0 165.4376 516.4692 512 424 
1.305699 -0.1704622 -0.9550393 63644806773786 72057594037928504 18 873.7197 1310.133 206.3187 468.2548 512 424 
1.183359 -0.1430473 -0.9709597 63644806773786 72057594037928504 19 888.628 1406.089 210.6127 494.7294 512 424 
1.170776 -0.3011965 -0.9444662 63644806773786 72057594037928504 14 744.0295 1391.318 162.9106 488.5815 512 424 
1.049794 -0.2706917 -0.9591987 63644806773786 72057594037928504 15 0 0 165.4376 516.4692 512 424 
1.305699 -0.1704622 -0.9550393 63644806773786 72057594037928504 18 873.7197 1310.133 206.3187 468.2548 512 424 
1.183359 -0.1430473 -0.9709597 63644806773786 72057594037928504 19 888.628 1406.089 210.6127 494.7294 512 424 
1.122818 -0.2450051 -0.9510317 63644806773905 72057594037928504 14 0 0 177.2127 500.4592 512 424 
1.002431 -0.2148988 -0.9651293 63644806773905 72057594037928504 15 0 0 181.1427 529.1498 512 424 
1.063016 -0.1008589 -0.9449192 63644806773905 72057594037928504 18 0 0 220.3754 513.3266 512 424 
0.9429059 -0.07390217 -0.9581757 63644806773905 72057594037928504 19 0 0 227.1874 543.2645 512 424 
1.134725 -0.2556285 -0.9458188 63644806773971 72057594037928504 14 0 0 174.5001 496.6784 512 424 
1.014426 -0.2251169 -0.9606708 63644806773971 72057594037928504 15 0 0 178.2593 525.3264 512 424 
0.9356224 -0.05370518 -0.9144907 63644806773971 72057594037928504 18 0 0 233.8988 534.8838 512 424 
0.8168488 -0.0275796 -0.927088 63644806773971 72057594037928504 19 0 0 242.4527 568.403 512 424 
1.134725 -0.2556285 -0.9458188 63644806773971 72057594037928504 14 0 0 174.5001 496.6784 512 424 
1.014426 -0.2251169 -0.9606708 63644806773971 72057594037928504 15 0 0 178.2593 525.3264 512 424 
0.9356224 -0.05370518 -0.9144907 63644806773971 72057594037928504 18 0 0 233.8988 534.8838 512 424 
0.8168488 -0.0275796 -0.927088 63644806773971 72057594037928504 19 0 0 242.4527 568.403 512 424 
1.134725 -0.2556285 -0.9458188 63644806773971 72057594037928504 14 0 0 174.5001 496.6784 512 424 
1.014426 -0.2251169 -0.9606708 63644806773971 72057594037928504 15 0 0 178.2593 525.3264 512 424 
0.9356224 -0.05370518 -0.9144907 63644806773971 72057594037928504 18 0 0 233.8988 534.8838 512 424 
0.8168488 -0.0275796 -0.927088 63644806773971 72057594037928504 19 0 0 242.4527 568.403 512 424 
1.139737 -0.2519493 -0.9384503 63644806774063 72057594037928504 14 783.8742 1409.277 175.745 493.9936 512 424 
1.018885 -0.2242 -0.9541153 63644806774063 72057594037928504 15 0 0 178.6239 522.8906 512 424 
0.9434749 -0.04917414 -0.9208848 63644806774063 72057594037928504 18 0 0 235.6695 534.6101 512 424 
0.824271 -0.02586169 -0.9341577 63644806774063 72057594037928504 19 0 0 243.2116 568.063 512 424 
1.139737 -0.2519493 -0.9384503 63644806774063 72057594037928504 14 783.8742 1409.277 175.745 493.9936 512 424 
1.018885 -0.2242 -0.9541153 63644806774063 72057594037928504 15 0 0 178.6239 522.8906 512 424 
0.9434749 -0.04917414 -0.9208848 63644806774063 72057594037928504 18 0 0 235.6695 534.6101 512 424 
0.824271 -0.02586169 -0.9341577 63644806774063 72057594037928504 19 0 0 243.2116 568.063 512 424 
1.139737 -0.2519493 -0.9384503 63644806774063 72057594037928504 14 783.8742 1409.277 175.745 493.9936 512 424 
1.018885 -0.2242 -0.9541153 63644806774063 72057594037928504 15 0 0 178.6239 522.8906 512 424 
0.9434749 -0.04917414 -0.9208848 63644806774063 72057594037928504 18 0 0 235.6695 534.6101 512 424 
0.824271 -0.02586169 -0.9341577 63644806774063 72057594037928504 19 0 0 243.2116 568.063 512 424 
1.064641 -0.1896713 -0.9338695 63644806774169 72057594037928504 14 0 0 191.5381 509.1582 512 424 
0.9438995 -0.1638345 -0.9479508 63644806774169 72057594037928504 15 0 0 195.5258 539.3096 512 424 
0.9907064 -0.01560635 -0.5952296 63644806774169 72057594037928504 17 1009.152 1169.981 247.4819 425.4712 512 424 
0.9240569 -0.0009995906 -0.9275013 63644806774169 72057594037928504 18 0 0 252.8932 540.9137 512 424 
0.8046687 0.02038392 -0.9400801 63644806774169 72057594037928504 19 0 0 261.2851 575.6315 512 424 
0.969335 -0.1189469 -0.5992706 63644806774240 72057594037928504 13 896.7551 1188.695 208.4106 431.2194 512 424 
0.9497563 -0.1012283 -0.9349862 63644806774240 72057594037928504 14 0 0 217.4494 536.0021 512 424 
0.8298144 -0.07781392 -0.9471089 63644806774240 72057594037928504 15 0 0 223.339 569.4076 512 424 
0.9666275 -0.003123607 -0.5973812 63644806774240 72057594037928504 17 1023.928 1188.38 252.0725 431.4187 512 424 
0.9262645 -0.00952986 -0.9326596 63644806774240 72057594037928504 18 0 0 249.8185 541.6005 512 424 
0.8065221 0.0115799 -0.9444462 63644806774240 72057594037928504 19 0 0 257.8033 576.256 512 424 
0.969335 -0.1189469 -0.5992706 63644806774240 72057594037928504 13 896.7551 1188.695 208.4106 431.2194 512 424 
0.9497563 -0.1012283 -0.9349862 63644806774240 72057594037928504 14 0 0 217.4494 536.0021 512 424 
0.8298144 -0.07781392 -0.9471089 63644806774240 72057594037928504 15 0 0 223.339 569.4076 512 424 
0.9666275 -0.003123607 -0.5973812 63644806774240 72057594037928504 17 1023.928 1188.38 252.0725 431.4187 512 424 
0.9262645 -0.00952986 -0.9326596 63644806774240 72057594037928504 18 0 0 249.8185 541.6005 512 424 
0.8065221 0.0115799 -0.9444462 63644806774240 72057594037928504 19 0 0 257.8033 576.256 512 424 
0.8720855 -0.0626797 -0.593443 63644806774325 72057594037928504 13 957.4125 1255.375 227.1638 452.3146 512 424 
0.7934384 -0.02829604 -0.9222637 63644806774325 72057594037928504 14 0 0 241.9333 574.2983 512 424 
0.6756846 -0.006013254 -0.9326336 63644806774325 72057594037928504 15 0 0 250.4155 645.6724 512 424 
0.9230151 0.04337694 -0.5977005 63644806774325 72057594037928504 17 1080.185 1220.039 270.3928 441.4349 512 424 
0.8819833 0.04395387 -0.9329065 63644806774325 72057594037928504 18 0 0 269.6029 552.2684 512 424 
0.7630653 0.06430254 -0.9443408 63644806774325 72057594037928504 19 0 0 279.6064 592.2833 512 424 
0.8720855 -0.0626797 -0.593443 63644806774325 72057594037928504 13 957.4125 1255.375 227.1638 452.3146 512 424 
0.7934384 -0.02829604 -0.9222637 63644806774325 72057594037928504 14 0 0 241.9333 574.2983 512 424 
0.6756846 -0.006013254 -0.9326336 63644806774325 72057594037928504 15 0 0 250.4155 645.6724 512 424 
0.9230151 0.04337694 -0.5977005 63644806774325 72057594037928504 17 1080.185 1220.039 270.3928 441.4349 512 424 
0.8819833 0.04395387 -0.9329065 63644806774325 72057594037928504 18 0 0 269.6029 552.2684 512 424 
0.7630653 0.06430254 -0.9443408 63644806774325 72057594037928504 19 0 0 279.6064 592.2833 512 424 
0.7965395 -0.0002506525 -0.5746682 63644806774390 72057594037928504 13 1039.739 1299.375 253.1413 465.6658 512 424 
0.6822779 0.06982413 -0.889586 63644806774390 72057594037928504 14 0 0 285.2509 612.9292 512 424 
0.5663788 0.09085768 -0.8989255 63644806774390 72057594037928504 15 0 0 318.7719 853.4988 512 424 
0.8757217 0.05513628 -0.59295 63644806774390 72057594037928504 17 1100.555 1251.746 276.1244 451.2324 512 424 
0.8299298 0.03785269 -0.9275398 63644806774390 72057594037928504 18 0 0 267.923 564.7133 512 424 
0.7120418 0.05995521 -0.9384636 63644806774390 72057594037928504 19 0 0 279.6286 618.1086 512 424 
0.6800692 0.01001422 -0.5388634 63644806774438 72057594037928504 13 1068.029 1375.751 258.4953 487.2714 512 424 
0.4846398 0.06794661 -0.820138 63644806774438 72057594037928504 14 0 0 325.1127 1072.636 512 424 
0.372228 0.0887005 -0.8276294 63644806774438 72057594037928504 15 0 0 885.0181 6100.021 512 424 
0.8532162 0.06468517 -0.5885857 63644806774438 72057594037928504 17 1115.967 1265.441 280.7371 455.3546 512 424 
0.8230308 0.03272833 -0.9229036 63644806774438 72057594037928504 18 0 0 266.0295 565.5189 512 424 
0.7053056 0.05498613 -0.9341866 63644806774438 72057594037928504 19 0 0 277.7012 620.6185 512 424 
0.6206638 0.03410808 -0.5246675 63644806774518 72057594037928504 13 0 0 272.5515 502.1176 512 424 
0.4081879 0.09819809 -0.7934027 63644806774518 72057594037928504 14 0 0 518.9085 2351.667 512 424 
0.2977119 0.11812 -0.8002114 63644806774518 72057594037928504 15 0 0 4237.718 27198.28 512 424 
0.8776376 0.1603299 -0.5800241 63644806774518 72057594037928504 17 1227.855 1234.462 319.5583 445.1531 512 424 
0.9204353 0.2040063 -0.9074528 63644806774518 72057594037928504 18 0 0 327.1937 534.1796 512 424 
0.8015907 0.2223631 -0.9206691 63644806774518 72057594037928504 19 0 0 340.9091 568.21 512 424 
0.6206638 0.03410808 -0.5246675 63644806774518 72057594037928504 13 0 0 272.5515 502.1176 512 424 
0.4081879 0.09819809 -0.7934027 63644806774518 72057594037928504 14 0 0 518.9085 2351.667 512 424 
0.2977119 0.11812 -0.8002114 63644806774518 72057594037928504 15 0 0 4237.718 27198.28 512 424 
0.8776376 0.1603299 -0.5800241 63644806774518 72057594037928504 17 1227.855 1234.462 319.5583 445.1531 512 424 
0.9204353 0.2040063 -0.9074528 63644806774518 72057594037928504 18 0 0 327.1937 534.1796 512 424 
0.8015907 0.2223631 -0.9206691 63644806774518 72057594037928504 19 0 0 340.9091 568.21 512 424 
0.6089172 0.04518364 -0.5242711 63644806774565 72057594037928504 13 0 0 279.1902 506.2178 512 424 
0.3974075 0.1164969 -0.7917629 63644806774565 72057594037928504 14 0 0 639.4352 2829.934 512 424 
0.2873759 0.1357712 -0.7987545 63644806774565 72057594037928504 15 0 0 6344.053 36038 512 424 
0.875042 0.1651686 -0.5791626 63644806774565 72057594037928504 17 1234.52 1235.518 321.7363 445.4175 512 424 
0.924803 0.2109713 -0.9049253 63644806774565 72057594037928504 18 0 0 329.5086 532.3651 512 424 
0.805999 0.2292175 -0.9185076 63644806774565 72057594037928504 19 0 0 343.27 565.9912 512 424 
0.6089172 0.04518364 -0.5242711 63644806774565 72057594037928504 13 0 0 279.1902 506.2178 512 424 
0.3974075 0.1164969 -0.7917629 63644806774565 72057594037928504 14 0 0 639.4352 2829.934 512 424 
0.2873759 0.1357712 -0.7987545 63644806774565 72057594037928504 15 0 0 6344.053 36038 512 424 
0.875042 0.1651686 -0.5791626 63644806774565 72057594037928504 17 1234.52 1235.518 321.7363 445.4175 512 424 
0.924803 0.2109713 -0.9049253 63644806774565 72057594037928504 18 0 0 329.5086 532.3651 512 424 
0.805999 0.2292175 -0.9185076 63644806774565 72057594037928504 19 0 0 343.27 565.9912 512 424 
0.5279102 0.1206991 -0.5267401 63644806774632 72057594037928504 13 0 0 329.18 536.6307 512 424 
0.3230253 0.2329233 -0.7830633 63644806774632 72057594037928504 14 0 0 4698.168 15148.61 512 424 
0.2153756 0.2469923 -0.7897557 63644806774632 72057594037928504 15 0 0 112810.7 360106.9 512 424 
0.7839708 0.1935355 -0.5957314 63644806774632 72057594037928504 17 1304.354 1341.133 340.9791 475.316 512 424 
0.8342751 0.2307864 -0.9215995 63644806774632 72057594037928504 18 0 0 341.6723 558.3652 512 424 
0.7167938 0.2476352 -0.9337589 63644806774632 72057594037928504 19 0 0 362.1414 615.8664 512 424 
0.750117 0.5327348 -0.03057509 63644806774632 72057594037928504 23 1801.845 571.8094 510.0027 220.0233 512 424 
0.4716121 -0.2419088 0.1132478 63644806774703 72057594037928504 6 539.3329 276.4959 64.77988 117.0546 512 424 
0.7546813 0.5300243 -0.08649877 63644806774703 72057594037928504 10 1793.014 650.703 507.1417 246.7216 512 424 
0.7441127 0.5290265 -0.07358544 63644806774703 72057594037928504 11 1803.359 633.8859 510 241 512 424 
0.4479193 0.1199275 -0.5246082 63644806774703 72057594037928504 13 0 0 337.4914 573.7701 512 424 
0.2275254 0.2297751 -0.7691142 63644806774703 72057594037928504 14 0 0 57481.72 191763.2 512 424 
0.1217111 0.239017 -0.7737397 63644806774703 72057594037928504 15 0 0 5929918 1.919556E+07 512 424 
0.7307538 0.2303124 -0.6004621 63644806774703 72057594037928504 17 1382.831 1408.168 362.9183 491.1982 512 424 
0.7937443 0.2974817 -0.9178217 63644806774703 72057594037928504 18 0 0 370.8607 568.1375 512 424 
0.6757267 0.3079788 -0.9287475 63644806774703 72057594037928504 19 0 0 405.3045 663.8118 512 424 
0.7305102 0.5366958 -0.08842684 63644806774703 72057594037928504 23 1830.449 657.4855 517.3104 248.794 512 424 
0.726 0.5161493 -0.07179428 63644806774703 72057594037928504 24 1805.245 633.8859 510 241 512 424 
0.4716121 -0.2419088 0.1132478 63644806774703 72057594037928504 6 539.3329 276.4959 64.77988 117.0546 512 424 
0.7546813 0.5300243 -0.08649877 63644806774703 72057594037928504 10 1793.014 650.703 507.1417 246.7216 512 424 
0.7441127 0.5290265 -0.07358544 63644806774703 72057594037928504 11 1803.359 633.8859 510 241 512 424 
0.4479193 0.1199275 -0.5246082 63644806774703 72057594037928504 13 0 0 337.4914 573.7701 512 424 
0.2275254 0.2297751 -0.7691142 63644806774703 72057594037928504 14 0 0 57481.72 191763.2 512 424 
0.1217111 0.239017 -0.7737397 63644806774703 72057594037928504 15 0 0 5929918 1.919556E+07 512 424 
0.7307538 0.2303124 -0.6004621 63644806774703 72057594037928504 17 1382.831 1408.168 362.9183 491.1982 512 424 
0.7937443 0.2974817 -0.9178217 63644806774703 72057594037928504 18 0 0 370.8607 568.1375 512 424 
0.6757267 0.3079788 -0.9287475 63644806774703 72057594037928504 19 0 0 405.3045 663.8118 512 424 
0.7305102 0.5366958 -0.08842684 63644806774703 72057594037928504 23 1830.449 657.4855 517.3104 248.794 512 424 
0.726 0.5161493 -0.07179428 63644806774703 72057594037928504 24 1805.245 633.8859 510 241 512 424 
0.6751529 0.1704838 0.3989286 63644806774792 72057594037928504 3 1318.224 -102.565 345.4113 -10.35625 512 424 
0.4433988 -0.1299049 0.1776363 63644806774792 72057594037928504 6 780.4097 104.674 145.2484 57.59616 512 424 
0.7241558 0.5202173 -0.145059 63644806774792 72057594037928504 10 1813.705 742.1946 511.3909 277.2672 512 424 
0.6959823 0.5671582 -0.1422831 63644806774792 72057594037928504 11 1921.288 746.4694 539.9239 277.2045 512 424 
0.3844779 -0.01071292 -0.5144473 63644806774792 72057594037928504 13 0 0 244.4952 625.938 512 424 
0.1201891 -0.07371556 -0.736304 63644806774792 72057594037928504 14 0 0 -1149946 1.148891E+07 512 424 
0.01749575 -0.05966496 -0.7402624 63644806774792 72057594037928504 15 0 0 -7.379059E+11 9.15519E+12 512 424 
0.6905185 0.3090371 -0.5973307 63644806774792 72057594037928504 17 0 0 404.4345 497.4994 512 424 
0.7318391 0.4332294 -0.900895 63644806774792 72057594037928504 18 0 0 440.985 595.6701 512 424 
0.6146613 0.4322025 -0.9134346 63644806774792 72057594037928504 19 0 0 570.5773 875.9301 512 424 
0.6828123 0.5743588 -0.1563792 63644806774792 72057594037928504 23 1951.403 772.7559 546.6309 285.1645 512 424 
0.6789117 0.5532473 -0.1387933 63644806774792 72057594037928504 24 1923.319 746.4694 539.9239 277.2045 512 424 
0.5917056 0.211692 0.3650576 63644806774876 72057594037928504 3 1442.76 -131.6989 382.5537 -17.68483 512 424 
0.5831643 0.0467996 0.1619013 63644806774876 72057594037928504 4 1148.146 235.0863 282.817 103.0191 512 424 
0.5252429 -0.0953991 0.03135055 63644806774876 72057594037928504 5 880.9924 468.0101 186.5184 183.3565 512 424 
0.5558425 0.1054714 0.04277795 63644806774876 72057594037928504 7 1270.124 448.4713 323 177 512 424 
0.5999792 0.2758267 0.1054981 63644806774876 72057594037928504 8 1550.966 341.8031 422.7552 140.4574 512 424 
0.7795992 0.5704476 -0.1314161 63644806774876 72057594037928504 10 1822.508 708.2573 515.9288 265.801 512 424 
0.7935395 0.5911425 -0.1470545 63644806774876 72057594037928504 11 1835.576 726.1263 519.7845 271.5905 512 424 
0.3551438 0.01907996 -0.5582945 63644806774876 72057594037928504 13 0 0 274.3292 821.9382 512 424 
0.1603433 -0.0602258 -0.8291779 63644806774876 72057594037928504 14 0 0 -243333.3 3353861 512 424 
0.05668335 -0.04636114 -0.8330419 63644806774876 72057594037928504 15 0 0 -3.042711E+08 5.467311E+09 512 424 
0.5982819 0.3291663 -0.6078944 63644806774876 72057594037928504 17 0 0 428.2717 528.5035 512 424 
0.6143723 0.432789 -0.9216123 63644806774876 72057594037928504 18 0 0 580.7101 902.5947 512 424 
0.4996987 0.4320118 -0.9323525 63644806774876 72057594037928504 19 0 0 1558.462 3022.14 512 424 
0.5624129 0.06978893 0.02424057 63644806774876 72057594037928504 21 1199.102 484.7194 298.7864 189.4728 512 424 
0.534 0.1013267 0.04109694 63644806774876 72057594037928504 22 1274.262 448.4713 323 177 512 424 
0.7801217 0.5986592 -0.1612262 63644806774876 72057594037928504 23 1861.13 748.9175 526.2136 278.7989 512 424 
0.7758538 0.5779676 -0.1437771 63644806774876 72057594037928504 24 1837.191 726.1263 519.7845 271.5905 512 424 
0.5917056 0.211692 0.3650576 63644806774876 72057594037928504 3 1442.76 -131.6989 382.5537 -17.68483 512 424 
0.5831643 0.0467996 0.1619013 63644806774876 72057594037928504 4 1148.146 235.0863 282.817 103.0191 512 424 
0.5252429 -0.0953991 0.03135055 63644806774876 72057594037928504 5 880.9924 468.0101 186.5184 183.3565 512 424 
0.5558425 0.1054714 0.04277795 63644806774876 72057594037928504 7 1270.124 448.4713 323 177 512 424 
0.5999792 0.2758267 0.1054981 63644806774876 72057594037928504 8 1550.966 341.8031 422.7552 140.4574 512 424 
0.7795992 0.5704476 -0.1314161 63644806774876 72057594037928504 10 1822.508 708.2573 515.9288 265.801 512 424 
0.7935395 0.5911425 -0.1470545 63644806774876 72057594037928504 11 1835.576 726.1263 519.7845 271.5905 512 424 
0.3551438 0.01907996 -0.5582945 63644806774876 72057594037928504 13 0 0 274.3292 821.9382 512 424 
0.1603433 -0.0602258 -0.8291779 63644806774876 72057594037928504 14 0 0 -243333.3 3353861 512 424 
0.05668335 -0.04636114 -0.8330419 63644806774876 72057594037928504 15 0 0 -3.042711E+08 5.467311E+09 512 424 
0.5982819 0.3291663 -0.6078944 63644806774876 72057594037928504 17 0 0 428.2717 528.5035 512 424 
0.6143723 0.432789 -0.9216123 63644806774876 72057594037928504 18 0 0 580.7101 902.5947 512 424 
0.4996987 0.4320118 -0.9323525 63644806774876 72057594037928504 19 0 0 1558.462 3022.14 512 424 
0.5624129 0.06978893 0.02424057 63644806774876 72057594037928504 21 1199.102 484.7194 298.7864 189.4728 512 424 
0.534 0.1013267 0.04109694 63644806774876 72057594037928504 22 1274.262 448.4713 323 177 512 424 
0.7801217 0.5986592 -0.1612262 63644806774876 72057594037928504 23 1861.13 748.9175 526.2136 278.7989 512 424 
0.7758538 0.5779676 -0.1437771 63644806774876 72057594037928504 24 1837.191 726.1263 519.7845 271.5905 512 424 
0.5917056 0.211692 0.3650576 63644806774876 72057594037928504 3 1442.76 -131.6989 382.5537 -17.68483 512 424 
0.5831643 0.0467996 0.1619013 63644806774876 72057594037928504 4 1148.146 235.0863 282.817 103.0191 512 424 
0.5252429 -0.0953991 0.03135055 63644806774876 72057594037928504 5 880.9924 468.0101 186.5184 183.3565 512 424 
0.5558425 0.1054714 0.04277795 63644806774876 72057594037928504 7 1270.124 448.4713 323 177 512 424 
0.5999792 0.2758267 0.1054981 63644806774876 72057594037928504 8 1550.966 341.8031 422.7552 140.4574 512 424 
0.7795992 0.5704476 -0.1314161 63644806774876 72057594037928504 10 1822.508 708.2573 515.9288 265.801 512 424 
0.7935395 0.5911425 -0.1470545 63644806774876 72057594037928504 11 1835.576 726.1263 519.7845 271.5905 512 424 
0.3551438 0.01907996 -0.5582945 63644806774876 72057594037928504 13 0 0 274.3292 821.9382 512 424 
0.1603433 -0.0602258 -0.8291779 63644806774876 72057594037928504 14 0 0 -243333.3 3353861 512 424 
0.05668335 -0.04636114 -0.8330419 63644806774876 72057594037928504 15 0 0 -3.042711E+08 5.467311E+09 512 424 
0.5982819 0.3291663 -0.6078944 63644806774876 72057594037928504 17 0 0 428.2717 528.5035 512 424 
0.6143723 0.432789 -0.9216123 63644806774876 72057594037928504 18 0 0 580.7101 902.5947 512 424 
0.4996987 0.4320118 -0.9323525 63644806774876 72057594037928504 19 0 0 1558.462 3022.14 512 424 
0.5624129 0.06978893 0.02424057 63644806774876 72057594037928504 21 1199.102 484.7194 298.7864 189.4728 512 424 
0.534 0.1013267 0.04109694 63644806774876 72057594037928504 22 1274.262 448.4713 323 177 512 424 
0.7801217 0.5986592 -0.1612262 63644806774876 72057594037928504 23 1861.13 748.9175 526.2136 278.7989 512 424 
0.7758538 0.5779676 -0.1437771 63644806774876 72057594037928504 24 1837.191 726.1263 519.7845 271.5905 512 424 
0.4984717 0.3170611 -0.5411637 63644806774984 72057594037928504 0 0 0 451.8633 544.2749 512 424 
0.4891697 0.3825021 0.1028755 63644806774984 72057594037928504 3 1919.333 302.7516 530.4222 130.7425 512 424 
0.482071 0.199131 -0.08596843 63644806774984 72057594037928504 4 1524.636 719.3031 405.678 271.0916 512 424 
0.42347 0.05142083 -0.2118072 63644806774984 72057594037928504 5 1230.78 1062.389 297.9915 389.5621 512 424 
0.4934817 0.4243996 -0.139221 63644806774984 72057594037928504 8 2003.635 829.6165 550.2838 302.7258 512 424 
0.5979895 0.588604 -0.268874 63644806774984 72057594037928504 9 2119.898 1009.784 573.5972 351.62 512 424 
0.5767804 0.4549656 -0.04682506 63644806774984 72057594037928504 10 1909.425 614.7265 533.9409 234.176 512 424 
0.5402138 0.380049 -0.0319661 63644806774984 72057594037928504 11 1823.784 591.4977 507.8054 226.6982 512 424 
0.4562097 0.1882827 -0.5135511 63644806774984 72057594037928504 12 0 0 383.165 559.6247 512 424 
0.2682553 0.2473084 -0.7850258 63644806774984 72057594037928504 13 0 0 21171.4 66605.33 512 424 
0.4178494 0.1436549 -0.4209813 63644806774984 72057594037928504 14 0 0 365.8157 535.1478 512 424 
0.2975076 0.1472353 -0.434544 63644806774984 72057594037928504 15 0 0 437.9136 750.2814 512 424 
0.4972666 0.4162798 -0.5219293 63644806774984 72057594037928504 16 0 0 516.7192 535.6179 512 424 
0.4870045 0.4527381 -0.787809 63644806774984 72057594037928504 17 0 0 1020.134 1539.734 512 424 
0.6064063 0.4174691 -0.9880458 63644806774984 72057594037928504 18 0 0 679.4036 1213.876 512 424 
0.5768676 0.3983501 -0.8416598 63644806774984 72057594037928504 19 0 0 545.8888 823.5837 512 424 
0.531 0.3719765 -0.06639544 63644806774984 72057594037928504 24 1822.486 661.836 506.4935 250.4893 512 424 
0.1769287 -0.08612668 0.1847438 63644806775048 72057594037928504 10 0 0 98.25952 -127.181 512 424 
0.1664566 -0.1415598 0.1706636 63644806775048 72057594037928504 11 0 0 -13.70937 -116.5627 512 424 
0.4529977 0.01832712 0.05058281 63644806775048 72057594037928504 15 1134.027 412.1088 268.0963 164.3257 512 424 
0.1540186 -0.1488662 0.2121421 63644806775048 72057594037928504 23 0 0 -223.71 -474.4123 512 424 
0.1620712 -0.1254351 0.1214327 63644806775048 72057594037928504 24 481.4494 -273.455 0.9523773 -38.96414 512 424 
0.1769287 -0.08612668 0.1847438 63644806775048 72057594037928504 10 0 0 98.25952 -127.181 512 424 
0.1664566 -0.1415598 0.1706636 63644806775048 72057594037928504 11 0 0 -13.70937 -116.5627 512 424 
0.4529977 0.01832712 0.05058281 63644806775048 72057594037928504 15 1134.027 412.1088 268.0963 164.3257 512 424 
0.1540186 -0.1488662 0.2121421 63644806775048 72057594037928504 23 0 0 -223.71 -474.4123 512 424 
0.1620712 -0.1254351 0.1214327 63644806775048 72057594037928504 24 481.4494 -273.455 0.9523773 -38.96414 512 424 
0.1769287 -0.08612668 0.1847438 63644806775048 72057594037928504 10 0 0 98.25952 -127.181 512 424 
0.1664566 -0.1415598 0.1706636 63644806775048 72057594037928504 11 0 0 -13.70937 -116.5627 512 424 
0.4529977 0.01832712 0.05058281 63644806775048 72057594037928504 15 1134.027 412.1088 268.0963 164.3257 512 424 
0.1540186 -0.1488662 0.2121421 63644806775048 72057594037928504 23 0 0 -223.71 -474.4123 512 424 
0.1620712 -0.1254351 0.1214327 63644806775048 72057594037928504 24 481.4494 -273.455 0.9523773 -38.96414 512 424 
0.1769287 -0.08612668 0.1847438 63644806775048 72057594037928504 10 0 0 98.25952 -127.181 512 424 
0.1664566 -0.1415598 0.1706636 63644806775048 72057594037928504 11 0 0 -13.70937 -116.5627 512 424 
0.4529977 0.01832712 0.05058281 63644806775048 72057594037928504 15 1134.027 412.1088 268.0963 164.3257 512 424 
0.1540186 -0.1488662 0.2121421 63644806775048 72057594037928504 23 0 0 -223.71 -474.4123 512 424 
0.1620712 -0.1254351 0.1214327 63644806775048 72057594037928504 24 481.4494 -273.455 0.9523773 -38.96414 512 424 
0.1769287 -0.08612668 0.1847438 63644806775048 72057594037928504 10 0 0 98.25952 -127.181 512 424 
0.1664566 -0.1415598 0.1706636 63644806775048 72057594037928504 11 0 0 -13.70937 -116.5627 512 424 
0.4529977 0.01832712 0.05058281 63644806775048 72057594037928504 15 1134.027 412.1088 268.0963 164.3257 512 424 
0.1540186 -0.1488662 0.2121421 63644806775048 72057594037928504 23 0 0 -223.71 -474.4123 512 424 
0.1620712 -0.1254351 0.1214327 63644806775048 72057594037928504 24 481.4494 -273.455 0.9523773 -38.96414 512 424 
0.1769287 -0.08612668 0.1847438 63644806775048 72057594037928504 10 0 0 98.25952 -127.181 512 424 
0.1664566 -0.1415598 0.1706636 63644806775048 72057594037928504 11 0 0 -13.70937 -116.5627 512 424 
0.4529977 0.01832712 0.05058281 63644806775048 72057594037928504 15 1134.027 412.1088 268.0963 164.3257 512 424 
0.1540186 -0.1488662 0.2121421 63644806775048 72057594037928504 23 0 0 -223.71 -474.4123 512 424 
0.1620712 -0.1254351 0.1214327 63644806775048 72057594037928504 24 481.4494 -273.455 0.9523773 -38.96414 512 424 
0.1769287 -0.08612668 0.1847438 63644806775048 72057594037928504 10 0 0 98.25952 -127.181 512 424 
0.1664566 -0.1415598 0.1706636 63644806775048 72057594037928504 11 0 0 -13.70937 -116.5627 512 424 
0.4529977 0.01832712 0.05058281 63644806775048 72057594037928504 15 1134.027 412.1088 268.0963 164.3257 512 424 
0.1540186 -0.1488662 0.2121421 63644806775048 72057594037928504 23 0 0 -223.71 -474.4123 512 424 
0.1620712 -0.1254351 0.1214327 63644806775048 72057594037928504 24 481.4494 -273.455 0.9523773 -38.96414 512 424 
0.1769287 -0.08612668 0.1847438 63644806775048 72057594037928504 10 0 0 98.25952 -127.181 512 424 
0.1664566 -0.1415598 0.1706636 63644806775048 72057594037928504 11 0 0 -13.70937 -116.5627 512 424 
0.4529977 0.01832712 0.05058281 63644806775048 72057594037928504 15 1134.027 412.1088 268.0963 164.3257 512 424 
0.1540186 -0.1488662 0.2121421 63644806775048 72057594037928504 23 0 0 -223.71 -474.4123 512 424 
0.1620712 -0.1254351 0.1214327 63644806775048 72057594037928504 24 481.4494 -273.455 0.9523773 -38.96414 512 424 
0.1769287 -0.08612668 0.1847438 63644806775048 72057594037928504 10 0 0 98.25952 -127.181 512 424 
0.1664566 -0.1415598 0.1706636 63644806775048 72057594037928504 11 0 0 -13.70937 -116.5627 512 424 
0.4529977 0.01832712 0.05058281 63644806775048 72057594037928504 15 1134.027 412.1088 268.0963 164.3257 512 424 
0.1540186 -0.1488662 0.2121421 63644806775048 72057594037928504 23 0 0 -223.71 -474.4123 512 424 
0.1620712 -0.1254351 0.1214327 63644806775048 72057594037928504 24 481.4494 -273.455 0.9523773 -38.96414 512 424 
0.1769287 -0.08612668 0.1847438 63644806775048 72057594037928504 10 0 0 98.25952 -127.181 512 424 
0.1664566 -0.1415598 0.1706636 63644806775048 72057594037928504 11 0 0 -13.70937 -116.5627 512 424 
0.4529977 0.01832712 0.05058281 63644806775048 72057594037928504 15 1134.027 412.1088 268.0963 164.3257 512 424 
0.1540186 -0.1488662 0.2121421 63644806775048 72057594037928504 23 0 0 -223.71 -474.4123 512 424 
0.1620712 -0.1254351 0.1214327 63644806775048 72057594037928504 24 481.4494 -273.455 0.9523773 -38.96414 512 424 
0.1769287 -0.08612668 0.1847438 63644806775048 72057594037928504 10 0 0 98.25952 -127.181 512 424 
0.1664566 -0.1415598 0.1706636 63644806775048 72057594037928504 11 0 0 -13.70937 -116.5627 512 424 
0.4529977 0.01832712 0.05058281 63644806775048 72057594037928504 15 1134.027 412.1088 268.0963 164.3257 512 424 
0.1540186 -0.1488662 0.2121421 63644806775048 72057594037928504 23 0 0 -223.71 -474.4123 512 424 
0.1620712 -0.1254351 0.1214327 63644806775048 72057594037928504 24 481.4494 -273.455 0.9523773 -38.96414 512 424 
0.1769287 -0.08612668 0.1847438 63644806775048 72057594037928504 10 0 0 98.25952 -127.181 512 424 
0.1664566 -0.1415598 0.1706636 63644806775048 72057594037928504 11 0 0 -13.70937 -116.5627 512 424 
0.4529977 0.01832712 0.05058281 63644806775048 72057594037928504 15 1134.027 412.1088 268.0963 164.3257 512 424 
0.1540186 -0.1488662 0.2121421 63644806775048 72057594037928504 23 0 0 -223.71 -474.4123 512 424 
0.1620712 -0.1254351 0.1214327 63644806775048 72057594037928504 24 481.4494 -273.455 0.9523773 -38.96414 512 424 
0.1769287 -0.08612668 0.1847438 63644806775048 72057594037928504 10 0 0 98.25952 -127.181 512 424 
0.1664566 -0.1415598 0.1706636 63644806775048 72057594037928504 11 0 0 -13.70937 -116.5627 512 424 
0.4529977 0.01832712 0.05058281 63644806775048 72057594037928504 15 1134.027 412.1088 268.0963 164.3257 512 424 
0.1540186 -0.1488662 0.2121421 63644806775048 72057594037928504 23 0 0 -223.71 -474.4123 512 424 
0.1620712 -0.1254351 0.1214327 63644806775048 72057594037928504 24 481.4494 -273.455 0.9523773 -38.96414 512 424 
0.1769287 -0.08612668 0.1847438 63644806775048 72057594037928504 10 0 0 98.25952 -127.181 512 424 
0.1664566 -0.1415598 0.1706636 63644806775048 72057594037928504 11 0 0 -13.70937 -116.5627 512 424 
0.4529977 0.01832712 0.05058281 63644806775048 72057594037928504 15 1134.027 412.1088 268.0963 164.3257 512 424 
0.1540186 -0.1488662 0.2121421 63644806775048 72057594037928504 23 0 0 -223.71 -474.4123 512 424 
0.1620712 -0.1254351 0.1214327 63644806775048 72057594037928504 24 481.4494 -273.455 0.9523773 -38.96414 512 424 
0.1769287 -0.08612668 0.1847438 63644806775048 72057594037928504 10 0 0 98.25952 -127.181 512 424 
0.1664566 -0.1415598 0.1706636 63644806775048 72057594037928504 11 0 0 -13.70937 -116.5627 512 424 
0.4529977 0.01832712 0.05058281 63644806775048 72057594037928504 15 1134.027 412.1088 268.0963 164.3257 512 424 
0.1540186 -0.1488662 0.2121421 63644806775048 72057594037928504 23 0 0 -223.71 -474.4123 512 424 
0.1620712 -0.1254351 0.1214327 63644806775048 72057594037928504 24 481.4494 -273.455 0.9523773 -38.96414 512 424 
0.1769287 -0.08612668 0.1847438 63644806775048 72057594037928504 10 0 0 98.25952 -127.181 512 424 
0.1664566 -0.1415598 0.1706636 63644806775048 72057594037928504 11 0 0 -13.70937 -116.5627 512 424 
0.4529977 0.01832712 0.05058281 63644806775048 72057594037928504 15 1134.027 412.1088 268.0963 164.3257 512 424 
0.1540186 -0.1488662 0.2121421 63644806775048 72057594037928504 23 0 0 -223.71 -474.4123 512 424 
0.1620712 -0.1254351 0.1214327 63644806775048 72057594037928504 24 481.4494 -273.455 0.9523773 -38.96414 512 424 
0.1769287 -0.08612668 0.1847438 63644806775048 72057594037928504 10 0 0 98.25952 -127.181 512 424 
0.1664566 -0.1415598 0.1706636 63644806775048 72057594037928504 11 0 0 -13.70937 -116.5627 512 424 
0.4529977 0.01832712 0.05058281 63644806775048 72057594037928504 15 1134.027 412.1088 268.0963 164.3257 512 424 
0.1540186 -0.1488662 0.2121421 63644806775048 72057594037928504 23 0 0 -223.71 -474.4123 512 424 
0.1620712 -0.1254351 0.1214327 63644806775048 72057594037928504 24 481.4494 -273.455 0.9523773 -38.96414 512 424 
0.1769287 -0.08612668 0.1847438 63644806775048 72057594037928504 10 0 0 98.25952 -127.181 512 424 
0.1664566 -0.1415598 0.1706636 63644806775048 72057594037928504 11 0 0 -13.70937 -116.5627 512 424 
0.4529977 0.01832712 0.05058281 63644806775048 72057594037928504 15 1134.027 412.1088 268.0963 164.3257 512 424 
0.1540186 -0.1488662 0.2121421 63644806775048 72057594037928504 23 0 0 -223.71 -474.4123 512 424 
0.1620712 -0.1254351 0.1214327 63644806775048 72057594037928504 24 481.4494 -273.455 0.9523773 -38.96414 512 424 
0.1769287 -0.08612668 0.1847438 63644806775048 72057594037928504 10 0 0 98.25952 -127.181 512 424 
0.1664566 -0.1415598 0.1706636 63644806775048 72057594037928504 11 0 0 -13.70937 -116.5627 512 424 
0.4529977 0.01832712 0.05058281 63644806775048 72057594037928504 15 1134.027 412.1088 268.0963 164.3257 512 424 
0.1540186 -0.1488662 0.2121421 63644806775048 72057594037928504 23 0 0 -223.71 -474.4123 512 424 
0.1620712 -0.1254351 0.1214327 63644806775048 72057594037928504 24 481.4494 -273.455 0.9523773 -38.96414 512 424 
0.1769287 -0.08612668 0.1847438 63644806775048 72057594037928504 10 0 0 98.25952 -127.181 512 424 
0.1664566 -0.1415598 0.1706636 63644806775048 72057594037928504 11 0 0 -13.70937 -116.5627 512 424 
0.4529977 0.01832712 0.05058281 63644806775048 72057594037928504 15 1134.027 412.1088 268.0963 164.3257 512 424 
0.1540186 -0.1488662 0.2121421 63644806775048 72057594037928504 23 0 0 -223.71 -474.4123 512 424 
0.1620712 -0.1254351 0.1214327 63644806775048 72057594037928504 24 481.4494 -273.455 0.9523773 -38.96414 512 424 
0.1769287 -0.08612668 0.1847438 63644806775048 72057594037928504 10 0 0 98.25952 -127.181 512 424 
0.1664566 -0.1415598 0.1706636 63644806775048 72057594037928504 11 0 0 -13.70937 -116.5627 512 424 
0.4529977 0.01832712 0.05058281 63644806775048 72057594037928504 15 1134.027 412.1088 268.0963 164.3257 512 424 
0.1540186 -0.1488662 0.2121421 63644806775048 72057594037928504 23 0 0 -223.71 -474.4123 512 424 
0.1620712 -0.1254351 0.1214327 63644806775048 72057594037928504 24 481.4494 -273.455 0.9523773 -38.96414 512 424 
0.1769287 -0.08612668 0.1847438 63644806775048 72057594037928504 10 0 0 98.25952 -127.181 512 424 
0.1664566 -0.1415598 0.1706636 63644806775048 72057594037928504 11 0 0 -13.70937 -116.5627 512 424 
0.4529977 0.01832712 0.05058281 63644806775048 72057594037928504 15 1134.027 412.1088 268.0963 164.3257 512 424 
0.1540186 -0.1488662 0.2121421 63644806775048 72057594037928504 23 0 0 -223.71 -474.4123 512 424 
0.1620712 -0.1254351 0.1214327 63644806775048 72057594037928504 24 481.4494 -273.455 0.9523773 -38.96414 512 424 
0.1769287 -0.08612668 0.1847438 63644806775048 72057594037928504 10 0 0 98.25952 -127.181 512 424 
0.1664566 -0.1415598 0.1706636 63644806775048 72057594037928504 11 0 0 -13.70937 -116.5627 512 424 
0.4529977 0.01832712 0.05058281 63644806775048 72057594037928504 15 1134.027 412.1088 268.0963 164.3257 512 424 
0.1540186 -0.1488662 0.2121421 63644806775048 72057594037928504 23 0 0 -223.71 -474.4123 512 424 
0.1620712 -0.1254351 0.1214327 63644806775048 72057594037928504 24 481.4494 -273.455 0.9523773 -38.96414 512 424 
0.1769287 -0.08612668 0.1847438 63644806775048 72057594037928504 10 0 0 98.25952 -127.181 512 424 
0.1664566 -0.1415598 0.1706636 63644806775048 72057594037928504 11 0 0 -13.70937 -116.5627 512 424 
0.4529977 0.01832712 0.05058281 63644806775048 72057594037928504 15 1134.027 412.1088 268.0963 164.3257 512 424 
0.1540186 -0.1488662 0.2121421 63644806775048 72057594037928504 23 0 0 -223.71 -474.4123 512 424 
0.1620712 -0.1254351 0.1214327 63644806775048 72057594037928504 24 481.4494 -273.455 0.9523773 -38.96414 512 424 
0.1769287 -0.08612668 0.1847438 63644806775048 72057594037928504 10 0 0 98.25952 -127.181 512 424 
0.1664566 -0.1415598 0.1706636 63644806775048 72057594037928504 11 0 0 -13.70937 -116.5627 512 424 
0.4529977 0.01832712 0.05058281 63644806775048 72057594037928504 15 1134.027 412.1088 268.0963 164.3257 512 424 
0.1540186 -0.1488662 0.2121421 63644806775048 72057594037928504 23 0 0 -223.71 -474.4123 512 424 
0.1620712 -0.1254351 0.1214327 63644806775048 72057594037928504 24 481.4494 -273.455 0.9523773 -38.96414 512 424 
0.1769287 -0.08612668 0.1847438 63644806775048 72057594037928504 10 0 0 98.25952 -127.181 512 424 
0.1664566 -0.1415598 0.1706636 63644806775048 72057594037928504 11 0 0 -13.70937 -116.5627 512 424 
0.4529977 0.01832712 0.05058281 63644806775048 72057594037928504 15 1134.027 412.1088 268.0963 164.3257 512 424 
0.1540186 -0.1488662 0.2121421 63644806775048 72057594037928504 23 0 0 -223.71 -474.4123 512 424 
0.1620712 -0.1254351 0.1214327 63644806775048 72057594037928504 24 481.4494 -273.455 0.9523773 -38.96414 512 424 
0.1769287 -0.08612668 0.1847438 63644806775048 72057594037928504 10 0 0 98.25952 -127.181 512 424 
0.1664566 -0.1415598 0.1706636 63644806775048 72057594037928504 11 0 0 -13.70937 -116.5627 512 424 
0.4529977 0.01832712 0.05058281 63644806775048 72057594037928504 15 1134.027 412.1088 268.0963 164.3257 512 424 
0.1540186 -0.1488662 0.2121421 63644806775048 72057594037928504 23 0 0 -223.71 -474.4123 512 424 
0.16