First JointType Second JointType  Angle   IsImportant?(%)
3 20 24.6128010203842 100
2 1 25.5918449049185 100
2 8 15.1590711159677 100
2 4 15.0496298470001 100
20 0 25.5839479849137 100
1 16 0.125028778834176 100
1 12 0.101373649425129 100
20 9 16.2151539865881 100
20 5 17.1552050330679 100
0 17 0.070372772024703 100
0 13 0.0978455426905545 100
8 10 0.619425665101426 100
9 11 2.05049945830241 100
9 24 23.0823544063193 100
10 23 23.3517845549475 100
4 6 0.217324627646498 100
5 7 1.07657165702068 100
5 22 27.1387333426125 100
6 21 19.3911095903604 100
16 18 24.6402121616254 100
17 19 24.4524037960468 100
12 14 0.10510223578539 100
13 15 2.90993250197489 100
3 20 24.6128010203842 100
2 1 25.5918449049185 100
2 8 15.1590711159677 100
2 4 15.0496298470001 100
20 0 25.5839479849137 100
1 16 0.125028778834176 100
1 12 0.101373649425129 100
20 9 16.2151539865881 100
20 5 17.1552050330679 100
0 17 0.070372772024703 100
0 13 0.0978455426905545 100
8 10 0.619425665101426 100
9 11 2.05049945830241 100
9 24 23.0823544063193 100
10 23 23.3517845549475 100
4 6 0.217324627646498 100
5 7 1.07657165702068 100
5 22 27.1387333426125 100
6 21 19.3911095903604 100
16 18 24.6402121616254 100
17 19 24.4524037960468 100
12 14 0.10510223578539 100
13 15 2.90993250197489 100
3 20 24.6128010203842 100
2 1 25.5918449049185 100
2 8 15.1590711159677 100
2 4 15.0496298470001 100
20 0 25.5839479849137 100
1 16 0.125028778834176 100
1 12 0.101373649425129 100
20 9 16.2151539865881 100
20 5 17.1552050330679 100
0 17 0.070372772024703 100
0 13 0.0978455426905545 100
8 10 0.619425665101426 100
9 11 2.05049945830241 100
9 24 23.0823544063193 100
10 23 23.3517845549475 100
4 6 0.217324627646498 100
5 7 1.07657165702068 100
5 22 27.1387333426125 100
6 21 19.3911095903604 100
16 18 24.6402121616254 100
17 19 24.4524037960468 100
12 14 0.10510223578539 100
13 15 2.90993250197489 100
3 20 24.6128010203842 100
2 1 25.5918449049185 100
2 8 15.1590711159677 100
2 4 15.0496298470001 100
20 0 25.5839479849137 100
1 16 0.125028778834176 100
1 12 0.101373649425129 100
20 9 16.2151539865881 100
20 5 17.1552050330679 100
0 17 0.070372772024703 100
0 13 0.0978455426905545 100
8 10 0.619425665101426 100
9 11 2.05049945830241 100
9 24 23.0823544063193 100
10 23 23.3517845549475 100
4 6 0.217324627646498 100
5 7 1.07657165702068 100
5 22 27.1387333426125 100
6 21 19.3911095903604 100
16 18 24.6402121616254 100
17 19 24.4524037960468 100
12 14 0.10510223578539 100
13 15 2.90993250197489 100
3 20 26.8440752754528 100
2 1 27.9221502644261 100
2 8 16.4929787582292 100
2 4 16.4327015314416 100
20 0 27.9141162225226 100
1 16 0.0930959580719667 100
1 12 0.0721748218655173 100
20 9 17.6255387130264 100
20 5 18.7306552261004 100
0 17 0.108156273444502 100
0 13 0.0509102203043776 100
8 10 0.708247926319484 100
9 11 1.42772124508921 100
9 24 21.213373943653 100
10 23 25.7170321053916 100
4 6 0.191152429707231 100
5 7 0.82046588740867 100
5 22 30.5384393247995 100
6 21 21.2168556895891 100
16 18 26.9284872063735 100
17 19 27.4112251527851 100
12 14 0.111542690368001 100
13 15 2.81423511501572 100
3 20 26.8440752754528 100
2 1 27.9221502644261 100
2 8 16.4929787582292 100
2 4 16.4327015314416 100
20 0 27.9141162225226 100
1 16 0.0930959580719667 100
1 12 0.0721748218655173 100
20 9 17.6255387130264 100
20 5 18.7306552261004 100
0 17 0.108156273444502 100
0 13 0.0509102203043776 100
8 10 0.708247926319484 100
9 11 1.42772124508921 100
9 24 21.213373943653 100
10 23 25.7170321053916 100
4 6 0.191152429707231 100
5 7 0.82046588740867 100
5 22 30.5384393247995 100
6 21 21.2168556895891 100
16 18 26.9284872063735 100
17 19 27.4112251527851 100
12 14 0.111542690368001 100
13 15 2.81423511501572 100
3 20 26.8440752754528 100
2 1 27.9221502644261 100
2 8 16.4929787582292 100
2 4 16.4327015314416 100
20 0 27.9141162225226 100
1 16 0.0930959580719667 100
1 12 0.0721748218655173 100
20 9 17.6255387130264 100
20 5 18.7306552261004 100
0 17 0.108156273444502 100
0 13 0.0509102203043776 100
8 10 0.708247926319484 100
9 11 1.42772124508921 100
9 24 21.213373943653 100
10 23 25.7170321053916 100
4 6 0.191152429707231 100
5 7 0.82046588740867 100
5 22 30.5384393247995 100
6 21 21.2168556895891 100
16 18 26.9284872063735 100
17 19 27.4112251527851 100
12 14 0.111542690368001 100
13 15 2.81423511501572 100
3 20 26.8440752754528 100
2 1 27.9221502644261 100
2 8 16.4929787582292 100
2 4 16.4327015314416 100
20 0 27.9141162225226 100
1 16 0.0930959580719667 100
1 12 0.0721748218655173 100
20 9 17.6255387130264 100
20 5 18.7306552261004 100
0 17 0.108156273444502 100
0 13 0.0509102203043776 100
8 10 0.708247926319484 100
9 11 1.42772124508921 100
9 24 21.213373943653 100
10 23 25.7170321053916 100
4 6 0.191152429707231 100
5 7 0.82046588740867 100
5 22 30.5384393247995 100
6 21 21.2168556895891 100
16 18 26.9284872063735 100
17 19 27.4112251527851 100
12 14 0.111542690368001 100
13 15 2.81423511501572 100
3 20 26.8440752754528 100
2 1 27.9221502644261 100
2 8 16.4929787582292 100
2 4 16.4327015314416 100
20 0 27.9141162225226 100
1 16 0.0930959580719667 100
1 12 0.0721748218655173 100
20 9 17.6255387130264 100
20 5 18.7306552261004 100
0 17 0.108156273444502 100
0 13 0.0509102203043776 100
8 10 0.708247926319484 100
9 11 1.42772124508921 100
9 24 21.213373943653 100
10 23 25.7170321053916 100
4 6 0.191152429707231 100
5 7 0.82046588740867 100
5 22 30.5384393247995 100
6 21 21.2168556895891 100
16 18 26.9284872063735 100
17 19 27.4112251527851 100
12 14 0.111542690368001 100
13 15 2.81423511501572 100
3 20 26.8440752754528 100
2 1 27.9221502644261 100
2 8 16.4929787582292 100
2 4 16.4327015314416 100
20 0 27.9141162225226 100
1 16 0.0930959580719667 100
1 12 0.0721748218655173 100
20 9 17.6255387130264 100
20 5 18.7306552261004 100
0 17 0.108156273444502 100
0 13 0.0509102203043776 100
8 10 0.708247926319484 100
9 11 1.42772124508921 100
9 24 21.213373943653 100
10 23 25.7170321053916 100
4 6 0.191152429707231 100
5 7 0.82046588740867 100
5 22 30.5384393247995 100
6 21 21.2168556895891 100
16 18 26.9284872063735 100
17 19 27.4112251527851 100
12 14 0.111542690368001 100
13 15 2.81423511501572 100
3 20 26.8440752754528 100
2 1 27.9221502644261 100
2 8 16.4929787582292 100
2 4 16.4327015314416 100
20 0 27.9141162225226 100
1 16 0.0930959580719667 100
1 12 0.0721748218655173 100
20 9 17.6255387130264 100
20 5 18.7306552261004 100
0 17 0.108156273444502 100
0 13 0.0509102203043776 100
8 10 0.708247926319484 100
9 11 1.42772124508921 100
9 24 21.213373943653 100
10 23 25.7170321053916 100
4 6 0.191152429707231 100
5 7 0.82046588740867 100
5 22 30.5384393247995 100
6 21 21.2168556895891 100
16 18 26.9284872063735 100
17 19 27.4112251527851 100
12 14 0.111542690368001 100
13 15 2.81423511501572 100
3 20 26.8440752754528 100
2 1 27.9221502644261 100
2 8 16.4929787582292 100
2 4 16.4327015314416 100
20 0 27.9141162225226 100
1 16 0.0930959580719667 100
1 12 0.0721748218655173 100
20 9 17.6255387130264 100
20 5 18.7306552261004 100
0 17 0.108156273444502 100
0 13 0.0509102203043776 100
8 10 0.708247926319484 100
9 11 1.42772124508921 100
9 24 21.213373943653 100
10 23 25.7170321053916 100
4 6 0.191152429707231 100
5 7 0.82046588740867 100
5 22 30.5384393247995 100
6 21 21.2168556895891 100
16 18 26.9284872063735 100
17 19 27.4112251527851 100
12 14 0.111542690368001 100
13 15 2.81423511501572 100
3 20 26.8440752754528 100
2 1 27.9221502644261 100
2 8 16.4929787582292 100
2 4 16.4327015314416 100
20 0 27.9141162225226 100
1 16 0.0930959580719667 100
1 12 0.0721748218655173 100
20 9 17.6255387130264 100
20 5 18.7306552261004 100
0 17 0.108156273444502 100
0 13 0.0509102203043776 100
8 10 0.708247926319484 100
9 11 1.42772124508921 100
9 24 21.213373943653 100
10 23 25.7170321053916 100
4 6 0.191152429707231 100
5 7 0.82046588740867 100
5 22 30.5384393247995 100
6 21 21.2168556895891 100
16 18 26.9284872063735 100
17 19 27.4112251527851 100
12 14 0.111542690368001 100
13 15 2.81423511501572 100
3 20 26.8440752754528 100
2 1 27.9221502644261 100
2 8 16.4929787582292 100
2 4 16.4327015314416 100
20 0 27.9141162225226 100
1 16 0.0930959580719667 100
1 12 0.0721748218655173 100
20 9 17.6255387130264 100
20 5 18.7306552261004 100
0 17 0.108156273444502 100
0 13 0.0509102203043776 100
8 10 0.708247926319484 100
9 11 1.42772124508921 100
9 24 21.213373943653 100
10 23 25.7170321053916 100
4 6 0.191152429707231 100
5 7 0.82046588740867 100
5 22 30.5384393247995 100
6 21 21.2168556895891 100
16 18 26.9284872063735 100
17 19 27.4112251527851 100
12 14 0.111542690368001 100
13 15 2.81423511501572 100
3 20 26.8440752754528 100
2 1 27.9221502644261 100
2 8 16.4929787582292 100
2 4 16.4327015314416 100
20 0 27.9141162225226 100
1 16 0.0930959580719667 100
1 12 0.0721748218655173 100
20 9 17.6255387130264 100
20 5 18.7306552261004 100
0 17 0.108156273444502 100
0 13 0.0509102203043776 100
8 10 0.708247926319484 100
9 11 1.42772124508921 100
9 24 21.213373943653 100
10 23 25.7170321053916 100
4 6 0.191152429707231 100
5 7 0.82046588740867 100
5 22 30.5384393247995 100
6 21 21.2168556895891 100
16 18 26.9284872063735 100
17 19 27.4112251527851 100
12 14 0.111542690368001 100
13 15 2.81423511501572 100
3 20 26.8440752754528 100
2 1 27.9221502644261 100
2 8 16.4929787582292 100
2 4 16.4327015314416 100
20 0 27.9141162225226 100
1 16 0.0930959580719667 100
1 12 0.0721748218655173 100
20 9 17.6255387130264 100
20 5 18.7306552261004 100
0 17 0.108156273444502 100
0 13 0.0509102203043776 100
8 10 0.708247926319484 100
9 11 1.42772124508921 100
9 24 21.213373943653 100
10 23 25.7170321053916 100
4 6 0.191152429707231 100
5 7 0.82046588740867 100
5 22 30.5384393247995 100
6 21 21.2168556895891 100
16 18 26.9284872063735 100
17 19 27.4112251527851 100
12 14 0.111542690368001 100
13 15 2.81423511501572 100
3 20 23.8961691677397 100
2 1 24.8597898260251 100
2 8 14.7453883265171 100
2 4 14.6428924166006 100
20 0 24.8526075254492 100
1 16 0.0740788278266923 100
1 12 0.0708277354656808 100
20 9 15.8427422004519 100
20 5 16.6933247637838 100
0 17 0.0716223114802726 100
0 13 0.0467838841169094 100
8 10 0.639406012714178 100
9 11 0.894752827020294 100
9 24 18.7416206982451 100
10 23 23.1897121176339 100
4 6 0.24946481324453 100
5 7 0.718893798540392 100
5 22 26.2421534183248 100
6 21 18.8127052363361 100
16 18 23.9407953414915 100
17 19 23.0801051318657 100
12 14 0.101835471038005 100
13 15 2.95123387402461 100
3 20 173.941624143559 100
2 1 180.983299401127 100
2 8 107.112719320272 100
2 4 106.605121058539 100
20 0 180.944033403947 100
1 16 0.0845816569926514 100
1 12 0.0704790315374986 100
20 9 114.773138817966 100
20 5 121.285669207436 100
0 17 0.0705589995386525 100
0 13 0.0458770047459773 100
8 10 1.15070959297786 100
9 11 1.12931289144292 100
9 24 129.384283685029 100
10 23 166.380110772706 100
4 6 0.275136395306705 100
5 7 0.648411656556174 100
5 22 170.908427758456 100
6 21 137.313528388485 100
16 18 174.355991073669 100
17 19 165.352101274686 100
12 14 0.101534596125303 100
13 15 3.949162257649 100
3 20 24.3886793837907 100
2 1 25.3443139675174 100
2 8 14.9528308551827 100
2 4 14.9409569912078 100
20 0 25.3396021757873 100
1 16 0.0845816569926514 100
1 12 0.0704790315374986 100
20 9 16.0085117848595 100
20 5 17.0237619808891 100
0 17 0.0705589995386525 100
0 13 0.0458770047459773 100
8 10 1.15070959297786 100
9 11 1.12931289144292 100
9 24 18.9044409536595 100
10 23 23.4253511945655 100
4 6 0.275136395306705 100
5 7 0.648411656556174 100
5 22 27.6362240011193 100
6 21 19.1889119815901 100
16 18 24.4257692805769 100
17 19 23.5296120697212 100
12 14 0.101534596125303 100
13 15 3.949162257649 100
3 20 24.3886793837907 100
2 1 25.3443139675174 100
2 8 14.9528308551827 100
2 4 14.9409569912078 100
20 0 25.3396021757873 100
1 16 0.0845816569926514 100
1 12 0.0704790315374986 100
20 9 16.0085117848595 100
20 5 17.0237619808891 100
0 17 0.0705589995386525 100
0 13 0.0458770047459773 100
8 10 1.15070959297786 100
9 11 1.12931289144292 100
9 24 18.9044409536595 100
10 23 23.4253511945655 100
4 6 0.275136395306705 100
5 7 0.648411656556174 100
5 22 27.6362240011193 100
6 21 19.1889119815901 100
16 18 24.4257692805769 100
17 19 23.5296120697212 100
12 14 0.101534596125303 100
13 15 3.949162257649 100
3 20 24.3886793837907 100
2 1 25.3443139675174 100
2 8 14.9528308551827 100
2 4 14.9409569912078 100
20 0 25.3396021757873 100
1 16 0.0845816569926514 100
1 12 0.0704790315374986 100
20 9 16.0085117848595 100
20 5 17.0237619808891 100
0 17 0.0705589995386525 100
0 13 0.0458770047459773 100
8 10 1.15070959297786 100
9 11 1.12931289144292 100
9 24 18.9044409536595 100
10 23 23.4253511945655 100
4 6 0.275136395306705 100
5 7 0.648411656556174 100
5 22 27.6362240011193 100
6 21 19.1889119815901 100
16 18 24.4257692805769 100
17 19 23.5296120697212 100
12 14 0.101534596125303 100
13 15 3.949162257649 100
3 20 24.1484887094809 100
2 1 25.0997554975342 100
2 8 14.828762915729 100
2 4 14.8155809946737 100
20 0 25.095851596543 100
1 16 0.0718241113236416 100
1 12 0.0580644524231312 100
20 9 15.8837532498819 100
20 5 16.8766377456545 100
0 17 0.0691471283402688 100
0 13 0.0787910313308684 100
8 10 0.714328566943949 100
9 11 1.26865510323319 100
9 24 21.2019786675841 100
10 23 23.5706173908809 100
4 6 0.259796105110883 100
5 7 0.806369648489724 100
5 22 26.2358271369742 100
6 21 18.8990477803324 100
16 18 24.1798504192071 100
17 19 23.4012261816436 100
12 14 0.327726413034939 100
13 15 3.99587962823306 100
3 20 24.1484887094809 100
2 1 25.0997554975342 100
2 8 14.828762915729 100
2 4 14.8155809946737 100
20 0 25.095851596543 100
1 16 0.0718241113236416 100
1 12 0.0580644524231312 100
20 9 15.8837532498819 100
20 5 16.8766377456545 100
0 17 0.0691471283402688 100
0 13 0.0787910313308684 100
8 10 0.714328566943949 100
9 11 1.26865510323319 100
9 24 21.2019786675841 100
10 23 23.5706173908809 100
4 6 0.259796105110883 100
5 7 0.806369648489724 100
5 22 26.2358271369742 100
6 21 18.8990477803324 100
16 18 24.1798504192071 100
17 19 23.4012261816436 100
12 14 0.327726413034939 100
13 15 3.99587962823306 100
3 20 23.8377440850447 100
2 1 24.8558962970997 100
2 8 14.7021617152822 100
2 4 14.647519751178 100
20 0 24.8488952366769 100
1 16 0.0958947593517832 100
1 12 0.0792791525381082 100
20 9 15.7364306030139 100
20 5 16.7112806117234 100
0 17 0.0749678133351387 100
0 13 0.0671304325660768 100
8 10 0.869134111877027 100
9 11 0.897091508653396 100
9 24 20.5934273755666 100
10 23 23.0797395882944 100
4 6 0.272714022432552 100
5 7 0.497314970192715 100
5 22 25.5850595439639 100
6 21 18.7754742673425 100
16 18 23.9394640642148 100
17 19 25.3562024470832 100
12 14 0.205173785229825 100
13 15 3.65730861859678 100
3 20 24.1137258247029 100
2 1 25.1000017256438 100
2 8 14.8552096282297 100
2 4 14.8115950701435 100
20 0 25.0949371411421 100
1 16 0.0724492907475276 100
1 12 0.0582762193595589 100
20 9 15.9270859360324 100
20 5 16.8789612179349 100
0 17 0.101257398970762 100
0 13 0.049693827291938 100
8 10 0.645941754158335 100
9 11 1.38968718590843 100
9 24 18.5705474664893 100
10 23 23.550553572628 100
4 6 0.291874314421779 100
5 7 0.718716364631206 100
5 22 28.1339448585122 100
6 21 19.33557578811 100
16 18 24.1400347756753 100
17 19 23.38598696862 100
12 14 0.100215683696179 100
13 15 2.36643303164988 100
3 20 24.1137258247029 100
2 1 25.1000017256438 100
2 8 14.8552096282297 100
2 4 14.8115950701435 100
20 0 25.0949371411421 100
1 16 0.0724492907475276 100
1 12 0.0582762193595589 100
20 9 15.9270859360324 100
20 5 16.8789612179349 100
0 17 0.101257398970762 100
0 13 0.049693827291938 100
8 10 0.645941754158335 100
9 11 1.38968718590843 100
9 24 18.5705474664893 100
10 23 23.550553572628 100
4 6 0.291874314421779 100
5 7 0.718716364631206 100
5 22 28.1339448585122 100
6 21 19.33557578811 100
16 18 24.1400347756753 100
17 19 23.38598696862 100
12 14 0.100215683696179 100
13 15 2.36643303164988 100
3 20 24.1223151246728 100
2 1 25.1000515521988 100
2 8 14.8607961539723 100
2 4 14.8244348729205 100
20 0 25.0965259210664 100
1 16 0.0685421362703024 100
1 12 0.0610918100951757 100
20 9 15.9367339239133 100
20 5 16.8941523437156 100
0 17 0.0694541409317517 100
0 13 0.0630472219450716 100
8 10 0.639914884184719 100
9 11 1.29672866267726 100
9 24 18.5646897095669 100
10 23 23.4070579840151 100
4 6 0.336052956714121 100
5 7 0.602212741093316 100
5 22 25.6541731189866 100
6 21 19.1998220650989 100
16 18 24.1618018605534 100
17 19 23.3965172490615 100
12 14 0.0992457848143501 100
13 15 3.08226763732935 100
3 20 24.1223151246728 100
2 1 25.1000515521988 100
2 8 14.8607961539723 100
2 4 14.8244348729205 100
20 0 25.0965259210664 100
1 16 0.0685421362703024 100
1 12 0.0610918100951757 100
20 9 15.9367339239133 100
20 5 16.8941523437156 100
0 17 0.0694541409317517 100
0 13 0.0630472219450716 100
8 10 0.639914884184719 100
9 11 1.29672866267726 100
9 24 18.5646897095669 100
10 23 23.4070579840151 100
4 6 0.336052956714121 100
5 7 0.602212741093316 100
5 22 25.6541731189866 100
6 21 19.1998220650989 100
16 18 24.1618018605534 100
17 19 23.3965172490615 100
12 14 0.0992457848143501 100
13 15 3.08226763732935 100
3 20 24.3541369049208 100
2 1 25.3449367376281 100
2 8 15.0089857041026 100
2 4 14.9704642722092 100
20 0 25.3418456584843 100
1 16 0.0691548088864807 100
1 12 0.0594655428443522 100
20 9 16.102174673786 100
20 5 17.0608213994437 100
0 17 0.102462144108838 100
0 13 0.0556151982858367 100
8 10 0.609847107967633 100
9 11 1.23091499102029 100
9 24 19.053369831822 100
10 23 23.2996194801908 100
4 6 0.341987465159273 100
5 7 0.51305146302894 100
5 22 26.512518302508 100
6 21 19.3137938610283 100
16 18 24.420771750855 100
17 19 26.7902826407221 100
12 14 0.10163682062651 100
13 15 3.31751207909554 100
3 20 24.3541369049208 100
2 1 25.3449367376281 100
2 8 15.0089857041026 100
2 4 14.9704642722092 100
20 0 25.3418456584843 100
1 16 0.0691548088864807 100
1 12 0.0594655428443522 100
20 9 16.102174673786 100
20 5 17.0608213994437 100
0 17 0.102462144108838 100
0 13 0.0556151982858367 100
8 10 0.609847107967633 100
9 11 1.23091499102029 100
9 24 19.053369831822 100
10 23 23.2996194801908 100
4 6 0.341987465159273 100
5 7 0.51305146302894 100
5 22 26.512518302508 100
6 21 19.3137938610283 100
16 18 24.420771750855 100
17 19 26.7902826407221 100
12 14 0.10163682062651 100
13 15 3.31751207909554 100
3 20 24.3541369049208 100
2 1 25.3449367376281 100
2 8 15.0089857041026 100
2 4 14.9704642722092 100
20 0 25.3418456584843 100
1 16 0.0691548088864807 100
1 12 0.0594655428443522 100
20 9 16.102174673786 100
20 5 17.0608213994437 100
0 17 0.102462144108838 100
0 13 0.0556151982858367 100
8 10 0.609847107967633 100
9 11 1.23091499102029 100
9 24 19.053369831822 100
10 23 23.2996194801908 100
4 6 0.341987465159273 100
5 7 0.51305146302894 100
5 22 26.512518302508 100
6 21 19.3137938610283 100
16 18 24.420771750855 100
17 19 26.7902826407221 100
12 14 0.10163682062651 100
13 15 3.31751207909554 100
3 20 25.3516513706362 100
2 1 26.4014682219706 100
2 8 15.636684115985 100
2 4 15.5272784500634 100
20 0 26.3946648098326 100
1 16 0.0725248609338438 100
1 12 0.0705608518909863 100
20 9 16.8019713401623 100
20 5 17.624765774032 100
0 17 0.0939589238629637 100
0 13 0.0684465223912921 100
8 10 0.636716626215744 100
9 11 1.30111517685723 100
9 24 20.2268009378822 100
10 23 24.2852244945372 100
4 6 0.328845989075815 100
5 7 0.537121274029747 100
5 22 27.1928531758085 100
6 21 19.9557417016823 100
16 18 25.4404059368468 100
17 19 24.7607188187466 100
12 14 0.135780765254084 100
13 15 5.76712228011243 100
3 20 25.3516513706362 100
2 1 26.4014682219706 100
2 8 15.636684115985 100
2 4 15.5272784500634 100
20 0 26.3946648098326 100
1 16 0.0725248609338438 100
1 12 0.0705608518909863 100
20 9 16.8019713401623 100
20 5 17.624765774032 100
0 17 0.0939589238629637 100
0 13 0.0684465223912921 100
8 10 0.636716626215744 100
9 11 1.30111517685723 100
9 24 20.2268009378822 100
10 23 24.2852244945372 100
4 6 0.328845989075815 100
5 7 0.537121274029747 100
5 22 27.1928531758085 100
6 21 19.9557417016823 100
16 18 25.4404059368468 100
17 19 24.7607188187466 100
12 14 0.135780765254084 100
13 15 5.76712228011243 100
3 20 25.3516513706362 100
2 1 26.4014682219706 100
2 8 15.636684115985 100
2 4 15.5272784500634 100
20 0 26.3946648098326 100
1 16 0.0725248609338438 100
1 12 0.0705608518909863 100
20 9 16.8019713401623 100
20 5 17.624765774032 100
0 17 0.0939589238629637 100
0 13 0.0684465223912921 100
8 10 0.636716626215744 100
9 11 1.30111517685723 100
9 24 20.2268009378822 100
10 23 24.2852244945372 100
4 6 0.328845989075815 100
5 7 0.537121274029747 100
5 22 27.1928531758085 100
6 21 19.9557417016823 100
16 18 25.4404059368468 100
17 19 24.7607188187466 100
12 14 0.135780765254084 100
13 15 5.76712228011243 100
3 20 25.3516513706362 100
2 1 26.4014682219706 100
2 8 15.636684115985 100
2 4 15.5272784500634 100
20 0 26.3946648098326 100
1 16 0.0725248609338438 100
1 12 0.0705608518909863 100
20 9 16.8019713401623 100
20 5 17.624765774032 100
0 17 0.0939589238629637 100
0 13 0.0684465223912921 100
8 10 0.636716626215744 100
9 11 1.30111517685723 100
9 24 20.2268009378822 100
10 23 24.2852244945372 100
4 6 0.328845989075815 100
5 7 0.537121274029747 100
5 22 27.1928531758085 100
6 21 19.9557417016823 100
16 18 25.4404059368468 100
17 19 24.7607188187466 100
12 14 0.135780765254084 100
13 15 5.76712228011243 100
3 20 25.3516513706362 100
2 1 26.4014682219706 100
2 8 15.636684115985 100
2 4 15.5272784500634 100
20 0 26.3946648098326 100
1 16 0.0725248609338438 100
1 12 0.0705608518909863 100
20 9 16.8019713401623 100
20 5 17.624765774032 100
0 17 0.0939589238629637 100
0 13 0.0684465223912921 100
8 10 0.636716626215744 100
9 11 1.30111517685723 100
9 24 20.2268009378822 100
10 23 24.2852244945372 100
4 6 0.328845989075815 100
5 7 0.537121274029747 100
5 22 27.1928531758085 100
6 21 19.9557417016823 100
16 18 25.4404059368468 100
17 19 24.7607188187466 100
12 14 0.135780765254084 100
13 15 5.76712228011243 100
3 20 25.3516513706362 100
2 1 26.4014682219706 100
2 8 15.636684115985 100
2 4 15.5272784500634 100
20 0 26.3946648098326 100
1 16 0.0725248609338438 100
1 12 0.0705608518909863 100
20 9 16.8019713401623 100
20 5 17.624765774032 100
0 17 0.0939589238629637 100
0 13 0.0684465223912921 100
8 10 0.636716626215744 100
9 11 1.30111517685723 100
9 24 20.2268009378822 100
10 23 24.2852244945372 100
4 6 0.328845989075815 100
5 7 0.537121274029747 100
5 22 27.1928531758085 100
6 21 19.9557417016823 100
16 18 25.4404059368468 100
17 19 24.7607188187466 100
12 14 0.135780765254084 100
13 15 5.76712228011243 100
3 20 25.3516513706362 100
2 1 26.4014682219706 100
2 8 15.636684115985 100
2 4 15.5272784500634 100
20 0 26.3946648098326 100
1 16 0.0725248609338438 100
1 12 0.0705608518909863 100
20 9 16.8019713401623 100
20 5 17.624765774032 100
0 17 0.0939589238629637 100
0 13 0.0684465223912921 100
8 10 0.636716626215744 100
9 11 1.30111517685723 100
9 24 20.2268009378822 100
10 23 24.2852244945372 100
4 6 0.328845989075815 100
5 7 0.537121274029747 100
5 22 27.1928531758085 100
6 21 19.9557417016823 100
16 18 25.4404059368468 100
17 19 24.7607188187466 100
12 14 0.135780765254084 100
13 15 5.76712228011243 100
3 20 24.328339962405 100
2 1 25.3426897728872 100
2 8 15.022561888388 100
2 4 14.9229377463751 100
20 0 25.3374835732417 100
1 16 0.0691307745703354 100
1 12 0.0634468823156227 100
20 9 16.1411762703775 100
20 5 16.9438937124534 100
0 17 0.0698119764185082 100
0 13 0.0520213202435744 100
8 10 0.638209649921284 100
9 11 0.912644204784419 100
9 24 19.1658042051447 100
10 23 23.1258421256986 100
4 6 0.253874165582027 100
5 7 0.547076265749529 100
5 22 44.1151390694992 100
6 21 19.168236192027 100
16 18 24.4261882368474 100
17 19 23.9677763918834 100
12 14 0.10223553601762 100
13 15 2.64364388610422 100
3 20 24.328339962405 100
2 1 25.3426897728872 100
2 8 15.022561888388 100
2 4 14.9229377463751 100
20 0 25.3374835732417 100
1 16 0.0691307745703354 100
1 12 0.0634468823156227 100
20 9 16.1411762703775 100
20 5 16.9438937124534 100
0 17 0.0698119764185082 100
0 13 0.0520213202435744 100
8 10 0.638209649921284 100
9 11 0.912644204784419 100
9 24 19.1658042051447 100
10 23 23.1258421256986 100
4 6 0.253874165582027 100
5 7 0.547076265749529 100
5 22 44.1151390694992 100
6 21 19.168236192027 100
16 18 24.4261882368474 100
17 19 23.9677763918834 100
12 14 0.10223553601762 100
13 15 2.64364388610422 100
3 20 24.328339962405 100
2 1 25.3426897728872 100
2 8 15.022561888388 100
2 4 14.9229377463751 100
20 0 25.3374835732417 100
1 16 0.0691307745703354 100
1 12 0.0634468823156227 100
20 9 16.1411762703775 100
20 5 16.9438937124534 100
0 17 0.0698119764185082 100
0 13 0.0520213202435744 100
8 10 0.638209649921284 100
9 11 0.912644204784419 100
9 24 19.1658042051447 100
10 23 23.1258421256986 100
4 6 0.253874165582027 100
5 7 0.547076265749529 100
5 22 44.1151390694992 100
6 21 19.168236192027 100
16 18 24.4261882368474 100
17 19 23.9677763918834 100
12 14 0.10223553601762 100
13 15 2.64364388610422 100
3 20 23.8696711662531 100
2 1 24.8613436675362 100
2 8 14.7367536037343 100
2 4 14.6451653944503 100
20 0 24.8548079164527 100
1 16 0.0741776899939273 100
1 12 0.0572623531833288 100
20 9 15.8354128811301 100
20 5 16.6304422685079 100
0 17 0.0691424465221696 100
0 13 0.0611511357921015 100
8 10 0.701550614896998 100
9 11 0.894848163655953 100
9 24 20.2477842686831 100
10 23 22.7604131466941 100
4 6 0.206959983488063 100
5 7 0.531700927321153 100
5 22 25.9335624595122 100
6 21 18.7710765046202 100
16 18 23.9533572600493 100
17 19 23.7085314966843 100
12 14 0.102452221668344 100
13 15 2.44642976153749 100
3 20 23.8756613493146 100
2 1 24.8616070167576 100
2 8 14.7391983195533 100
2 4 14.6544912377547 100
20 0 24.8555127696278 100
1 16 0.0982047051141378 100
1 12 0.0796606344876198 100
20 9 15.8407053035351 100
20 5 16.645279389037 100
0 17 0.0823930951817916 100
0 13 0.0443251870497681 100
8 10 0.598346819143888 100
9 11 1.164760517511 100
9 24 21.0854429329812 100
10 23 23.104939733036 100
4 6 0.178014600567474 100
5 7 0.497643572601901 100
5 22 28.0031999410856 100
6 21 18.7647497958284 100
16 18 23.9709292645428 100
17 19 23.9030962273539 100
12 14 0.0988620529314705 100
13 15 2.45134698445607 100
3 20 24.5992127525905 100
2 1 25.5969524344439 100
2 8 15.1818166718541 100
2 4 15.0862599415063 100
20 0 25.5923311792158 100
1 16 0.129409027455053 100
1 12 0.112328791959667 100
20 9 16.3265232557288 100
20 5 17.1365749415281 100
0 17 0.103650971211152 100
0 13 0.053324846923746 100
8 10 0.614816237457337 100
9 11 1.31168661308095 100
9 24 19.8317123612919 100
10 23 23.5641177859101 100
4 6 0.176215496971768 100
5 7 0.756071123951443 100
5 22 26.488185322806 100
6 21 19.6248543038968 100
16 18 24.6803351568101 100
17 19 24.5568472842495 100
12 14 0.101330189261757 100
13 15 2.50857379506404 100
3 20 24.5992127525905 100
2 1 25.5969524344439 100
2 8 15.1818166718541 100
2 4 15.0862599415063 100
20 0 25.5923311792158 100
1 16 0.129409027455053 100
1 12 0.112328791959667 100
20 9 16.3265232557288 100
20 5 17.1365749415281 100
0 17 0.103650971211152 100
0 13 0.053324846923746 100
8 10 0.614816237457337 100
9 11 1.31168661308095 100
9 24 19.8317123612919 100
10 23 23.5641177859101 100
4 6 0.176215496971768 100
5 7 0.756071123951443 100
5 22 26.488185322806 100
6 21 19.6248543038968 100
16 18 24.6803351568101 100
17 19 24.5568472842495 100
12 14 0.101330189261757 100
13 15 2.50857379506404 100
3 20 24.5992127525905 100
2 1 25.5969524344439 100
2 8 15.1818166718541 100
2 4 15.0862599415063 100
20 0 25.5923311792158 100
1 16 0.129409027455053 100
1 12 0.112328791959667 100
20 9 16.3265232557288 100
20 5 17.1365749415281 100
0 17 0.103650971211152 100
0 13 0.053324846923746 100
8 10 0.614816237457337 100
9 11 1.31168661308095 100
9 24 19.8317123612919 100
10 23 23.5641177859101 100
4 6 0.176215496971768 100
5 7 0.756071123951443 100
5 22 26.488185322806 100
6 21 19.6248543038968 100
16 18 24.6803351568101 100
17 19 24.5568472842495 100
12 14 0.101330189261757 100
13 15 2.50857379506404 100
3 20 24.5992127525905 100
2 1 25.5969524344439 100
2 8 15.1818166718541 100
2 4 15.0862599415063 100
20 0 25.5923311792158 100
1 16 0.129409027455053 100
1 12 0.112328791959667 100
20 9 16.3265232557288 100
20 5 17.1365749415281 100
0 17 0.103650971211152 100
0 13 0.053324846923746 100
8 10 0.614816237457337 100
9 11 1.31168661308095 100
9 24 19.8317123612919 100
10 23 23.5641177859101 100
4 6 0.176215496971768 100
5 7 0.756071123951443 100
5 22 26.488185322806 100
6 21 19.6248543038968 100
16 18 24.6803351568101 100
17 19 24.5568472842495 100
12 14 0.101330189261757 100
13 15 2.50857379506404 100
3 20 23.8950713695375 100
2 1 24.861714864544 100
2 8 14.7476438773861 100
2 4 14.6618036771853 100
20 0 24.8578874582097 100
1 16 0.111569796565624 100
1 12 0.0950708597595354 100
20 9 15.8659992366912 100
20 5 16.6544561863224 100
0 17 0.0797661698311931 100
0 13 0.0482131742281987 100
8 10 2.09429525543675 100
9 11 1.92887412492163 100
9 24 19.2744818315946 100
10 23 23.2211901181783 100
4 6 0.168310321637624 100
5 7 0.58561984668352 100
5 22 27.7922287481313 100
6 21 18.7948445883582 100
16 18 23.9530885240803 100
17 19 23.6644147354218 100
12 14 0.163141295554514 100
13 15 2.64595294656985 100
3 20 25.126776592064 100
2 1 26.1244444032877 100
2 8 15.4987028302708 100
2 4 15.4026382633239 100
20 0 26.1223837581954 100
1 16 0.155699811192421 100
1 12 0.132966505133778 100
20 9 16.6814994430758 100
20 5 17.4976429489514 100
0 17 0.165218038986819 100
0 13 0.0933570243040465 100
8 10 1.49085565432063 100
9 11 0.945643747393383 100
9 24 19.5615684269051 100
10 23 24.1164956550859 100
4 6 0.176763537170144 100
5 7 0.856660397061028 100
5 22 27.0159674969241 100
6 21 20.3212908717049 100
16 18 25.1200740409865 100
17 19 24.2644528475305 100
12 14 0.227844025045112 100
13 15 2.81381562938549 100
3 20 25.126776592064 100
2 1 26.1244444032877 100
2 8 15.4987028302708 100
2 4 15.4026382633239 100
20 0 26.1223837581954 100
1 16 0.155699811192421 100
1 12 0.132966505133778 100
20 9 16.6814994430758 100
20 5 17.4976429489514 100
0 17 0.165218038986819 100
0 13 0.0933570243040465 100
8 10 1.49085565432063 100
9 11 0.945643747393383 100
9 24 19.5615684269051 100
10 23 24.1164956550859 100
4 6 0.176763537170144 100
5 7 0.856660397061028 100
5 22 27.0159674969241 100
6 21 20.3212908717049 100
16 18 25.1200740409865 100
17 19 24.2644528475305 100
12 14 0.227844025045112 100
13 15 2.81381562938549 100
3 20 25.126776592064 100
2 1 26.1244444032877 100
2 8 15.4987028302708 100
2 4 15.4026382633239 100
20 0 26.1223837581954 100
1 16 0.155699811192421 100
1 12 0.132966505133778 100
20 9 16.6814994430758 100
20 5 17.4976429489514 100
0 17 0.165218038986819 100
0 13 0.0933570243040465 100
8 10 1.49085565432063 100
9 11 0.945643747393383 100
9 24 19.5615684269051 100
10 23 24.1164956550859 100
4 6 0.176763537170144 100
5 7 0.856660397061028 100
5 22 27.0159674969241 100
6 21 20.3212908717049 100
16 18 25.1200740409865 100
17 19 24.2644528475305 100
12 14 0.227844025045112 100
13 15 2.81381562938549 100
3 20 25.126776592064 100
2 1 26.1244444032877 100
2 8 15.4987028302708 100
2 4 15.4026382633239 100
20 0 26.1223837581954 100
1 16 0.155699811192421 100
1 12 0.132966505133778 100
20 9 16.6814994430758 100
20 5 17.4976429489514 100
0 17 0.165218038986819 100
0 13 0.0933570243040465 100
8 10 1.49085565432063 100
9 11 0.945643747393383 100
9 24 19.5615684269051 100
10 23 24.1164956550859 100
4 6 0.176763537170144 100
5 7 0.856660397061028 100
5 22 27.0159674969241 100
6 21 20.3212908717049 100
16 18 25.1200740409865 100
17 19 24.2644528475305 100
12 14 0.227844025045112 100
13 15 2.81381562938549 100
3 20 25.126776592064 100
2 1 26.1244444032877 100
2 8 15.4987028302708 100
2 4 15.4026382633239 100
20 0 26.1223837581954 100
1 16 0.155699811192421 100
1 12 0.132966505133778 100
20 9 16.6814994430758 100
20 5 17.4976429489514 100
0 17 0.165218038986819 100
0 13 0.0933570243040465 100
8 10 1.49085565432063 100
9 11 0.945643747393383 100
9 24 19.5615684269051 100
10 23 24.1164956550859 100
4 6 0.176763537170144 100
5 7 0.856660397061028 100
5 22 27.0159674969241 100
6 21 20.3212908717049 100
16 18 25.1200740409865 100
17 19 24.2644528475305 100
12 14 0.227844025045112 100
13 15 2.81381562938549 100
3 20 25.126776592064 100
2 1 26.1244444032877 100
2 8 15.4987028302708 100
2 4 15.4026382633239 100
20 0 26.1223837581954 100
1 16 0.155699811192421 100
1 12 0.132966505133778 100
20 9 16.6814994430758 100
20 5 17.4976429489514 100
0 17 0.165218038986819 100
0 13 0.0933570243040465 100
8 10 1.49085565432063 100
9 11 0.945643747393383 100
9 24 19.5615684269051 100
10 23 24.1164956550859 100
4 6 0.176763537170144 100
5 7 0.856660397061028 100
5 22 27.0159674969241 100
6 21 20.3212908717049 100
16 18 25.1200740409865 100
17 19 24.2644528475305 100
12 14 0.227844025045112 100
13 15 2.81381562938549 100
