First JointType Second JointType  Angel
3 20 173.034895439321
2 1 179.961551710957
2 8 106.179904607445
2 4 105.400925268993
20 0 179.905486433716
1 16 92.7545104765706
1 12 87.3689998944663
20 9 113.590635901793
20 5 120.286341811508
0 17 87.7364672084048
0 13 89.0133236209273
8 10 169.455874971605
9 11 152.999252218191
9 24 113.170202663718
10 23 162.459890792292
4 6 168.731648405829
5 7 141.303132854615
5 22 173.417199776894
6 21 135.820660175032
16 18 173.225911818068
17 19 166.834106303127
12 14 178.226021904008
13 15 152.576766482352
3 20 173.034895439321
2 1 179.961551710957
2 8 106.179904607445
2 4 105.400925268993
20 0 179.905486433716
1 16 92.7545104765706
1 12 87.3689998944663
20 9 113.590635901793
20 5 120.286341811508
0 17 87.7364672084048
0 13 89.0133236209273
8 10 169.455874971605
9 11 152.999252218191
9 24 113.170202663718
10 23 162.459890792292
4 6 168.731648405829
5 7 141.303132854615
5 22 173.417199776894
6 21 135.820660175032
16 18 173.225911818068
17 19 166.834106303127
12 14 178.226021904008
13 15 152.576766482352
3 20 173.034895439321
2 1 179.961551710957
2 8 106.179904607445
2 4 105.400925268993
20 0 179.905486433716
1 16 92.7545104765706
1 12 87.3689998944663
20 9 113.590635901793
20 5 120.286341811508
0 17 87.7364672084048
0 13 89.0133236209273
8 10 169.455874971605
9 11 152.999252218191
9 24 113.170202663718
10 23 162.459890792292
4 6 168.731648405829
5 7 141.303132854615
5 22 173.417199776894
6 21 135.820660175032
16 18 173.225911818068
17 19 166.834106303127
12 14 178.226021904008
13 15 152.576766482352
3 20 173.034895439321
2 1 179.961551710957
2 8 106.179904607445
2 4 105.400925268993
20 0 179.905486433716
1 16 92.7545104765706
1 12 87.3689998944663
20 9 113.590635901793
20 5 120.286341811508
0 17 87.7364672084048
0 13 89.0133236209273
8 10 169.455874971605
9 11 152.999252218191
9 24 113.170202663718
10 23 162.459890792292
4 6 168.731648405829
5 7 141.303132854615
5 22 173.417199776894
6 21 135.820660175032
16 18 173.225911818068
17 19 166.834106303127
12 14 178.226021904008
13 15 152.576766482352
3 20 172.966829398691
2 1 179.956057141479
2 8 105.861238793076
2 4 105.486958953543
20 0 179.903784756909
1 16 92.7019605293766
1 12 87.4194787788546
20 9 113.042519734343
20 5 120.367771841609
0 17 87.8024400794383
0 13 89.1059689305361
8 10 169.583496404573
9 11 153.867706873644
9 24 130.147355314882
10 23 165.377554445763
4 6 168.631047234172
5 7 141.683928052249
5 22 176.035292414074
6 21 136.251974895328
16 18 173.508868331203
17 19 169.110396662257
12 14 178.267327706194
13 15 153.26524764869
3 20 172.966829398691
2 1 179.956057141479
2 8 105.861238793076
2 4 105.486958953543
20 0 179.903784756909
1 16 92.7019605293766
1 12 87.4194787788546
20 9 113.042519734343
20 5 120.367771841609
0 17 87.8024400794383
0 13 89.1059689305361
8 10 169.583496404573
9 11 153.867706873644
9 24 130.147355314882
10 23 165.377554445763
4 6 168.631047234172
5 7 141.683928052249
5 22 176.035292414074
6 21 136.251974895328
16 18 173.508868331203
17 19 169.110396662257
12 14 178.267327706194
13 15 153.26524764869
3 20 172.966829398691
2 1 179.956057141479
2 8 105.861238793076
2 4 105.486958953543
20 0 179.903784756909
1 16 92.7019605293766
1 12 87.4194787788546
20 9 113.042519734343
20 5 120.367771841609
0 17 87.8024400794383
0 13 89.1059689305361
8 10 169.583496404573
9 11 153.867706873644
9 24 130.147355314882
10 23 165.377554445763
4 6 168.631047234172
5 7 141.683928052249
5 22 176.035292414074
6 21 136.251974895328
16 18 173.508868331203
17 19 169.110396662257
12 14 178.267327706194
13 15 153.26524764869
3 20 172.966829398691
2 1 179.956057141479
2 8 105.861238793076
2 4 105.486958953543
20 0 179.903784756909
1 16 92.7019605293766
1 12 87.4194787788546
20 9 113.042519734343
20 5 120.367771841609
0 17 87.8024400794383
0 13 89.1059689305361
8 10 169.583496404573
9 11 153.867706873644
9 24 130.147355314882
10 23 165.377554445763
4 6 168.631047234172
5 7 141.683928052249
5 22 176.035292414074
6 21 136.251974895328
16 18 173.508868331203
17 19 169.110396662257
12 14 178.267327706194
13 15 153.26524764869
3 20 172.966829398691
2 1 179.956057141479
2 8 105.861238793076
2 4 105.486958953543
20 0 179.903784756909
1 16 92.7019605293766
1 12 87.4194787788546
20 9 113.042519734343
20 5 120.367771841609
0 17 87.8024400794383
0 13 89.1059689305361
8 10 169.583496404573
9 11 153.867706873644
9 24 130.147355314882
10 23 165.377554445763
4 6 168.631047234172
5 7 141.683928052249
5 22 176.035292414074
6 21 136.251974895328
16 18 173.508868331203
17 19 169.110396662257
12 14 178.267327706194
13 15 153.26524764869
3 20 172.966829398691
2 1 179.956057141479
2 8 105.861238793076
2 4 105.486958953543
20 0 179.903784756909
1 16 92.7019605293766
1 12 87.4194787788546
20 9 113.042519734343
20 5 120.367771841609
0 17 87.8024400794383
0 13 89.1059689305361
8 10 169.583496404573
9 11 153.867706873644
9 24 130.147355314882
10 23 165.377554445763
4 6 168.631047234172
5 7 141.683928052249
5 22 176.035292414074
6 21 136.251974895328
16 18 173.508868331203
17 19 169.110396662257
12 14 178.267327706194
13 15 153.26524764869
3 20 172.966829398691
2 1 179.956057141479
2 8 105.861238793076
2 4 105.486958953543
20 0 179.903784756909
1 16 92.7019605293766
1 12 87.4194787788546
20 9 113.042519734343
20 5 120.367771841609
0 17 87.8024400794383
0 13 89.1059689305361
8 10 169.583496404573
9 11 153.867706873644
9 24 130.147355314882
10 23 165.377554445763
4 6 168.631047234172
5 7 141.683928052249
5 22 176.035292414074
6 21 136.251974895328
16 18 173.508868331203
17 19 169.110396662257
12 14 178.267327706194
13 15 153.26524764869
3 20 172.966829398691
2 1 179.956057141479
2 8 105.861238793076
2 4 105.486958953543
20 0 179.903784756909
1 16 92.7019605293766
1 12 87.4194787788546
20 9 113.042519734343
20 5 120.367771841609
0 17 87.8024400794383
0 13 89.1059689305361
8 10 169.583496404573
9 11 153.867706873644
9 24 130.147355314882
10 23 165.377554445763
4 6 168.631047234172
5 7 141.683928052249
5 22 176.035292414074
6 21 136.251974895328
16 18 173.508868331203
17 19 169.110396662257
12 14 178.267327706194
13 15 153.26524764869
3 20 172.966829398691
2 1 179.956057141479
2 8 105.861238793076
2 4 105.486958953543
20 0 179.903784756909
1 16 92.7019605293766
1 12 87.4194787788546
20 9 113.042519734343
20 5 120.367771841609
0 17 87.8024400794383
0 13 89.1059689305361
8 10 169.583496404573
9 11 153.867706873644
9 24 130.147355314882
10 23 165.377554445763
4 6 168.631047234172
5 7 141.683928052249
5 22 176.035292414074
6 21 136.251974895328
16 18 173.508868331203
17 19 169.110396662257
12 14 178.267327706194
13 15 153.26524764869
3 20 172.966829398691
2 1 179.956057141479
2 8 105.861238793076
2 4 105.486958953543
20 0 179.903784756909
1 16 92.7019605293766
1 12 87.4194787788546
20 9 113.042519734343
20 5 120.367771841609
0 17 87.8024400794383
0 13 89.1059689305361
8 10 169.583496404573
9 11 153.867706873644
9 24 130.147355314882
10 23 165.377554445763
4 6 168.631047234172
5 7 141.683928052249
5 22 176.035292414074
6 21 136.251974895328
16 18 173.508868331203
17 19 169.110396662257
12 14 178.267327706194
13 15 153.26524764869
3 20 172.966829398691
2 1 179.956057141479
2 8 105.861238793076
2 4 105.486958953543
20 0 179.903784756909
1 16 92.7019605293766
1 12 87.4194787788546
20 9 113.042519734343
20 5 120.367771841609
0 17 87.8024400794383
0 13 89.1059689305361
8 10 169.583496404573
9 11 153.867706873644
9 24 130.147355314882
10 23 165.377554445763
4 6 168.631047234172
5 7 141.683928052249
5 22 176.035292414074
6 21 136.251974895328
16 18 173.508868331203
17 19 169.110396662257
12 14 178.267327706194
13 15 153.26524764869
3 20 172.966829398691
2 1 179.956057141479
2 8 105.861238793076
2 4 105.486958953543
20 0 179.903784756909
1 16 92.7019605293766
1 12 87.4194787788546
20 9 113.042519734343
20 5 120.367771841609
0 17 87.8024400794383
0 13 89.1059689305361
8 10 169.583496404573
9 11 153.867706873644
9 24 130.147355314882
10 23 165.377554445763
4 6 168.631047234172
5 7 141.683928052249
5 22 176.035292414074
6 21 136.251974895328
16 18 173.508868331203
17 19 169.110396662257
12 14 178.267327706194
13 15 153.26524764869
3 20 172.964095576763
2 1 179.981951709973
2 8 106.326920954879
2 4 105.596201835444
20 0 179.929556117277
1 16 92.6843702190701
1 12 87.4070535939019
20 9 114.229023414138
20 5 120.499949844539
0 17 87.7140209660372
0 13 89.1114385535905
8 10 169.609549421259
9 11 154.778739346364
9 24 129.478424355576
10 23 167.08104085675
4 6 168.422689372058
5 7 142.730777630403
5 22 159.907352026061
6 21 135.616210549262
16 18 173.286766615319
17 19 160.320034073172
12 14 178.226948928127
13 15 152.364867524008
3 20 -1
2 1 -1
2 8 -1
2 4 -1
20 0 -1
1 16 92.7007098812296
1 12 87.4111862605292
20 9 -1
20 5 -1
0 17 87.740329067968
0 13 89.1011397913745
8 10 170.319033456168
9 11 154.133290194966
9 24 -1
10 23 -1
4 6 168.399480703566
5 7 142.599762837445
5 22 -1
6 21 -1
16 18 -1
17 19 -1
12 14 178.261355627131
13 15 151.133404572733
3 20 173.160175734401
2 1 179.994536001276
2 8 105.740357963338
2 4 105.692245490306
20 0 179.960787236499
1 16 92.7007098812296
1 12 87.4111862605292
20 9 113.182678545552
20 5 120.540541188713
0 17 87.740329067968
0 13 89.1011397913745
8 10 170.319033456168
9 11 154.133290194966
9 24 128.27350358802
10 23 165.950976160801
4 6 168.399480703566
5 7 142.599762837445
5 22 175.823362496469
6 21 135.71982794523
16 18 173.429926952007
17 19 160.288053853559
12 14 178.261355627131
13 15 151.133404572733
3 20 173.160175734401
2 1 179.994536001276
2 8 105.740357963338
2 4 105.692245490306
20 0 179.960787236499
1 16 92.7007098812296
1 12 87.4111862605292
20 9 113.182678545552
20 5 120.540541188713
0 17 87.740329067968
0 13 89.1011397913745
8 10 170.319033456168
9 11 154.133290194966
9 24 128.27350358802
10 23 165.950976160801
4 6 168.399480703566
5 7 142.599762837445
5 22 175.823362496469
6 21 135.71982794523
16 18 173.429926952007
17 19 160.288053853559
12 14 178.261355627131
13 15 151.133404572733
3 20 173.160175734401
2 1 179.994536001276
2 8 105.740357963338
2 4 105.692245490306
20 0 179.960787236499
1 16 92.7007098812296
1 12 87.4111862605292
20 9 113.182678545552
20 5 120.540541188713
0 17 87.740329067968
0 13 89.1011397913745
8 10 170.319033456168
9 11 154.133290194966
9 24 128.27350358802
10 23 165.950976160801
4 6 168.399480703566
5 7 142.599762837445
5 22 175.823362496469
6 21 135.71982794523
16 18 173.429926952007
17 19 160.288053853559
12 14 178.261355627131
13 15 151.133404572733
3 20 173.129303213674
2 1 179.996834292398
2 8 105.911940077007
2 4 105.819616968924
20 0 179.968544483791
1 16 92.6762094600955
1 12 87.4429677297299
20 9 113.45597931291
20 5 120.650847694228
0 17 87.7307542216592
0 13 89.0329698649174
8 10 169.759076753151
9 11 155.636393456981
9 24 135.93374041126
10 23 167.781102858725
4 6 168.412266870215
5 7 141.594849204186
5 22 160.999513229883
6 21 133.832898682396
16 18 173.359253714052
17 19 158.909343038462
12 14 177.946843332146
13 15 150.981801176717
3 20 173.129303213674
2 1 179.996834292398
2 8 105.911940077007
2 4 105.819616968924
20 0 179.968544483791
1 16 92.6762094600955
1 12 87.4429677297299
20 9 113.45597931291
20 5 120.650847694228
0 17 87.7307542216592
0 13 89.0329698649174
8 10 169.759076753151
9 11 155.636393456981
9 24 135.93374041126
10 23 167.781102858725
4 6 168.412266870215
5 7 141.594849204186
5 22 160.999513229883
6 21 133.832898682396
16 18 173.359253714052
17 19 158.909343038462
12 14 177.946843332146
13 15 150.981801176717
3 20 172.510438801056
2 1 179.953476406453
2 8 106.021493126705
2 4 105.629758271716
20 0 179.902305882758
1 16 92.7219038833787
1 12 87.3940334596383
20 9 113.483405449122
20 5 120.616797574461
0 17 87.7047217549288
0 13 89.0466604308701
8 10 170.00869285635
9 11 154.695839927002
9 24 135.069061716236
10 23 166.527437675331
4 6 168.392543376574
5 7 142.178120449095
5 22 163.400648841736
6 21 135.197670322351
16 18 173.276851041554
17 19 171.653078340831
12 14 178.074923799057
13 15 151.360097984046
3 20 172.883469422847
2 1 179.998602403574
2 8 106.112640759995
2 4 105.793483359319
20 0 179.961991005599
1 16 92.6781379423588
1 12 87.4410932516663
20 9 113.791651684516
20 5 120.665267668553
0 17 87.6625241987044
0 13 89.1178156081263
8 10 169.610690972934
9 11 155.79854399267
9 24 126.42620587545
10 23 167.69751178296
4 6 168.372260611922
5 7 142.721169375504
5 22 177.794016894797
6 21 137.775670450276
16 18 173.058684107636
17 19 159.063545046875
12 14 178.239574526867
13 15 154.162139720383
3 20 172.883469422847
2 1 179.998602403574
2 8 106.112640759995
2 4 105.793483359319
20 0 179.961991005599
1 16 92.6781379423588
1 12 87.4410932516663
20 9 113.791651684516
20 5 120.665267668553
0 17 87.6625241987044
0 13 89.1178156081263
8 10 169.610690972934
9 11 155.79854399267
9 24 126.42620587545
10 23 167.69751178296
4 6 168.372260611922
5 7 142.721169375504
5 22 177.794016894797
6 21 137.775670450276
16 18 173.058684107636
17 19 159.063545046875
12 14 178.239574526867
13 15 154.162139720383
3 20 172.945920341098
2 1 179.998960086525
2 8 106.152533772876
2 4 105.876603786403
20 0 179.973369068592
1 16 92.6500713660573
1 12 87.4677606774181
20 9 113.859580352259
20 5 120.757709910877
0 17 87.7274284762185
0 13 89.1401911323997
8 10 169.593663741303
9 11 155.675194104941
9 24 125.581435869461
10 23 167.059472046719
4 6 168.320648352226
5 7 142.543571535244
5 22 167.155233874076
6 21 137.088615004546
16 18 173.226557240898
17 19 158.95587709506
12 14 178.251499293926
13 15 152.203343298794
3 20 172.945920341098
2 1 179.998960086525
2 8 106.152533772876
2 4 105.876603786403
20 0 179.973369068592
1 16 92.6500713660573
1 12 87.4677606774181
20 9 113.859580352259
20 5 120.757709910877
0 17 87.7274284762185
0 13 89.1401911323997
8 10 169.593663741303
9 11 155.675194104941
9 24 125.581435869461
10 23 167.059472046719
4 6 168.320648352226
5 7 142.543571535244
5 22 167.155233874076
6 21 137.088615004546
16 18 173.226557240898
17 19 158.95587709506
12 14 178.251499293926
13 15 152.203343298794
3 20 172.920693920944
2 1 179.998966020542
2 8 106.17484371554
2 4 105.885383558577
20 0 179.976693817484
1 16 92.6583530582169
1 12 87.4594110042874
20 9 113.926956178607
20 5 120.768618326484
0 17 87.8082670975754
0 13 89.1281193750276
8 10 169.418955008908
9 11 155.565524530826
9 24 129.206787714618
10 23 165.091431498448
4 6 168.317661592811
5 7 142.130138345253
5 22 171.971287253469
6 21 136.657152790211
16 18 173.3948386084
17 19 173.695359104725
12 14 178.236775531563
13 15 151.904893398564
3 20 172.920693920944
2 1 179.998966020542
2 8 106.17484371554
2 4 105.885383558577
20 0 179.976693817484
1 16 92.6583530582169
1 12 87.4594110042874
20 9 113.926956178607
20 5 120.768618326484
0 17 87.8082670975754
0 13 89.1281193750276
8 10 169.418955008908
9 11 155.565524530826
9 24 129.206787714618
10 23 165.091431498448
4 6 168.317661592811
5 7 142.130138345253
5 22 171.971287253469
6 21 136.657152790211
16 18 173.3948386084
17 19 173.695359104725
12 14 178.236775531563
13 15 151.904893398564
3 20 172.920693920944
2 1 179.998966020542
2 8 106.17484371554
2 4 105.885383558577
20 0 179.976693817484
1 16 92.6583530582169
1 12 87.4594110042874
20 9 113.926956178607
20 5 120.768618326484
0 17 87.8082670975754
0 13 89.1281193750276
8 10 169.418955008908
9 11 155.565524530826
9 24 129.206787714618
10 23 165.091431498448
4 6 168.317661592811
5 7 142.130138345253
5 22 171.971287253469
6 21 136.657152790211
16 18 173.3948386084
17 19 173.695359104725
12 14 178.236775531563
13 15 151.904893398564
3 20 172.79638398417
2 1 179.999259994924
2 8 106.188486978957
2 4 105.436975010959
20 0 179.952567558434
1 16 92.6633148290079
1 12 87.4149539938747
20 9 114.103310696748
20 5 119.746181827611
0 17 87.7909282247214
0 13 89.0502470147164
8 10 169.329246548522
9 11 155.591536427664
9 24 130.808836901548
10 23 165.197969640335
4 6 168.86286474429
5 7 142.313798339926
5 22 169.6551911733
6 21 135.399526137606
16 18 173.406128350115
17 19 164.616901669151
12 14 178.172323331474
13 15 158.994931926192
3 20 172.79638398417
2 1 179.999259994924
2 8 106.188486978957
2 4 105.436975010959
20 0 179.952567558434
1 16 92.6633148290079
1 12 87.4149539938747
20 9 114.103310696748
20 5 119.746181827611
0 17 87.7909282247214
0 13 89.0502470147164
8 10 169.329246548522
9 11 155.591536427664
9 24 130.808836901548
10 23 165.197969640335
4 6 168.86286474429
5 7 142.313798339926
5 22 169.6551911733
6 21 135.399526137606
16 18 173.406128350115
17 19 164.616901669151
12 14 178.172323331474
13 15 158.994931926192
3 20 172.79638398417
2 1 179.999259994924
2 8 106.188486978957
2 4 105.436975010959
20 0 179.952567558434
1 16 92.6633148290079
1 12 87.4149539938747
20 9 114.103310696748
20 5 119.746181827611
0 17 87.7909282247214
0 13 89.0502470147164
8 10 169.329246548522
9 11 155.591536427664
9 24 130.808836901548
10 23 165.197969640335
4 6 168.86286474429
5 7 142.313798339926
5 22 169.6551911733
6 21 135.399526137606
16 18 173.406128350115
17 19 164.616901669151
12 14 178.172323331474
13 15 158.994931926192
3 20 172.79638398417
2 1 179.999259994924
2 8 106.188486978957
2 4 105.436975010959
20 0 179.952567558434
1 16 92.6633148290079
1 12 87.4149539938747
20 9 114.103310696748
20 5 119.746181827611
0 17 87.7909282247214
0 13 89.0502470147164
8 10 169.329246548522
9 11 155.591536427664
9 24 130.808836901548
10 23 165.197969640335
4 6 168.86286474429
5 7 142.313798339926
5 22 169.6551911733
6 21 135.399526137606
16 18 173.406128350115
17 19 164.616901669151
12 14 178.172323331474
13 15 158.994931926192
3 20 172.79638398417
2 1 179.999259994924
2 8 106.188486978957
2 4 105.436975010959
20 0 179.952567558434
1 16 92.6633148290079
1 12 87.4149539938747
20 9 114.103310696748
20 5 119.746181827611
0 17 87.7909282247214
0 13 89.0502470147164
8 10 169.329246548522
9 11 155.591536427664
9 24 130.808836901548
10 23 165.197969640335
4 6 168.86286474429
5 7 142.313798339926
5 22 169.6551911733
6 21 135.399526137606
16 18 173.406128350115
17 19 164.616901669151
12 14 178.172323331474
13 15 158.994931926192
3 20 172.79638398417
2 1 179.999259994924
2 8 106.188486978957
2 4 105.436975010959
20 0 179.952567558434
1 16 92.6633148290079
1 12 87.4149539938747
20 9 114.103310696748
20 5 119.746181827611
0 17 87.7909282247214
0 13 89.0502470147164
8 10 169.329246548522
9 11 155.591536427664
9 24 130.808836901548
10 23 165.197969640335
4 6 168.86286474429
5 7 142.313798339926
5 22 169.6551911733
6 21 135.399526137606
16 18 173.406128350115
17 19 164.616901669151
12 14 178.172323331474
13 15 158.994931926192
3 20 172.79638398417
2 1 179.999259994924
2 8 106.188486978957
2 4 105.436975010959
20 0 179.952567558434
1 16 92.6633148290079
1 12 87.4149539938747
20 9 114.103310696748
20 5 119.746181827611
0 17 87.7909282247214
0 13 89.0502470147164
8 10 169.329246548522
9 11 155.591536427664
9 24 130.808836901548
10 23 165.197969640335
4 6 168.86286474429
5 7 142.313798339926
5 22 169.6551911733
6 21 135.399526137606
16 18 173.406128350115
17 19 164.616901669151
12 14 178.172323331474
13 15 158.994931926192
3 20 172.729682061528
2 1 179.982955400548
2 8 106.266880691853
2 4 105.56504827448
20 0 179.945698086708
1 16 92.6514076937311
1 12 87.4241860968509
20 9 114.173990232733
20 5 119.961280768176
0 17 87.7396037669897
0 13 89.0715560318204
8 10 169.569375343015
9 11 154.727948174559
9 24 129.769184187882
10 23 162.749758890383
4 6 168.787227883069
5 7 142.418364960076
5 22 131.728186518605
6 21 135.517686164011
16 18 173.432851905789
17 19 165.741569823229
12 14 178.273094687082
13 15 155.240749002888
3 20 172.729682061528
2 1 179.982955400548
2 8 106.266880691853
2 4 105.56504827448
20 0 179.945698086708
1 16 92.6514076937311
1 12 87.4241860968509
20 9 114.173990232733
20 5 119.961280768176
0 17 87.7396037669897
0 13 89.0715560318204
8 10 169.569375343015
9 11 154.727948174559
9 24 129.769184187882
10 23 162.749758890383
4 6 168.787227883069
5 7 142.418364960076
5 22 131.728186518605
6 21 135.517686164011
16 18 173.432851905789
17 19 165.741569823229
12 14 178.273094687082
13 15 155.240749002888
3 20 172.729682061528
2 1 179.982955400548
2 8 106.266880691853
2 4 105.56504827448
20 0 179.945698086708
1 16 92.6514076937311
1 12 87.4241860968509
20 9 114.173990232733
20 5 119.961280768176
0 17 87.7396037669897
0 13 89.0715560318204
8 10 169.569375343015
9 11 154.727948174559
9 24 129.769184187882
10 23 162.749758890383
4 6 168.787227883069
5 7 142.418364960076
5 22 131.728186518605
6 21 135.517686164011
16 18 173.432851905789
17 19 165.741569823229
12 14 178.273094687082
13 15 155.240749002888
3 20 172.76659214058
2 1 179.993249616863
2 8 106.269328067685
2 4 105.612754656335
20 0 179.945605541627
1 16 92.6246975092889
1 12 87.44751730351
20 9 114.184518691669
20 5 120.038834569447
0 17 87.7248529745543
0 13 89.0548715186251
8 10 169.747863297169
9 11 154.741014785711
9 24 134.281430956924
10 23 164.179916508722
4 6 168.724767325451
5 7 142.405154471035
5 22 161.256601088455
6 21 135.139902165052
16 18 173.378867833273
17 19 166.658416943078
12 14 178.281993755808
13 15 154.835743230262
3 20 172.812324437192
2 1 179.995160725188
2 8 106.285786751461
2 4 105.67929567489
20 0 179.950730743315
1 16 92.5842090383054
1 12 87.5032291600654
20 9 114.216730339847
20 5 120.156540444183
0 17 87.6896569080025
0 13 89.0963292949017
8 10 169.420818076775
9 11 155.501057648345
9 24 136.105723491713
10 23 166.660258404709
4 6 168.663112962004
5 7 142.256293542477
5 22 178.117607272547
6 21 135.052278318214
16 18 173.503566333781
17 19 154.987964726507
12 14 178.242802554178
13 15 154.85256268738
3 20 172.940136177908
2 1 179.997706270402
2 8 106.330181663136
2 4 105.669299594201
20 0 179.964918353724
1 16 92.5497583524662
1 12 87.5403673050517
20 9 114.317734326734
20 5 120.150618513945
0 17 87.6620145596793
0 13 89.1231533813265
8 10 169.389158681647
9 11 155.660759783102
9 24 131.569284173615
10 23 165.335294293993
4 6 168.636837697285
5 7 142.751744682096
5 22 170.488415129554
6 21 137.3249490095
16 18 173.508658586803
17 19 155.184495965407
12 14 178.25842011896
13 15 154.800733960612
3 20 172.940136177908
2 1 179.997706270402
2 8 106.330181663136
2 4 105.669299594201
20 0 179.964918353724
1 16 92.5497583524662
1 12 87.5403673050517
20 9 114.317734326734
20 5 120.150618513945
0 17 87.6620145596793
0 13 89.1231533813265
8 10 169.389158681647
9 11 155.660759783102
9 24 131.569284173615
10 23 165.335294293993
4 6 168.636837697285
5 7 142.751744682096
5 22 170.488415129554
6 21 137.3249490095
16 18 173.508658586803
17 19 155.184495965407
12 14 178.25842011896
13 15 154.800733960612
3 20 172.940136177908
2 1 179.997706270402
2 8 106.330181663136
2 4 105.669299594201
20 0 179.964918353724
1 16 92.5497583524662
1 12 87.5403673050517
20 9 114.317734326734
20 5 120.150618513945
0 17 87.6620145596793
0 13 89.1231533813265
8 10 169.389158681647
9 11 155.660759783102
9 24 131.569284173615
10 23 165.335294293993
4 6 168.636837697285
5 7 142.751744682096
5 22 170.488415129554
6 21 137.3249490095
16 18 173.508658586803
17 19 155.184495965407
12 14 178.25842011896
13 15 154.800733960612
3 20 172.940136177908
2 1 179.997706270402
2 8 106.330181663136
2 4 105.669299594201
20 0 179.964918353724
1 16 92.5497583524662
1 12 87.5403673050517
20 9 114.317734326734
20 5 120.150618513945
0 17 87.6620145596793
0 13 89.1231533813265
8 10 169.389158681647
9 11 155.660759783102
9 24 131.569284173615
10 23 165.335294293993
4 6 168.636837697285
5 7 142.751744682096
5 22 170.488415129554
6 21 137.3249490095
16 18 173.508658586803
17 19 155.184495965407
12 14 178.25842011896
13 15 154.800733960612
3 20 172.956148270469
2 1 179.995943062125
2 8 106.341723826311
2 4 105.730024406931
20 0 179.967941603666
1 16 92.5668233986453
1 12 87.5235488586633
20 9 114.365552856123
20 5 120.226222594766
0 17 87.6944988538802
0 13 89.1154019067533
8 10 167.394348357222
9 11 156.455075003264
9 24 131.609759089517
10 23 167.228524173884
4 6 168.61232321558
5 7 142.523746605752
5 22 177.612071042527
6 21 135.428525510785
16 18 173.376924344043
17 19 155.958736157046
12 14 178.38234692879
13 15 155.357713683763
3 20 173.078017856422
2 1 179.9953889229
2 8 106.353995955342
2 4 105.704510776324
20 0 179.980857972602
1 16 92.5240948039949
1 12 87.560153673768
20 9 114.417466904188
20 5 120.206582939695
0 17 87.5949664348037
0 13 89.1728897984786
8 10 168.107997927251
9 11 154.859059546472
9 24 122.991273180826
10 23 165.771788164126
4 6 168.609714746874
5 7 142.856212774274
5 22 170.37763025412
6 21 138.575461794971
16 18 173.015163735345
17 19 162.359794604832
12 14 178.444824685082
13 15 155.424303139238
3 20 173.078017856422
2 1 179.9953889229
2 8 106.353995955342
2 4 105.704510776324
20 0 179.980857972602
1 16 92.5240948039949
1 12 87.560153673768
20 9 114.417466904188
20 5 120.206582939695
0 17 87.5949664348037
0 13 89.1728897984786
8 10 168.107997927251
9 11 154.859059546472
9 24 122.991273180826
10 23 165.771788164126
4 6 168.609714746874
5 7 142.856212774274
5 22 170.37763025412
6 21 138.575461794971
16 18 173.015163735345
17 19 162.359794604832
12 14 178.444824685082
13 15 155.424303139238
3 20 173.078017856422
2 1 179.9953889229
2 8 106.353995955342
2 4 105.704510776324
20 0 179.980857972602
1 16 92.5240948039949
1 12 87.560153673768
20 9 114.417466904188
20 5 120.206582939695
0 17 87.5949664348037
0 13 89.1728897984786
8 10 168.107997927251
9 11 154.859059546472
9 24 122.991273180826
10 23 165.771788164126
4 6 168.609714746874
5 7 142.856212774274
5 22 170.37763025412
6 21 138.575461794971
16 18 173.015163735345
17 19 162.359794604832
12 14 178.444824685082
13 15 155.424303139238
3 20 173.078017856422
2 1 179.9953889229
2 8 106.353995955342
2 4 105.704510776324
20 0 179.980857972602
1 16 92.5240948039949
1 12 87.560153673768
20 9 114.417466904188
20 5 120.206582939695
0 17 87.5949664348037
0 13 89.1728897984786
8 10 168.107997927251
9 11 154.859059546472
9 24 122.991273180826
10 23 165.771788164126
4 6 168.609714746874
5 7 142.856212774274
5 22 170.37763025412
6 21 138.575461794971
16 18 173.015163735345
17 19 162.359794604832
12 14 178.444824685082
13 15 155.424303139238
3 20 173.078017856422
2 1 179.9953889229
2 8 106.353995955342
2 4 105.704510776324
20 0 179.980857972602
1 16 92.5240948039949
1 12 87.560153673768
20 9 114.417466904188
20 5 120.206582939695
0 17 87.5949664348037
0 13 89.1728897984786
8 10 168.107997927251
9 11 154.859059546472
9 24 122.991273180826
10 23 165.771788164126
4 6 168.609714746874
5 7 142.856212774274
5 22 170.37763025412
6 21 138.575461794971
16 18 173.015163735345
17 19 162.359794604832
12 14 178.444824685082
13 15 155.424303139238
3 20 173.078017856422
2 1 179.9953889229
2 8 106.353995955342
2 4 105.704510776324
20 0 179.980857972602
1 16 92.5240948039949
1 12 87.560153673768
20 9 114.417466904188
20 5 120.206582939695
0 17 87.5949664348037
0 13 89.1728897984786
8 10 168.107997927251
9 11 154.859059546472
9 24 122.991273180826
10 23 165.771788164126
4 6 168.609714746874
5 7 142.856212774274
5 22 170.37763025412
6 21 138.575461794971
16 18 173.015163735345
17 19 162.359794604832
12 14 178.444824685082
13 15 155.424303139238
