               JointType               X                    Y  WidthOfDisplay  HeightOfDisplay    IsImportant?(%)
0 0 0 0 0 0 0 0 0.262351611127105 0.970879714741555 512 424 100
0 0 0 0 0 1 0 0 0.427589058686582 0.444939086604595 512 424 100
0 0 0 0 0 2 0 0 1.12788786728025 0.281330689285569 512 424 100
0 0 0 0 0 3 0 0 1.66531876419937 0.266701295602577 512 424 100
0 0 0 0 0 4 0 0 1.35733583841456 0.963965069661903 512 424 100
0 0 0 0 0 5 0 0 0.242288183041924 2.16599353994224 512 424 100
0 0 0 0 0 6 0 0 1.05219310850579 2.2247444502525 512 424 100
0 0 0 0 0 7 0 0 1.10250883952159 0.785835239262517 512 424 100
0 0 0 0 0 8 0 0 2.15191399049135 0.881247832861224 512 424 100
0 0 0 0 0 9 0 0 0.309933779968403 2.92469914720371 512 424 100
0 0 0 0 0 10 0 0 2.38878947036373 4.52320749578461 512 424 100
0 0 0 0 0 11 0 0 4.82731690022161 2.27822658657316 512 424 100
0 0 0 0 0 12 0 0 0.229966752945246 1.04536437097374 512 424 100
0 0 0 0 0 13 0 0 0.518906729977442 0.725634880648599 512 424 100
0 0 0 0 0 14 0 0 0.856981386036595 0.454654394006372 512 424 100
0 0 0 0 0 15 0 0 5.88127093797546 0.99997226063804 512 424 100
0 0 0 0 0 16 0 0 0.370460552598403 0.851256636331212 512 424 100
0 0 0 0 0 17 0 0 0.886146175300793 1.8394913409292 512 424 100
0 0 0 0 0 18 0 0 38.2907545169335 64.7154101269421 512 424 100
0 0 0 0 0 19 0 0 38.2973102726486 67.1047613503523 512 424 100
0 0 0 0 0 20 0 0 36.7437244673983 22.266910974011 512 424 100
0 0 0 0 0 21 0 0 30.2638840076158 41.26686802794 512 424 100
0 0 0 0 0 22 0 0 29.6436615957951 38.5155381167593 512 424 100
0 0 0 0 0 23 0 0 40.7987426690633 41.1552058379205 512 424 100
0 0 0 0 0 24 0 0 39.8932216696794 37.8991080765097 512 424 100
0 0 0 0 0 0 0 0 0.262351611127105 0.970879714741555 512 424 100
0 0 0 0 0 1 0 0 0.427589058686582 0.444939086604595 512 424 100
0 0 0 0 0 2 0 0 1.12788786728025 0.281330689285569 512 424 100
0 0 0 0 0 3 0 0 1.66531876419937 0.266701295602577 512 424 100
0 0 0 0 0 4 0 0 1.35733583841456 0.963965069661903 512 424 100
0 0 0 0 0 5 0 0 0.242288183041924 2.16599353994224 512 424 100
0 0 0 0 0 6 0 0 1.05219310850579 2.2247444502525 512 424 100
0 0 0 0 0 7 0 0 1.10250883952159 0.785835239262517 512 424 100
0 0 0 0 0 8 0 0 2.15191399049135 0.881247832861224 512 424 100
0 0 0 0 0 9 0 0 0.309933779968403 2.92469914720371 512 424 100
0 0 0 0 0 10 0 0 2.38878947036373 4.52320749578461 512 424 100
0 0 0 0 0 11 0 0 4.82731690022161 2.27822658657316 512 424 100
0 0 0 0 0 12 0 0 0.229966752945246 1.04536437097374 512 424 100
0 0 0 0 0 13 0 0 0.518906729977442 0.725634880648599 512 424 100
0 0 0 0 0 14 0 0 0.856981386036595 0.454654394006372 512 424 100
0 0 0 0 0 15 0 0 5.88127093797546 0.99997226063804 512 424 100
0 0 0 0 0 16 0 0 0.370460552598403 0.851256636331212 512 424 100
0 0 0 0 0 17 0 0 0.886146175300793 1.8394913409292 512 424 100
0 0 0 0 0 18 0 0 38.2907545169335 64.7154101269421 512 424 100
0 0 0 0 0 19 0 0 38.2973102726486 67.1047613503523 512 424 100
0 0 0 0 0 20 0 0 36.7437244673983 22.266910974011 512 424 100
0 0 0 0 0 21 0 0 30.2638840076158 41.26686802794 512 424 100
0 0 0 0 0 22 0 0 29.6436615957951 38.5155381167593 512 424 100
0 0 0 0 0 23 0 0 40.7987426690633 41.1552058379205 512 424 100
0 0 0 0 0 24 0 0 39.8932216696794 37.8991080765097 512 424 100
0 0 0 0 0 0 0 0 0.262351611127105 0.970879714741555 512 424 100
0 0 0 0 0 1 0 0 0.427589058686582 0.444939086604595 512 424 100
0 0 0 0 0 2 0 0 1.12788786728025 0.281330689285569 512 424 100
0 0 0 0 0 3 0 0 1.66531876419937 0.266701295602577 512 424 100
0 0 0 0 0 4 0 0 1.35733583841456 0.963965069661903 512 424 100
0 0 0 0 0 5 0 0 0.242288183041924 2.16599353994224 512 424 100
0 0 0 0 0 6 0 0 1.05219310850579 2.2247444502525 512 424 100
0 0 0 0 0 7 0 0 1.10250883952159 0.785835239262517 512 424 100
0 0 0 0 0 8 0 0 2.15191399049135 0.881247832861224 512 424 100
0 0 0 0 0 9 0 0 0.309933779968403 2.92469914720371 512 424 100
0 0 0 0 0 10 0 0 2.38878947036373 4.52320749578461 512 424 100
0 0 0 0 0 11 0 0 4.82731690022161 2.27822658657316 512 424 100
0 0 0 0 0 12 0 0 0.229966752945246 1.04536437097374 512 424 100
0 0 0 0 0 13 0 0 0.518906729977442 0.725634880648599 512 424 100
0 0 0 0 0 14 0 0 0.856981386036595 0.454654394006372 512 424 100
0 0 0 0 0 15 0 0 5.88127093797546 0.99997226063804 512 424 100
0 0 0 0 0 16 0 0 0.370460552598403 0.851256636331212 512 424 100
0 0 0 0 0 17 0 0 0.886146175300793 1.8394913409292 512 424 100
0 0 0 0 0 18 0 0 38.2907545169335 64.7154101269421 512 424 100
0 0 0 0 0 19 0 0 38.2973102726486 67.1047613503523 512 424 100
0 0 0 0 0 20 0 0 36.7437244673983 22.266910974011 512 424 100
0 0 0 0 0 21 0 0 30.2638840076158 41.26686802794 512 424 100
0 0 0 0 0 22 0 0 29.6436615957951 38.5155381167593 512 424 100
0 0 0 0 0 23 0 0 40.7987426690633 41.1552058379205 512 424 100
0 0 0 0 0 24 0 0 39.8932216696794 37.8991080765097 512 424 100
0 0 0 0 0 0 0 0 0.262351611127105 0.970879714741555 512 424 100
0 0 0 0 0 1 0 0 0.427589058686582 0.444939086604595 512 424 100
0 0 0 0 0 2 0 0 1.12788786728025 0.281330689285569 512 424 100
0 0 0 0 0 3 0 0 1.66531876419937 0.266701295602577 512 424 100
0 0 0 0 0 4 0 0 1.35733583841456 0.963965069661903 512 424 100
0 0 0 0 0 5 0 0 0.242288183041924 2.16599353994224 512 424 100
0 0 0 0 0 6 0 0 1.05219310850579 2.2247444502525 512 424 100
0 0 0 0 0 7 0 0 1.10250883952159 0.785835239262517 512 424 100
0 0 0 0 0 8 0 0 2.15191399049135 0.881247832861224 512 424 100
0 0 0 0 0 9 0 0 0.309933779968403 2.92469914720371 512 424 100
0 0 0 0 0 10 0 0 2.38878947036373 4.52320749578461 512 424 100
0 0 0 0 0 11 0 0 4.82731690022161 2.27822658657316 512 424 100
0 0 0 0 0 12 0 0 0.229966752945246 1.04536437097374 512 424 100
0 0 0 0 0 13 0 0 0.518906729977442 0.725634880648599 512 424 100
0 0 0 0 0 14 0 0 0.856981386036595 0.454654394006372 512 424 100
0 0 0 0 0 15 0 0 5.88127093797546 0.99997226063804 512 424 100
0 0 0 0 0 16 0 0 0.370460552598403 0.851256636331212 512 424 100
0 0 0 0 0 17 0 0 0.886146175300793 1.8394913409292 512 424 100
0 0 0 0 0 18 0 0 38.2907545169335 64.7154101269421 512 424 100
0 0 0 0 0 19 0 0 38.2973102726486 67.1047613503523 512 424 100
0 0 0 0 0 20 0 0 36.7437244673983 22.266910974011 512 424 100
0 0 0 0 0 21 0 0 30.2638840076158 41.26686802794 512 424 100
0 0 0 0 0 22 0 0 29.6436615957951 38.5155381167593 512 424 100
0 0 0 0 0 23 0 0 40.7987426690633 41.1552058379205 512 424 100
0 0 0 0 0 24 0 0 39.8932216696794 37.8991080765097 512 424 100
0 0 0 0 0 0 0 0 0.281834310383505 0.86022534943903 512 424 100
0 0 0 0 0 1 0 0 0.209005688979725 0.401724588372326 512 424 100
0 0 0 0 0 2 0 0 0.780152982358853 0.447811637719093 512 424 100
0 0 0 0 0 3 0 0 1.2036892953009 0.188153993345271 512 424 100
0 0 0 0 0 4 0 0 1.42704117731661 0.892488716685105 512 424 100
0 0 0 0 0 5 0 0 0.258740791281327 1.68950040157134 512 424 100
0 0 0 0 0 6 0 0 0.613798995247779 1.73590910950417 512 424 100
0 0 0 0 0 7 0 0 0.850038859729472 0.776345117573168 512 424 100
0 0 0 0 0 8 0 0 3.1552364997449 1.16569449165504 512 424 100
0 0 0 0 0 9 0 0 0.477483771542074 3.13557941964139 512 424 100
0 0 0 0 0 10 0 0 2.43811919412665 4.01228746028562 512 424 100
0 0 0 0 0 11 0 0 4.2850173972905 1.23731490304474 512 424 100
0 0 0 0 0 12 0 0 0.255771256425945 0.889038154683758 512 424 100
0 0 0 0 0 13 0 0 0.267859306399443 0.531206508742561 512 424 100
0 0 0 0 0 14 0 0 0.613825483852046 0.445748444124572 512 424 100
0 0 0 0 0 15 0 0 4.751733916452 0.938727893479369 512 424 100
0 0 0 0 0 16 0 0 0.548010607742611 0.787668972842463 512 424 100
0 0 0 0 0 17 0 0 1.0095922047477 1.74453471308782 512 424 100
0 0 0 0 0 18 0 0 38.2889839823485 64.7102783943155 512 424 100
0 0 0 0 0 19 0 0 38.3411079280917 67.0824898827967 512 424 100
0 0 0 0 0 20 0 0 36.752640208887 22.2601415525233 512 424 100
0 0 0 0 0 21 0 0 30.2638344305475 41.2667821943189 512 424 100
0 0 0 0 0 22 0 0 29.8237442088416 40.2111763156049 512 424 100
0 0 0 0 0 23 0 0 40.7270881389819 41.1626352040567 512 424 100
0 0 0 0 0 24 0 0 39.8925710094071 38.4095603292705 512 424 100
0 0 0 0 0 0 0 0 0.281834310383505 0.86022534943903 512 424 100
0 0 0 0 0 1 0 0 0.209005688979725 0.401724588372326 512 424 100
0 0 0 0 0 2 0 0 0.780152982358853 0.447811637719093 512 424 100
0 0 0 0 0 3 0 0 1.2036892953009 0.188153993345271 512 424 100
0 0 0 0 0 4 0 0 1.42704117731661 0.892488716685105 512 424 100
0 0 0 0 0 5 0 0 0.258740791281327 1.68950040157134 512 424 100
0 0 0 0 0 6 0 0 0.613798995247779 1.73590910950417 512 424 100
0 0 0 0 0 7 0 0 0.850038859729472 0.776345117573168 512 424 100
0 0 0 0 0 8 0 0 3.1552364997449 1.16569449165504 512 424 100
0 0 0 0 0 9 0 0 0.477483771542074 3.13557941964139 512 424 100
0 0 0 0 0 10 0 0 2.43811919412665 4.01228746028562 512 424 100
0 0 0 0 0 11 0 0 4.2850173972905 1.23731490304474 512 424 100
0 0 0 0 0 12 0 0 0.255771256425945 0.889038154683758 512 424 100
0 0 0 0 0 13 0 0 0.267859306399443 0.531206508742561 512 424 100
0 0 0 0 0 14 0 0 0.613825483852046 0.445748444124572 512 424 100
0 0 0 0 0 15 0 0 4.751733916452 0.938727893479369 512 424 100
0 0 0 0 0 16 0 0 0.548010607742611 0.787668972842463 512 424 100
0 0 0 0 0 17 0 0 1.0095922047477 1.74453471308782 512 424 100
0 0 0 0 0 18 0 0 38.2889839823485 64.7102783943155 512 424 100
0 0 0 0 0 19 0 0 38.3411079280917 67.0824898827967 512 424 100
0 0 0 0 0 20 0 0 36.752640208887 22.2601415525233 512 424 100
0 0 0 0 0 21 0 0 30.2638344305475 41.2667821943189 512 424 100
0 0 0 0 0 22 0 0 29.8237442088416 40.2111763156049 512 424 100
0 0 0 0 0 23 0 0 40.7270881389819 41.1626352040567 512 424 100
0 0 0 0 0 24 0 0 39.8925710094071 38.4095603292705 512 424 100
0 0 0 0 0 0 0 0 0.281834310383505 0.86022534943903 512 424 100
0 0 0 0 0 1 0 0 0.209005688979725 0.401724588372326 512 424 100
0 0 0 0 0 2 0 0 0.780152982358853 0.447811637719093 512 424 100
0 0 0 0 0 3 0 0 1.2036892953009 0.188153993345271 512 424 100
0 0 0 0 0 4 0 0 1.42704117731661 0.892488716685105 512 424 100
0 0 0 0 0 5 0 0 0.258740791281327 1.68950040157134 512 424 100
0 0 0 0 0 6 0 0 0.613798995247779 1.73590910950417 512 424 100
0 0 0 0 0 7 0 0 0.850038859729472 0.776345117573168 512 424 100
0 0 0 0 0 8 0 0 3.1552364997449 1.16569449165504 512 424 100
0 0 0 0 0 9 0 0 0.477483771542074 3.13557941964139 512 424 100
0 0 0 0 0 10 0 0 2.43811919412665 4.01228746028562 512 424 100
0 0 0 0 0 11 0 0 4.2850173972905 1.23731490304474 512 424 100
0 0 0 0 0 12 0 0 0.255771256425945 0.889038154683758 512 424 100
0 0 0 0 0 13 0 0 0.267859306399443 0.531206508742561 512 424 100
0 0 0 0 0 14 0 0 0.613825483852046 0.445748444124572 512 424 100
0 0 0 0 0 15 0 0 4.751733916452 0.938727893479369 512 424 100
0 0 0 0 0 16 0 0 0.548010607742611 0.787668972842463 512 424 100
0 0 0 0 0 17 0 0 1.0095922047477 1.74453471308782 512 424 100
0 0 0 0 0 18 0 0 38.2889839823485 64.7102783943155 512 424 100
0 0 0 0 0 19 0 0 38.3411079280917 67.0824898827967 512 424 100
0 0 0 0 0 20 0 0 36.752640208887 22.2601415525233 512 424 100
0 0 0 0 0 21 0 0 30.2638344305475 41.2667821943189 512 424 100
0 0 0 0 0 22 0 0 29.8237442088416 40.2111763156049 512 424 100
0 0 0 0 0 23 0 0 40.7270881389819 41.1626352040567 512 424 100
0 0 0 0 0 24 0 0 39.8925710094071 38.4095603292705 512 424 100
0 0 0 0 0 0 0 0 0.281834310383505 0.86022534943903 512 424 100
0 0 0 0 0 1 0 0 0.209005688979725 0.401724588372326 512 424 100
0 0 0 0 0 2 0 0 0.780152982358853 0.447811637719093 512 424 100
0 0 0 0 0 3 0 0 1.2036892953009 0.188153993345271 512 424 100
0 0 0 0 0 4 0 0 1.42704117731661 0.892488716685105 512 424 100
0 0 0 0 0 5 0 0 0.258740791281327 1.68950040157134 512 424 100
0 0 0 0 0 6 0 0 0.613798995247779 1.73590910950417 512 424 100
0 0 0 0 0 7 0 0 0.850038859729472 0.776345117573168 512 424 100
0 0 0 0 0 8 0 0 3.1552364997449 1.16569449165504 512 424 100
0 0 0 0 0 9 0 0 0.477483771542074 3.13557941964139 512 424 100
0 0 0 0 0 10 0 0 2.43811919412665 4.01228746028562 512 424 100
0 0 0 0 0 11 0 0 4.2850173972905 1.23731490304474 512 424 100
0 0 0 0 0 12 0 0 0.255771256425945 0.889038154683758 512 424 100
0 0 0 0 0 13 0 0 0.267859306399443 0.531206508742561 512 424 100
0 0 0 0 0 14 0 0 0.613825483852046 0.445748444124572 512 424 100
0 0 0 0 0 15 0 0 4.751733916452 0.938727893479369 512 424 100
0 0 0 0 0 16 0 0 0.548010607742611 0.787668972842463 512 424 100
0 0 0 0 0 17 0 0 1.0095922047477 1.74453471308782 512 424 100
0 0 0 0 0 18 0 0 38.2889839823485 64.7102783943155 512 424 100
0 0 0 0 0 19 0 0 38.3411079280917 67.0824898827967 512 424 100
0 0 0 0 0 20 0 0 36.752640208887 22.2601415525233 512 424 100
0 0 0 0 0 21 0 0 30.2638344305475 41.2667821943189 512 424 100
0 0 0 0 0 22 0 0 29.8237442088416 40.2111763156049 512 424 100
0 0 0 0 0 23 0 0 40.7270881389819 41.1626352040567 512 424 100
0 0 0 0 0 24 0 0 39.8925710094071 38.4095603292705 512 424 100
0 0 0 0 0 0 0 0 0.281834310383505 0.86022534943903 512 424 100
0 0 0 0 0 1 0 0 0.209005688979725 0.401724588372326 512 424 100
0 0 0 0 0 2 0 0 0.780152982358853 0.447811637719093 512 424 100
0 0 0 0 0 3 0 0 1.2036892953009 0.188153993345271 512 424 100
0 0 0 0 0 4 0 0 1.42704117731661 0.892488716685105 512 424 100
0 0 0 0 0 5 0 0 0.258740791281327 1.68950040157134 512 424 100
0 0 0 0 0 6 0 0 0.613798995247779 1.73590910950417 512 424 100
0 0 0 0 0 7 0 0 0.850038859729472 0.776345117573168 512 424 100
0 0 0 0 0 8 0 0 3.1552364997449 1.16569449165504 512 424 100
0 0 0 0 0 9 0 0 0.477483771542074 3.13557941964139 512 424 100
0 0 0 0 0 10 0 0 2.43811919412665 4.01228746028562 512 424 100
0 0 0 0 0 11 0 0 4.2850173972905 1.23731490304474 512 424 100
0 0 0 0 0 12 0 0 0.255771256425945 0.889038154683758 512 424 100
0 0 0 0 0 13 0 0 0.267859306399443 0.531206508742561 512 424 100
0 0 0 0 0 14 0 0 0.613825483852046 0.445748444124572 512 424 100
0 0 0 0 0 15 0 0 4.751733916452 0.938727893479369 512 424 100
0 0 0 0 0 16 0 0 0.548010607742611 0.787668972842463 512 424 100
0 0 0 0 0 17 0 0 1.0095922047477 1.74453471308782 512 424 100
0 0 0 0 0 18 0 0 38.2889839823485 64.7102783943155 512 424 100
0 0 0 0 0 19 0 0 38.3411079280917 67.0824898827967 512 424 100
0 0 0 0 0 20 0 0 36.752640208887 22.2601415525233 512 424 100
0 0 0 0 0 21 0 0 30.2638344305475 41.2667821943189 512 424 100
0 0 0 0 0 22 0 0 29.8237442088416 40.2111763156049 512 424 100
0 0 0 0 0 23 0 0 40.7270881389819 41.1626352040567 512 424 100
0 0 0 0 0 24 0 0 39.8925710094071 38.4095603292705 512 424 100
0 0 0 0 0 0 0 0 0.281834310383505 0.86022534943903 512 424 100
0 0 0 0 0 1 0 0 0.209005688979725 0.401724588372326 512 424 100
0 0 0 0 0 2 0 0 0.780152982358853 0.447811637719093 512 424 100
0 0 0 0 0 3 0 0 1.2036892953009 0.188153993345271 512 424 100
0 0 0 0 0 4 0 0 1.42704117731661 0.892488716685105 512 424 100
0 0 0 0 0 5 0 0 0.258740791281327 1.68950040157134 512 424 100
0 0 0 0 0 6 0 0 0.613798995247779 1.73590910950417 512 424 100
0 0 0 0 0 7 0 0 0.850038859729472 0.776345117573168 512 424 100
0 0 0 0 0 8 0 0 3.1552364997449 1.16569449165504 512 424 100
0 0 0 0 0 9 0 0 0.477483771542074 3.13557941964139 512 424 100
0 0 0 0 0 10 0 0 2.43811919412665 4.01228746028562 512 424 100
0 0 0 0 0 11 0 0 4.2850173972905 1.23731490304474 512 424 100
0 0 0 0 0 12 0 0 0.255771256425945 0.889038154683758 512 424 100
0 0 0 0 0 13 0 0 0.267859306399443 0.531206508742561 512 424 100
0 0 0 0 0 14 0 0 0.613825483852046 0.445748444124572 512 424 100
0 0 0 0 0 15 0 0 4.751733916452 0.938727893479369 512 424 100
0 0 0 0 0 16 0 0 0.548010607742611 0.787668972842463 512 424 100
0 0 0 0 0 17 0 0 1.0095922047477 1.74453471308782 512 424 100
0 0 0 0 0 18 0 0 38.2889839823485 64.7102783943155 512 424 100
0 0 0 0 0 19 0 0 38.3411079280917 67.0824898827967 512 424 100
0 0 0 0 0 20 0 0 36.752640208887 22.2601415525233 512 424 100
0 0 0 0 0 21 0 0 30.2638344305475 41.2667821943189 512 424 100
0 0 0 0 0 22 0 0 29.8237442088416 40.2111763156049 512 424 100
0 0 0 0 0 23 0 0 40.7270881389819 41.1626352040567 512 424 100
0 0 0 0 0 24 0 0 39.8925710094071 38.4095603292705 512 424 100
0 0 0 0 0 0 0 0 0.281834310383505 0.86022534943903 512 424 100
0 0 0 0 0 1 0 0 0.209005688979725 0.401724588372326 512 424 100
0 0 0 0 0 2 0 0 0.780152982358853 0.447811637719093 512 424 100
0 0 0 0 0 3 0 0 1.2036892953009 0.188153993345271 512 424 100
0 0 0 0 0 4 0 0 1.42704117731661 0.892488716685105 512 424 100
0 0 0 0 0 5 0 0 0.258740791281327 1.68950040157134 512 424 100
0 0 0 0 0 6 0 0 0.613798995247779 1.73590910950417 512 424 100
0 0 0 0 0 7 0 0 0.850038859729472 0.776345117573168 512 424 100
0 0 0 0 0 8 0 0 3.1552364997449 1.16569449165504 512 424 100
0 0 0 0 0 9 0 0 0.477483771542074 3.13557941964139 512 424 100
0 0 0 0 0 10 0 0 2.43811919412665 4.01228746028562 512 424 100
0 0 0 0 0 11 0 0 4.2850173972905 1.23731490304474 512 424 100
0 0 0 0 0 12 0 0 0.255771256425945 0.889038154683758 512 424 100
0 0 0 0 0 13 0 0 0.267859306399443 0.531206508742561 512 424 100
0 0 0 0 0 14 0 0 0.613825483852046 0.445748444124572 512 424 100
0 0 0 0 0 15 0 0 4.751733916452 0.938727893479369 512 424 100
0 0 0 0 0 16 0 0 0.548010607742611 0.787668972842463 512 424 100
0 0 0 0 0 17 0 0 1.0095922047477 1.74453471308782 512 424 100
0 0 0 0 0 18 0 0 38.2889839823485 64.7102783943155 512 424 100
0 0 0 0 0 19 0 0 38.3411079280917 67.0824898827967 512 424 100
0 0 0 0 0 20 0 0 36.752640208887 22.2601415525233 512 424 100
0 0 0 0 0 21 0 0 30.2638344305475 41.2667821943189 512 424 100
0 0 0 0 0 22 0 0 29.8237442088416 40.2111763156049 512 424 100
0 0 0 0 0 23 0 0 40.7270881389819 41.1626352040567 512 424 100
0 0 0 0 0 24 0 0 39.8925710094071 38.4095603292705 512 424 100
0 0 0 0 0 0 0 0 0.281834310383505 0.86022534943903 512 424 100
0 0 0 0 0 1 0 0 0.209005688979725 0.401724588372326 512 424 100
0 0 0 0 0 2 0 0 0.780152982358853 0.447811637719093 512 424 100
0 0 0 0 0 3 0 0 1.2036892953009 0.188153993345271 512 424 100
0 0 0 0 0 4 0 0 1.42704117731661 0.892488716685105 512 424 100
0 0 0 0 0 5 0 0 0.258740791281327 1.68950040157134 512 424 100
0 0 0 0 0 6 0 0 0.613798995247779 1.73590910950417 512 424 100
0 0 0 0 0 7 0 0 0.850038859729472 0.776345117573168 512 424 100
0 0 0 0 0 8 0 0 3.1552364997449 1.16569449165504 512 424 100
0 0 0 0 0 9 0 0 0.477483771542074 3.13557941964139 512 424 100
0 0 0 0 0 10 0 0 2.43811919412665 4.01228746028562 512 424 100
0 0 0 0 0 11 0 0 4.2850173972905 1.23731490304474 512 424 100
0 0 0 0 0 12 0 0 0.255771256425945 0.889038154683758 512 424 100
0 0 0 0 0 13 0 0 0.267859306399443 0.531206508742561 512 424 100
0 0 0 0 0 14 0 0 0.613825483852046 0.445748444124572 512 424 100
0 0 0 0 0 15 0 0 4.751733916452 0.938727893479369 512 424 100
0 0 0 0 0 16 0 0 0.548010607742611 0.787668972842463 512 424 100
0 0 0 0 0 17 0 0 1.0095922047477 1.74453471308782 512 424 100
0 0 0 0 0 18 0 0 38.2889839823485 64.7102783943155 512 424 100
0 0 0 0 0 19 0 0 38.3411079280917 67.0824898827967 512 424 100
0 0 0 0 0 20 0 0 36.752640208887 22.2601415525233 512 424 100
0 0 0 0 0 21 0 0 30.2638344305475 41.2667821943189 512 424 100
0 0 0 0 0 22 0 0 29.8237442088416 40.2111763156049 512 424 100
0 0 0 0 0 23 0 0 40.7270881389819 41.1626352040567 512 424 100
0 0 0 0 0 24 0 0 39.8925710094071 38.4095603292705 512 424 100
0 0 0 0 0 0 0 0 0.281834310383505 0.86022534943903 512 424 100
0 0 0 0 0 1 0 0 0.209005688979725 0.401724588372326 512 424 100
0 0 0 0 0 2 0 0 0.780152982358853 0.447811637719093 512 424 100
0 0 0 0 0 3 0 0 1.2036892953009 0.188153993345271 512 424 100
0 0 0 0 0 4 0 0 1.42704117731661 0.892488716685105 512 424 100
0 0 0 0 0 5 0 0 0.258740791281327 1.68950040157134 512 424 100
0 0 0 0 0 6 0 0 0.613798995247779 1.73590910950417 512 424 100
0 0 0 0 0 7 0 0 0.850038859729472 0.776345117573168 512 424 100
0 0 0 0 0 8 0 0 3.1552364997449 1.16569449165504 512 424 100
0 0 0 0 0 9 0 0 0.477483771542074 3.13557941964139 512 424 100
0 0 0 0 0 10 0 0 2.43811919412665 4.01228746028562 512 424 100
0 0 0 0 0 11 0 0 4.2850173972905 1.23731490304474 512 424 100
0 0 0 0 0 12 0 0 0.255771256425945 0.889038154683758 512 424 100
0 0 0 0 0 13 0 0 0.267859306399443 0.531206508742561 512 424 100
0 0 0 0 0 14 0 0 0.613825483852046 0.445748444124572 512 424 100
0 0 0 0 0 15 0 0 4.751733916452 0.938727893479369 512 424 100
0 0 0 0 0 16 0 0 0.548010607742611 0.787668972842463 512 424 100
0 0 0 0 0 17 0 0 1.0095922047477 1.74453471308782 512 424 100
0 0 0 0 0 18 0 0 38.2889839823485 64.7102783943155 512 424 100
0 0 0 0 0 19 0 0 38.3411079280917 67.0824898827967 512 424 100
0 0 0 0 0 20 0 0 36.752640208887 22.2601415525233 512 424 100
0 0 0 0 0 21 0 0 30.2638344305475 41.2667821943189 512 424 100
0 0 0 0 0 22 0 0 29.8237442088416 40.2111763156049 512 424 100
0 0 0 0 0 23 0 0 40.7270881389819 41.1626352040567 512 424 100
0 0 0 0 0 24 0 0 39.8925710094071 38.4095603292705 512 424 100
0 0 0 0 0 0 0 0 0.281834310383505 0.86022534943903 512 424 100
0 0 0 0 0 1 0 0 0.209005688979725 0.401724588372326 512 424 100
0 0 0 0 0 2 0 0 0.780152982358853 0.447811637719093 512 424 100
0 0 0 0 0 3 0 0 1.2036892953009 0.188153993345271 512 424 100
0 0 0 0 0 4 0 0 1.42704117731661 0.892488716685105 512 424 100
0 0 0 0 0 5 0 0 0.258740791281327 1.68950040157134 512 424 100
0 0 0 0 0 6 0 0 0.613798995247779 1.73590910950417 512 424 100
0 0 0 0 0 7 0 0 0.850038859729472 0.776345117573168 512 424 100
0 0 0 0 0 8 0 0 3.1552364997449 1.16569449165504 512 424 100
0 0 0 0 0 9 0 0 0.477483771542074 3.13557941964139 512 424 100
0 0 0 0 0 10 0 0 2.43811919412665 4.01228746028562 512 424 100
0 0 0 0 0 11 0 0 4.2850173972905 1.23731490304474 512 424 100
0 0 0 0 0 12 0 0 0.255771256425945 0.889038154683758 512 424 100
0 0 0 0 0 13 0 0 0.267859306399443 0.531206508742561 512 424 100
0 0 0 0 0 14 0 0 0.613825483852046 0.445748444124572 512 424 100
0 0 0 0 0 15 0 0 4.751733916452 0.938727893479369 512 424 100
0 0 0 0 0 16 0 0 0.548010607742611 0.787668972842463 512 424 100
0 0 0 0 0 17 0 0 1.0095922047477 1.74453471308782 512 424 100
0 0 0 0 0 18 0 0 38.2889839823485 64.7102783943155 512 424 100
0 0 0 0 0 19 0 0 38.3411079280917 67.0824898827967 512 424 100
0 0 0 0 0 20 0 0 36.752640208887 22.2601415525233 512 424 100
0 0 0 0 0 21 0 0 30.2638344305475 41.2667821943189 512 424 100
0 0 0 0 0 22 0 0 29.8237442088416 40.2111763156049 512 424 100
0 0 0 0 0 23 0 0 40.7270881389819 41.1626352040567 512 424 100
0 0 0 0 0 24 0 0 39.8925710094071 38.4095603292705 512 424 100
0 0 0 0 0 0 0 0 0.281834310383505 0.86022534943903 512 424 100
0 0 0 0 0 1 0 0 0.209005688979725 0.401724588372326 512 424 100
0 0 0 0 0 2 0 0 0.780152982358853 0.447811637719093 512 424 100
0 0 0 0 0 3 0 0 1.2036892953009 0.188153993345271 512 424 100
0 0 0 0 0 4 0 0 1.42704117731661 0.892488716685105 512 424 100
0 0 0 0 0 5 0 0 0.258740791281327 1.68950040157134 512 424 100
0 0 0 0 0 6 0 0 0.613798995247779 1.73590910950417 512 424 100
0 0 0 0 0 7 0 0 0.850038859729472 0.776345117573168 512 424 100
0 0 0 0 0 8 0 0 3.1552364997449 1.16569449165504 512 424 100
0 0 0 0 0 9 0 0 0.477483771542074 3.13557941964139 512 424 100
0 0 0 0 0 10 0 0 2.43811919412665 4.01228746028562 512 424 100
0 0 0 0 0 11 0 0 4.2850173972905 1.23731490304474 512 424 100
0 0 0 0 0 12 0 0 0.255771256425945 0.889038154683758 512 424 100
0 0 0 0 0 13 0 0 0.267859306399443 0.531206508742561 512 424 100
0 0 0 0 0 14 0 0 0.613825483852046 0.445748444124572 512 424 100
0 0 0 0 0 15 0 0 4.751733916452 0.938727893479369 512 424 100
0 0 0 0 0 16 0 0 0.548010607742611 0.787668972842463 512 424 100
0 0 0 0 0 17 0 0 1.0095922047477 1.74453471308782 512 424 100
0 0 0 0 0 18 0 0 38.2889839823485 64.7102783943155 512 424 100
0 0 0 0 0 19 0 0 38.3411079280917 67.0824898827967 512 424 100
0 0 0 0 0 20 0 0 36.752640208887 22.2601415525233 512 424 100
0 0 0 0 0 21 0 0 30.2638344305475 41.2667821943189 512 424 100
0 0 0 0 0 22 0 0 29.8237442088416 40.2111763156049 512 424 100
0 0 0 0 0 23 0 0 40.7270881389819 41.1626352040567 512 424 100
0 0 0 0 0 24 0 0 39.8925710094071 38.4095603292705 512 424 100
0 0 0 0 0 0 0 0 0.281834310383505 0.86022534943903 512 424 100
0 0 0 0 0 1 0 0 0.209005688979725 0.401724588372326 512 424 100
0 0 0 0 0 2 0 0 0.780152982358853 0.447811637719093 512 424 100
0 0 0 0 0 3 0 0 1.2036892953009 0.188153993345271 512 424 100
0 0 0 0 0 4 0 0 1.42704117731661 0.892488716685105 512 424 100
0 0 0 0 0 5 0 0 0.258740791281327 1.68950040157134 512 424 100
0 0 0 0 0 6 0 0 0.613798995247779 1.73590910950417 512 424 100
0 0 0 0 0 7 0 0 0.850038859729472 0.776345117573168 512 424 100
0 0 0 0 0 8 0 0 3.1552364997449 1.16569449165504 512 424 100
0 0 0 0 0 9 0 0 0.477483771542074 3.13557941964139 512 424 100
0 0 0 0 0 10 0 0 2.43811919412665 4.01228746028562 512 424 100
0 0 0 0 0 11 0 0 4.2850173972905 1.23731490304474 512 424 100
0 0 0 0 0 12 0 0 0.255771256425945 0.889038154683758 512 424 100
0 0 0 0 0 13 0 0 0.267859306399443 0.531206508742561 512 424 100
0 0 0 0 0 14 0 0 0.613825483852046 0.445748444124572 512 424 100
0 0 0 0 0 15 0 0 4.751733916452 0.938727893479369 512 424 100
0 0 0 0 0 16 0 0 0.548010607742611 0.787668972842463 512 424 100
0 0 0 0 0 17 0 0 1.0095922047477 1.74453471308782 512 424 100
0 0 0 0 0 18 0 0 38.2889839823485 64.7102783943155 512 424 100
0 0 0 0 0 19 0 0 38.3411079280917 67.0824898827967 512 424 100
0 0 0 0 0 20 0 0 36.752640208887 22.2601415525233 512 424 100
0 0 0 0 0 21 0 0 30.2638344305475 41.2667821943189 512 424 100
0 0 0 0 0 22 0 0 29.8237442088416 40.2111763156049 512 424 100
0 0 0 0 0 23 0 0 40.7270881389819 41.1626352040567 512 424 100
0 0 0 0 0 24 0 0 39.8925710094071 38.4095603292705 512 424 100
0 0 0 0 0 0 0 0 0.435440770351944 0.500927133519848 512 424 100
0 0 0 0 0 1 0 0 0.357320680650291 0.249866307355903 512 424 100
0 0 0 0 0 2 0 0 0.531388273546375 0.650770825470206 512 424 100
0 0 0 0 0 3 0 0 0.731452742431909 0.163042204669575 512 424 100
0 0 0 0 0 4 0 0 1.77315274909932 0.540569673774289 512 424 100
0 0 0 0 0 5 0 0 0.223126683053513 1.03061694039198 512 424 100
0 0 0 0 0 6 0 0 0.415617982513389 1.05945809743556 512 424 100
0 0 0 0 0 7 0 0 0.648856589530063 0.547928625991877 512 424 100
0 0 0 0 0 8 0 0 1.92073184283896 1.2054181017375 512 424 100
0 0 0 0 0 9 0 0 0.415374384787342 1.88274686523849 512 424 100
0 0 0 0 0 10 0 0 3.65179939420789 5.8026989470225 512 424 100
0 0 0 0 0 11 0 0 2.82034402036158 1.51309226067557 512 424 100
0 0 0 0 0 12 0 0 0.364733611829103 0.537191029540725 512 424 100
0 0 0 0 0 13 0 0 0.372299977318183 0.511625726449128 512 424 100
0 0 0 0 0 14 0 0 1.07504502000926 0.772954493761889 512 424 100
0 0 0 0 0 15 0 0 5.0082244811913 0.952604016104909 512 424 100
0 0 0 0 0 16 0 0 0.583317849335668 0.44735697163294 512 424 100
0 0 0 0 0 17 0 0 0.660034476178376 1.8664851845508 512 424 100
0 0 0 0 0 18 0 0 38.2906894200694 64.7210639406597 512 424 100
0 0 0 0 0 19 0 0 40.3031890515708 67.1513749718575 512 424 100
0 0 0 0 0 20 0 0 36.7653185081119 22.2762203217902 512 424 100
0 0 0 0 0 21 0 0 30.186990879278 41.199423878131 512 424 100
0 0 0 0 0 22 0 0 29.6069109012573 38.461255796147 512 424 100
0 0 0 0 0 23 0 0 40.8478525210969 41.007214667809 512 424 100
0 0 0 0 0 24 0 0 40.0908890908608 38.205115975997 512 424 100
0 0 0 0 0 0 0 0 0.445725583224036 0.501886676034046 512 424 100
0 0 0 0 0 1 0 0 0.494485951182496 0.249866307355903 512 424 100
0 0 0 0 0 2 0 0 0.84925326305294 0.310768606748247 512 424 100
0 0 0 0 0 3 0 0 0.754565750216052 0.143399320755309 512 424 100
0 0 0 0 0 4 0 0 1.78617476422654 0.543505453984013 512 424 100
0 0 0 0 0 5 0 0 0.196145777572964 1.02243915589768 512 424 100
0 0 0 0 0 6 0 0 0.422875920413482 1.04695509056657 512 424 100
0 0 0 0 0 7 0 0 0.648856589530063 0.470921187670053 512 424 100
0 0 0 0 0 8 0 0 1.98128803624494 1.33724787406029 512 424 100
0 0 0 0 0 9 0 0 0.333004394916438 1.76449181593138 512 424 100
0 0 0 0 0 10 0 0 3.91766040963586 5.02441159814565 512 424 100
0 0 0 0 0 11 0 0 2.99288984982653 0.951605008275735 512 424 100
0 0 0 0 0 12 0 0 0.381532419469927 0.537667474578611 512 424 100
0 0 0 0 0 13 0 0 0.389673255247174 0.589427426076918 512 424 100
0 0 0 0 0 14 0 0 0.9205448579497 0.790425146140288 512 424 100
0 0 0 0 0 15 0 0 6.62523628156661 1.28381922598068 512 424 100
0 0 0 0 0 16 0 0 0.553544035529384 0.462371717403516 512 424 100
0 0 0 0 0 17 0 0 0.704855106441602 1.69892252417253 512 424 100
0 0 0 0 0 18 0 0 230.753367225446 390.042715216141 512 424 100
0 0 0 0 0 19 0 0 230.536768732078 404.315140211692 512 424 100
0 0 0 0 0 20 0 0 221.530358209124 134.183615016584 512 424 100
0 0 0 0 0 21 0 0 182.226357601762 248.498500575714 512 424 100
0 0 0 0 0 22 0 0 178.83870628511 232.38043906735 512 424 100
0 0 0 0 0 23 0 0 246.165522935044 247.482518570472 512 424 100
0 0 0 0 0 24 0 0 240.956942660619 229.916972305766 512 424 100
0 0 0 0 0 0 0 0 0.445725583224036 0.501886676034046 512 424 100
0 0 0 0 0 1 0 0 0.494485951182496 0.249866307355903 512 424 100
0 0 0 0 0 2 0 0 0.84925326305294 0.310768606748247 512 424 100
0 0 0 0 0 3 0 0 0.754565750216052 0.143399320755309 512 424 100
0 0 0 0 0 4 0 0 1.78617476422654 0.543505453984013 512 424 100
0 0 0 0 0 5 0 0 0.196145777572964 1.02243915589768 512 424 100
0 0 0 0 0 6 0 0 0.422875920413482 1.04695509056657 512 424 100
0 0 0 0 0 7 0 0 0.648856589530063 0.470921187670053 512 424 100
0 0 0 0 0 8 0 0 1.98128803624494 1.33724787406029 512 424 100
0 0 0 0 0 9 0 0 0.333004394916438 1.76449181593138 512 424 100
0 0 0 0 0 10 0 0 3.91766040963586 5.02441159814565 512 424 100
0 0 0 0 0 11 0 0 2.99288984982653 0.951605008275735 512 424 100
0 0 0 0 0 12 0 0 0.381532419469927 0.537667474578611 512 424 100
0 0 0 0 0 13 0 0 0.389673255247174 0.589427426076918 512 424 100
0 0 0 0 0 14 0 0 0.9205448579497 0.790425146140288 512 424 100
0 0 0 0 0 15 0 0 6.62523628156661 1.28381922598068 512 424 100
0 0 0 0 0 16 0 0 0.553544035529384 0.462371717403516 512 424 100
0 0 0 0 0 17 0 0 0.704855106441602 1.69892252417253 512 424 100
0 0 0 0 0 18 0 0 38.2635109479365 64.7318301394725 512 424 100
0 0 0 0 0 19 0 0 38.2355069953304 67.1033199917478 512 424 100
0 0 0 0 0 20 0 0 36.7752923992497 22.2705118168059 512 424 100
0 0 0 0 0 21 0 0 30.1987384313923 41.1858371870624 512 424 100
0 0 0 0 0 22 0 0 29.8509237377787 40.0510051772825 512 424 100
0 0 0 0 0 23 0 0 40.8859809751926 41.0033488828957 512 424 100
0 0 0 0 0 24 0 0 40.0840588694905 38.1718821772529 512 424 100
0 0 0 0 0 0 0 0 0.445725583224036 0.501886676034046 512 424 100
0 0 0 0 0 1 0 0 0.494485951182496 0.249866307355903 512 424 100
0 0 0 0 0 2 0 0 0.84925326305294 0.310768606748247 512 424 100
0 0 0 0 0 3 0 0 0.754565750216052 0.143399320755309 512 424 100
0 0 0 0 0 4 0 0 1.78617476422654 0.543505453984013 512 424 100
0 0 0 0 0 5 0 0 0.196145777572964 1.02243915589768 512 424 100
0 0 0 0 0 6 0 0 0.422875920413482 1.04695509056657 512 424 100
0 0 0 0 0 7 0 0 0.648856589530063 0.470921187670053 512 424 100
0 0 0 0 0 8 0 0 1.98128803624494 1.33724787406029 512 424 100
0 0 0 0 0 9 0 0 0.333004394916438 1.76449181593138 512 424 100
0 0 0 0 0 10 0 0 3.91766040963586 5.02441159814565 512 424 100
0 0 0 0 0 11 0 0 2.99288984982653 0.951605008275735 512 424 100
0 0 0 0 0 12 0 0 0.381532419469927 0.537667474578611 512 424 100
0 0 0 0 0 13 0 0 0.389673255247174 0.589427426076918 512 424 100
0 0 0 0 0 14 0 0 0.9205448579497 0.790425146140288 512 424 100
0 0 0 0 0 15 0 0 6.62523628156661 1.28381922598068 512 424 100
0 0 0 0 0 16 0 0 0.553544035529384 0.462371717403516 512 424 100
0 0 0 0 0 17 0 0 0.704855106441602 1.69892252417253 512 424 100
0 0 0 0 0 18 0 0 38.2635109479365 64.7318301394725 512 424 100
0 0 0 0 0 19 0 0 38.2355069953304 67.1033199917478 512 424 100
0 0 0 0 0 20 0 0 36.7752923992497 22.2705118168059 512 424 100
0 0 0 0 0 21 0 0 30.1987384313923 41.1858371870624 512 424 100
0 0 0 0 0 22 0 0 29.8509237377787 40.0510051772825 512 424 100
0 0 0 0 0 23 0 0 40.8859809751926 41.0033488828957 512 424 100
0 0 0 0 0 24 0 0 40.0840588694905 38.1718821772529 512 424 100
0 0 0 0 0 0 0 0 0.445725583224036 0.501886676034046 512 424 100
0 0 0 0 0 1 0 0 0.494485951182496 0.249866307355903 512 424 100
0 0 0 0 0 2 0 0 0.84925326305294 0.310768606748247 512 424 100
0 0 0 0 0 3 0 0 0.754565750216052 0.143399320755309 512 424 100
0 0 0 0 0 4 0 0 1.78617476422654 0.543505453984013 512 424 100
0 0 0 0 0 5 0 0 0.196145777572964 1.02243915589768 512 424 100
0 0 0 0 0 6 0 0 0.422875920413482 1.04695509056657 512 424 100
0 0 0 0 0 7 0 0 0.648856589530063 0.470921187670053 512 424 100
0 0 0 0 0 8 0 0 1.98128803624494 1.33724787406029 512 424 100
0 0 0 0 0 9 0 0 0.333004394916438 1.76449181593138 512 424 100
0 0 0 0 0 10 0 0 3.91766040963586 5.02441159814565 512 424 100
0 0 0 0 0 11 0 0 2.99288984982653 0.951605008275735 512 424 100
0 0 0 0 0 12 0 0 0.381532419469927 0.537667474578611 512 424 100
0 0 0 0 0 13 0 0 0.389673255247174 0.589427426076918 512 424 100
0 0 0 0 0 14 0 0 0.9205448579497 0.790425146140288 512 424 100
0 0 0 0 0 15 0 0 6.62523628156661 1.28381922598068 512 424 100
0 0 0 0 0 16 0 0 0.553544035529384 0.462371717403516 512 424 100
0 0 0 0 0 17 0 0 0.704855106441602 1.69892252417253 512 424 100
0 0 0 0 0 18 0 0 38.2635109479365 64.7318301394725 512 424 100
0 0 0 0 0 19 0 0 38.2355069953304 67.1033199917478 512 424 100
0 0 0 0 0 20 0 0 36.7752923992497 22.2705118168059 512 424 100
0 0 0 0 0 21 0 0 30.1987384313923 41.1858371870624 512 424 100
0 0 0 0 0 22 0 0 29.8509237377787 40.0510051772825 512 424 100
0 0 0 0 0 23 0 0 40.8859809751926 41.0033488828957 512 424 100
0 0 0 0 0 24 0 0 40.0840588694905 38.1718821772529 512 424 100
0 0 0 0 0 0 0 0 0.369118180488274 0.520539539543966 512 424 100
0 0 0 0 0 1 0 0 0.435145755774832 0.236430354903305 512 424 100
0 0 0 0 0 2 0 0 0.871527131272289 0.259049318798315 512 424 100
0 0 0 0 0 3 0 0 0.810459020029969 0.348457699996568 512 424 100
0 0 0 0 0 4 0 0 1.84985065768352 0.640856086961319 512 424 100
0 0 0 0 0 5 0 0 0.241269509929939 1.0616473523269 512 424 100
0 0 0 0 0 6 0 0 0.429729083877548 1.10164229768927 512 424 100
0 0 0 0 0 7 0 0 0.912856027655973 0.463952789188181 512 424 100
0 0 0 0 0 8 0 0 1.73016282344439 1.05305052673991 512 424 100
0 0 0 0 0 9 0 0 0.527425750785423 1.75333762894419 512 424 100
0 0 0 0 0 10 0 0 2.47976930511291 5.03996475217978 512 424 100
0 0 0 0 0 11 0 0 2.97549548010049 0.885426371812808 512 424 100
0 0 0 0 0 12 0 0 0.337510092088248 0.546537523577199 512 424 100
0 0 0 0 0 13 0 0 0.776019019654775 1.42995666129008 512 424 100
0 0 0 0 0 14 0 0 1.4253976845671 0.415849298709479 512 424 100
0 0 0 0 0 15 0 0 6.09116536467043 1.82147646264581 512 424 100
0 0 0 0 0 16 0 0 0.43574587296971 0.487077804011132 512 424 100
0 0 0 0 0 17 0 0 0.697393974711284 1.17101144642994 512 424 100
0 0 0 0 0 18 0 0 38.2781031776951 64.7379812741382 512 424 100
0 0 0 0 0 19 0 0 40.4366848210866 67.1753578718861 512 424 100
0 0 0 0 0 20 0 0 36.7753103073287 22.2653356918431 512 424 100
0 0 0 0 0 21 0 0 30.1856883361024 41.1740344054667 512 424 100
0 0 0 0 0 22 0 0 29.6227908868031 38.4605067056397 512 424 100
0 0 0 0 0 23 0 0 40.8413482654692 41.0117546192151 512 424 100
0 0 0 0 0 24 0 0 40.1005228301482 38.7861105113966 512 424 100
0 0 0 0 0 0 0 0 0.369118180488274 0.520539539543966 512 424 100
0 0 0 0 0 1 0 0 0.435145755774832 0.236430354903305 512 424 100
0 0 0 0 0 2 0 0 0.871527131272289 0.259049318798315 512 424 100
0 0 0 0 0 3 0 0 0.810459020029969 0.348457699996568 512 424 100
0 0 0 0 0 4 0 0 1.84985065768352 0.640856086961319 512 424 100
0 0 0 0 0 5 0 0 0.241269509929939 1.0616473523269 512 424 100
0 0 0 0 0 6 0 0 0.429729083877548 1.10164229768927 512 424 100
0 0 0 0 0 7 0 0 0.912856027655973 0.463952789188181 512 424 100
0 0 0 0 0 8 0 0 1.73016282344439 1.05305052673991 512 424 100
0 0 0 0 0 9 0 0 0.527425750785423 1.75333762894419 512 424 100
0 0 0 0 0 10 0 0 2.47976930511291 5.03996475217978 512 424 100
0 0 0 0 0 11 0 0 2.97549548010049 0.885426371812808 512 424 100
0 0 0 0 0 12 0 0 0.337510092088248 0.546537523577199 512 424 100
0 0 0 0 0 13 0 0 0.776019019654775 1.42995666129008 512 424 100
0 0 0 0 0 14 0 0 1.4253976845671 0.415849298709479 512 424 100
0 0 0 0 0 15 0 0 6.09116536467043 1.82147646264581 512 424 100
0 0 0 0 0 16 0 0 0.43574587296971 0.487077804011132 512 424 100
0 0 0 0 0 17 0 0 0.697393974711284 1.17101144642994 512 424 100
0 0 0 0 0 18 0 0 38.2781031776951 64.7379812741382 512 424 100
0 0 0 0 0 19 0 0 40.4366848210866 67.1753578718861 512 424 100
0 0 0 0 0 20 0 0 36.7753103073287 22.2653356918431 512 424 100
0 0 0 0 0 21 0 0 30.1856883361024 41.1740344054667 512 424 100
0 0 0 0 0 22 0 0 29.6227908868031 38.4605067056397 512 424 100
0 0 0 0 0 23 0 0 40.8413482654692 41.0117546192151 512 424 100
0 0 0 0 0 24 0 0 40.1005228301482 38.7861105113966 512 424 100
0 0 0 0 0 0 0 0 0.357327860899402 0.525224904598852 512 424 100
0 0 0 0 0 1 0 0 0.205037568260049 0.242772710466102 512 424 100
0 0 0 0 0 2 0 0 0.806791507335178 0.474246016669316 512 424 100
0 0 0 0 0 3 0 0 0.824484026934185 0.32033725114451 512 424 100
0 0 0 0 0 4 0 0 1.84606867146166 0.569733279423683 512 424 100
0 0 0 0 0 5 0 0 0.215880286397744 1.06739884826484 512 424 100
0 0 0 0 0 6 0 0 0.455120062481747 1.10679266109867 512 424 100
0 0 0 0 0 7 0 0 0.56600943386583 0.498186461905566 512 424 100
0 0 0 0 0 8 0 0 1.72410860572988 0.910196143563287 512 424 100
0 0 0 0 0 9 0 0 0.708831354184543 1.75483001107868 512 424 100
0 0 0 0 0 10 0 0 3.08564694793227 4.83140888018407 512 424 100
0 0 0 0 0 11 0 0 3.06958673760588 0.892424710458629 512 424 100
0 0 0 0 0 12 0 0 0.33644230231758 0.549462818766784 512 424 100
0 0 0 0 0 13 0 0 0.608424269011489 1.48084340255453 512 424 100
0 0 0 0 0 14 0 0 0.81449631206557 0.751106435759095 512 424 100
0 0 0 0 0 15 0 0 6.30483055931077 2.11617004551303 512 424 100
0 0 0 0 0 16 0 0 0.419780191926742 0.492667137141997 512 424 100
0 0 0 0 0 17 0 0 0.81779541818471 1.31153964098694 512 424 100
0 0 0 0 0 18 0 0 38.2838795848275 64.7368864134763 512 424 100
0 0 0 0 0 19 0 0 38.4036966480146 67.1647430450096 512 424 100
0 0 0 0 0 20 0 0 36.7523480275696 22.2720404492886 512 424 100
0 0 0 0 0 21 0 0 30.1986758627387 41.1858675483116 512 424 100
0 0 0 0 0 22 0 0 29.6394367380533 38.4612147375495 512 424 100
0 0 0 0 0 23 0 0 40.8764895011367 41.0115722268612 512 424 100
0 0 0 0 0 24 0 0 40.1070548370555 38.7619308556895 512 424 100
0 0 0 0 0 0 0 0 0.390242154444323 0.537735148370013 512 424 100
0 0 0 0 0 1 0 0 0.294286495047967 0.243452242250619 512 424 100
0 0 0 0 0 2 0 0 0.590841530978444 0.255145106856131 512 424 100
0 0 0 0 0 3 0 0 0.905678781146494 0.239142907538171 512 424 100
0 0 0 0 0 4 0 0 1.90389828172281 0.635636475779105 512 424 100
0 0 0 0 0 5 0 0 0.197918561980726 1.19456244846856 512 424 100
0 0 0 0 0 6 0 0 0.462280627256328 1.24163920003961 512 424 100
0 0 0 0 0 7 0 0 0.683411900310584 0.882712304049076 512 424 100
0 0 0 0 0 8 0 0 1.78771539767683 0.742536556516704 512 424 100
0 0 0 0 0 9 0 0 0.503784139017113 1.87611477130276 512 424 100
0 0 0 0 0 10 0 0 2.50289442660424 4.30214432090636 512 424 100
0 0 0 0 0 11 0 0 3.58914219568129 0.919416731210288 512 424 100
0 0 0 0 0 12 0 0 0.372810270324464 0.572897373785849 512 424 100
0 0 0 0 0 13 0 0 0.273839614442783 0.628697633943238 512 424 100
0 0 0 0 0 14 0 0 0.614644102168242 0.983691035611172 512 424 100
0 0 0 0 0 15 0 0 4.43783327115882 0.964313167658294 512 424 100
0 0 0 0 0 16 0 0 0.436601312089387 0.492667137141997 512 424 100
0 0 0 0 0 17 0 0 0.979481023480469 1.14358768570263 512 424 100
0 0 0 0 0 18 0 0 38.311728065897 64.7266989917193 512 424 100
0 0 0 0 0 19 0 0 40.5044719666346 67.1382489233777 512 424 100
0 0 0 0 0 20 0 0 36.7671725930157 22.2675538031055 512 424 100
0 0 0 0 0 21 0 0 30.2730843651461 41.2775557846523 512 424 100
0 0 0 0 0 22 0 0 29.6891792113385 38.874746461994 512 424 100
0 0 0 0 0 23 0 0 40.8764048168358 41.0222186780693 512 424 100
0 0 0 0 0 24 0 0 40.0482158862384 38.0586959837727 512 424 100
0 0 0 0 0 0 0 0 0.390242154444323 0.537735148370013 512 424 100
0 0 0 0 0 1 0 0 0.294286495047967 0.243452242250619 512 424 100
0 0 0 0 0 2 0 0 0.590841530978444 0.255145106856131 512 424 100
0 0 0 0 0 3 0 0 0.905678781146494 0.239142907538171 512 424 100
0 0 0 0 0 4 0 0 1.90389828172281 0.635636475779105 512 424 100
0 0 0 0 0 5 0 0 0.197918561980726 1.19456244846856 512 424 100
0 0 0 0 0 6 0 0 0.462280627256328 1.24163920003961 512 424 100
0 0 0 0 0 7 0 0 0.683411900310584 0.882712304049076 512 424 100
0 0 0 0 0 8 0 0 1.78771539767683 0.742536556516704 512 424 100
0 0 0 0 0 9 0 0 0.503784139017113 1.87611477130276 512 424 100
0 0 0 0 0 10 0 0 2.50289442660424 4.30214432090636 512 424 100
0 0 0 0 0 11 0 0 3.58914219568129 0.919416731210288 512 424 100
0 0 0 0 0 12 0 0 0.372810270324464 0.572897373785849 512 424 100
0 0 0 0 0 13 0 0 0.273839614442783 0.628697633943238 512 424 100
0 0 0 0 0 14 0 0 0.614644102168242 0.983691035611172 512 424 100
0 0 0 0 0 15 0 0 4.43783327115882 0.964313167658294 512 424 100
0 0 0 0 0 16 0 0 0.436601312089387 0.492667137141997 512 424 100
0 0 0 0 0 17 0 0 0.979481023480469 1.14358768570263 512 424 100
0 0 0 0 0 18 0 0 38.311728065897 64.7266989917193 512 424 100
0 0 0 0 0 19 0 0 40.5044719666346 67.1382489233777 512 424 100
0 0 0 0 0 20 0 0 36.7671725930157 22.2675538031055 512 424 100
0 0 0 0 0 21 0 0 30.2730843651461 41.2775557846523 512 424 100
0 0 0 0 0 22 0 0 29.6891792113385 38.874746461994 512 424 100
0 0 0 0 0 23 0 0 40.8764048168358 41.0222186780693 512 424 100
0 0 0 0 0 24 0 0 40.0482158862384 38.0586959837727 512 424 100
0 0 0 0 0 0 0 0 0.371866224352188 0.539096673110328 512 424 100
0 0 0 0 0 1 0 0 0.309341060728715 0.237818875164695 512 424 100
0 0 0 0 0 2 0 0 0.678377408470337 0.308664488361736 512 424 100
0 0 0 0 0 3 0 0 0.911844318538123 0.238170531856287 512 424 100
0 0 0 0 0 4 0 0 1.89725239426653 0.731375047265269 512 424 100
0 0 0 0 0 5 0 0 0.173094797871836 1.09015888322546 512 424 100
0 0 0 0 0 6 0 0 0.475037838825114 1.12219470957624 512 424 100
0 0 0 0 0 7 0 0 0.566310731874243 0.916666524414188 512 424 100
0 0 0 0 0 8 0 0 1.79880253882855 0.73943067284578 512 424 100
0 0 0 0 0 9 0 0 0.503222280406312 1.87639419185416 512 424 100
0 0 0 0 0 10 0 0 2.48909080501849 4.23190860200639 512 424 100
0 0 0 0 0 11 0 0 3.84660744677905 1.27649537209328 512 424 100
0 0 0 0 0 12 0 0 0.351221519587531 0.587540813346363 512 424 100
0 0 0 0 0 13 0 0 0.26264512325359 0.512794565856864 512 424 100
0 0 0 0 0 14 0 0 0.612604512153948 0.762160840489071 512 424 100
0 0 0 0 0 15 0 0 5.94161365271336 1.18915238947657 512 424 100
0 0 0 0 0 16 0 0 0.416572540828708 0.47925681787783 512 424 100
0 0 0 0 0 17 0 0 0.72470666204648 1.75675204210842 512 424 100
0 0 0 0 0 18 0 0 38.3239273194667 64.7280363639346 512 424 100
0 0 0 0 0 19 0 0 40.5384369798666 67.1415901882604 512 424 100
0 0 0 0 0 20 0 0 36.7698308484856 22.2641749455107 512 424 100
0 0 0 0 0 21 0 0 30.2635761721987 41.2667301782198 512 424 100
0 0 0 0 0 22 0 0 29.6330919864451 38.4884894421859 512 424 100
0 0 0 0 0 23 0 0 40.9021974248695 41.0294513832366 512 424 100
0 0 0 0 0 24 0 0 40.0737725284279 38.0127241159055 512 424 100
0 0 0 0 0 0 0 0 0.371866224352188 0.539096673110328 512 424 100
0 0 0 0 0 1 0 0 0.309341060728715 0.237818875164695 512 424 100
0 0 0 0 0 2 0 0 0.678377408470337 0.308664488361736 512 424 100
0 0 0 0 0 3 0 0 0.911844318538123 0.238170531856287 512 424 100
0 0 0 0 0 4 0 0 1.89725239426653 0.731375047265269 512 424 100
0 0 0 0 0 5 0 0 0.173094797871836 1.09015888322546 512 424 100
0 0 0 0 0 6 0 0 0.475037838825114 1.12219470957624 512 424 100
0 0 0 0 0 7 0 0 0.566310731874243 0.916666524414188 512 424 100
0 0 0 0 0 8 0 0 1.79880253882855 0.73943067284578 512 424 100
0 0 0 0 0 9 0 0 0.503222280406312 1.87639419185416 512 424 100
0 0 0 0 0 10 0 0 2.48909080501849 4.23190860200639 512 424 100
0 0 0 0 0 11 0 0 3.84660744677905 1.27649537209328 512 424 100
0 0 0 0 0 12 0 0 0.351221519587531 0.587540813346363 512 424 100
0 0 0 0 0 13 0 0 0.26264512325359 0.512794565856864 512 424 100
0 0 0 0 0 14 0 0 0.612604512153948 0.762160840489071 512 424 100
0 0 0 0 0 15 0 0 5.94161365271336 1.18915238947657 512 424 100
0 0 0 0 0 16 0 0 0.416572540828708 0.47925681787783 512 424 100
0 0 0 0 0 17 0 0 0.72470666204648 1.75675204210842 512 424 100
0 0 0 0 0 18 0 0 38.3239273194667 64.7280363639346 512 424 100
0 0 0 0 0 19 0 0 40.5384369798666 67.1415901882604 512 424 100
0 0 0 0 0 20 0 0 36.7698308484856 22.2641749455107 512 424 100
0 0 0 0 0 21 0 0 30.2635761721987 41.2667301782198 512 424 100
0 0 0 0 0 22 0 0 29.6330919864451 38.4884894421859 512 424 100
0 0 0 0 0 23 0 0 40.9021974248695 41.0294513832366 512 424 100
0 0 0 0 0 24 0 0 40.0737725284279 38.0127241159055 512 424 100
0 0 0 0 0 0 0 0 0.320423528935166 0.561849002582125 512 424 100
0 0 0 0 0 1 0 0 0.250690954506743 0.262788804693555 512 424 100
0 0 0 0 0 2 0 0 0.631421829020582 0.343267181222111 512 424 100
0 0 0 0 0 3 0 0 0.891504765439212 0.140051434065533 512 424 100
0 0 0 0 0 4 0 0 1.89397819000884 0.740816666729638 512 424 100
0 0 0 0 0 5 0 0 0.179050732245901 1.13710365515518 512 424 100
0 0 0 0 0 6 0 0 0.448995908374071 1.15014475729401 512 424 100
0 0 0 0 0 7 0 0 0.605902220547152 0.55187583247679 512 424 100
0 0 0 0 0 8 0 0 1.88026892796332 0.741612124462029 512 424 100
0 0 0 0 0 9 0 0 0.464085132194701 2.00001393079097 512 424 100
0 0 0 0 0 10 0 0 2.38558341008167 4.01521253827365 512 424 100
0 0 0 0 0 11 0 0 3.44413907045751 0.932097480802709 512 424 100
0 0 0 0 0 12 0 0 0.298968320026873 0.606972061167307 512 424 100
0 0 0 0 0 13 0 0 0.26061017600403 0.52472460642961 512 424 100
0 0 0 0 0 14 0 0 0.627468536213447 0.779533548674766 512 424 100
0 0 0 0 0 15 0 0 6.12860981461089 1.63128545043643 512 424 100
0 0 0 0 0 16 0 0 0.384473095528563 0.507554549028884 512 424 100
0 0 0 0 0 17 0 0 1.24410440702511 1.04062692075343 512 424 100
0 0 0 0 0 18 0 0 38.3232420796368 64.7397929423223 512 424 100
0 0 0 0 0 19 0 0 39.1578698476249 67.1476178204615 512 424 100
0 0 0 0 0 20 0 0 36.7680356215547 22.2643045885192 512 424 100
0 0 0 0 0 21 0 0 30.2640719146576 41.2667977997781 512 424 100
0 0 0 0 0 22 0 0 29.6513397440861 38.5485226153483 512 424 100
0 0 0 0 0 23 0 0 40.986604587941 41.0227701519092 512 424 100
0 0 0 0 0 24 0 0 40.0578588243208 38.2355989347037 512 424 100
0 0 0 0 0 0 0 0 0.320423528935166 0.561849002582125 512 424 100
0 0 0 0 0 1 0 0 0.250690954506743 0.262788804693555 512 424 100
0 0 0 0 0 2 0 0 0.631421829020582 0.343267181222111 512 424 100
0 0 0 0 0 3 0 0 0.891504765439212 0.140051434065533 512 424 100
0 0 0 0 0 4 0 0 1.89397819000884 0.740816666729638 512 424 100
0 0 0 0 0 5 0 0 0.179050732245901 1.13710365515518 512 424 100
0 0 0 0 0 6 0 0 0.448995908374071 1.15014475729401 512 424 100
0 0 0 0 0 7 0 0 0.605902220547152 0.55187583247679 512 424 100
0 0 0 0 0 8 0 0 1.88026892796332 0.741612124462029 512 424 100
0 0 0 0 0 9 0 0 0.464085132194701 2.00001393079097 512 424 100
0 0 0 0 0 10 0 0 2.38558341008167 4.01521253827365 512 424 100
0 0 0 0 0 11 0 0 3.44413907045751 0.932097480802709 512 424 100
0 0 0 0 0 12 0 0 0.298968320026873 0.606972061167307 512 424 100
0 0 0 0 0 13 0 0 0.26061017600403 0.52472460642961 512 424 100
0 0 0 0 0 14 0 0 0.627468536213447 0.779533548674766 512 424 100
0 0 0 0 0 15 0 0 6.12860981461089 1.63128545043643 512 424 100
0 0 0 0 0 16 0 0 0.384473095528563 0.507554549028884 512 424 100
0 0 0 0 0 17 0 0 1.24410440702511 1.04062692075343 512 424 100
0 0 0 0 0 18 0 0 38.3232420796368 64.7397929423223 512 424 100
0 0 0 0 0 19 0 0 39.1578698476249 67.1476178204615 512 424 100
0 0 0 0 0 20 0 0 36.7680356215547 22.2643045885192 512 424 100
0 0 0 0 0 21 0 0 30.2640719146576 41.2667977997781 512 424 100
0 0 0 0 0 22 0 0 29.6513397440861 38.5485226153483 512 424 100
0 0 0 0 0 23 0 0 40.986604587941 41.0227701519092 512 424 100
0 0 0 0 0 24 0 0 40.0578588243208 38.2355989347037 512 424 100
0 0 0 0 0 0 0 0 0.320423528935166 0.561849002582125 512 424 100
0 0 0 0 0 1 0 0 0.250690954506743 0.262788804693555 512 424 100
0 0 0 0 0 2 0 0 0.631421829020582 0.343267181222111 512 424 100
0 0 0 0 0 3 0 0 0.891504765439212 0.140051434065533 512 424 100
0 0 0 0 0 4 0 0 1.89397819000884 0.740816666729638 512 424 100
0 0 0 0 0 5 0 0 0.179050732245901 1.13710365515518 512 424 100
0 0 0 0 0 6 0 0 0.448995908374071 1.15014475729401 512 424 100
0 0 0 0 0 7 0 0 0.605902220547152 0.55187583247679 512 424 100
0 0 0 0 0 8 0 0 1.88026892796332 0.741612124462029 512 424 100
0 0 0 0 0 9 0 0 0.464085132194701 2.00001393079097 512 424 100
0 0 0 0 0 10 0 0 2.38558341008167 4.01521253827365 512 424 100
0 0 0 0 0 11 0 0 3.44413907045751 0.932097480802709 512 424 100
0 0 0 0 0 12 0 0 0.298968320026873 0.606972061167307 512 424 100
0 0 0 0 0 13 0 0 0.26061017600403 0.52472460642961 512 424 100
0 0 0 0 0 14 0 0 0.627468536213447 0.779533548674766 512 424 100
0 0 0 0 0 15 0 0 6.12860981461089 1.63128545043643 512 424 100
0 0 0 0 0 16 0 0 0.384473095528563 0.507554549028884 512 424 100
0 0 0 0 0 17 0 0 1.24410440702511 1.04062692075343 512 424 100
0 0 0 0 0 18 0 0 38.3232420796368 64.7397929423223 512 424 100
0 0 0 0 0 19 0 0 39.1578698476249 67.1476178204615 512 424 100
0 0 0 0 0 20 0 0 36.7680356215547 22.2643045885192 512 424 100
0 0 0 0 0 21 0 0 30.2640719146576 41.2667977997781 512 424 100
0 0 0 0 0 22 0 0 29.6513397440861 38.5485226153483 512 424 100
0 0 0 0 0 23 0 0 40.986604587941 41.0227701519092 512 424 100
0 0 0 0 0 24 0 0 40.0578588243208 38.2355989347037 512 424 100
0 0 0 0 0 0 0 0 0.291786222075118 0.56457123048782 512 424 100
0 0 0 0 0 1 0 0 0.239140956913326 0.247602974188414 512 424 100
0 0 0 0 0 2 0 0 0.518711344804021 0.382706495112088 512 424 100
0 0 0 0 0 3 0 0 0.893642308024892 0.156912725143536 512 424 100
0 0 0 0 0 4 0 0 2.48188416256181 0.517090559680648 512 424 100
0 0 0 0 0 5 0 0 0.29729627455633 1.34540010870982 512 424 100
0 0 0 0 0 6 0 0 0.458804844432167 1.33471928101374 512 424 100
0 0 0 0 0 7 0 0 0.689897626957848 0.463139174273979 512 424 100
0 0 0 0 0 8 0 0 2.25681255946231 0.776891656880315 512 424 100
0 0 0 0 0 9 0 0 0.280867667732317 2.35499474208508 512 424 100
0 0 0 0 0 10 0 0 2.55454726155069 4.21074894687971 512 424 100
0 0 0 0 0 11 0 0 3.56952081174122 0.903872762650536 512 424 100
0 0 0 0 0 12 0 0 0.25815127116451 0.571596107337287 512 424 100
0 0 0 0 0 13 0 0 0.257046035675406 0.938034843329697 512 424 100
0 0 0 0 0 14 0 0 0.850621121578892 0.58567417108573 512 424 100
0 0 0 0 0 15 0 0 10.8549718839404 2.19822974669649 512 424 100
0 0 0 0 0 16 0 0 0.487907866052312 0.522778283649504 512 424 100
0 0 0 0 0 17 0 0 0.696901920606095 1.36004019122405 512 424 100
0 0 0 0 0 18 0 0 38.297862613298 64.7285445451044 512 424 100
0 0 0 0 0 19 0 0 38.2700117942751 67.0399585017887 512 424 100
0 0 0 0 0 20 0 0 36.7605092322704 22.2705776157043 512 424 100
0 0 0 0 0 21 0 0 30.1989053206048 41.1858979109328 512 424 100
0 0 0 0 0 22 0 0 29.6232987239218 38.5578148531494 512 424 100
0 0 0 0 0 23 0 0 40.9925567818529 41.0222327526539 512 424 100
0 0 0 0 0 24 0 0 40.0783562227402 38.3245085019608 512 424 100
0 0 0 0 0 0 0 0 0.291786222075118 0.56457123048782 512 424 100
0 0 0 0 0 1 0 0 0.239140956913326 0.247602974188414 512 424 100
0 0 0 0 0 2 0 0 0.518711344804021 0.382706495112088 512 424 100
0 0 0 0 0 3 0 0 0.893642308024892 0.156912725143536 512 424 100
0 0 0 0 0 4 0 0 2.48188416256181 0.517090559680648 512 424 100
0 0 0 0 0 5 0 0 0.29729627455633 1.34540010870982 512 424 100
0 0 0 0 0 6 0 0 0.458804844432167 1.33471928101374 512 424 100
0 0 0 0 0 7 0 0 0.689897626957848 0.463139174273979 512 424 100
0 0 0 0 0 8 0 0 2.25681255946231 0.776891656880315 512 424 100
0 0 0 0 0 9 0 0 0.280867667732317 2.35499474208508 512 424 100
0 0 0 0 0 10 0 0 2.55454726155069 4.21074894687971 512 424 100
0 0 0 0 0 11 0 0 3.56952081174122 0.903872762650536 512 424 100
0 0 0 0 0 12 0 0 0.25815127116451 0.571596107337287 512 424 100
0 0 0 0 0 13 0 0 0.257046035675406 0.938034843329697 512 424 100
0 0 0 0 0 14 0 0 0.850621121578892 0.58567417108573 512 424 100
0 0 0 0 0 15 0 0 10.8549718839404 2.19822974669649 512 424 100
0 0 0 0 0 16 0 0 0.487907866052312 0.522778283649504 512 424 100
0 0 0 0 0 17 0 0 0.696901920606095 1.36004019122405 512 424 100
0 0 0 0 0 18 0 0 38.297862613298 64.7285445451044 512 424 100
0 0 0 0 0 19 0 0 38.2700117942751 67.0399585017887 512 424 100
0 0 0 0 0 20 0 0 36.7605092322704 22.2705776157043 512 424 100
0 0 0 0 0 21 0 0 30.1989053206048 41.1858979109328 512 424 100
0 0 0 0 0 22 0 0 29.6232987239218 38.5578148531494 512 424 100
0 0 0 0 0 23 0 0 40.9925567818529 41.0222327526539 512 424 100
0 0 0 0 0 24 0 0 40.0783562227402 38.3245085019608 512 424 100
0 0 0 0 0 0 0 0 0.291786222075118 0.56457123048782 512 424 100
0 0 0 0 0 1 0 0 0.239140956913326 0.247602974188414 512 424 100
0 0 0 0 0 2 0 0 0.518711344804021 0.382706495112088 512 424 100
0 0 0 0 0 3 0 0 0.893642308024892 0.156912725143536 512 424 100
0 0 0 0 0 4 0 0 2.48188416256181 0.517090559680648 512 424 100
0 0 0 0 0 5 0 0 0.29729627455633 1.34540010870982 512 424 100
0 0 0 0 0 6 0 0 0.458804844432167 1.33471928101374 512 424 100
0 0 0 0 0 7 0 0 0.689897626957848 0.463139174273979 512 424 100
0 0 0 0 0 8 0 0 2.25681255946231 0.776891656880315 512 424 100
0 0 0 0 0 9 0 0 0.280867667732317 2.35499474208508 512 424 100
0 0 0 0 0 10 0 0 2.55454726155069 4.21074894687971 512 424 100
0 0 0 0 0 11 0 0 3.56952081174122 0.903872762650536 512 424 100
0 0 0 0 0 12 0 0 0.25815127116451 0.571596107337287 512 424 100
0 0 0 0 0 13 0 0 0.257046035675406 0.938034843329697 512 424 100
0 0 0 0 0 14 0 0 0.850621121578892 0.58567417108573 512 424 100
0 0 0 0 0 15 0 0 10.8549718839404 2.19822974669649 512 424 100
0 0 0 0 0 16 0 0 0.487907866052312 0.522778283649504 512 424 100
0 0 0 0 0 17 0 0 0.696901920606095 1.36004019122405 512 424 100
0 0 0 0 0 18 0 0 38.297862613298 64.7285445451044 512 424 100
0 0 0 0 0 19 0 0 38.2700117942751 67.0399585017887 512 424 100
0 0 0 0 0 20 0 0 36.7605092322704 22.2705776157043 512 424 100
0 0 0 0 0 21 0 0 30.1989053206048 41.1858979109328 512 424 100
0 0 0 0 0 22 0 0 29.6232987239218 38.5578148531494 512 424 100
0 0 0 0 0 23 0 0 40.9925567818529 41.0222327526539 512 424 100
0 0 0 0 0 24 0 0 40.0783562227402 38.3245085019608 512 424 100
0 0 0 0 0 0 0 0 0.291786222075118 0.56457123048782 512 424 100
0 0 0 0 0 1 0 0 0.239140956913326 0.247602974188414 512 424 100
0 0 0 0 0 2 0 0 0.518711344804021 0.382706495112088 512 424 100
0 0 0 0 0 3 0 0 0.893642308024892 0.156912725143536 512 424 100
0 0 0 0 0 4 0 0 2.48188416256181 0.517090559680648 512 424 100
0 0 0 0 0 5 0 0 0.29729627455633 1.34540010870982 512 424 100
0 0 0 0 0 6 0 0 0.458804844432167 1.33471928101374 512 424 100
0 0 0 0 0 7 0 0 0.689897626957848 0.463139174273979 512 424 100
0 0 0 0 0 8 0 0 2.25681255946231 0.776891656880315 512 424 100
0 0 0 0 0 9 0 0 0.280867667732317 2.35499474208508 512 424 100
0 0 0 0 0 10 0 0 2.55454726155069 4.21074894687971 512 424 100
0 0 0 0 0 11 0 0 3.56952081174122 0.903872762650536 512 424 100
0 0 0 0 0 12 0 0 0.25815127116451 0.571596107337287 512 424 100
0 0 0 0 0 13 0 0 0.257046035675406 0.938034843329697 512 424 100
0 0 0 0 0 14 0 0 0.850621121578892 0.58567417108573 512 424 100
0 0 0 0 0 15 0 0 10.8549718839404 2.19822974669649 512 424 100
0 0 0 0 0 16 0 0 0.487907866052312 0.522778283649504 512 424 100
0 0 0 0 0 17 0 0 0.696901920606095 1.36004019122405 512 424 100
0 0 0 0 0 18 0 0 38.297862613298 64.7285445451044 512 424 100
0 0 0 0 0 19 0 0 38.2700117942751 67.0399585017887 512 424 100
0 0 0 0 0 20 0 0 36.7605092322704 22.2705776157043 512 424 100
0 0 0 0 0 21 0 0 30.1989053206048 41.1858979109328 512 424 100
0 0 0 0 0 22 0 0 29.6232987239218 38.5578148531494 512 424 100
0 0 0 0 0 23 0 0 40.9925567818529 41.0222327526539 512 424 100
0 0 0 0 0 24 0 0 40.0783562227402 38.3245085019608 512 424 100
0 0 0 0 0 0 0 0 0.291786222075118 0.56457123048782 512 424 100
0 0 0 0 0 1 0 0 0.239140956913326 0.247602974188414 512 424 100
0 0 0 0 0 2 0 0 0.518711344804021 0.382706495112088 512 424 100
0 0 0 0 0 3 0 0 0.893642308024892 0.156912725143536 512 424 100
0 0 0 0 0 4 0 0 2.48188416256181 0.517090559680648 512 424 100
0 0 0 0 0 5 0 0 0.29729627455633 1.34540010870982 512 424 100
0 0 0 0 0 6 0 0 0.458804844432167 1.33471928101374 512 424 100
0 0 0 0 0 7 0 0 0.689897626957848 0.463139174273979 512 424 100
0 0 0 0 0 8 0 0 2.25681255946231 0.776891656880315 512 424 100
0 0 0 0 0 9 0 0 0.280867667732317 2.35499474208508 512 424 100
0 0 0 0 0 10 0 0 2.55454726155069 4.21074894687971 512 424 100
0 0 0 0 0 11 0 0 3.56952081174122 0.903872762650536 512 424 100
0 0 0 0 0 12 0 0 0.25815127116451 0.571596107337287 512 424 100
0 0 0 0 0 13 0 0 0.257046035675406 0.938034843329697 512 424 100
0 0 0 0 0 14 0 0 0.850621121578892 0.58567417108573 512 424 100
0 0 0 0 0 15 0 0 10.8549718839404 2.19822974669649 512 424 100
0 0 0 0 0 16 0 0 0.487907866052312 0.522778283649504 512 424 100
0 0 0 0 0 17 0 0 0.696901920606095 1.36004019122405 512 424 100
0 0 0 0 0 18 0 0 38.297862613298 64.7285445451044 512 424 100
0 0 0 0 0 19 0 0 38.2700117942751 67.0399585017887 512 424 100
0 0 0 0 0 20 0 0 36.7605092322704 22.2705776157043 512 424 100
0 0 0 0 0 21 0 0 30.1989053206048 41.1858979109328 512 424 100
0 0 0 0 0 22 0 0 29.6232987239218 38.5578148531494 512 424 100
0 0 0 0 0 23 0 0 40.9925567818529 41.0222327526539 512 424 100
0 0 0 0 0 24 0 0 40.0783562227402 38.3245085019608 512 424 100
0 0 0 0 0 0 0 0 0.291786222075118 0.56457123048782 512 424 100
0 0 0 0 0 1 0 0 0.239140956913326 0.247602974188414 512 424 100
0 0 0 0 0 2 0 0 0.518711344804021 0.382706495112088 512 424 100
0 0 0 0 0 3 0 0 0.893642308024892 0.156912725143536 512 424 100
0 0 0 0 0 4 0 0 2.48188416256181 0.517090559680648 512 424 100
0 0 0 0 0 5 0 0 0.29729627455633 1.34540010870982 512 424 100
0 0 0 0 0 6 0 0 0.458804844432167 1.33471928101374 512 424 100
0 0 0 0 0 7 0 0 0.689897626957848 0.463139174273979 512 424 100
0 0 0 0 0 8 0 0 2.25681255946231 0.776891656880315 512 424 100
0 0 0 0 0 9 0 0 0.280867667732317 2.35499474208508 512 424 100
0 0 0 0 0 10 0 0 2.55454726155069 4.21074894687971 512 424 100
0 0 0 0 0 11 0 0 3.56952081174122 0.903872762650536 512 424 100
0 0 0 0 0 12 0 0 0.25815127116451 0.571596107337287 512 424 100
0 0 0 0 0 13 0 0 0.257046035675406 0.938034843329697 512 424 100
0 0 0 0 0 14 0 0 0.850621121578892 0.58567417108573 512 424 100
0 0 0 0 0 15 0 0 10.8549718839404 2.19822974669649 512 424 100
0 0 0 0 0 16 0 0 0.487907866052312 0.522778283649504 512 424 100
0 0 0 0 0 17 0 0 0.696901920606095 1.36004019122405 512 424 100
0 0 0 0 0 18 0 0 38.297862613298 64.7285445451044 512 424 100
0 0 0 0 0 19 0 0 38.2700117942751 67.0399585017887 512 424 100
0 0 0 0 0 20 0 0 36.7605092322704 22.2705776157043 512 424 100
0 0 0 0 0 21 0 0 30.1989053206048 41.1858979109328 512 424 100
0 0 0 0 0 22 0 0 29.6232987239218 38.5578148531494 512 424 100
0 0 0 0 0 23 0 0 40.9925567818529 41.0222327526539 512 424 100
0 0 0 0 0 24 0 0 40.0783562227402 38.3245085019608 512 424 100
0 0 0 0 0 0 0 0 0.291786222075118 0.56457123048782 512 424 100
0 0 0 0 0 1 0 0 0.239140956913326 0.247602974188414 512 424 100
0 0 0 0 0 2 0 0 0.518711344804021 0.382706495112088 512 424 100
0 0 0 0 0 3 0 0 0.893642308024892 0.156912725143536 512 424 100
0 0 0 0 0 4 0 0 2.48188416256181 0.517090559680648 512 424 100
0 0 0 0 0 5 0 0 0.29729627455633 1.34540010870982 512 424 100
0 0 0 0 0 6 0 0 0.458804844432167 1.33471928101374 512 424 100
0 0 0 0 0 7 0 0 0.689897626957848 0.463139174273979 512 424 100
0 0 0 0 0 8 0 0 2.25681255946231 0.776891656880315 512 424 100
0 0 0 0 0 9 0 0 0.280867667732317 2.35499474208508 512 424 100
0 0 0 0 0 10 0 0 2.55454726155069 4.21074894687971 512 424 100
0 0 0 0 0 11 0 0 3.56952081174122 0.903872762650536 512 424 100
0 0 0 0 0 12 0 0 0.25815127116451 0.571596107337287 512 424 100
0 0 0 0 0 13 0 0 0.257046035675406 0.938034843329697 512 424 100
0 0 0 0 0 14 0 0 0.850621121578892 0.58567417108573 512 424 100
0 0 0 0 0 15 0 0 10.8549718839404 2.19822974669649 512 424 100
0 0 0 0 0 16 0 0 0.487907866052312 0.522778283649504 512 424 100
0 0 0 0 0 17 0 0 0.696901920606095 1.36004019122405 512 424 100
0 0 0 0 0 18 0 0 38.297862613298 64.7285445451044 512 424 100
0 0 0 0 0 19 0 0 38.2700117942751 67.0399585017887 512 424 100
0 0 0 0 0 20 0 0 36.7605092322704 22.2705776157043 512 424 100
0 0 0 0 0 21 0 0 30.1989053206048 41.1858979109328 512 424 100
0 0 0 0 0 22 0 0 29.6232987239218 38.5578148531494 512 424 100
0 0 0 0 0 23 0 0 40.9925567818529 41.0222327526539 512 424 100
0 0 0 0 0 24 0 0 40.0783562227402 38.3245085019608 512 424 100
0 0 0 0 0 0 0 0 0.253239488410041 0.571509298030788 512 424 100
0 0 0 0 0 1 0 0 0.211077543191717 0.257552969052412 512 424 100
0 0 0 0 0 2 0 0 0.52034053118407 0.311225779084057 512 424 100
0 0 0 0 0 3 0 0 0.929805854142886 0.145380712689605 512 424 100
0 0 0 0 0 4 0 0 2.21518034617491 0.70477590100265 512 424 100
0 0 0 0 0 5 0 0 0.316745692979873 1.64195824510378 512 424 100
0 0 0 0 0 6 0 0 0.486829262270047 1.62536965812807 512 424 100
0 0 0 0 0 7 0 0 0.763236544328692 0.562578796581463 512 424 100
0 0 0 0 0 8 0 0 2.31220220629013 0.836564186189432 512 424 100
0 0 0 0 0 9 0 0 0.28295093357064 2.31757526044702 512 424 100
0 0 0 0 0 10 0 0 3.18544635403608 4.39633165221972 512 424 100
0 0 0 0 0 11 0 0 3.57908624278871 1.22602710411171 512 424 100
0 0 0 0 0 12 0 0 0.229659586077146 0.585441123398973 512 424 100
0 0 0 0 0 13 0 0 0.257363818069579 0.910817776172691 512 424 100
0 0 0 0 0 14 0 0 0.622464246332622 0.429739283562488 512 424 100
0 0 0 0 0 15 0 0 4.92725573014181 0.943065373887359 512 424 100
0 0 0 0 0 16 0 0 0.424226136970925 0.517060849977166 512 424 100
0 0 0 0 0 17 0 0 0.638917619960463 1.19403161072892 512 424 100
0 0 0 0 0 18 0 0 38.2791171945209 64.7211489743428 512 424 100
0 0 0 0 0 19 0 0 38.2778367323111 67.0437989356688 512 424 100
0 0 0 0 0 20 0 0 36.7607397600645 22.2697331229855 512 424 100
0 0 0 0 0 21 0 0 30.1989493703874 41.1858979109328 512 424 100
0 0 0 0 0 22 0 0 29.5842098898886 38.4737470421109 512 424 100
0 0 0 0 0 23 0 0 41.1026986138581 41.0018122855408 512 424 100
0 0 0 0 0 24 0 0 40.0872375911397 38.2669956602133 512 424 100
0 0 0 0 0 0 0 0 0.253239488410041 0.571509298030788 512 424 100
0 0 0 0 0 1 0 0 0.211077543191717 0.257552969052412 512 424 100
0 0 0 0 0 2 0 0 0.52034053118407 0.311225779084057 512 424 100
0 0 0 0 0 3 0 0 0.929805854142886 0.145380712689605 512 424 100
0 0 0 0 0 4 0 0 2.21518034617491 0.70477590100265 512 424 100
0 0 0 0 0 5 0 0 0.316745692979873 1.64195824510378 512 424 100
0 0 0 0 0 6 0 0 0.486829262270047 1.62536965812807 512 424 100
0 0 0 0 0 7 0 0 0.763236544328692 0.562578796581463 512 424 100
0 0 0 0 0 8 0 0 2.31220220629013 0.836564186189432 512 424 100
0 0 0 0 0 9 0 0 0.28295093357064 2.31757526044702 512 424 100
0 0 0 0 0 10 0 0 3.18544635403608 4.39633165221972 512 424 100
0 0 0 0 0 11 0 0 3.57908624278871 1.22602710411171 512 424 100
0 0 0 0 0 12 0 0 0.229659586077146 0.585441123398973 512 424 100
0 0 0 0 0 13 0 0 0.257363818069579 0.910817776172691 512 424 100
0 0 0 0 0 14 0 0 0.622464246332622 0.429739283562488 512 424 100
0 0 0 0 0 15 0 0 4.92725573014181 0.943065373887359 512 424 100
0 0 0 0 0 16 0 0 0.424226136970925 0.517060849977166 512 424 100
0 0 0 0 0 17 0 0 0.638917619960463 1.19403161072892 512 424 100
0 0 0 0 0 18 0 0 38.2791171945209 64.7211489743428 512 424 100
0 0 0 0 0 19 0 0 38.2778367323111 67.0437989356688 512 424 100
0 0 0 0 0 20 0 0 36.7607397600645 22.2697331229855 512 424 100
0 0 0 0 0 21 0 0 30.1989493703874 41.1858979109328 512 424 100
0 0 0 0 0 22 0 0 29.5842098898886 38.4737470421109 512 424 100
0 0 0 0 0 23 0 0 41.1026986138581 41.0018122855408 512 424 100
0 0 0 0 0 24 0 0 40.0872375911397 38.2669956602133 512 424 100
0 0 0 0 0 0 0 0 0.253239488410041 0.571509298030788 512 424 100
0 0 0 0 0 1 0 0 0.211077543191717 0.257552969052412 512 424 100
0 0 0 0 0 2 0 0 0.52034053118407 0.311225779084057 512 424 100
0 0 0 0 0 3 0 0 0.929805854142886 0.145380712689605 512 424 100
0 0 0 0 0 4 0 0 2.21518034617491 0.70477590100265 512 424 100
0 0 0 0 0 5 0 0 0.316745692979873 1.64195824510378 512 424 100
0 0 0 0 0 6 0 0 0.486829262270047 1.62536965812807 512 424 100
0 0 0 0 0 7 0 0 0.763236544328692 0.562578796581463 512 424 100
0 0 0 0 0 8 0 0 2.31220220629013 0.836564186189432 512 424 100
0 0 0 0 0 9 0 0 0.28295093357064 2.31757526044702 512 424 100
0 0 0 0 0 10 0 0 3.18544635403608 4.39633165221972 512 424 100
0 0 0 0 0 11 0 0 3.57908624278871 1.22602710411171 512 424 100
0 0 0 0 0 12 0 0 0.229659586077146 0.585441123398973 512 424 100
0 0 0 0 0 13 0 0 0.257363818069579 0.910817776172691 512 424 100
0 0 0 0 0 14 0 0 0.622464246332622 0.429739283562488 512 424 100
0 0 0 0 0 15 0 0 4.92725573014181 0.943065373887359 512 424 100
0 0 0 0 0 16 0 0 0.424226136970925 0.517060849977166 512 424 100
0 0 0 0 0 17 0 0 0.638917619960463 1.19403161072892 512 424 100
0 0 0 0 0 18 0 0 38.2791171945209 64.7211489743428 512 424 100
0 0 0 0 0 19 0 0 38.2778367323111 67.0437989356688 512 424 100
0 0 0 0 0 20 0 0 36.7607397600645 22.2697331229855 512 424 100
0 0 0 0 0 21 0 0 30.1989493703874 41.1858979109328 512 424 100
0 0 0 0 0 22 0 0 29.5842098898886 38.4737470421109 512 424 100
0 0 0 0 0 23 0 0 41.1026986138581 41.0018122855408 512 424 100
0 0 0 0 0 24 0 0 40.0872375911397 38.2669956602133 512 424 100
0 0 0 0 0 0 0 0 0.323728239546591 0.615442861699288 512 424 100
0 0 0 0 0 1 0 0 0.236917793554314 0.293248099818449 512 424 100
0 0 0 0 0 2 0 0 0.518729184132336 0.276662158904114 512 424 100
0 0 0 0 0 3 0 0 0.91986115155491 0.154847105983609 512 424 100
0 0 0 0 0 4 0 0 2.00698987058358 0.726145742083641 512 424 100
0 0 0 0 0 5 0 0 0.336718753512664 1.56329156621337 512 424 100
0 0 0 0 0 6 0 0 0.50312311124188 1.58802208826931 512 424 100
0 0 0 0 0 7 0 0 0.643553902056827 0.655399230666519 512 424 100
0 0 0 0 0 8 0 0 2.2548999518292 0.903074691474239 512 424 100
0 0 0 0 0 9 0 0 0.285405477930418 2.2979637716216 512 424 100
0 0 0 0 0 10 0 0 3.7257454566752 4.51302608626618 512 424 100
0 0 0 0 0 11 0 0 3.33321702525755 2.03564735035188 512 424 100
0 0 0 0 0 12 0 0 0.26894220526638 0.633940596495386 512 424 100
0 0 0 0 0 13 0 0 0.326268908706455 0.505925230393772 512 424 100
0 0 0 0 0 14 0 0 0.893414734605268 0.430660717058055 512 424 100
0 0 0 0 0 15 0 0 4.48459670598932 0.950799786501403 512 424 100
0 0 0 0 0 16 0 0 0.542147571396536 0.54824458226373 512 424 100
0 0 0 0 0 17 0 0 0.691226945576101 1.05000458388875 512 424 100
0 0 0 0 0 18 0 0 38.2836861869718 64.7341989666149 512 424 100
0 0 0 0 0 19 0 0 38.2946009355828 67.0628542469868 512 424 100
0 0 0 0 0 20 0 0 36.7606570619145 22.2697331229855 512 424 100
0 0 0 0 0 21 0 0 30.1868439611409 41.1995334663206 512 424 100
0 0 0 0 0 22 0 0 29.6044709644899 38.4743521126786 512 424 100
0 0 0 0 0 23 0 0 41.0285350901458 41.0169497576354 512 424 100
0 0 0 0 0 24 0 0 40.1267612071154 38.6965232251233 512 424 100
0 0 0 0 0 0 0 0 0.388015431441451 0.644397464869003 512 424 100
0 0 0 0 0 1 0 0 0.258631852820407 0.308197254921549 512 424 100
0 0 0 0 0 2 0 0 0.521041165648355 0.253886121974518 512 424 100
0 0 0 0 0 3 0 0 0.893642308024892 0.146069402214901 512 424 100
0 0 0 0 0 4 0 0 1.71062113250252 0.768646643710408 512 424 100
0 0 0 0 0 5 0 0 0.311783723704365 1.54008659648953 512 424 100
0 0 0 0 0 6 0 0 0.511028753935243 1.56113020108209 512 424 100
0 0 0 0 0 7 0 0 0.66220067458146 0.46833995800915 512 424 100
0 0 0 0 0 8 0 0 2.2548999518292 0.944849332825601 512 424 100
0 0 0 0 0 9 0 0 0.28487184463932 2.30748591794286 512 424 100
0 0 0 0 0 10 0 0 2.75243156462475 4.47956558946639 512 424 100
0 0 0 0 0 11 0 0 3.40089809312358 1.05231769510663 512 424 100
0 0 0 0 0 12 0 0 0.357469462069632 0.710626209963036 512 424 100
0 0 0 0 0 13 0 0 0.30113673606612 0.506125049896608 512 424 100
0 0 0 0 0 14 0 0 0.701808454023787 0.486167892808772 512 424 100
0 0 0 0 0 15 0 0 4.58973209397474 0.936812108214011 512 424 100
0 0 0 0 0 16 0 0 0.595494251880343 0.544389665653267 512 424 100
0 0 0 0 0 17 0 0 0.716309132182485 1.17326578302599 512 424 100
0 0 0 0 0 18 0 0 38.2618569360079 64.7294356270319 512 424 100
0 0 0 0 0 19 0 0 40.8536736725614 67.1363455338837 512 424 100
0 0 0 0 0 20 0 0 36.761281301031 22.2686080513748 512 424 100
0 0 0 0 0 21 0 0 30.1871242762988 41.1995954150622 512 424 100
0 0 0 0 0 22 0 0 29.7720312042764 39.7924983944866 512 424 100
0 0 0 0 0 23 0 0 40.9101793308457 41.0281771108529 512 424 100
0 0 0 0 0 24 0 0 40.106023756043 38.8733936863316 512 424 100
0 0 0 0 0 0 0 0 0.434264094712702 0.698598391367741 512 424 100
0 0 0 0 0 1 0 0 0.224814604209895 0.349393444934952 512 424 100
0 0 0 0 0 2 0 0 0.629764011919525 0.257685520205766 512 424 100
0 0 0 0 0 3 0 0 0.91986115155491 0.153210354892269 512 424 100
0 0 0 0 0 4 0 0 1.52820432020183 0.613273881378978 512 424 100
0 0 0 0 0 5 0 0 0.234818617882366 1.21517309911777 512 424 100
0 0 0 0 0 6 0 0 0.523785199194055 1.28441132506938 512 424 100
0 0 0 0 0 7 0 0 0.737991744883002 0.651278898548149 512 424 100
0 0 0 0 0 8 0 0 2.28306443877824 1.111084274815 512 424 100
0 0 0 0 0 9 0 0 0.280867667732317 2.29369298396494 512 424 100
0 0 0 0 0 10 0 0 2.73641389376112 4.55403781681345 512 424 100
0 0 0 0 0 11 0 0 3.53170718556853 1.04952601559897 512 424 100
0 0 0 0 0 12 0 0 0.417128173633951 0.791729563815813 512 424 100
0 0 0 0 0 13 0 0 0.25757426440444 0.508173888250261 512 424 100
0 0 0 0 0 14 0 0 0.676309407604381 0.444230006240048 512 424 100
0 0 0 0 0 15 0 0 4.57200792895946 0.933639536716441 512 424 100
0 0 0 0 0 16 0 0 0.628478791443469 0.576133767581179 512 424 100
0 0 0 0 0 17 0 0 0.79430774815625 1.20287745928027 512 424 100
0 0 0 0 0 18 0 0 38.2563575381267 64.7262418044096 512 424 100
0 0 0 0 0 19 0 0 40.8217172528676 67.1423239729017 512 424 100
0 0 0 0 0 20 0 0 36.7666113053487 22.2680315373867 512 424 100
0 0 0 0 0 21 0 0 30.2522812092078 41.266763988317 512 424 100
0 0 0 0 0 22 0 0 29.6179379304577 38.6115386128597 512 424 100
0 0 0 0 0 23 0 0 40.9995239613475 41.009472620825 512 424 100
0 0 0 0 0 24 0 0 40.0784647066829 38.3830824062478 512 424 100
0 0 0 0 0 0 0 0 0.434264094712702 0.698598391367741 512 424 100
0 0 0 0 0 1 0 0 0.224814604209895 0.349393444934952 512 424 100
0 0 0 0 0 2 0 0 0.629764011919525 0.257685520205766 512 424 100
0 0 0 0 0 3 0 0 0.91986115155491 0.153210354892269 512 424 100
0 0 0 0 0 4 0 0 1.52820432020183 0.613273881378978 512 424 100
0 0 0 0 0 5 0 0 0.234818617882366 1.21517309911777 512 424 100
0 0 0 0 0 6 0 0 0.523785199194055 1.28441132506938 512 424 100
0 0 0 0 0 7 0 0 0.737991744883002 0.651278898548149 512 424 100
0 0 0 0 0 8 0 0 2.28306443877824 1.111084274815 512 424 100
0 0 0 0 0 9 0 0 0.280867667732317 2.29369298396494 512 424 100
0 0 0 0 0 10 0 0 2.73641389376112 4.55403781681345 512 424 100
0 0 0 0 0 11 0 0 3.53170718556853 1.04952601559897 512 424 100
0 0 0 0 0 12 0 0 0.417128173633951 0.791729563815813 512 424 100
0 0 0 0 0 13 0 0 0.25757426440444 0.508173888250261 512 424 100
0 0 0 0 0 14 0 0 0.676309407604381 0.444230006240048 512 424 100
0 0 0 0 0 15 0 0 4.57200792895946 0.933639536716441 512 424 100
0 0 0 0 0 16 0 0 0.628478791443469 0.576133767581179 512 424 100
0 0 0 0 0 17 0 0 0.79430774815625 1.20287745928027 512 424 100
0 0 0 0 0 18 0 0 38.2563575381267 64.7262418044096 512 424 100
0 0 0 0 0 19 0 0 40.8217172528676 67.1423239729017 512 424 100
0 0 0 0 0 20 0 0 36.7666113053487 22.2680315373867 512 424 100
0 0 0 0 0 21 0 0 30.2522812092078 41.266763988317 512 424 100
0 0 0 0 0 22 0 0 29.6179379304577 38.6115386128597 512 424 100
0 0 0 0 0 23 0 0 40.9995239613475 41.009472620825 512 424 100
0 0 0 0 0 24 0 0 40.0784647066829 38.3830824062478 512 424 100
0 0 0 0 0 0 0 0 0.434264094712702 0.698598391367741 512 424 100
0 0 0 0 0 1 0 0 0.224814604209895 0.349393444934952 512 424 100
0 0 0 0 0 2 0 0 0.629764011919525 0.257685520205766 512 424 100
0 0 0 0 0 3 0 0 0.91986115155491 0.153210354892269 512 424 100
0 0 0 0 0 4 0 0 1.52820432020183 0.613273881378978 512 424 100
0 0 0 0 0 5 0 0 0.234818617882366 1.21517309911777 512 424 100
0 0 0 0 0 6 0 0 0.523785199194055 1.28441132506938 512 424 100
0 0 0 0 0 7 0 0 0.737991744883002 0.651278898548149 512 424 100
0 0 0 0 0 8 0 0 2.28306443877824 1.111084274815 512 424 100
0 0 0 0 0 9 0 0 0.280867667732317 2.29369298396494 512 424 100
0 0 0 0 0 10 0 0 2.73641389376112 4.55403781681345 512 424 100
0 0 0 0 0 11 0 0 3.53170718556853 1.04952601559897 512 424 100
0 0 0 0 0 12 0 0 0.417128173633951 0.791729563815813 512 424 100
0 0 0 0 0 13 0 0 0.25757426440444 0.508173888250261 512 424 100
0 0 0 0 0 14 0 0 0.676309407604381 0.444230006240048 512 424 100
0 0 0 0 0 15 0 0 4.57200792895946 0.933639536716441 512 424 100
0 0 0 0 0 16 0 0 0.628478791443469 0.576133767581179 512 424 100
0 0 0 0 0 17 0 0 0.79430774815625 1.20287745928027 512 424 100
0 0 0 0 0 18 0 0 38.2563575381267 64.7262418044096 512 424 100
0 0 0 0 0 19 0 0 40.8217172528676 67.1423239729017 512 424 100
0 0 0 0 0 20 0 0 36.7666113053487 22.2680315373867 512 424 100
0 0 0 0 0 21 0 0 30.2522812092078 41.266763988317 512 424 100
0 0 0 0 0 22 0 0 29.6179379304577 38.6115386128597 512 424 100
0 0 0 0 0 23 0 0 40.9995239613475 41.009472620825 512 424 100
0 0 0 0 0 24 0 0 40.0784647066829 38.3830824062478 512 424 100
0 0 0 0 0 0 0 0 0.434264094712702 0.698598391367741 512 424 100
0 0 0 0 0 1 0 0 0.224814604209895 0.349393444934952 512 424 100
0 0 0 0 0 2 0 0 0.629764011919525 0.257685520205766 512 424 100
0 0 0 0 0 3 0 0 0.91986115155491 0.153210354892269 512 424 100
0 0 0 0 0 4 0 0 1.52820432020183 0.613273881378978 512 424 100
0 0 0 0 0 5 0 0 0.234818617882366 1.21517309911777 512 424 100
0 0 0 0 0 6 0 0 0.523785199194055 1.28441132506938 512 424 100
0 0 0 0 0 7 0 0 0.737991744883002 0.651278898548149 512 424 100
0 0 0 0 0 8 0 0 2.28306443877824 1.111084274815 512 424 100
0 0 0 0 0 9 0 0 0.280867667732317 2.29369298396494 512 424 100
0 0 0 0 0 10 0 0 2.73641389376112 4.55403781681345 512 424 100
0 0 0 0 0 11 0 0 3.53170718556853 1.04952601559897 512 424 100
0 0 0 0 0 12 0 0 0.417128173633951 0.791729563815813 512 424 100
0 0 0 0 0 13 0 0 0.25757426440444 0.508173888250261 512 424 100
0 0 0 0 0 14 0 0 0.676309407604381 0.444230006240048 512 424 100
0 0 0 0 0 15 0 0 4.57200792895946 0.933639536716441 512 424 100
0 0 0 0 0 16 0 0 0.628478791443469 0.576133767581179 512 424 100
0 0 0 0 0 17 0 0 0.79430774815625 1.20287745928027 512 424 100
0 0 0 0 0 18 0 0 38.2563575381267 64.7262418044096 512 424 100
0 0 0 0 0 19 0 0 40.8217172528676 67.1423239729017 512 424 100
0 0 0 0 0 20 0 0 36.7666113053487 22.2680315373867 512 424 100
0 0 0 0 0 21 0 0 30.2522812092078 41.266763988317 512 424 100
0 0 0 0 0 22 0 0 29.6179379304577 38.6115386128597 512 424 100
0 0 0 0 0 23 0 0 40.9995239613475 41.009472620825 512 424 100
0 0 0 0 0 24 0 0 40.0784647066829 38.3830824062478 512 424 100
0 0 0 0 0 0 0 0 0.535633924452261 0.714180054903158 512 424 100
0 0 0 0 0 1 0 0 0.260005607034443 0.358656766103166 512 424 100
0 0 0 0 0 2 0 0 0.634377098021303 0.282949701223576 512 424 100
0 0 0 0 0 3 0 0 0.912721578936185 0.146354538677307 512 424 100
0 0 0 0 0 4 0 0 1.44813802321045 0.679799532084126 512 424 100
0 0 0 0 0 5 0 0 0.230840044454824 1.23957747245695 512 424 100
0 0 0 0 0 6 0 0 0.522374246882989 1.30119730845597 512 424 100
0 0 0 0 0 7 0 0 0.767334146102126 0.462652036034683 512 424 100
0 0 0 0 0 8 0 0 2.33371345771236 1.13649963593098 512 424 100
0 0 0 0 0 9 0 0 0.279602263957877 2.43758660381931 512 424 100
0 0 0 0 0 10 0 0 9.06896574503907 15.3437347111582 512 424 100
0 0 0 0 0 11 0 0 3.09413225950351 1.42340453043428 512 424 100
0 0 0 0 0 12 0 0 0.516094468395534 0.779427868277452 512 424 100
0 0 0 0 0 13 0 0 0.376621383560944 0.534415948599719 512 424 100
0 0 0 0 0 14 0 0 1.05166583037548 0.426888290990066 512 424 100
0 0 0 0 0 15 0 0 4.61391201403841 1.03295057731062 512 424 100
0 0 0 0 0 16 0 0 0.741364815694011 0.616257145142143 512 424 100
0 0 0 0 0 17 0 0 0.793032812862742 1.39181623074693 512 424 100
0 0 0 0 0 18 0 0 38.2798293661761 64.7320471353417 512 424 100
0 0 0 0 0 19 0 0 40.7696069134195 67.1250995398992 512 424 100
0 0 0 0 0 20 0 0 36.7663131451691 22.267008841629 512 424 100
0 0 0 0 0 21 0 0 30.1871401056252 41.1995191712357 512 424 100
0 0 0 0 0 22 0 0 29.7891976023477 40.0669643967518 512 424 100
0 0 0 0 0 23 0 0 40.730459407336 41.1441535880463 512 424 100
0 0 0 0 0 24 0 0 39.9836895183185 38.5590872197248 512 424 100
0 0 0 0 0 0 0 0 0.420479231873958 0.792537727684805 512 424 100
0 0 0 0 0 1 0 0 0.214195465468234 0.399980632282363 512 424 100
0 0 0 0 0 2 0 0 0.740415581450835 0.298105195489505 512 424 100
0 0 0 0 0 3 0 0 0.847493787740053 0.134619817517599 512 424 100
0 0 0 0 0 4 0 0 1.36128919747943 0.689461037344553 512 424 100
0 0 0 0 0 5 0 0 0.176368008259989 1.22318560261022 512 424 100
0 0 0 0 0 6 0 0 0.560668081751747 1.28740861965754 512 424 100
0 0 0 0 0 7 0 0 0.834573369396654 0.625387210221591 512 424 100
0 0 0 0 0 8 0 0 2.41823171919262 1.28221057618948 512 424 100
0 0 0 0 0 9 0 0 0.282718276297859 2.44883126729325 512 424 100
0 0 0 0 0 10 0 0 5.33568042307594 9.87878286247683 512 424 100
0 0 0 0 0 11 0 0 2.94304543930197 1.11508548236611 512 424 100
0 0 0 0 0 12 0 0 0.418346407377242 0.913153308407614 512 424 100
0 0 0 0 0 13 0 0 0.432037792460224 0.51300018782553 512 424 100
0 0 0 0 0 14 0 0 1.29553395985295 0.603182019925622 512 424 100
0 0 0 0 0 15 0 0 4.65433018869963 0.947155560165289 512 424 100
0 0 0 0 0 16 0 0 0.579437460989476 0.637063233457672 512 424 100
0 0 0 0 0 17 0 0 1.14381156403363 1.11265912701045 512 424 100
0 0 0 0 0 18 0 0 38.3215628931495 64.7346287700607 512 424 100
0 0 0 0 0 19 0 0 38.2531603940721 67.05249248647 512 424 100
0 0 0 0 0 20 0 0 36.7695973134969 22.2708586402131 512 424 100
0 0 0 0 0 21 0 0 30.3020706759023 41.2790057542152 512 424 100
0 0 0 0 0 22 0 0 29.6274477142369 38.5789073527932 512 424 100
0 0 0 0 0 23 0 0 40.7585125463688 41.1194493152615 512 424 100
0 0 0 0 0 24 0 0 39.8655388119786 38.0522994025654 512 424 100
0 0 0 0 0 0 0 0 0.420479231873958 0.792537727684805 512 424 100
0 0 0 0 0 1 0 0 0.214195465468234 0.399980632282363 512 424 100
0 0 0 0 0 2 0 0 0.740415581450835 0.298105195489505 512 424 100
0 0 0 0 0 3 0 0 0.847493787740053 0.134619817517599 512 424 100
0 0 0 0 0 4 0 0 1.36128919747943 0.689461037344553 512 424 100
0 0 0 0 0 5 0 0 0.176368008259989 1.22318560261022 512 424 100
0 0 0 0 0 6 0 0 0.560668081751747 1.28740861965754 512 424 100
0 0 0 0 0 7 0 0 0.834573369396654 0.625387210221591 512 424 100
0 0 0 0 0 8 0 0 2.41823171919262 1.28221057618948 512 424 100
0 0 0 0 0 9 0 0 0.282718276297859 2.44883126729325 512 424 100
0 0 0 0 0 10 0 0 5.33568042307594 9.87878286247683 512 424 100
0 0 0 0 0 11 0 0 2.94304543930197 1.11508548236611 512 424 100
0 0 0 0 0 12 0 0 0.418346407377242 0.913153308407614 512 424 100
0 0 0 0 0 13 0 0 0.432037792460224 0.51300018782553 512 424 100
0 0 0 0 0 14 0 0 1.29553395985295 0.603182019925622 512 424 100
0 0 0 0 0 15 0 0 4.65433018869963 0.947155560165289 512 424 100
0 0 0 0 0 16 0 0 0.579437460989476 0.637063233457672 512 424 100
0 0 0 0 0 17 0 0 1.14381156403363 1.11265912701045 512 424 100
0 0 0 0 0 18 0 0 38.3215628931495 64.7346287700607 512 424 100
0 0 0 0 0 19 0 0 38.2531603940721 67.05249248647 512 424 100
0 0 0 0 0 20 0 0 36.7695973134969 22.2708586402131 512 424 100
0 0 0 0 0 21 0 0 30.3020706759023 41.2790057542152 512 424 100
0 0 0 0 0 22 0 0 29.6274477142369 38.5789073527932 512 424 100
0 0 0 0 0 23 0 0 40.7585125463688 41.1194493152615 512 424 100
0 0 0 0 0 24 0 0 39.8655388119786 38.0522994025654 512 424 100
0 0 0 0 0 0 0 0 0.420479231873958 0.792537727684805 512 424 100
0 0 0 0 0 1 0 0 0.214195465468234 0.399980632282363 512 424 100
0 0 0 0 0 2 0 0 0.740415581450835 0.298105195489505 512 424 100
0 0 0 0 0 3 0 0 0.847493787740053 0.134619817517599 512 424 100
0 0 0 0 0 4 0 0 1.36128919747943 0.689461037344553 512 424 100
0 0 0 0 0 5 0 0 0.176368008259989 1.22318560261022 512 424 100
0 0 0 0 0 6 0 0 0.560668081751747 1.28740861965754 512 424 100
0 0 0 0 0 7 0 0 0.834573369396654 0.625387210221591 512 424 100
0 0 0 0 0 8 0 0 2.41823171919262 1.28221057618948 512 424 100
0 0 0 0 0 9 0 0 0.282718276297859 2.44883126729325 512 424 100
0 0 0 0 0 10 0 0 5.33568042307594 9.87878286247683 512 424 100
0 0 0 0 0 11 0 0 2.94304543930197 1.11508548236611 512 424 100
0 0 0 0 0 12 0 0 0.418346407377242 0.913153308407614 512 424 100
0 0 0 0 0 13 0 0 0.432037792460224 0.51300018782553 512 424 100
0 0 0 0 0 14 0 0 1.29553395985295 0.603182019925622 512 424 100
0 0 0 0 0 15 0 0 4.65433018869963 0.947155560165289 512 424 100
0 0 0 0 0 16 0 0 0.579437460989476 0.637063233457672 512 424 100
0 0 0 0 0 17 0 0 1.14381156403363 1.11265912701045 512 424 100
0 0 0 0 0 18 0 0 38.3215628931495 64.7346287700607 512 424 100
0 0 0 0 0 19 0 0 38.2531603940721 67.05249248647 512 424 100
0 0 0 0 0 20 0 0 36.7695973134969 22.2708586402131 512 424 100
0 0 0 0 0 21 0 0 30.3020706759023 41.2790057542152 512 424 100
0 0 0 0 0 22 0 0 29.6274477142369 38.5789073527932 512 424 100
0 0 0 0 0 23 0 0 40.7585125463688 41.1194493152615 512 424 100
0 0 0 0 0 24 0 0 39.8655388119786 38.0522994025654 512 424 100
0 0 0 0 0 0 0 0 0.420479231873958 0.792537727684805 512 424 100
0 0 0 0 0 1 0 0 0.214195465468234 0.399980632282363 512 424 100
0 0 0 0 0 2 0 0 0.740415581450835 0.298105195489505 512 424 100
0 0 0 0 0 3 0 0 0.847493787740053 0.134619817517599 512 424 100
0 0 0 0 0 4 0 0 1.36128919747943 0.689461037344553 512 424 100
0 0 0 0 0 5 0 0 0.176368008259989 1.22318560261022 512 424 100
0 0 0 0 0 6 0 0 0.560668081751747 1.28740861965754 512 424 100
0 0 0 0 0 7 0 0 0.834573369396654 0.625387210221591 512 424 100
0 0 0 0 0 8 0 0 2.41823171919262 1.28221057618948 512 424 100
0 0 0 0 0 9 0 0 0.282718276297859 2.44883126729325 512 424 100
0 0 0 0 0 10 0 0 5.33568042307594 9.87878286247683 512 424 100
0 0 0 0 0 11 0 0 2.94304543930197 1.11508548236611 512 424 100
0 0 0 0 0 12 0 0 0.418346407377242 0.913153308407614 512 424 100
0 0 0 0 0 13 0 0 0.432037792460224 0.51300018782553 512 424 100
0 0 0 0 0 14 0 0 1.29553395985295 0.603182019925622 512 424 100
0 0 0 0 0 15 0 0 4.65433018869963 0.947155560165289 512 424 100
0 0 0 0 0 16 0 0 0.579437460989476 0.637063233457672 512 424 100
0 0 0 0 0 17 0 0 1.14381156403363 1.11265912701045 512 424 100
0 0 0 0 0 18 0 0 38.3215628931495 64.7346287700607 512 424 100
0 0 0 0 0 19 0 0 38.2531603940721 67.05249248647 512 424 100
0 0 0 0 0 20 0 0 36.7695973134969 22.2708586402131 512 424 100
0 0 0 0 0 21 0 0 30.3020706759023 41.2790057542152 512 424 100
0 0 0 0 0 22 0 0 29.6274477142369 38.5789073527932 512 424 100
0 0 0 0 0 23 0 0 40.7585125463688 41.1194493152615 512 424 100
0 0 0 0 0 24 0 0 39.8655388119786 38.0522994025654 512 424 100
0 0 0 0 0 0 0 0 0.420479231873958 0.792537727684805 512 424 100
0 0 0 0 0 1 0 0 0.214195465468234 0.399980632282363 512 424 100
0 0 0 0 0 2 0 0 0.740415581450835 0.298105195489505 512 424 100
0 0 0 0 0 3 0 0 0.847493787740053 0.134619817517599 512 424 100
0 0 0 0 0 4 0 0 1.36128919747943 0.689461037344553 512 424 100
0 0 0 0 0 5 0 0 0.176368008259989 1.22318560261022 512 424 100
0 0 0 0 0 6 0 0 0.560668081751747 1.28740861965754 512 424 100
0 0 0 0 0 7 0 0 0.834573369396654 0.625387210221591 512 424 100
0 0 0 0 0 8 0 0 2.41823171919262 1.28221057618948 512 424 100
0 0 0 0 0 9 0 0 0.282718276297859 2.44883126729325 512 424 100
0 0 0 0 0 10 0 0 5.33568042307594 9.87878286247683 512 424 100
0 0 0 0 0 11 0 0 2.94304543930197 1.11508548236611 512 424 100
0 0 0 0 0 12 0 0 0.418346407377242 0.913153308407614 512 424 100
0 0 0 0 0 13 0 0 0.432037792460224 0.51300018782553 512 424 100
0 0 0 0 0 14 0 0 1.29553395985295 0.603182019925622 512 424 100
0 0 0 0 0 15 0 0 4.65433018869963 0.947155560165289 512 424 100
0 0 0 0 0 16 0 0 0.579437460989476 0.637063233457672 512 424 100
0 0 0 0 0 17 0 0 1.14381156403363 1.11265912701045 512 424 100
0 0 0 0 0 18 0 0 38.3215628931495 64.7346287700607 512 424 100
0 0 0 0 0 19 0 0 38.2531603940721 67.05249248647 512 424 100
0 0 0 0 0 20 0 0 36.7695973134969 22.2708586402131 512 424 100
0 0 0 0 0 21 0 0 30.3020706759023 41.2790057542152 512 424 100
0 0 0 0 0 22 0 0 29.6274477142369 38.5789073527932 512 424 100
0 0 0 0 0 23 0 0 40.7585125463688 41.1194493152615 512 424 100
0 0 0 0 0 24 0 0 39.8655388119786 38.0522994025654 512 424 100
0 0 0 0 0 0 0 0 0.420479231873958 0.792537727684805 512 424 100
0 0 0 0 0 1 0 0 0.214195465468234 0.399980632282363 512 424 100
0 0 0 0 0 2 0 0 0.740415581450835 0.298105195489505 512 424 100
0 0 0 0 0 3 0 0 0.847493787740053 0.134619817517599 512 424 100
0 0 0 0 0 4 0 0 1.36128919747943 0.689461037344553 512 424 100
0 0 0 0 0 5 0 0 0.176368008259989 1.22318560261022 512 424 100
0 0 0 0 0 6 0 0 0.560668081751747 1.28740861965754 512 424 100
0 0 0 0 0 7 0 0 0.834573369396654 0.625387210221591 512 424 100
0 0 0 0 0 8 0 0 2.41823171919262 1.28221057618948 512 424 100
0 0 0 0 0 9 0 0 0.282718276297859 2.44883126729325 512 424 100
0 0 0 0 0 10 0 0 5.33568042307594 9.87878286247683 512 424 100
0 0 0 0 0 11 0 0 2.94304543930197 1.11508548236611 512 424 100
0 0 0 0 0 12 0 0 0.418346407377242 0.913153308407614 512 424 100
0 0 0 0 0 13 0 0 0.432037792460224 0.51300018782553 512 424 100
0 0 0 0 0 14 0 0 1.29553395985295 0.603182019925622 512 424 100
0 0 0 0 0 15 0 0 4.65433018869963 0.947155560165289 512 424 100
0 0 0 0 0 16 0 0 0.579437460989476 0.637063233457672 512 424 100
0 0 0 0 0 17 0 0 1.14381156403363 1.11265912701045 512 424 100
0 0 0 0 0 18 0 0 38.3215628931495 64.7346287700607 512 424 100
0 0 0 0 0 19 0 0 38.2531603940721 67.05249248647 512 424 100
0 0 0 0 0 20 0 0 36.7695973134969 22.2708586402131 512 424 100
0 0 0 0 0 21 0 0 30.3020706759023 41.2790057542152 512 424 100
0 0 0 0 0 22 0 0 29.6274477142369 38.5789073527932 512 424 100
0 0 0 0 0 23 0 0 40.7585125463688 41.1194493152615 512 424 100
0 0 0 0 0 24 0 0 39.8655388119786 38.0522994025654 512 424 100
