Z           X            Y     Timestamp     Body id     Joint type ColorPointX ColorPointY  DepthPointX DepthPointY  WidthOfDisplay  HeightOfDisplay
1.972886 -0.1176967 0.5304586 63657324499725 72057594037928435 6 936.4421 254.9184 235.4708 111.772 512 424 
1.972886 -0.1176967 0.5304586 63657324499725 72057594037928435 6 936.4421 254.9184 235.4708 111.772 512 424 
1.972886 -0.1176967 0.5304586 63657324499725 72057594037928435 6 936.4421 254.9184 235.4708 111.772 512 424 
1.967122 -0.113078 0.5290666 63657324499815 72057594037928435 6 938.8397 254.8036 236.2738 111.7433 512 424 
1.967122 -0.113078 0.5290666 63657324499815 72057594037928435 6 938.8397 254.8036 236.2738 111.7433 512 424 
1.966066 -0.1132684 0.5292475 63657324499936 72057594037928435 6 938.7154 254.5526 236.2265 111.6554 512 424 
1.966066 -0.1132684 0.5292475 63657324499936 72057594037928435 6 938.7154 254.5526 236.2265 111.6554 512 424 
2.171697 -0.1701539 0.5455056 63657324500004 72057594037928435 5 914.1871 274.0634 228.5739 118.3331 512 424 
1.962994 -0.1121991 0.528765 63657324500004 72057594037928435 6 939.2418 254.3591 236.3944 111.5903 512 424 
1.944416 -0.1104624 0.5282476 63657324500102 72057594037928435 6 939.8498 251.8885 236.5215 110.7326 512 424 
1.941701 -0.114083 0.5180829 63657324500153 72057594037928435 6 937.8935 257.1026 235.8055 112.5366 512 424 
1.941701 -0.114083 0.5180829 63657324500153 72057594037928435 6 937.8935 257.1026 235.8055 112.5366 512 424 
1.912431 -0.1054063 0.4983407 63657324500267 72057594037928435 6 942.3077 263.7201 237.1527 114.8574 512 424 
1.912431 -0.1054063 0.4983407 63657324500267 72057594037928435 6 942.3077 263.7201 237.1527 114.8574 512 424 
1.934732 -0.1140562 0.4502069 63657324500348 72057594037928435 6 938.3077 293.5518 235.7504 125.2117 512 424 
2.093967 0.1547633 0.4956311 63657324500348 72057594037928435 9 1077.55 287.4458 284.7927 123.7188 512 424 
1.913353 -0.1186445 0.3984385 63657324500420 72057594037928435 6 935.7474 319.7005 234.6355 134.2826 512 424 
2.097963 0.1585455 0.4180108 63657324500420 72057594037928435 9 1079.822 327.3955 285.3816 137.6083 512 424 
1.913353 -0.1186445 0.3984385 63657324500420 72057594037928435 6 935.7474 319.7005 234.6355 134.2826 512 424 
2.097963 0.1585455 0.4180108 63657324500420 72057594037928435 9 1079.822 327.3955 285.3816 137.6083 512 424 
1.913353 -0.1186445 0.3984385 63657324500420 72057594037928435 6 935.7474 319.7005 234.6355 134.2826 512 424 
2.097963 0.1585455 0.4180108 63657324500420 72057594037928435 9 1079.822 327.3955 285.3816 137.6083 512 424 
1.913353 -0.1186445 0.3984385 63657324500420 72057594037928435 6 935.7474 319.7005 234.6355 134.2826 512 424 
2.097963 0.1585455 0.4180108 63657324500420 72057594037928435 9 1079.822 327.3955 285.3816 137.6083 512 424 
1.831141 -0.1126336 0.242275 63657324500554 72057594037928435 6 938.7397 400.6879 234.8576 162.374 512 424 
2.101413 0.1909729 0.2450436 63657324500554 72057594037928435 9 1097.295 415.3048 290.9758 168.1534 512 424 
1.831141 -0.1126336 0.242275 63657324500554 72057594037928435 6 938.7397 400.6879 234.8576 162.374 512 424 
2.101413 0.1909729 0.2450436 63657324500554 72057594037928435 9 1097.295 415.3048 290.9758 168.1534 512 424 
2.082358 0.1381735 0.1892152 63657324500663 72057594037928435 9 1071.802 443.0869 281.9279 177.6565 512 424 
2.070574 0.1337004 0.1760713 63657324500744 72057594037928435 9 1070.143 449.3252 281.2695 179.8053 512 424 
2.070574 0.1337004 0.1760713 63657324500744 72057594037928435 9 1070.143 449.3252 281.2695 179.8053 512 424 
2.070574 0.1337004 0.1760713 63657324500744 72057594037928435 9 1070.143 449.3252 281.2695 179.8053 512 424 
1.845175 -0.1245631 0.2235853 63657324500898 72057594037928435 6 932.2848 412.6405 232.6528 166.4811 512 424 
2.000035 0.1157975 0.2781111 63657324500898 72057594037928435 9 1063.2 391.8447 278.8315 159.8851 512 424 
1.766136 0.1244772 0.2448388 63657324500898 72057594037928435 10 1080.328 392.119 283.4681 160.0356 512 424 
1.845175 -0.1245631 0.2235853 63657324500898 72057594037928435 6 932.2848 412.6405 232.6528 166.4811 512 424 
2.000035 0.1157975 0.2781111 63657324500898 72057594037928435 9 1063.2 391.8447 278.8315 159.8851 512 424 
1.766136 0.1244772 0.2448388 63657324500898 72057594037928435 10 1080.328 392.119 283.4681 160.0356 512 424 
2.069234 -0.1603579 0.2268263 63657324500991 72057594037928435 5 918.5182 425.0928 228.9775 170.739 512 424 
1.980419 0.09520968 0.3731425 63657324500991 72057594037928435 9 1052.29 339.3384 275.2321 141.635 512 424 
2.07976 -0.1544888 0.2302397 63657324501061 72057594037928435 5 921.788 423.8911 230.1613 170.3398 512 424 
1.999339 0.1174589 0.4593052 63657324501061 72057594037928435 9 1062.776 295.0984 279.1902 126.3137 512 424 
1.785321 0.1581272 0.3853354 63657324501061 72057594037928435 10 1098.117 309.5063 290.193 131.4488 512 424 
2.07976 -0.1544888 0.2302397 63657324501061 72057594037928435 5 921.788 423.8911 230.1613 170.3398 512 424 
1.999339 0.1174589 0.4593052 63657324501061 72057594037928435 9 1062.776 295.0984 279.1902 126.3137 512 424 
1.785321 0.1581272 0.3853354 63657324501061 72057594037928435 10 1098.117 309.5063 290.193 131.4488 512 424 
2.067968 -0.1447352 0.3162494 63657324501149 72057594037928435 5 925.8834 378.8177 231.7226 154.7533 512 424 
1.801578 -0.08298489 0.3410071 63657324501149 72057594037928435 6 954.8422 339.715 240.5271 141.315 512 424 
1.962581 0.110949 0.4821414 63657324501149 72057594037928435 9 1060.706 278.1104 278.38 120.3972 512 424 
1.777754 0.1522229 0.3921584 63657324501149 72057594037928435 10 1095.045 304.4708 289.1092 129.6866 512 424 
2.067968 -0.1447352 0.3162494 63657324501149 72057594037928435 5 925.8834 378.8177 231.7226 154.7533 512 424 
1.801578 -0.08298489 0.3410071 63657324501149 72057594037928435 6 954.8422 339.715 240.5271 141.315 512 424 
1.962581 0.110949 0.4821414 63657324501149 72057594037928435 9 1060.706 278.1104 278.38 120.3972 512 424 
1.777754 0.1522229 0.3921584 63657324501149 72057594037928435 10 1095.045 304.4708 289.1092 129.6866 512 424 
2.06239 -0.1497112 0.4110056 63657324501254 72057594037928435 5 922.4864 329.3998 230.7355 137.5954 512 424 
1.795105 -0.09120275 0.4334818 63657324501254 72057594037928435 6 949.1121 284.0635 238.7537 121.955 512 424 
2.012134 0.1362055 0.4764314 63657324501254 72057594037928435 9 1072.018 287.4437 282.4965 123.6914 512 424 
1.830243 0.1774096 0.3881854 63657324501254 72057594037928435 10 1106.305 313.3792 293.2784 132.8293 512 424 
2.06239 -0.1497112 0.4110056 63657324501254 72057594037928435 5 922.4864 329.3998 230.7355 137.5954 512 424 
1.795105 -0.09120275 0.4334818 63657324501254 72057594037928435 6 949.1121 284.0635 238.7537 121.955 512 424 
2.012134 0.1362055 0.4764314 63657324501254 72057594037928435 9 1072.018 287.4437 282.4965 123.6914 512 424 
1.830243 0.1774096 0.3881854 63657324501254 72057594037928435 10 1106.305 313.3792 293.2784 132.8293 512 424 
2.032402 -0.1480162 0.4715751 63657324501305 72057594037928435 5 922.1385 294.4523 230.6268 125.4517 512 424 
2.017934 0.1355952 0.4894794 63657324501305 72057594037928435 9 1071.323 281.2728 282.3165 121.5435 512 424 
1.836736 0.1769035 0.4015304 63657324501305 72057594037928435 10 1105.442 306.4332 293.0555 130.4131 512 424 
2.032402 -0.1480162 0.4715751 63657324501305 72057594037928435 5 922.1385 294.4523 230.6268 125.4517 512 424 
2.017934 0.1355952 0.4894794 63657324501305 72057594037928435 9 1071.323 281.2728 282.3165 121.5435 512 424 
1.836736 0.1769035 0.4015304 63657324501305 72057594037928435 10 1105.442 306.4332 293.0555 130.4131 512 424 
2.092115 -0.1669882 0.4251187 63657324501365 72057594037928435 5 914.3411 325.3194 228.0654 136.1399 512 424 
1.82585 -0.1131992 0.3841117 63657324501365 72057594037928435 6 937.1348 317.4234 234.6382 133.4916 512 424 
2.039097 0.1495298 0.5016526 63657324501365 72057594037928435 9 1077.519 277.4988 284.5853 120.2575 512 424 
1.858042 0.1909577 0.413496 63657324501365 72057594037928435 10 1111.915 302.1422 295.4455 128.9485 512 424 
2.04686 -0.1656863 0.4924408 63657324501417 72057594037928435 5 913.163 285.4252 227.6222 122.2701 512 424 
2.059633 0.1704284 0.4777317 63657324501417 72057594037928435 9 1087.481 292.3865 288.0539 125.4741 512 424 
1.875527 0.2102195 0.3952772 63657324501417 72057594037928435 10 1121.725 314.592 298.8761 133.3128 512 424 
2.04686 -0.1656863 0.4924408 63657324501417 72057594037928435 5 913.163 285.4252 227.6222 122.2701 512 424 
2.059633 0.1704284 0.4777317 63657324501417 72057594037928435 9 1087.481 292.3865 288.0539 125.4741 512 424 
1.875527 0.2102195 0.3952772 63657324501417 72057594037928435 10 1121.725 314.592 298.8761 133.3128 512 424 
2.05886 0.1791467 0.4808266 63657324501473 72057594037928435 9 1092.012 290.6275 289.6309 124.8806 512 424 
2.05886 0.1791467 0.4808266 63657324501473 72057594037928435 9 1092.012 290.6275 289.6309 124.8806 512 424 
2.070478 0.1812922 0.4659762 63657324501547 72057594037928435 9 1092.567 299.6765 289.8269 128.0284 512 424 
1.857272 0.1399786 0.4562953 63657324501547 72057594037928435 10 1082.393 277.8295 285.3375 120.3811 512 424 
2.070478 0.1812922 0.4659762 63657324501547 72057594037928435 9 1092.567 299.6765 289.8269 128.0284 512 424 
1.857272 0.1399786 0.4562953 63657324501547 72057594037928435 10 1082.393 277.8295 285.3375 120.3811 512 424 
2.070478 0.1812922 0.4659762 63657324501547 72057594037928435 9 1092.567 299.6765 289.8269 128.0284 512 424 
1.857272 0.1399786 0.4562953 63657324501547 72057594037928435 10 1082.393 277.8295 285.3375 120.3811 512 424 
2.094574 0.1827772 0.4257482 63657324501616 72057594037928435 9 1092.258 322.9435 289.7002 136.1115 512 424 
2.094574 0.1827772 0.4257482 63657324501616 72057594037928435 9 1092.258 322.9435 289.7002 136.1115 512 424 
2.096067 -0.2054666 0.4963309 63657324501675 72057594037928435 5 894.3792 289.7016 221.3145 123.6648 512 424 
2.072404 0.1662832 0.4739038 63657324501675 72057594037928435 9 1084.688 295.9202 287.1244 126.6919 512 424 
2.096067 -0.2054666 0.4963309 63657324501675 72057594037928435 5 894.3792 289.7016 221.3145 123.6648 512 424 
2.072404 0.1662832 0.4739038 63657324501675 72057594037928435 9 1084.688 295.9202 287.1244 126.6919 512 424 
2.081727 -0.1680485 0.4856477 63657324501752 72057594037928435 5 913.0499 293.21 227.7091 124.9778 512 424 
2.073493 0.1576599 0.4671008 63657324501752 72057594037928435 9 1080.249 299.6109 285.5705 127.9569 512 424 
2.081727 -0.1680485 0.4856477 63657324501752 72057594037928435 5 913.0499 293.21 227.7091 124.9778 512 424 
2.073493 0.1576599 0.4671008 63657324501752 72057594037928435 9 1080.249 299.6109 285.5705 127.9569 512 424 
2.062159 0.1332684 0.4335577 63657324501815 72057594037928435 9 1068.467 315.8132 281.3487 133.5382 512 424 
2.062159 0.1332684 0.4335577 63657324501815 72057594037928435 9 1068.467 315.8132 281.3487 133.5382 512 424 
2.081528 0.1552747 0.3942316 63657324501874 72057594037928435 9 1079.14 337.9197 285.0155 141.2582 512 424 
2.081528 0.1552747 0.3942316 63657324501874 72057594037928435 9 1079.14 337.9197 285.0155 141.2582 512 424 
1.847766 -0.1274519 0.3090259 63657324501935 72057594037928435 6 929.9877 363.5365 232.0882 149.4608 512 424 
2.097057 0.1508452 0.2886965 63657324501935 72057594037928435 9 1076.864 393.1244 284.0027 160.3902 512 424 
2.103944 0.1506801 0.2906352 63657324501989 72057594037928435 9 1076.435 392.6268 283.8873 160.2165 512 424 
2.103944 0.1506801 0.2906352 63657324501989 72057594037928435 9 1076.435 392.6268 283.8873 160.2165 512 424 
2.105151 0.1496013 0.2750531 63657324502039 72057594037928435 9 1075.94 400.61 283.6795 162.9791 512 424 
2.105151 0.1496013 0.2750531 63657324502039 72057594037928435 9 1075.94 400.61 283.6795 162.9791 512 424 
2.079409 0.1039277 0.1473956 63657324502176 72057594037928435 9 1054.698 464.609 275.8943 185.0207 512 424 
2.079409 0.1039277 0.1473956 63657324502176 72057594037928435 9 1054.698 464.609 275.8943 185.0207 512 424 
2.079409 0.1039277 0.1473956 63657324502176 72057594037928435 9 1054.698 464.609 275.8943 185.0207 512 424 
2.066875 0.07433064 0.05641275 63657324502284 72057594037928435 9 1040.578 511.2439 270.7322 201.0603 512 424 
2.077442 0.1037115 0.1604516 63657324502363 72057594037928435 9 1054.57 457.842 275.8748 182.682 512 424 
2.077442 0.1037115 0.1604516 63657324502363 72057594037928435 9 1054.57 457.842 275.8748 182.682 512 424 
2.077442 0.1037115 0.1604516 63657324502363 72057594037928435 9 1054.57 457.842 275.8748 182.682 512 424 
2.056182 0.07109611 0.1485372 63657324502430 72057594037928435 9 1038.584 463.3799 270.2271 184.5243 512 424 
2.056182 0.07109611 0.1485372 63657324502430 72057594037928435 9 1038.584 463.3799 270.2271 184.5243 512 424 
2.056182 0.07109611 0.1485372 63657324502430 72057594037928435 9 1038.584 463.3799 270.2271 184.5243 512 424 
2.107312 -0.1564344 0.2922921 63657324502560 72057594037928435 5 921.0674 394.0421 230.1653 160.0063 512 424 
1.840531 -0.1171787 0.2397743 63657324502560 72057594037928435 6 936.3175 402.8855 234.0642 163.1238 512 424 
2.05068 0.07018465 0.2851478 63657324502560 72057594037928435 9 1037.298 392.1795 270.1112 159.8941 512 424 
2.107312 -0.1564344 0.2922921 63657324502560 72057594037928435 5 921.0674 394.0421 230.1653 160.0063 512 424 
1.840531 -0.1171787 0.2397743 63657324502560 72057594037928435 6 936.3175 402.8855 234.0642 163.1238 512 424 
2.05068 0.07018465 0.2851478 63657324502560 72057594037928435 9 1037.298 392.1795 270.1112 159.8941 512 424 
2.136726 -0.1653903 0.2973863 63657324502631 72057594037928435 5 917.317 393.5788 228.9966 159.8292 512 424 
1.871734 -0.1187686 0.2525772 63657324502631 72057594037928435 6 935.9641 397.9054 234.1402 161.4004 512 424 
2.132326 0.1409738 0.3067439 63657324502631 72057594037928435 9 1070.133 386.6104 281.861 158.108 512 424 
1.892381 0.1246501 0.3933328 63657324502631 72057594037928435 10 1072.274 318.3504 281.8063 134.425 512 424 
2.165934 -0.1569224 0.2872409 63657324502701 72057594037928435 5 922.3364 400.5069 230.826 162.2547 512 424 
1.899143 -0.1176871 0.2347761 63657324502701 72057594037928435 6 937.2814 409.9542 234.6924 165.5798 512 424 
2.150132 0.13641 0.3141657 63657324502701 72057594037928435 9 1067.038 384.2379 280.878 157.2742 512 424 
2.263032 0.08539721 -0.6359622 63657324502701 72057594037928435 19 1044.622 839.9623 271.4512 314.9281 512 424 
2.164113 -0.156327 0.293859 63657324502775 72057594037928435 5 922.5389 397.1245 230.9033 161.0844 512 424 
1.897326 -0.1170936 0.2413691 63657324502775 72057594037928435 6 937.5261 406.1201 234.7842 164.2538 512 424 
2.097211 0.1300339 0.4755714 63657324502775 72057594037928435 9 1064.974 298.2175 280.3901 127.4122 512 424 
1.835711 0.1121142 0.555579 63657324502775 72057594037928435 10 1066.676 217.1508 280.0869 99.21023 512 424 
2.113591 -0.1697295 0.4719318 63657324502869 72057594037928435 5 913.2446 303.8882 227.8719 128.6916 512 424 
2.114681 0.1492427 0.5136593 63657324502869 72057594037928435 9 1073.643 280.8651 283.5649 121.4163 512 424 
2.113591 -0.1697295 0.4719318 63657324502869 72057594037928435 5 913.2446 303.8882 227.8719 128.6916 512 424 
2.114681 0.1492427 0.5136593 63657324502869 72057594037928435 9 1073.643 280.8651 283.5649 121.4163 512 424 
2.123361 -0.1754082 0.6039119 63657324502971 72057594037928435 5 909.7277 238.6169 226.9776 105.9811 512 424 
2.107813 0.1481743 0.5144239 63657324502971 72057594037928435 9 1073.417 279.6364 283.4634 120.9878 512 424 
1.792456 0.08651023 0.4813281 63657324502971 72057594037928435 11 1054.277 253.8039 275.3364 111.9055 512 424 
2.123361 -0.1754082 0.6039119 63657324502971 72057594037928435 5 909.7277 238.6169 226.9776 105.9811 512 424 
2.107813 0.1481743 0.5144239 63657324502971 72057594037928435 9 1073.417 279.6364 283.4634 120.9878 512 424 
1.792456 0.08651023 0.4813281 63657324502971 72057594037928435 11 1054.277 253.8039 275.3364 111.9055 512 424 
2.318583 0.1577068 0.644726 63657324503227 72057594037928435 8 1068.061 243.3314 282.6417 108.3491 512 424 
2.11623 0.1748598 0.5865939 63657324503227 72057594037928435 9 1085.956 244.0648 288.042 108.6675 512 424 
2.314272 0.160445 0.635852 63657324503285 72057594037928435 8 1069.55 246.8569 283.1239 109.5814 512 424 
2.132074 0.1839871 0.5323898 63657324503285 72057594037928435 9 1090.071 273.3752 289.3779 118.8786 512 424 
2.314272 0.160445 0.635852 63657324503285 72057594037928435 8 1069.55 246.8569 283.1239 109.5814 512 424 
2.132074 0.1839871 0.5323898 63657324503285 72057594037928435 9 1090.071 273.3752 289.3779 118.8786 512 424 
2.161623 0.2074128 0.5181265 63657324503350 72057594037928435 9 1100.146 283.9298 292.9391 122.5892 512 424 
2.297171 0.1234912 0.6208151 63657324503429 72057594037928435 8 1053.212 251.8865 277.3673 111.2628 512 424 
2.169865 0.2032223 0.4763813 63657324503429 72057594037928435 9 1097.898 305.4748 292.0745 130.0691 512 424 
2.284655 0.1137807 0.5165415 63657324503503 72057594037928435 8 1049.789 299.1068 275.8857 127.6678 512 424 
2.18848 0.2223614 0.3699972 63657324503503 72057594037928435 9 1106.885 359.222 294.969 148.7643 512 424 
2.123235 -0.2149163 0.277784 63657324503573 72057594037928435 5 892.2382 402.8011 220.2181 162.8976 512 424 
1.872609 -0.1214535 0.2158214 63657324503573 72057594037928435 6 934.7485 418.9162 233.6314 168.6668 512 424 
2.143106 0.1953152 0.3441488 63657324503573 72057594037928435 9 1096.404 368.4169 291.0989 151.9096 512 424 
1.875914 0.1340233 0.3268628 63657324503573 72057594037928435 10 1078.968 354.1294 283.8433 146.87 512 424 
1.848916 -0.1175996 0.1962291 63657324503647 72057594037928435 6 936.6037 428.6198 234.0966 172.0305 512 424 
2.143253 0.2157679 0.265756 63657324503647 72057594037928435 9 1107.095 407.2911 294.5924 165.4211 512 424 
2.139198 0.2144646 0.2317546 63657324503722 72057594037928435 9 1106.929 423.9885 294.4286 171.1999 512 424 
1.873506 0.1518726 0.2009102 63657324503722 72057594037928435 10 1090.235 425.4321 287.3531 171.6155 512 424 
2.139198 0.2144646 0.2317546 63657324503722 72057594037928435 9 1106.929 423.9885 294.4286 171.1999 512 424 
1.873506 0.1518726 0.2009102 63657324503722 72057594037928435 10 1090.235 425.4321 287.3531 171.6155 512 424 
2.107221 0.1195364 0.07205431 63657324503810 72057594037928435 9 1062.064 503.6025 278.3713 198.5207 512 424 
2.112974 0.1341069 0.1781892 63657324503885 72057594037928435 9 1068.434 450.091 280.863 180.065 512 424 
1.921551 0.1669196 0.2515678 63657324503885 72057594037928435 10 1095.318 400.1074 289.505 162.8739 512 424 
2.112974 0.1341069 0.1781892 63657324503885 72057594037928435 9 1068.434 450.091 280.863 180.065 512 424 
1.921551 0.1669196 0.2515678 63657324503885 72057594037928435 10 1095.318 400.1074 289.505 162.8739 512 424 
1.913786 -0.1656985 0.1001131 63657324503960 72057594037928435 6 911.8983 486.2874 225.6514 191.8486 512 424 
2.137005 0.1594526 0.1490109 63657324503960 72057594037928435 9 1080.218 465.4931 284.9632 185.4396 512 424 
2.109073 0.1248108 0.1781329 63657324504018 72057594037928435 9 1063.913 450.0135 279.2835 180.0187 512 424 
1.836928 0.1000742 0.1497321 63657324504018 72057594037928435 10 1062.903 453.2208 277.5529 181.1058 512 424 
2.109073 0.1248108 0.1781329 63657324504018 72057594037928435 9 1063.913 450.0135 279.2835 180.0187 512 424 
1.836928 0.1000742 0.1497321 63657324504018 72057594037928435 10 1062.903 453.2208 277.5529 181.1058 512 424 
2.118221 -0.1864719 0.1004924 63657324504077 72057594037928435 5 907.5891 491.4958 225.1182 193.6407 512 424 
2.109013 0.1394805 0.2107523 63657324504077 72057594037928435 9 1071.095 433.4311 281.8505 174.3162 512 424 
1.836884 0.1146897 0.1822301 63657324504077 72057594037928435 10 1071.117 434.254 280.4882 174.5842 512 424 
2.118221 -0.1864719 0.1004924 63657324504077 72057594037928435 5 907.5891 491.4958 225.1182 193.6407 512 424 
2.109013 0.1394805 0.2107523 63657324504077 72057594037928435 9 1071.095 433.4311 281.8505 174.3162 512 424 
1.836884 0.1146897 0.1822301 63657324504077 72057594037928435 10 1071.117 434.254 280.4882 174.5842 512 424 
2.122689 -0.2131169 0.1051741 63657324504144 72057594037928435 5 894.3291 489.4214 220.5606 192.8623 512 424 
2.104935 0.1398351 0.3025162 63657324504144 72057594037928435 9 1070.818 386.7515 281.9787 158.1583 512 424 
1.832845 0.1150448 0.2736511 63657324504144 72057594037928435 10 1070.8 380.8466 280.6311 156.0961 512 424 
2.104216 0.1383431 0.3020434 63657324504210 72057594037928435 9 1070.099 386.9483 281.7256 158.2235 512 424 
2.104216 0.1383431 0.3020434 63657324504210 72057594037928435 9 1070.099 386.9483 281.7256 158.2235 512 424 
2.104216 0.1383431 0.3020434 63657324504210 72057594037928435 9 1070.099 386.9483 281.7256 158.2235 512 424 
2.114499 0.1240979 0.3920055 63657324504281 72057594037928435 9 1061.837 342.4183 279.1449 142.7508 512 424 
2.090073 -0.1829219 0.3513388 63657324504348 72057594037928435 5 906.6942 362.8738 225.2477 149.1326 512 424 
2.11172 0.1455354 0.4039325 63657324504348 72057594037928435 9 1072.679 335.9879 282.9214 140.5632 512 424 
2.153472 0.1810921 0.4576953 63657324504397 72057594037928435 9 1088.011 313.0891 288.5369 132.6749 512 424 
2.153472 0.1810921 0.4576953 63657324504397 72057594037928435 9 1088.011 313.0891 288.5369 132.6749 512 424 
2.109807 -0.1833421 0.4310378 63657324504510 72057594037928435 5 906.554 324.2386 225.45 135.7265 512 424 
1.908098 -0.1573762 0.3984834 63657324504510 72057594037928435 6 914.0135 319.3383 227.0794 134.0481 512 424 
2.109807 -0.1833421 0.4310378 63657324504510 72057594037928435 5 906.554 324.2386 225.45 135.7265 512 424 
1.908098 -0.1573762 0.3984834 63657324504510 72057594037928435 6 914.0135 319.3383 227.0794 134.0481 512 424 
2.093983 -0.1774513 0.5265981 63657324504563 72057594037928435 5 908.3322 273.8355 226.2114 118.2198 512 424 
1.88635 -0.136505 0.4546281 63657324504563 72057594037928435 6 924.6374 284.8555 230.7922 122.1178 512 424 
2.1512 0.1584339 0.4530793 63657324504563 72057594037928435 9 1076.943 315.288 284.6795 133.3946 512 424 
2.093983 -0.1774513 0.5265981 63657324504563 72057594037928435 5 908.3322 273.8355 226.2114 118.2198 512 424 
1.88635 -0.136505 0.4546281 63657324504563 72057594037928435 6 924.6374 284.8555 230.7922 122.1178 512 424 
2.1512 0.1584339 0.4530793 63657324504563 72057594037928435 9 1076.943 315.288 284.6795 133.3946 512 424 
2.100098 -0.1790684 0.5301039 63657324504632 72057594037928435 5 907.6819 272.8415 226.0173 117.8713 512 424 
1.891719 -0.1358591 0.4616652 63657324504632 72057594037928435 6 925.0891 281.606 230.9923 120.9907 512 424 
2.133635 0.1697753 0.5389808 63657324504632 72057594037928435 9 1082.846 270.3668 286.8951 117.8037 512 424 
1.884374 0.1494129 0.5216361 63657324504632 72057594037928435 10 1085.675 244.5037 286.8078 108.8059 512 424 
2.100098 -0.1790684 0.5301039 63657324504632 72057594037928435 5 907.6819 272.8415 226.0173 117.8713 512 424 
1.891719 -0.1358591 0.4616652 63657324504632 72057594037928435 6 925.0891 281.606 230.9923 120.9907 512 424 
2.133635 0.1697753 0.5389808 63657324504632 72057594037928435 9 1082.846 270.3668 286.8951 117.8037 512 424 
1.884374 0.1494129 0.5216361 63657324504632 72057594037928435 10 1085.675 244.5037 286.8078 108.8059 512 424 
2.122566 -0.1889379 0.5328117 63657324504708 72057594037928435 5 903.4272 274.3826 224.6334 118.3871 512 424 
1.912701 -0.1364591 0.4764674 63657324504708 72057594037928435 6 925.1907 276.1933 231.1642 119.111 512 424 
2.181494 0.1698106 0.4913415 63657324504708 72057594037928435 9 1080.83 299.6287 286.2373 127.9708 512 424 
1.933361 0.1486419 0.477097 63657324504708 72057594037928435 10 1082.799 276.6433 285.8979 119.9751 512 424 
2.122566 -0.1889379 0.5328117 63657324504708 72057594037928435 5 903.4272 274.3826 224.6334 118.3871 512 424 
1.912701 -0.1364591 0.4764674 63657324504708 72057594037928435 6 925.1907 276.1933 231.1642 119.111 512 424 
2.181494 0.1698106 0.4913415 63657324504708 72057594037928435 9 1080.83 299.6287 286.2373 127.9708 512 424 
1.933361 0.1486419 0.477097 63657324504708 72057594037928435 10 1082.799 276.6433 285.8979 119.9751 512 424 
2.130405 -0.1950475 0.5675101 63657324504771 72057594037928435 5 900.3862 258.0021 223.6827 112.6766 512 424 
2.160817 0.1813568 0.4803623 63657324504771 72057594037928435 9 1087.605 302.6656 288.4837 129.0521 512 424 
1.934792 0.1498058 0.4752541 63657324504771 72057594037928435 10 1083.374 277.8478 286.0983 120.3964 512 424 
2.130405 -0.1950475 0.5675101 63657324504771 72057594037928435 5 900.3862 258.0021 223.6827 112.6766 512 424 
2.160817 0.1813568 0.4803623 63657324504771 72057594037928435 9 1087.605 302.6656 288.4837 129.0521 512 424 
1.934792 0.1498058 0.4752541 63657324504771 72057594037928435 10 1083.374 277.8478 286.0983 120.3964 512 424 
2.127501 -0.1967905 0.5770563 63657324504846 72057594037928435 5 899.341 252.8312 223.33 110.8729 512 424 
2.163094 0.1844064 0.4797339 63657324504846 72057594037928435 9 1088.993 303.2065 288.9714 129.2457 512 424 
1.95794 0.1352745 0.4774437 63657324504846 72057594037928435 10 1074.177 279.8733 283.0172 121.065 512 424 
2.127501 -0.1967905 0.5770563 63657324504846 72057594037928435 5 899.341 252.8312 223.33 110.8729 512 424 
2.163094 0.1844064 0.4797339 63657324504846 72057594037928435 9 1088.993 303.2065 288.9714 129.2457 512 424 
1.95794 0.1352745 0.4774437 63657324504846 72057594037928435 10 1074.177 279.8733 283.0172 121.065 512 424 
2.157403 -0.2218601 0.5159311 63657324504894 72057594037928435 5 888.4528 287.2526 219.534 122.7871 512 424 
2.166084 0.1875284 0.4780988 63657324504894 72057594037928435 9 1090.382 304.3203 289.4595 129.6383 512 424 
1.963993 0.1344799 0.4767148 63657324504894 72057594037928435 10 1073.447 281.0808 282.7885 121.4823 512 424 
2.166725 0.1886209 0.4783727 63657324504943 72057594037928435 9 1090.884 304.2484 289.6363 129.6153 512 424 
1.964602 0.1345373 0.4769276 63657324504943 72057594037928435 10 1073.446 281.0455 282.7914 121.47 512 424 
2.166725 0.1886209 0.4783727 63657324504943 72057594037928435 9 1090.884 304.2484 289.6363 129.6153 512 424 
1.964602 0.1345373 0.4769276 63657324504943 72057594037928435 10 1073.446 281.0455 282.7914 121.47 512 424 
2.166725 0.1886209 0.4783727 63657324504943 72057594037928435 9 1090.884 304.2484 289.6363 129.6153 512 424 
1.964602 0.1345373 0.4769276 63657324504943 72057594037928435 10 1073.446 281.0455 282.7914 121.47 512 424 
2.183352 0.2401846 0.5203086 63657324505029 72057594037928435 9 1114.88 285.2081 298.1333 123.0916 512 424 
1.997491 0.1527362 0.517886 63657324505029 72057594037928435 10 1081.234 263.2999 285.7515 115.3324 512 424 
2.184762 0.254514 0.5136045 63657324505093 72057594037928435 9 1121.822 288.5555 300.5291 124.2818 512 424 
2.184762 0.254514 0.5136045 63657324505093 72057594037928435 9 1121.822 288.5555 300.5291 124.2818 512 424 
2.181475 0.2587611 0.5278119 63657324505153 72057594037928435 9 1124.022 281.1919 301.3205 121.7303 512 424 
1.956762 0.1399627 0.4873282 63657324505153 72057594037928435 10 1076.713 274.2869 283.9209 119.1327 512 424 
2.181475 0.2587611 0.5278119 63657324505153 72057594037928435 9 1124.022 281.1919 301.3205 121.7303 512 424 
1.956762 0.1399627 0.4873282 63657324505153 72057594037928435 10 1076.713 274.2869 283.9209 119.1327 512 424 
2.192951 0.273073 0.488954 63657324505207 72057594037928435 9 1130.457 301.3786 303.4857 128.7714 512 424 
2.192951 0.273073 0.488954 63657324505207 72057594037928435 9 1130.457 301.3786 303.4857 128.7714 512 424 
2.186223 0.279861 0.4349332 63657324505283 72057594037928435 9 1134.603 326.9693 304.7512 137.6764 512 424 
1.948033 0.1587991 0.3722667 63657324505283 72057594037928435 10 1088.338 336.0043 287.5708 140.6227 512 424 
2.186223 0.279861 0.4349332 63657324505283 72057594037928435 9 1134.603 326.9693 304.7512 137.6764 512 424 
1.948033 0.1587991 0.3722667 63657324505283 72057594037928435 10 1088.338 336.0043 287.5708 140.6227 512 424 
2.186223 0.279861 0.4349332 63657324505283 72057594037928435 9 1134.603 326.9693 304.7512 137.6764 512 424 
1.948033 0.1587991 0.3722667 63657324505283 72057594037928435 10 1088.338 336.0043 287.5708 140.6227 512 424 
2.114273 -0.1689371 0.3310673 63657324505354 72057594037928435 5 914.6727 375.0493 228.0648 153.395 512 424 
2.055266 0.1140041 0.3760747 63657324505354 72057594037928435 9 1059.21 345.0327 277.9562 143.644 512 424 
2.114273 -0.1689371 0.3310673 63657324505354 72057594037928435 5 914.6727 375.0493 228.0648 153.395 512 424 
2.055266 0.1140041 0.3760747 63657324505354 72057594037928435 9 1059.21 345.0327 277.9562 143.644 512 424 
2.114674 -0.1765977 0.2258892 63657324505434 72057594037928435 5 911.57 428.1576 226.7624 171.7683 512 424 
1.846568 -0.1273304 0.1918652 63657324505434 72057594037928435 6 930.9771 431.0677 232.1267 172.85 512 424 
2.158901 0.259422 0.2159108 63657324505434 72057594037928435 9 1128.016 432.581 301.7687 174.2596 512 424 
1.825495 -0.1252444 0.171337 63657324505511 72057594037928435 6 931.8469 441.7697 232.2581 176.5531 512 424 
2.127672 0.2266908 0.1836776 63657324505511 72057594037928435 9 1114.092 447.3549 296.7362 179.3119 512 424 
1.870335 0.1310435 0.1791206 63657324505511 72057594037928435 10 1078.742 437.8092 283.2959 175.8481 512 424 
1.843438 -0.1439855 0.1029931 63657324505582 72057594037928435 6 921.993 482.3796 228.7718 190.5408 512 424 
2.149343 0.2482345 0.09542274 63657324505582 72057594037928435 9 1123.972 491.9062 300.0201 194.7546 512 424 
1.895497 0.1437695 0.1001326 63657324505582 72057594037928435 10 1085.132 483.484 285.4127 191.6616 512 424 
2.121332 -0.1883318 0.139299 63657324505653 72057594037928435 5 906.4847 472.088 224.8376 186.9313 512 424 
2.063167 0.1618727 0.1009831 63657324505728 72057594037928435 9 1085.558 487.5818 286.3731 193.0894 512 424 
1.823305 0.1279622 0.1387331 63657324505728 72057594037928435 10 1079.931 458.779 283.3324 183.0988 512 424 
2.063167 0.1618727 0.1009831 63657324505728 72057594037928435 9 1085.558 487.5818 286.3731 193.0894 512 424 
1.823305 0.1279622 0.1387331 63657324505728 72057594037928435 10 1079.931 458.779 283.3324 183.0988 512 424 
2.063167 0.1618727 0.1009831 63657324505728 72057594037928435 9 1085.558 487.5818 286.3731 193.0894 512 424 
1.823305 0.1279622 0.1387331 63657324505728 72057594037928435 10 1079.931 458.779 283.3324 183.0988 512 424 
2.090339 -0.1914333 0.07039993 63657324505815 72057594037928435 5 904.3671 506.2084 223.8141 198.7051 512 424 
1.861179 -0.1568057 0.09906507 63657324505815 72057594037928435 6 915.1978 485.2799 226.5098 191.5122 512 424 
2.067865 0.1629723 0.1005178 63657324505815 72057594037928435 9 1085.877 487.9351 286.5032 193.213 512 424 
1.828003 0.1290593 0.1382691 63657324505815 72057594037928435 10 1080.306 459.2519 283.4869 183.2642 512 424 
2.090339 -0.1914333 0.07039993 63657324505815 72057594037928435 5 904.3671 506.2084 223.8141 198.7051 512 424 
1.861179 -0.1568057 0.09906507 63657324505815 72057594037928435 6 915.1978 485.2799 226.5098 191.5122 512 424 
2.067865 0.1629723 0.1005178 63657324505815 72057594037928435 9 1085.877 487.9351 286.5032 193.213 512 424 
1.828003 0.1290593 0.1382691 63657324505815 72057594037928435 10 1080.306 459.2519 283.4869 183.2642 512 424 
2.128334 -0.1970794 0.08098406 63657324505890 72057594037928435 5 902.7383 501.5646 223.4383 197.0961 512 424 
1.915357 -0.1623707 0.1004939 63657324505890 72057594037928435 6 913.7981 486.0965 226.3176 191.7917 512 424 
2.062566 0.167901 0.1627299 63657324505890 72057594037928435 9 1088.263 455.6289 287.4668 182.0608 512 424 
1.822701 0.1339662 0.200227 63657324505890 72057594037928435 10 1082.978 422.7525 284.5669 170.6548 512 424 
2.128334 -0.1970794 0.08098406 63657324505890 72057594037928435 5 902.7383 501.5646 223.4383 197.0961 512 424 
1.915357 -0.1623707 0.1004939 63657324505890 72057594037928435 6 913.7981 486.0965 226.3176 191.7917 512 424 
2.062566 0.167901 0.1627299 63657324505890 72057594037928435 9 1088.263 455.6289 287.4668 182.0608 512 424 
1.822701 0.1339662 0.200227 63657324505890 72057594037928435 10 1082.978 422.7525 284.5669 170.6548 512 424 
2.094666 -0.1870705 0.2389982 63657324506023 72057594037928435 5 905.5403 420.4779 224.6217 169.0806 512 424 
1.868279 -0.1519027 0.2777318 63657324506023 72057594037928435 6 916.7993 383.5253 227.5522 156.3254 512 424 
2.058443 0.1636712 0.289546 63657324506023 72057594037928435 9 1085.396 389.8239 286.7988 159.2798 512 424 
1.818583 0.129754 0.3265197 63657324506023 72057594037928435 10 1079.733 348.4727 283.8113 144.9069 512 424 
2.082989 0.1657486 0.3487007 63657324506105 72057594037928435 9 1084.745 361.3075 286.8372 149.3949 512 424 
1.847764 0.1303387 0.3860878 63657324506105 72057594037928435 10 1077.948 317.1126 283.5303 134.0151 512 424 
2.082989 0.1657486 0.3487007 63657324506105 72057594037928435 9 1084.745 361.3075 286.8372 149.3949 512 424 
1.847764 0.1303387 0.3860878 63657324506105 72057594037928435 10 1077.948 317.1126 283.5303 134.0151 512 424 
2.040582 -0.1211071 0.4158023 63657324506194 72057594037928435 5 936.8156 324.4398 235.6192 135.9426 512 424 
1.838566 -0.1267878 0.3761615 63657324506194 72057594037928435 6 929.5931 323.6851 232.0722 135.63 512 424 
2.083458 0.1680732 0.4351261 63657324506194 72057594037928435 9 1085.298 317.0763 287.2704 134.0457 512 424 
1.843636 0.1341544 0.471505 63657324506194 72057594037928435 10 1079.697 267.1139 284.3828 116.6431 512 424 
2.040582 -0.1211071 0.4158023 63657324506194 72057594037928435 5 936.8156 324.4398 235.6192 135.9426 512 424 
1.838566 -0.1267878 0.3761615 63657324506194 72057594037928435 6 929.5931 323.6851 232.0722 135.63 512 424 
2.083458 0.1680732 0.4351261 63657324506194 72057594037928435 9 1085.298 317.0763 287.2704 134.0457 512 424 
1.843636 0.1341544 0.471505 63657324506194 72057594037928435 10 1079.697 267.1139 284.3828 116.6431 512 424 
2.040582 -0.1211071 0.4158023 63657324506194 72057594037928435 5 936.8156 324.4398 235.6192 135.9426 512 424 
1.838566 -0.1267878 0.3761615 63657324506194 72057594037928435 6 929.5931 323.6851 232.0722 135.63 512 424 
2.083458 0.1680732 0.4351261 63657324506194 72057594037928435 9 1085.298 317.0763 287.2704 134.0457 512 424 
1.843636 0.1341544 0.471505 63657324506194 72057594037928435 10 1079.697 267.1139 284.3828 116.6431 512 424 
2.047356 -0.1217476 0.4913262 63657324506297 72057594037928435 5 936.0507 285.7811 235.5568 122.5074 512 424 
1.84474 -0.1326221 0.4562502 63657324506297 72057594037928435 6 925.7168 278.1042 230.9628 119.7726 512 424 
2.067544 0.1655304 0.5069306 63657324506297 72057594037928435 9 1084.321 278.2918 287.0712 120.562 512 424 
2.047356 -0.1217476 0.4913262 63657324506297 72057594037928435 5 936.0507 285.7811 235.5568 122.5074 512 424 
1.84474 -0.1326221 0.4562502 63657324506297 72057594037928435 6 925.7168 278.1042 230.9628 119.7726 512 424 
2.067544 0.1655304 0.5069306 63657324506297 72057594037928435 9 1084.321 278.2918 287.0712 120.562 512 424 
2.047356 -0.1217476 0.4913262 63657324506297 72057594037928435 5 936.0507 285.7811 235.5568 122.5074 512 424 
1.84474 -0.1326221 0.4562502 63657324506297 72057594037928435 6 925.7168 278.1042 230.9628 119.7726 512 424 
2.067544 0.1655304 0.5069306 63657324506297 72057594037928435 9 1084.321 278.2918 287.0712 120.562 512 424 
2.055331 -0.1178806 0.5155631 63657324506406 72057594037928435 5 938.0287 274.1527 236.3312 118.4746 512 424 
1.852827 -0.1265844 0.4792165 63657324506406 72057594037928435 6 929.2166 265.9688 232.2757 115.5708 512 424 
2.076023 0.1625448 0.5475852 63657324506406 72057594037928435 9 1082.055 258.4685 286.4317 113.6596 512 424 
1.860868 0.1272091 0.4981227 63657324506406 72057594037928435 10 1074.544 254.425 282.7619 112.2101 512 424 
2.055331 -0.1178806 0.5155631 63657324506406 72057594037928435 5 938.0287 274.1527 236.3312 118.4746 512 424 
1.852827 -0.1265844 0.4792165 63657324506406 72057594037928435 6 929.2166 265.9688 232.2757 115.5708 512 424 
2.076023 0.1625448 0.5475852 63657324506406 72057594037928435 9 1082.055 258.4685 286.4317 113.6596 512 424 
1.860868 0.1272091 0.4981227 63657324506406 72057594037928435 10 1074.544 254.425 282.7619 112.2101 512 424 
2.055767 -0.1166569 0.5167037 63657324506476 72057594037928435 5 938.6624 273.6087 236.5553 118.2885 512 424 
1.852938 -0.1278895 0.4830442 63657324506476 72057594037928435 6 928.4373 263.7877 232.0157 114.8085 512 424 
2.07103 0.1667744 0.5629915 63657324506476 72057594037928435 9 1084.377 249.8086 287.2617 110.6567 512 424 
2.057611 -0.1140377 0.5169516 63657324506548 72057594037928435 5 940.0497 273.7029 237.0443 118.3281 512 424 
1.852996 -0.1329278 0.5246575 63657324506548 72057594037928435 6 925.1964 239.8334 230.9982 106.4613 512 424 
2.078106 0.03273113 0.3585349 63657324506548 72057594037928435 10 1016.767 356.7362 263.3122 147.5239 512 424 
2.058609 -0.1112952 0.5175667 63657324506628 72057594037928435 5 941.4815 273.4954 237.5462 118.263 512 424 
2.124196 0.1851447 0.4811402 63657324506628 72057594037928435 9 1091.432 298.1371 289.68 127.4917 512 424 
2.078097 0.03383381 0.3570403 63657324506628 72057594037928435 10 1017.343 357.4951 263.5077 147.7896 512 424 
2.058609 -0.1112952 0.5175667 63657324506628 72057594037928435 5 941.4815 273.4954 237.5462 118.263 512 424 
2.124196 0.1851447 0.4811402 63657324506628 72057594037928435 9 1091.432 298.1371 289.68 127.4917 512 424 
2.078097 0.03383381 0.3570403 63657324506628 72057594037928435 10 1017.343 357.4951 263.5077 147.7896 512 424 
2.059566 -0.1081256 0.5194821 63657324506707 72057594037928435 5 943.1228 272.6057 238.1234 117.9616 512 424 
2.124419 0.1841099 0.482105 63657324506707 72057594037928435 9 1090.895 297.6848 289.497 127.3324 512 424 
2.078015 0.03468886 0.355802 63657324506707 72057594037928435 10 1017.792 358.1177 263.6594 148.0075 512 424 
2.060363 -0.1068404 0.520577 63657324506783 72057594037928435 5 943.7917 272.1336 238.3611 117.8008 512 424 
2.060363 -0.1068404 0.520577 63657324506783 72057594037928435 5 943.7917 272.1336 238.3611 117.8008 512 424 
2.08155 -0.1076969 0.5255863 63657324506876 72057594037928435 5 943.6404 272.3086 238.4042 117.8622 512 424 
1.923828 -0.1197715 0.5182657 63657324507090 72057594037928435 6 934.3912 254.3993 234.5099 111.5779 512 424 
1.923828 -0.1197715 0.5182657 63657324507090 72057594037928435 6 934.3912 254.3993 234.5099 111.5779 512 424 
1.923828 -0.1197715 0.5182657 63657324507090 72057594037928435 6 934.3912 254.3993 234.5099 111.5779 512 424 
1.933751 -0.09895814 0.5185648 63657324507223 72057594037928435 6 946.0674 255.5623 238.6056 112.0397 512 424 
1.933751 -0.09895814 0.5185648 63657324507223 72057594037928435 6 946.0674 255.5623 238.6056 112.0397 512 424 
1.933751 -0.09895814 0.5185648 63657324507223 72057594037928435 6 946.0674 255.5623 238.6056 112.0397 512 424 
1.936598 -0.1096311 0.5209869 63657324507673 72057594037928435 6 940.2202 254.7202 236.5966 111.7188 512 424 
1.936598 -0.1096311 0.5209869 63657324507673 72057594037928435 6 940.2202 254.7202 236.5966 111.7188 512 424 
1.804589 -0.09405147 0.5204008 63657324507906 72057594037928435 7 946.8336 233.9736 238.2479 104.5239 512 424 
1.804589 -0.09405147 0.5204008 63657324507906 72057594037928435 7 946.8336 233.9736 238.2479 104.5239 512 424 
1.920873 -0.1133356 0.5112266 63657324508223 72057594037928435 6 937.9536 257.8285 235.7142 112.7878 512 424 
1.920873 -0.1133356 0.5112266 63657324508223 72057594037928435 6 937.9536 257.8285 235.7142 112.7878 512 424 
2.123125 -0.1724605 0.5197487 63657324508287 72057594037928435 5 911.81 280.9217 227.5146 120.7027 512 424 
1.924153 -0.1216606 0.5066662 63657324508287 72057594037928435 6 933.4445 260.9023 234.1543 113.8351 512 424 
2.123125 -0.1724605 0.5197487 63657324508287 72057594037928435 5 911.81 280.9217 227.5146 120.7027 512 424 
1.924153 -0.1216606 0.5066662 63657324508287 72057594037928435 6 933.4445 260.9023 234.1543 113.8351 512 424 
2.123125 -0.1724605 0.5197487 63657324508287 72057594037928435 5 911.81 280.9217 227.5146 120.7027 512 424 
1.924153 -0.1216606 0.5066662 63657324508287 72057594037928435 6 933.4445 260.9023 234.1543 113.8351 512 424 
2.197327 -0.1550286 0.3959172 63657324508363 72057594037928435 5 923.2716 349.7564 231.4991 144.6723 512 424 
1.976956 -0.1179122 0.421515 63657324508363 72057594037928435 6 937.2463 314.3605 235.5057 132.4399 512 424 
2.136913 0.172408 0.5144465 63657324508363 72057594037928435 9 1084.163 283.0268 287.297 122.2111 512 424 
1.871767 0.1022001 0.5020432 63657324508363 72057594037928435 10 1059.703 254.047 277.6778 112.0182 512 424 
2.197327 -0.1550286 0.3959172 63657324508363 72057594037928435 5 923.2716 349.7564 231.4991 144.6723 512 424 
1.976956 -0.1179122 0.421515 63657324508363 72057594037928435 6 937.2463 314.3605 235.5057 132.4399 512 424 
2.136913 0.172408 0.5144465 63657324508363 72057594037928435 9 1084.163 283.0268 287.297 122.2111 512 424 
1.871767 0.1022001 0.5020432 63657324508363 72057594037928435 10 1059.703 254.047 277.6778 112.0182 512 424 
2.121552 -0.1546699 0.5196213 63657324508434 72057594037928435 5 920.698 280.681 230.5904 120.6633 512 424 
1.977235 0.1254898 0.5073882 63657324508434 72057594037928435 10 1067.718 266.3188 280.9476 116.3263 512 424 
