Z           X           Y     Timestamp     Body id     Joint type ColorPointX ColorPointY  DepthPointX DepthPointY  WidthOfDisplay  HeightOfDisplay
2.458753 0.01638075 0.1071107 63657324488896 72057594037928435 0 1004.806 494.3209 259.9583 195.0782 512 424 
2.441895 0.02059149 0.4031389 63657324488896 72057594037928435 1 1005.054 364.7696 260.6152 150.2754 512 424 
2.414468 0.02454171 0.6896972 63657324488896 72057594037928435 2 1005.355 236.0372 261.2643 105.5483 512 424 
2.41168 0.02196811 0.8012633 63657324488896 72057594037928435 3 1003.552 186.2208 260.8777 88.21375 512 424 
2.410794 -0.1335959 0.5605798 63657324488896 72057594037928435 4 936.3379 293.6837 237.0561 125.276 512 424 
2.431328 -0.1906815 0.33332 63657324488896 72057594037928435 5 913.0696 395.8155 228.6205 160.5986 512 424 
2.368294 -0.1871258 0.1267163 63657324488896 72057594037928435 6 914.303 484.9117 228.4388 191.4111 512 424 
2.36972 -0.1735176 0.07366257 63657324488896 72057594037928435 7 920.7853 508.7197 230.575 199.6623 512 424 
2.398047 0.1718295 0.5739222 63657324488896 72057594037928435 8 1071.704 284.6649 283.9614 122.7422 512 424 
2.434609 0.2129333 0.3284639 63657324488896 72057594037928435 9 1089.725 395.8397 289.7264 161.3982 512 424 
2.389918 0.2080485 0.1128244 63657324488896 72057594037928435 10 1091.008 489.3116 289.538 193.7268 512 424 
2.391625 0.1945945 0.05091449 63657324488896 72057594037928435 11 1085.315 517.0045 287.4389 203.2652 512 424 
2.423702 -0.0522301 0.1057873 63657324488896 72057594037928435 12 975.0975 494.6231 249.5845 195.0467 512 424 
2.473979 -0.0419923 -0.2403501 63657324488896 72057594037928435 13 981.5547 644.5598 251.2635 246.8411 512 424 
2.499222 -0.04056354 -0.5355144 63657324488896 72057594037928435 14 983.8129 769.4399 251.522 290.1301 512 424 
2.417715 -0.0282361 -0.6035725 63657324488896 72057594037928435 15 989.9311 807.1393 253.1971 303.2593 512 424 
2.42632 0.08451066 0.105521 63657324488896 72057594037928435 16 1035.105 494.0057 270.3171 195.1035 512 424 
2.475481 0.05668141 -0.2327467 63657324488896 72057594037928435 17 1023.951 640.666 265.9329 245.6884 512 424 
2.501315 0.05333793 -0.5388348 63657324488896 72057594037928435 18 1023.812 770.1366 265.3742 290.5568 512 424 
2.425261 0.04105236 -0.6000617 63657324488896 72057594037928435 19 1020.3 804.3604 263.7573 302.4337 512 424 
2.423301 0.02360542 0.6194043 63657324488896 72057594037928435 20 1005.272 268.1512 261.1053 116.7199 512 424 
2.375362 -0.1808834 -0.01229169 63657324488896 72057594037928435 21 918.143 547.3894 229.4995 212.9996 512 424 
2.356863 -0.1311885 0.05603044 63657324488896 72057594037928435 22 939.7233 516.2672 237.0387 202.3536 512 424 
2.38836 0.1837068 -0.03182879 63657324488896 72057594037928435 23 1081.119 553.9409 285.8007 215.9982 512 424 
2.404778 0.2327106 0.01951509 63657324488896 72057594037928435 24 1101.785 530.8211 293.1124 208.1106 512 424 
2.459836 0.01667684 0.1071298 63657324489131 72057594037928435 0 1004.922 494.3314 260.0015 195.0824 512 424 
2.442529 0.02079773 0.4033021 63657324489131 72057594037928435 1 1005.135 364.7429 260.6455 150.2665 512 424 
2.41474 0.02451831 0.6899972 63657324489131 72057594037928435 2 1005.34 235.939 261.2603 105.5141 512 424 
2.412103 0.02153999 0.8011771 63657324489131 72057594037928435 3 1003.359 186.3238 260.8114 88.24875 512 424 
2.406868 -0.1313382 0.5601339 63657324489131 72057594037928435 4 937.2759 293.4649 237.369 125.2043 512 424 
2.432526 -0.1907717 0.3339867 63657324489131 72057594037928435 5 913.0567 395.5952 228.621 160.5223 512 424 
2.36949 -0.1871904 0.1262137 63657324489131 72057594037928435 6 914.308 485.1664 228.4435 191.4991 512 424 
2.372346 -0.1720656 0.07262351 63657324489131 72057594037928435 7 921.5042 509.2134 230.8302 199.8362 512 424 
2.400871 0.1717266 0.572737 63657324489131 72057594037928435 8 1071.552 285.4944 283.9139 123.0301 512 424 
2.435607 0.2119844 0.3308384 63657324489131 72057594037928435 9 1089.249 394.8654 289.57 161.0589 512 424 
2.390477 0.208231 0.112055 63657324489131 72057594037928435 10 1091.067 489.6655 289.5586 193.8493 512 424 
2.390073 0.1932933 0.053667 63657324489131 72057594037928435 11 1084.79 515.7698 287.258 202.8365 512 424 
2.425401 -0.05173844 0.1059814 63657324489131 72057594037928435 12 975.3124 494.5674 249.6646 195.0286 512 424 
2.474414 -0.04144163 -0.2434947 63657324489131 72057594037928435 13 981.8091 645.8927 251.3464 247.3031 512 424 
2.499545 -0.04171253 -0.5354884 63657324489131 72057594037928435 14 983.322 769.4058 251.3533 290.1161 512 424 
2.416074 -0.03015121 -0.6048291 63657324489131 72057594037928435 15 989.1041 807.8872 252.9014 303.5156 512 424 
2.426989 0.08468 0.1053839 63657324489131 72057594037928435 16 1035.163 494.0778 270.3392 195.1286 512 424 
2.47514 0.05699768 -0.2329884 63657324489131 72057594037928435 17 1024.095 640.7821 265.9811 245.7291 512 424 
2.459836 0.01667684 0.1071298 63657324489131 72057594037928435 0 1004.922 494.3314 260.0015 195.0824 512 424 
2.442529 0.02079773 0.4033021 63657324489131 72057594037928435 1 1005.135 364.7429 260.6455 150.2665 512 424 
2.41474 0.02451831 0.6899972 63657324489131 72057594037928435 2 1005.34 235.939 261.2603 105.5141 512 424 
2.412103 0.02153999 0.8011771 63657324489131 72057594037928435 3 1003.359 186.3238 260.8114 88.24875 512 424 
2.406868 -0.1313382 0.5601339 63657324489131 72057594037928435 4 937.2759 293.4649 237.369 125.2043 512 424 
2.432526 -0.1907717 0.3339867 63657324489131 72057594037928435 5 913.0567 395.5952 228.621 160.5223 512 424 
2.36949 -0.1871904 0.1262137 63657324489131 72057594037928435 6 914.308 485.1664 228.4435 191.4991 512 424 
2.372346 -0.1720656 0.07262351 63657324489131 72057594037928435 7 921.5042 509.2134 230.8302 199.8362 512 424 
2.400871 0.1717266 0.572737 63657324489131 72057594037928435 8 1071.552 285.4944 283.9139 123.0301 512 424 
2.435607 0.2119844 0.3308384 63657324489131 72057594037928435 9 1089.249 394.8654 289.57 161.0589 512 424 
2.390477 0.208231 0.112055 63657324489131 72057594037928435 10 1091.067 489.6655 289.5586 193.8493 512 424 
2.390073 0.1932933 0.053667 63657324489131 72057594037928435 11 1084.79 515.7698 287.258 202.8365 512 424 
2.425401 -0.05173844 0.1059814 63657324489131 72057594037928435 12 975.3124 494.5674 249.6646 195.0286 512 424 
2.474414 -0.04144163 -0.2434947 63657324489131 72057594037928435 13 981.8091 645.8927 251.3464 247.3031 512 424 
2.499545 -0.04171253 -0.5354884 63657324489131 72057594037928435 14 983.322 769.4058 251.3533 290.1161 512 424 
2.416074 -0.03015121 -0.6048291 63657324489131 72057594037928435 15 989.1041 807.8872 252.9014 303.5156 512 424 
2.426989 0.08468 0.1053839 63657324489131 72057594037928435 16 1035.163 494.0778 270.3392 195.1286 512 424 
2.47514 0.05699768 -0.2329884 63657324489131 72057594037928435 17 1024.095 640.7821 265.9811 245.7291 512 424 
2.501132 0.05540499 -0.537873 63657324489131 72057594037928435 18 1024.69 769.7315 265.6796 290.4202 512 424 
2.425558 0.03927013 -0.6014013 63657324489131 72057594037928435 19 1019.519 804.9283 263.4854 302.6275 512 424 
2.42367 0.02363846 0.6196786 63657324489131 72057594037928435 20 1005.28 268.0717 261.1098 116.6924 512 424 
2.370584 -0.1815979 0.01350461 63657324489131 72057594037928435 21 917.5472 535.8139 229.332 209.0009 512 424 
2.353231 -0.1310651 0.08114516 63657324489131 72057594037928435 22 939.5672 504.8586 237.0253 198.4147 512 424 
2.402438 0.1934735 -0.02494203 63657324489131 72057594037928435 23 1084.787 550.7534 287.1314 214.9152 512 424 
2.402324 0.236838 0.05073636 63657324489131 72057594037928435 24 1103.552 516.9421 293.7829 203.3255 512 424 
