First JointType Second JointType  Angle   IsImportant?(%)
3 20 178.906748210304 100
2 1 180.978795495269 100
2 8 104.945679774249 100
2 4 111.399839047421 100
20 0 180.996750943552 100
1 16 0.132852326904981 100
1 12 0.140977428129617 100
20 9 114.243593635202 100
20 5 124.015873002148 100
0 17 0.147024953840145 100
0 13 0.110303650082642 100
8 10 0.336650408536769 100
9 11 2.26146066384089 100
9 24 166.710635854526 100
10 23 175.920226021694 100
4 6 0.489713847056379 100
5 7 1.45059676108531 100
5 22 142.497727132036 100
6 21 161.874781132868 100
16 18 176.759916906588 100
17 19 173.96083802911 100
12 14 0.318939169484906 100
13 15 0.34753297115617 100
3 20 178.906748210304 100
2 1 180.978795495269 100
2 8 104.945679774249 100
2 4 111.399839047421 100
20 0 180.996750943552 100
1 16 0.132852326904981 100
1 12 0.140977428129617 100
20 9 114.243593635202 100
20 5 124.015873002148 100
0 17 0.147024953840145 100
0 13 0.110303650082642 100
8 10 0.336650408536769 100
9 11 2.26146066384089 100
9 24 166.710635854526 100
10 23 175.920226021694 100
4 6 0.489713847056379 100
5 7 1.45059676108531 100
5 22 142.497727132036 100
6 21 161.874781132868 100
16 18 176.759916906588 100
17 19 173.96083802911 100
12 14 0.318939169484906 100
13 15 0.34753297115617 100
