First JointType Second JointType  Angel
3 20 177.906748210304
2 1 179.978795495269
2 8 103.945679774249
2 4 110.399839047421
20 0 179.996750943552
1 16 89.2999313628231
1 12 90.6660553300996
20 9 113.243593635202
20 5 123.015873002148
0 17 85.1864590897612
0 13 87.9693672691447
8 10 171.183709474496
9 11 167.922812416734
9 24 165.710635854526
10 23 174.920226021694
4 6 166.906288886047
5 7 165.147180253582
5 22 141.497727132036
6 21 160.874781132868
16 18 175.759916906588
17 19 172.96083802911
12 14 178.485448790649
13 15 173.071317672316
3 20 -1
2 1 -1
2 8 -1
2 4 -1
20 0 -1
1 16 89.4327836897281
1 12 90.52507790197
20 9 -1
20 5 -1
0 17 85.3334840436014
0 13 87.8590636190621
8 10 171.520359883033
9 11 165.661351752893
9 24 -1
10 23 -1
4 6 166.416575038991
5 7 163.696583492496
5 22 -1
6 21 -1
16 18 -1
17 19 -1
12 14 178.166509621164
13 15 173.418850643472
