               JointType               X                    Y  WidthOfDisplay  HeightOfDisplay
0 0 0 0 0 0 0 0 259.958312988281 195.078201293945 512 424
0 0 0 0 0 1 0 0 260.615203857422 150.275405883789 512 424
0 0 0 0 0 2 0 0 261.264312744141 105.548301696777 512 424
0 0 0 0 0 3 0 0 260.877685546875 88.213752746582 512 424
0 0 0 0 0 4 0 0 237.056106567383 125.276000976563 512 424
0 0 0 0 0 5 0 0 228.620498657227 160.598602294922 512 424
0 0 0 0 0 6 0 0 228.43879699707 191.411102294922 512 424
0 0 0 0 0 7 0 0 230.574996948242 199.662292480469 512 424
0 0 0 0 0 8 0 0 283.961395263672 122.742202758789 512 424
0 0 0 0 0 9 0 0 289.726409912109 161.398193359375 512 424
0 0 0 0 0 10 0 0 289.537994384766 193.726806640625 512 424
0 0 0 0 0 11 0 0 287.438903808594 203.265197753906 512 424
0 0 0 0 0 12 0 0 249.584503173828 195.04670715332 512 424
0 0 0 0 0 13 0 0 251.26350402832 246.841094970703 512 424
0 0 0 0 0 14 0 0 251.522003173828 290.130096435547 512 424
0 0 0 0 0 15 0 0 253.19709777832 303.259307861328 512 424
0 0 0 0 0 16 0 0 270.317108154297 195.103500366211 512 424
0 0 0 0 0 17 0 0 265.932891845703 245.688400268555 512 424
0 0 0 0 0 18 0 0 265.374206542969 290.556793212891 512 424
0 0 0 0 0 19 0 0 263.757293701172 302.433685302734 512 424
0 0 0 0 0 20 0 0 261.105285644531 116.719902038574 512 424
0 0 0 0 0 21 0 0 229.499496459961 212.999603271484 512 424
0 0 0 0 0 22 0 0 237.038696289063 202.353607177734 512 424
0 0 0 0 0 23 0 0 285.800689697266 215.998199462891 512 424
0 0 0 0 0 24 0 0 293.112396240234 208.110595703125 512 424
0 0 0 0 0 0 0 0 260.001495361328 195.082397460938 512 424
0 0 0 0 0 1 0 0 260.6455078125 150.266494750977 512 424
0 0 0 0 0 2 0 0 261.260314941406 105.514099121094 512 424
0 0 0 0 0 3 0 0 260.811401367188 88.2487487792969 512 424
0 0 0 0 0 4 0 0 237.369003295898 125.204299926758 512 424
0 0 0 0 0 5 0 0 228.621002197266 160.52229309082 512 424
0 0 0 0 0 6 0 0 228.443496704102 191.499099731445 512 424
0 0 0 0 0 7 0 0 230.830200195313 199.836196899414 512 424
0 0 0 0 0 8 0 0 283.913909912109 123.030097961426 512 424
0 0 0 0 0 9 0 0 289.570007324219 161.058898925781 512 424
0 0 0 0 0 10 0 0 289.55859375 193.849304199219 512 424
0 0 0 0 0 11 0 0 287.257995605469 202.836502075195 512 424
0 0 0 0 0 12 0 0 249.664596557617 195.028594970703 512 424
0 0 0 0 0 13 0 0 251.346405029297 247.303100585938 512 424
0 0 0 0 0 14 0 0 251.353302001953 290.116088867188 512 424
0 0 0 0 0 15 0 0 252.901397705078 303.515594482422 512 424
0 0 0 0 0 16 0 0 270.339202880859 195.128601074219 512 424
0 0 0 0 0 17 0 0 265.981109619141 245.729095458984 512 424
0 0 0 0 0 18 0 0 0 0 512 424
0 0 0 0 0 19 0 0 0 0 512 424
0 0 0 0 0 20 0 0 0 0 512 424
0 0 0 0 0 21 0 0 0 0 512 424
0 0 0 0 0 22 0 0 0 0 512 424
0 0 0 0 0 23 0 0 0 0 512 424
0 0 0 0 0 24 0 0 0 0 512 424
