First JointType Second JointType  Angel
3 20 168.719979425784
2 1 179.915925296833
2 8 108.719710146188
2 4 105.276175447783
20 0 179.989924445364
1 16 95.652225546393
1 12 84.0016811920432
20 9 130.381741038311
20 5 131.826549049767
0 17 90.8204685800292
0 13 83.2532563876907
8 10 163.191471318849
9 11 170.718038036043
9 24 176.585821269015
10 23 175.971101057618
4 6 161.202427885371
5 7 147.647403352485
5 22 104.214925123717
6 21 152.800149856682
16 18 179.186967008739
17 19 155.915601168016
12 14 168.129240759961
13 15 151.137302399409
3 20 168.719979425784
2 1 179.915925296833
2 8 108.719710146188
2 4 105.276175447783
20 0 179.989924445364
1 16 95.652225546393
1 12 84.0016811920432
20 9 130.381741038311
20 5 131.826549049767
0 17 90.8204685800292
0 13 83.2532563876907
8 10 163.191471318849
9 11 170.718038036043
9 24 176.585821269015
10 23 175.971101057618
4 6 161.202427885371
5 7 147.647403352485
5 22 104.214925123717
6 21 152.800149856682
16 18 179.186967008739
17 19 155.915601168016
12 14 168.129240759961
13 15 151.137302399409
3 20 168.657563999481
2 1 179.919459984905
2 8 108.517058571476
2 4 105.266494499939
20 0 179.937117489076
1 16 95.1339439463812
1 12 84.6900886414465
20 9 131.440883416093
20 5 131.781194002327
0 17 90.5687606910825
0 13 84.9149465719295
8 10 161.550017148975
9 11 173.907978672235
9 24 151.973408560613
10 23 179.070962806404
4 6 161.138062126985
5 7 147.34365891358
5 22 104.788923759595
6 21 151.494594707018
16 18 179.361705161154
17 19 155.597457205953
12 14 170.452593926531
13 15 152.751706023261
3 20 168.657563999481
2 1 179.919459984905
2 8 108.517058571476
2 4 105.266494499939
20 0 179.937117489076
1 16 95.1339439463812
1 12 84.6900886414465
20 9 131.440883416093
20 5 131.781194002327
0 17 90.5687606910825
0 13 84.9149465719295
8 10 161.550017148975
9 11 173.907978672235
9 24 151.973408560613
10 23 179.070962806404
4 6 161.138062126985
5 7 147.34365891358
5 22 104.788923759595
6 21 151.494594707018
16 18 179.361705161154
17 19 155.597457205953
12 14 170.452593926531
13 15 152.751706023261
3 20 168.689366404599
2 1 179.921139610057
2 8 108.527891928361
2 4 105.265967225108
20 0 179.934260759668
1 16 95.1064276856507
1 12 84.9035072781083
20 9 130.960366910234
20 5 131.786551834409
0 17 90.5386316628565
0 13 85.2395849208672
8 10 161.747091585243
9 11 173.044763422321
9 24 161.463682025075
10 23 178.058924268404
4 6 161.015045630584
5 7 146.664890613144
5 22 107.297777060708
6 21 150.093462777899
16 18 179.351032426313
17 19 155.037283962451
12 14 170.737608850157
13 15 152.924442118911
3 20 168.689366404599
2 1 179.921139610057
2 8 108.527891928361
2 4 105.265967225108
20 0 179.934260759668
1 16 95.1064276856507
1 12 84.9035072781083
20 9 130.960366910234
20 5 131.786551834409
0 17 90.5386316628565
0 13 85.2395849208672
8 10 161.747091585243
9 11 173.044763422321
9 24 161.463682025075
10 23 178.058924268404
4 6 161.015045630584
5 7 146.664890613144
5 22 107.297777060708
6 21 150.093462777899
16 18 179.351032426313
17 19 155.037283962451
12 14 170.737608850157
13 15 152.924442118911
3 20 168.710524169017
2 1 179.925617023913
2 8 108.452097342938
2 4 105.24928878621
20 0 179.920417051258
1 16 95.1309858244302
1 12 84.9186659400021
20 9 130.662589399626
20 5 131.731776303576
0 17 90.708162505838
0 13 85.0675596815831
8 10 162.16674551489
9 11 173.070212276653
9 24 145.301864981452
10 23 177.675103745342
4 6 161.000009719106
5 7 148.261824095728
5 22 104.712539685681
6 21 152.348868157277
16 18 179.761157762609
17 19 156.32982801091
12 14 170.525697425023
13 15 153.406701893238
3 20 168.710524169017
2 1 179.925617023913
2 8 108.452097342938
2 4 105.24928878621
20 0 179.920417051258
1 16 95.1309858244302
1 12 84.9186659400021
20 9 130.662589399626
20 5 131.731776303576
0 17 90.708162505838
0 13 85.0675596815831
8 10 162.16674551489
9 11 173.070212276653
9 24 145.301864981452
10 23 177.675103745342
4 6 161.000009719106
5 7 148.261824095728
5 22 104.712539685681
6 21 152.348868157277
16 18 179.761157762609
17 19 156.32982801091
12 14 170.525697425023
13 15 153.406701893238
3 20 168.722704649768
2 1 179.918778535297
2 8 108.379769970937
2 4 105.286898032162
20 0 179.897710129358
1 16 94.3061095372797
1 12 87.1118173023314
20 9 130.604318096021
20 5 131.747647566073
0 17 90.0207160514851
0 13 86.9226057857261
8 10 162.227275546938
9 11 172.876285967409
9 24 159.383629265897
10 23 176.264075538542
4 6 160.9484047065
5 7 146.141990792867
5 22 105.635087959695
6 21 149.51722021906
16 18 179.89916676232
17 19 156.624002144643
12 14 170.131096100229
13 15 153.126001301518
3 20 168.722704649768
2 1 179.918778535297
2 8 108.379769970937
2 4 105.286898032162
20 0 179.897710129358
1 16 94.3061095372797
1 12 87.1118173023314
20 9 130.604318096021
20 5 131.747647566073
0 17 90.0207160514851
0 13 86.9226057857261
8 10 162.227275546938
9 11 172.876285967409
9 24 159.383629265897
10 23 176.264075538542
4 6 160.9484047065
5 7 146.141990792867
5 22 105.635087959695
6 21 149.51722021906
16 18 179.89916676232
17 19 156.624002144643
12 14 170.131096100229
13 15 153.126001301518
3 20 168.699359647395
2 1 179.920777428768
2 8 108.340900333064
2 4 105.285627854242
20 0 179.891152461066
1 16 94.2602105211028
1 12 87.0564015167674
20 9 130.501218027732
20 5 131.738652460892
0 17 90.0177538347473
0 13 86.5977873232722
8 10 162.340689337541
9 11 172.626472892599
9 24 146.518607773373
10 23 178.284508853689
4 6 160.971308451899
5 7 145.230449473074
5 22 106.337184208012
6 21 148.239146483323
16 18 179.980315365813
17 19 156.679121826207
12 14 169.562872411482
13 15 153.689689969886
3 20 168.55615731859
2 1 179.92512773612
2 8 108.367367400542
2 4 105.289093520779
20 0 179.915033746664
1 16 94.3021659871574
1 12 86.7500894936465
20 9 131.367787077163
20 5 131.754565280121
0 17 90.05155959794
0 13 86.3411666941466
8 10 161.605857863014
9 11 174.297081953453
9 24 166.134449615401
10 23 179.31058541697
4 6 160.875111653114
5 7 147.182221037733
5 22 107.072450800002
6 21 151.042613089386
16 18 179.85077887896
17 19 155.556861296651
12 14 169.526052796715
13 15 152.830238959036
3 20 168.55615731859
2 1 179.92512773612
2 8 108.367367400542
2 4 105.289093520779
20 0 179.915033746664
1 16 94.3021659871574
1 12 86.7500894936465
20 9 131.367787077163
20 5 131.754565280121
0 17 90.05155959794
0 13 86.3411666941466
8 10 161.605857863014
9 11 174.297081953453
9 24 166.134449615401
10 23 179.31058541697
4 6 160.875111653114
5 7 147.182221037733
5 22 107.072450800002
6 21 151.042613089386
16 18 179.85077887896
17 19 155.556861296651
12 14 169.526052796715
13 15 152.830238959036
3 20 168.48012641393
2 1 179.929299428514
2 8 108.357282288319
2 4 105.287034011287
20 0 179.910449238075
1 16 94.279993672365
1 12 86.7371409259953
20 9 130.915884547864
20 5 131.755909174374
0 17 89.9714183264288
0 13 86.4340930673969
8 10 162.096842163509
9 11 173.603333128723
9 24 148.756020535766
10 23 178.369779851975
4 6 160.849177088598
5 7 147.48147528683
5 22 104.170285054604
6 21 150.276259756737
16 18 179.658458391939
17 19 155.191933326662
12 14 169.750469388911
13 15 153.158289292493
3 20 168.48012641393
2 1 179.929299428514
2 8 108.357282288319
2 4 105.287034011287
20 0 179.910449238075
1 16 94.279993672365
1 12 86.7371409259953
20 9 130.915884547864
20 5 131.755909174374
0 17 89.9714183264288
0 13 86.4340930673969
8 10 162.096842163509
9 11 173.603333128723
9 24 148.756020535766
10 23 178.369779851975
4 6 160.849177088598
5 7 147.48147528683
5 22 104.170285054604
6 21 150.276259756737
16 18 179.658458391939
17 19 155.191933326662
12 14 169.750469388911
13 15 153.158289292493
3 20 168.48012641393
2 1 179.929299428514
2 8 108.357282288319
2 4 105.287034011287
20 0 179.910449238075
1 16 94.279993672365
1 12 86.7371409259953
20 9 130.915884547864
20 5 131.755909174374
0 17 89.9714183264288
0 13 86.4340930673969
8 10 162.096842163509
9 11 173.603333128723
9 24 148.756020535766
10 23 178.369779851975
4 6 160.849177088598
5 7 147.48147528683
5 22 104.170285054604
6 21 150.276259756737
16 18 179.658458391939
17 19 155.191933326662
12 14 169.750469388911
13 15 153.158289292493
3 20 168.408735474875
2 1 179.934358290425
2 8 108.091954277761
2 4 105.248656498626
20 0 179.90088249635
1 16 93.8452277784021
1 12 87.0717073936789
20 9 131.292358169764
20 5 131.695844030487
0 17 89.5456887778947
0 13 86.7479566355567
8 10 161.306504545002
9 11 175.073555355818
9 24 167.601330987335
10 23 178.977081415847
4 6 160.9124960869
5 7 146.814678812702
5 22 106.215024335987
6 21 149.326460420847
16 18 179.503153613989
17 19 155.906204984794
12 14 169.607918377384
13 15 152.268666140102
3 20 168.408735474875
2 1 179.934358290425
2 8 108.091954277761
2 4 105.248656498626
20 0 179.90088249635
1 16 93.8452277784021
1 12 87.0717073936789
20 9 131.292358169764
20 5 131.695844030487
0 17 89.5456887778947
0 13 86.7479566355567
8 10 161.306504545002
9 11 175.073555355818
9 24 167.601330987335
10 23 178.977081415847
4 6 160.9124960869
5 7 146.814678812702
5 22 106.215024335987
6 21 149.326460420847
16 18 179.503153613989
17 19 155.906204984794
12 14 169.607918377384
13 15 152.268666140102
3 20 168.753349691632
2 1 179.937673162107
2 8 107.942625131732
2 4 105.232842956094
20 0 179.89549633493
1 16 93.837191723307
1 12 87.0236839919022
20 9 131.162914416476
20 5 131.66246115303
0 17 89.6815085755131
0 13 86.7479632050669
8 10 161.283513090127
9 11 173.476437367529
9 24 158.892667130839
10 23 179.101184889456
4 6 160.917238183832
5 7 147.195237660513
5 22 107.318960474909
6 21 150.815174947966
16 18 179.620877105166
17 19 154.954576903462
12 14 169.53216440466
13 15 152.802818987436
3 20 168.753349691632
2 1 179.937673162107
2 8 107.942625131732
2 4 105.232842956094
20 0 179.89549633493
1 16 93.837191723307
1 12 87.0236839919022
20 9 131.162914416476
20 5 131.66246115303
0 17 89.6815085755131
0 13 86.7479632050669
8 10 161.283513090127
9 11 173.476437367529
9 24 158.892667130839
10 23 179.101184889456
4 6 160.917238183832
5 7 147.195237660513
5 22 107.318960474909
6 21 150.815174947966
16 18 179.620877105166
17 19 154.954576903462
12 14 169.53216440466
13 15 152.802818987436
3 20 168.674943911994
2 1 179.954358689279
2 8 107.908955606725
2 4 105.182777351525
20 0 179.939867738267
1 16 96.3455724481467
1 12 85.8041319126653
20 9 131.010775471916
20 5 131.605303375512
0 17 91.7219845397237
0 13 86.7494540543372
8 10 161.484316775838
9 11 172.77707272335
9 24 155.597975593699
10 23 177.211799263367
4 6 160.901398643937
5 7 146.519171770213
5 22 105.762258973058
6 21 150.913454419374
16 18 179.053015486111
17 19 154.16774696402
12 14 172.713664217446
13 15 156.697041405596
3 20 168.674943911994
2 1 179.954358689279
2 8 107.908955606725
2 4 105.182777351525
20 0 179.939867738267
1 16 96.3455724481467
1 12 85.8041319126653
20 9 131.010775471916
20 5 131.605303375512
0 17 91.7219845397237
0 13 86.7494540543372
8 10 161.484316775838
9 11 172.77707272335
9 24 155.597975593699
10 23 177.211799263367
4 6 160.901398643937
5 7 146.519171770213
5 22 105.762258973058
6 21 150.913454419374
16 18 179.053015486111
17 19 154.16774696402
12 14 172.713664217446
13 15 156.697041405596
3 20 168.6009964031
2 1 179.956412055559
2 8 107.950577147748
2 4 105.121010845977
20 0 179.944080948303
1 16 96.025184850512
1 12 85.5184028318202
20 9 130.391271294228
20 5 131.523163233018
0 17 91.352607710869
0 13 86.3433225599106
8 10 163.19072806811
9 11 170.605660121818
9 24 174.963728984649
10 23 176.279730977806
4 6 160.877524582174
5 7 144.907756293808
5 22 104.2350010734
6 21 148.543869181634
16 18 179.028955172278
17 19 154.173340656122
12 14 172.418290633407
13 15 156.606100892603
3 20 168.6009964031
2 1 179.956412055559
2 8 107.950577147748
2 4 105.121010845977
20 0 179.944080948303
1 16 96.025184850512
1 12 85.5184028318202
20 9 130.391271294228
20 5 131.523163233018
0 17 91.352607710869
0 13 86.3433225599106
8 10 163.19072806811
9 11 170.605660121818
9 24 174.963728984649
10 23 176.279730977806
4 6 160.877524582174
5 7 144.907756293808
5 22 104.2350010734
6 21 148.543869181634
16 18 179.028955172278
17 19 154.173340656122
12 14 172.418290633407
13 15 156.606100892603
3 20 168.854076014006
2 1 179.96563158981
2 8 107.894106841565
2 4 105.115576180682
20 0 179.952328403577
1 16 94.9001086593592
1 12 85.7312762636747
20 9 128.330510701293
20 5 131.497016218497
0 17 90.2493980547712
0 13 85.5684856894626
8 10 165.444628354299
9 11 156.596531381324
9 24 148.323380999066
10 23 163.679414994133
4 6 160.892501411055
5 7 146.08961331844
5 22 102.076931469009
6 21 148.679228545451
16 18 179.017526797152
17 19 153.955789601073
12 14 170.284063382976
13 15 155.244492188227
3 20 168.854076014006
2 1 179.96563158981
2 8 107.894106841565
2 4 105.115576180682
20 0 179.952328403577
1 16 94.9001086593592
1 12 85.7312762636747
20 9 128.330510701293
20 5 131.497016218497
0 17 90.2493980547712
0 13 85.5684856894626
8 10 165.444628354299
9 11 156.596531381324
9 24 148.323380999066
10 23 163.679414994133
4 6 160.892501411055
5 7 146.08961331844
5 22 102.076931469009
6 21 148.679228545451
16 18 179.017526797152
17 19 153.955789601073
12 14 170.284063382976
13 15 155.244492188227
3 20 168.854076014006
2 1 179.96563158981
2 8 107.894106841565
2 4 105.115576180682
20 0 179.952328403577
1 16 94.9001086593592
1 12 85.7312762636747
20 9 128.330510701293
20 5 131.497016218497
0 17 90.2493980547712
0 13 85.5684856894626
8 10 165.444628354299
9 11 156.596531381324
9 24 148.323380999066
10 23 163.679414994133
4 6 160.892501411055
5 7 146.08961331844
5 22 102.076931469009
6 21 148.679228545451
16 18 179.017526797152
17 19 153.955789601073
12 14 170.284063382976
13 15 155.244492188227
3 20 168.753269418468
2 1 179.96173855462
2 8 107.332443122897
2 4 105.109192287192
20 0 179.927861958765
1 16 95.1795602732425
1 12 85.5351742932226
20 9 125.119810367492
20 5 131.524312166823
0 17 90.5757500279377
0 13 85.3311663099431
8 10 170.691963284295
9 11 153.760794124599
9 24 166.08349954859
10 23 161.55624811862
4 6 161.022108777273
5 7 145.339081686675
5 22 104.066756051062
6 21 147.955519967059
16 18 178.789821137286
17 19 153.359740095689
12 14 170.17191208943
13 15 154.938932685605
3 20 168.753269418468
2 1 179.96173855462
2 8 107.332443122897
2 4 105.109192287192
20 0 179.927861958765
1 16 95.1795602732425
1 12 85.5351742932226
20 9 125.119810367492
20 5 131.524312166823
0 17 90.5757500279377
0 13 85.3311663099431
8 10 170.691963284295
9 11 153.760794124599
9 24 166.08349954859
10 23 161.55624811862
4 6 161.022108777273
5 7 145.339081686675
5 22 104.066756051062
6 21 147.955519967059
16 18 178.789821137286
17 19 153.359740095689
12 14 170.17191208943
13 15 154.938932685605
3 20 168.753269418468
2 1 179.96173855462
2 8 107.332443122897
2 4 105.109192287192
20 0 179.927861958765
1 16 95.1795602732425
1 12 85.5351742932226
20 9 125.119810367492
20 5 131.524312166823
0 17 90.5757500279377
0 13 85.3311663099431
8 10 170.691963284295
9 11 153.760794124599
9 24 166.08349954859
10 23 161.55624811862
4 6 161.022108777273
5 7 145.339081686675
5 22 104.066756051062
6 21 147.955519967059
16 18 178.789821137286
17 19 153.359740095689
12 14 170.17191208943
13 15 154.938932685605
3 20 168.833104322755
2 1 179.964588841877
2 8 107.323814109614
2 4 105.122995294093
20 0 179.871636359543
1 16 93.8890299242701
1 12 86.2966831966424
20 9 124.65616886661
20 5 130.962004558618
0 17 89.63910380043
0 13 86.0325141885356
8 10 170.214646825324
9 11 154.166400759791
9 24 175.16477990757
10 23 161.627208487267
4 6 162.605482920228
5 7 149.931778400063
5 22 110.173714523199
6 21 153.201474557017
16 18 179.134075242137
17 19 155.371174337271
12 14 170.139405405476
13 15 154.212764020633
3 20 168.833104322755
2 1 179.964588841877
2 8 107.323814109614
2 4 105.122995294093
20 0 179.871636359543
1 16 93.8890299242701
1 12 86.2966831966424
20 9 124.65616886661
20 5 130.962004558618
0 17 89.63910380043
0 13 86.0325141885356
8 10 170.214646825324
9 11 154.166400759791
9 24 175.16477990757
10 23 161.627208487267
4 6 162.605482920228
5 7 149.931778400063
5 22 110.173714523199
6 21 153.201474557017
16 18 179.134075242137
17 19 155.371174337271
12 14 170.139405405476
13 15 154.212764020633
3 20 168.807006115777
2 1 179.961685860327
2 8 107.254978550265
2 4 105.144135809019
20 0 179.868311309645
1 16 94.3450874338484
1 12 86.0851621985283
20 9 124.020143959342
20 5 131.240806414052
0 17 90.1607413085421
0 13 85.7600070830457
8 10 170.073241802506
9 11 161.829382563639
9 24 177.869953212192
10 23 172.136880999214
4 6 162.073122347366
5 7 146.936350442086
5 22 111.579962096463
6 21 149.063498486691
16 18 179.232638068178
17 19 155.969843602837
12 14 170.088964567385
13 15 152.98435605873
3 20 168.807006115777
2 1 179.961685860327
2 8 107.254978550265
2 4 105.144135809019
20 0 179.868311309645
1 16 94.3450874338484
1 12 86.0851621985283
20 9 124.020143959342
20 5 131.240806414052
0 17 90.1607413085421
0 13 85.7600070830457
8 10 170.073241802506
9 11 161.829382563639
9 24 177.869953212192
10 23 172.136880999214
4 6 162.073122347366
5 7 146.936350442086
5 22 111.579962096463
6 21 149.063498486691
16 18 179.232638068178
17 19 155.969843602837
12 14 170.088964567385
13 15 152.98435605873
3 20 168.823821093035
2 1 179.947969874038
2 8 106.787995610534
2 4 105.165108429673
20 0 179.850956408809
1 16 93.7881019697585
1 12 86.3671767110057
20 9 122.861558250558
20 5 131.327899645287
0 17 89.7707485545774
0 13 85.5288975617841
8 10 170.066179499523
9 11 161.845016047326
9 24 168.81925520991
10 23 169.993601378367
4 6 161.825248157084
5 7 145.214948599103
5 22 108.050584861549
6 21 146.969785963716
16 18 179.434390178106
17 19 156.024685666248
12 14 169.004782012466
13 15 152.357706060391
3 20 168.823821093035
2 1 179.947969874038
2 8 106.787995610534
2 4 105.165108429673
20 0 179.850956408809
1 16 93.7881019697585
1 12 86.3671767110057
20 9 122.861558250558
20 5 131.327899645287
0 17 89.7707485545774
0 13 85.5288975617841
8 10 170.066179499523
9 11 161.845016047326
9 24 168.81925520991
10 23 169.993601378367
4 6 161.825248157084
5 7 145.214948599103
5 22 108.050584861549
6 21 146.969785963716
16 18 179.434390178106
17 19 156.024685666248
12 14 169.004782012466
13 15 152.357706060391
3 20 169.066803665693
2 1 179.949349153945
2 8 105.944205257066
2 4 105.163351450616
20 0 179.853173854076
1 16 93.6279241334857
1 12 86.3179099084829
20 9 121.085840870009
20 5 131.326063862599
0 17 89.6293792936343
0 13 87.611985435097
8 10 170.608928963328
9 11 163.304371552171
9 24 159.34820768252
10 23 170.768697857239
4 6 161.763505453938
5 7 145.597540337188
5 22 104.73294266313
6 21 149.656315227699
16 18 179.462411837582
17 19 155.906654525018
12 14 173.45081251266
13 15 155.03855314503
3 20 169.183418982742
2 1 179.944534844708
2 8 105.891763534877
2 4 105.167715980957
20 0 179.844905522526
1 16 94.6928487795547
1 12 85.9928633819764
20 9 120.705509673295
20 5 131.315400224195
0 17 91.1752050313984
0 13 87.3648464780304
8 10 170.8035269312
9 11 164.167501996978
9 24 172.515700047131
10 23 172.108311679068
4 6 161.734322095346
5 7 143.381122692291
5 22 106.215959062592
6 21 146.47257946668
16 18 179.572456550818
17 19 156.775609847213
12 14 173.66827101094
13 15 154.906272606441
3 20 169.41756324247
2 1 179.944215893996
2 8 105.884677281545
2 4 105.171403405684
20 0 179.846120953269
1 16 95.5239919925398
1 12 85.6852315370112
20 9 120.31578659569
20 5 131.289036489748
0 17 91.8026419035514
0 13 83.5424011352707
8 10 171.66882990154
9 11 164.190708812521
9 24 166.65175570672
10 23 170.934684174617
4 6 161.670694347485
5 7 139.121290869637
5 22 105.785483583681
6 21 142.459770455689
16 18 179.975122281535
17 19 156.247876030855
12 14 166.133986672477
13 15 150.830023480356
3 20 169.41756324247
2 1 179.944215893996
2 8 105.884677281545
2 4 105.171403405684
20 0 179.846120953269
1 16 95.5239919925398
1 12 85.6852315370112
20 9 120.31578659569
20 5 131.289036489748
0 17 91.8026419035514
0 13 83.5424011352707
8 10 171.66882990154
9 11 164.190708812521
9 24 166.65175570672
10 23 170.934684174617
4 6 161.670694347485
5 7 139.121290869637
5 22 105.785483583681
6 21 142.459770455689
16 18 179.975122281535
17 19 156.247876030855
12 14 166.133986672477
13 15 150.830023480356
3 20 169.456540016651
2 1 179.946483303049
2 8 105.947166315461
2 4 105.164395894973
20 0 179.848195856521
1 16 95.7324571174783
1 12 85.3931864176932
20 9 120.37514588729
20 5 131.277182344465
0 17 91.9727646593934
0 13 85.5111914031632
8 10 171.379921882611
9 11 165.141485175074
9 24 169.714045895972
10 23 172.24547987713
4 6 161.552015239165
5 7 138.253146286334
5 22 100.87715506418
6 21 142.205577144095
16 18 179.952387690567
17 19 156.019342408135
12 14 171.028183755972
13 15 154.1827074568
3 20 169.456540016651
2 1 179.946483303049
2 8 105.947166315461
2 4 105.164395894973
20 0 179.848195856521
1 16 95.7324571174783
1 12 85.3931864176932
20 9 120.37514588729
20 5 131.277182344465
0 17 91.9727646593934
0 13 85.5111914031632
8 10 171.379921882611
9 11 165.141485175074
9 24 169.714045895972
10 23 172.24547987713
4 6 161.552015239165
5 7 138.253146286334
5 22 100.87715506418
6 21 142.205577144095
16 18 179.952387690567
17 19 156.019342408135
12 14 171.028183755972
13 15 154.1827074568
3 20 169.457540654767
2 1 179.938909366697
2 8 106.481229953918
2 4 105.149212441946
20 0 179.83966035213
1 16 95.9054802105334
1 12 85.1053184041403
20 9 121.29798982929
20 5 131.230769327136
0 17 92.1523609644034
0 13 85.4910070917889
8 10 170.818669695975
9 11 165.580421716009
9 24 168.370547894545
10 23 173.916300624534
4 6 161.48411410463
5 7 138.272318057698
5 22 104.974624787949
6 21 142.083940897688
16 18 179.781710512257
17 19 157.356219429976
12 14 171.706068600781
13 15 155.026973179322
3 20 169.457540654767
2 1 179.938909366697
2 8 106.481229953918
2 4 105.149212441946
20 0 179.83966035213
1 16 95.9054802105334
1 12 85.1053184041403
20 9 121.29798982929
20 5 131.230769327136
0 17 92.1523609644034
0 13 85.4910070917889
8 10 170.818669695975
9 11 165.580421716009
9 24 168.370547894545
10 23 173.916300624534
4 6 161.48411410463
5 7 138.272318057698
5 22 104.974624787949
6 21 142.083940897688
16 18 179.781710512257
17 19 157.356219429976
12 14 171.706068600781
13 15 155.026973179322
3 20 169.418601202098
2 1 179.937537200183
2 8 106.602563882115
2 4 105.152054394043
20 0 179.841963645154
1 16 96.0995145504431
1 12 84.9000767533829
20 9 121.396986634185
20 5 131.199526977547
0 17 92.1656166996594
0 13 83.9644115951858
8 10 170.726547086651
9 11 165.957190475278
9 24 168.565921799865
10 23 172.105277225115
4 6 161.421532941437
5 7 137.370767694222
5 22 103.592797840853
6 21 140.977387069673
16 18 179.810996676674
17 19 156.795026319415
12 14 168.92369373297
13 15 153.236690972565
3 20 169.418601202098
2 1 179.937537200183
2 8 106.602563882115
2 4 105.152054394043
20 0 179.841963645154
1 16 96.0995145504431
1 12 84.9000767533829
20 9 121.396986634185
20 5 131.199526977547
0 17 92.1656166996594
0 13 83.9644115951858
8 10 170.726547086651
9 11 165.957190475278
9 24 168.565921799865
10 23 172.105277225115
4 6 161.421532941437
5 7 137.370767694222
5 22 103.592797840853
6 21 140.977387069673
16 18 179.810996676674
17 19 156.795026319415
12 14 168.92369373297
13 15 153.236690972565
3 20 169.377240143116
2 1 179.944123129695
2 8 106.649208903934
2 4 105.176187171959
20 0 179.899479682346
1 16 96.3316574273348
1 12 84.5473420688877
20 9 121.327222669019
20 5 131.320114835558
0 17 92.1783761133753
0 13 84.4185770519846
8 10 170.687553097324
9 11 169.145487238952
9 24 137.290725568294
10 23 177.641572630562
4 6 161.141088353083
5 7 142.130896036527
5 22 103.512614472031
6 21 145.088647215677
16 18 179.627268810906
17 19 156.822273875916
12 14 170.340034472665
13 15 153.500656555683
3 20 169.377240143116
2 1 179.944123129695
2 8 106.649208903934
2 4 105.176187171959
20 0 179.899479682346
1 16 96.3316574273348
1 12 84.5473420688877
20 9 121.327222669019
20 5 131.320114835558
0 17 92.1783761133753
0 13 84.4185770519846
8 10 170.687553097324
9 11 169.145487238952
9 24 137.290725568294
10 23 177.641572630562
4 6 161.141088353083
5 7 142.130896036527
5 22 103.512614472031
6 21 145.088647215677
16 18 179.627268810906
17 19 156.822273875916
12 14 170.340034472665
13 15 153.500656555683
3 20 169.377240143116
2 1 179.944123129695
2 8 106.649208903934
2 4 105.176187171959
20 0 179.899479682346
1 16 96.3316574273348
1 12 84.5473420688877
20 9 121.327222669019
20 5 131.320114835558
0 17 92.1783761133753
0 13 84.4185770519846
8 10 170.687553097324
9 11 169.145487238952
9 24 137.290725568294
10 23 177.641572630562
4 6 161.141088353083
5 7 142.130896036527
5 22 103.512614472031
6 21 145.088647215677
16 18 179.627268810906
17 19 156.822273875916
12 14 170.340034472665
13 15 153.500656555683
3 20 169.252708837502
2 1 179.90678104529
2 8 106.627251148916
2 4 105.138197712314
20 0 179.972164033102
1 16 96.4518535404693
1 12 84.3385643593633
20 9 121.205326568133
20 5 131.37474422101
0 17 92.11699521175
0 13 84.5304841899875
8 10 170.736613871131
9 11 170.214889648349
9 24 147.016602467415
10 23 176.862538266454
4 6 161.063445551633
5 7 143.622059374554
5 22 101.04131801529
6 21 147.086253175594
16 18 179.524428792697
17 19 156.49400351733
12 14 170.731129951474
13 15 153.683263165081
3 20 169.252708837502
2 1 179.90678104529
2 8 106.627251148916
2 4 105.138197712314
20 0 179.972164033102
1 16 96.4518535404693
1 12 84.3385643593633
20 9 121.205326568133
20 5 131.37474422101
0 17 92.11699521175
0 13 84.5304841899875
8 10 170.736613871131
9 11 170.214889648349
9 24 147.016602467415
10 23 176.862538266454
4 6 161.063445551633
5 7 143.622059374554
5 22 101.04131801529
6 21 147.086253175594
16 18 179.524428792697
17 19 156.49400351733
12 14 170.731129951474
13 15 153.683263165081
3 20 169.252708837502
2 1 179.90678104529
2 8 106.627251148916
2 4 105.138197712314
20 0 179.972164033102
1 16 96.4518535404693
1 12 84.3385643593633
20 9 121.205326568133
20 5 131.37474422101
0 17 92.11699521175
0 13 84.5304841899875
8 10 170.736613871131
9 11 170.214889648349
9 24 147.016602467415
10 23 176.862538266454
4 6 161.063445551633
5 7 143.622059374554
5 22 101.04131801529
6 21 147.086253175594
16 18 179.524428792697
17 19 156.49400351733
12 14 170.731129951474
13 15 153.683263165081
3 20 169.33490744876
2 1 179.915345646386
2 8 106.857749627501
2 4 105.128498651342
20 0 179.98221268374
1 16 96.522415216723
1 12 84.2434609166823
20 9 121.4908227889
20 5 131.392261150301
0 17 92.1788433457926
0 13 84.9543333363758
8 10 170.753425785611
9 11 170.457133467881
9 24 131.014418564782
10 23 178.052011839962
4 6 161.016615176948
5 7 142.46126417423
5 22 102.382502863914
6 21 145.507607403067
16 18 179.538487428384
17 19 155.982390024223
12 14 171.814182791627
13 15 154.671875372341
3 20 169.467136173506
2 1 179.903972656599
2 8 106.851991554666
2 4 105.156911281034
20 0 179.942954422053
1 16 95.3108219992013
1 12 84.6786955995844
20 9 121.445431829109
20 5 131.428228415414
0 17 91.1888927467259
0 13 84.9632834089587
8 10 170.814464440039
9 11 171.027563100839
9 24 131.714297685535
10 23 178.879416170525
4 6 160.973557317474
5 7 141.915905987856
5 22 103.520845534713
6 21 144.916959975998
16 18 179.63676563859
17 19 155.99244843362
12 14 171.06511040093
13 15 154.452525588367
3 20 169.467136173506
2 1 179.903972656599
2 8 106.851991554666
2 4 105.156911281034
20 0 179.942954422053
1 16 95.3108219992013
1 12 84.6786955995844
20 9 121.445431829109
20 5 131.428228415414
0 17 91.1888927467259
0 13 84.9632834089587
8 10 170.814464440039
9 11 171.027563100839
9 24 131.714297685535
10 23 178.879416170525
4 6 160.973557317474
5 7 141.915905987856
5 22 103.520845534713
6 21 144.916959975998
16 18 179.63676563859
17 19 155.99244843362
12 14 171.06511040093
13 15 154.452525588367
3 20 169.397737799172
2 1 179.896757326019
2 8 106.787602507384
2 4 105.135585951275
20 0 179.93535930324
1 16 95.4302968146662
1 12 84.4694802386731
20 9 121.321037226502
20 5 131.445930030534
0 17 91.2754914754831
0 13 85.0170618273165
8 10 170.95841530861
9 11 170.878667804691
9 24 132.759206557351
10 23 177.461365482173
4 6 160.945828791966
5 7 143.087094094062
5 22 105.075080496854
6 21 146.484595456038
16 18 179.6516340217
17 19 155.871842234126
12 14 171.621950388179
13 15 154.87366143291
3 20 169.397737799172
2 1 179.896757326019
2 8 106.787602507384
2 4 105.135585951275
20 0 179.93535930324
1 16 95.4302968146662
1 12 84.4694802386731
20 9 121.321037226502
20 5 131.445930030534
0 17 91.2754914754831
0 13 85.0170618273165
8 10 170.95841530861
9 11 170.878667804691
9 24 132.759206557351
10 23 177.461365482173
4 6 160.945828791966
5 7 143.087094094062
5 22 105.075080496854
6 21 146.484595456038
16 18 179.6516340217
17 19 155.871842234126
12 14 171.621950388179
13 15 154.87366143291
3 20 169.290057699179
2 1 179.878725729271
2 8 106.730042864729
2 4 105.124064290524
20 0 179.966581409802
1 16 95.6849920800335
1 12 84.3235253012023
20 9 121.153663636299
20 5 131.505450697083
0 17 91.614945308692
0 13 84.5611467667677
8 10 171.116943056342
9 11 171.351516536438
9 24 131.278526278305
10 23 178.597545011502
4 6 160.843767757831
5 7 142.367133499447
5 22 101.530777089007
6 21 144.225312143347
16 18 179.664362080142
17 19 156.689737593418
12 14 170.791638578481
13 15 154.720656778504
3 20 169.290057699179
2 1 179.878725729271
2 8 106.730042864729
2 4 105.124064290524
20 0 179.966581409802
1 16 95.6849920800335
1 12 84.3235253012023
20 9 121.153663636299
20 5 131.505450697083
0 17 91.614945308692
0 13 84.5611467667677
8 10 171.116943056342
9 11 171.351516536438
9 24 131.278526278305
10 23 178.597545011502
4 6 160.843767757831
5 7 142.367133499447
5 22 101.530777089007
6 21 144.225312143347
16 18 179.664362080142
17 19 156.689737593418
12 14 170.791638578481
13 15 154.720656778504
3 20 169.28932904714
2 1 179.875814358441
2 8 106.736095189489
2 4 105.082669384615
20 0 179.987349814571
1 16 95.8016690886684
1 12 84.2296628301801
20 9 121.10070863938
20 5 131.484097422962
0 17 91.535630443274
0 13 85.2169166825946
8 10 171.016029926403
9 11 171.408426843566
9 24 143.484974682801
10 23 178.520287620309
4 6 160.796111603353
5 7 141.96527956497
5 22 102.011047496912
6 21 144.327690476007
16 18 179.778759195453
17 19 156.855781824432
12 14 172.277212093896
13 15 155.12570271827
3 20 169.207314242996
2 1 179.883921933018
2 8 106.724880844278
2 4 105.107688930669
20 0 179.997575851843
1 16 96.0443383118828
1 12 84.0990436429978
20 9 121.011765446708
20 5 131.509248305318
0 17 91.8155151604404
0 13 83.0413092613418
8 10 171.06552818311
9 11 171.326955108588
9 24 131.881720413846
10 23 178.747605716059
4 6 160.777947988444
5 7 141.842454943746
5 22 101.763608887868
6 21 144.114456663271
16 18 179.60729942077
17 19 157.54459424763
12 14 168.030263542627
13 15 152.893045300474
3 20 169.374750759314
2 1 179.885293731989
2 8 106.855434682976
2 4 105.082045260204
20 0 179.991683530966
1 16 96.1042846304363
1 12 84.041504890192
20 9 121.328795596347
20 5 131.493880293403
0 17 91.7265946379354
0 13 84.7819666136716
8 10 170.833442911098
9 11 171.496135192479
9 24 141.034650051722
10 23 179.536013615568
4 6 160.813510774719
5 7 141.584096433875
5 22 95.2790824772406
6 21 144.096096948992
16 18 179.967551193601
17 19 157.419862754788
12 14 171.593121989287
13 15 154.821546578743
3 20 169.374750759314
2 1 179.885293731989
2 8 106.855434682976
2 4 105.082045260204
20 0 179.991683530966
1 16 96.1042846304363
1 12 84.041504890192
20 9 121.328795596347
20 5 131.493880293403
0 17 91.7265946379354
0 13 84.7819666136716
8 10 170.833442911098
9 11 171.496135192479
9 24 141.034650051722
10 23 179.536013615568
4 6 160.813510774719
5 7 141.584096433875
5 22 95.2790824772406
6 21 144.096096948992
16 18 179.967551193601
17 19 157.419862754788
12 14 171.593121989287
13 15 154.821546578743
3 20 169.374750759314
2 1 179.885293731989
2 8 106.855434682976
2 4 105.082045260204
20 0 179.991683530966
1 16 96.1042846304363
1 12 84.041504890192
20 9 121.328795596347
20 5 131.493880293403
0 17 91.7265946379354
0 13 84.7819666136716
8 10 170.833442911098
9 11 171.496135192479
9 24 141.034650051722
10 23 179.536013615568
4 6 160.813510774719
5 7 141.584096433875
5 22 95.2790824772406
6 21 144.096096948992
16 18 179.967551193601
17 19 157.419862754788
12 14 171.593121989287
13 15 154.821546578743
3 20 169.374750759314
2 1 179.885293731989
2 8 106.855434682976
2 4 105.082045260204
20 0 179.991683530966
1 16 96.1042846304363
1 12 84.041504890192
20 9 121.328795596347
20 5 131.493880293403
0 17 91.7265946379354
0 13 84.7819666136716
8 10 170.833442911098
9 11 171.496135192479
9 24 141.034650051722
10 23 179.536013615568
4 6 160.813510774719
5 7 141.584096433875
5 22 95.2790824772406
6 21 144.096096948992
16 18 179.967551193601
17 19 157.419862754788
12 14 171.593121989287
13 15 154.821546578743
3 20 169.385669147252
2 1 179.891139777686
2 8 106.900119815983
2 4 105.041271572105
20 0 179.980492688396
1 16 96.1471215052339
1 12 83.9873582839763
20 9 121.333268658163
20 5 131.490036096749
0 17 91.7222620705357
0 13 83.7977318613702
8 10 170.896782235801
9 11 171.275301783331
9 24 134.337642454842
10 23 179.310097293218
4 6 160.749723713647
5 7 140.435829796565
5 22 100.967464073291
6 21 142.597487448489
16 18 179.921199603629
17 19 157.000740276159
12 14 169.69216663491
13 15 154.022783951284
3 20 169.385669147252
2 1 179.891139777686
2 8 106.900119815983
2 4 105.041271572105
20 0 179.980492688396
1 16 96.1471215052339
1 12 83.9873582839763
20 9 121.333268658163
20 5 131.490036096749
0 17 91.7222620705357
0 13 83.7977318613702
8 10 170.896782235801
9 11 171.275301783331
9 24 134.337642454842
10 23 179.310097293218
4 6 160.749723713647
5 7 140.435829796565
5 22 100.967464073291
6 21 142.597487448489
16 18 179.921199603629
17 19 157.000740276159
12 14 169.69216663491
13 15 154.022783951284
3 20 169.385669147252
2 1 179.891139777686
2 8 106.900119815983
2 4 105.041271572105
20 0 179.980492688396
1 16 96.1471215052339
1 12 83.9873582839763
20 9 121.333268658163
20 5 131.490036096749
0 17 91.7222620705357
0 13 83.7977318613702
8 10 170.896782235801
9 11 171.275301783331
9 24 134.337642454842
10 23 179.310097293218
4 6 160.749723713647
5 7 140.435829796565
5 22 100.967464073291
6 21 142.597487448489
16 18 179.921199603629
17 19 157.000740276159
12 14 169.69216663491
13 15 154.022783951284
3 20 169.319920808567
2 1 179.893974736734
2 8 106.966262236392
2 4 105.034861252273
20 0 179.972256398547
1 16 96.3342827575925
1 12 83.8705076359403
20 9 121.503948383839
20 5 131.524014480785
0 17 91.840025047524
0 13 83.9854052230835
8 10 170.76029284268
9 11 170.643424023467
9 24 145.102749393081
10 23 177.418137437459
4 6 160.687925473419
5 7 141.428981878327
5 22 98.5179272835629
6 21 144.259073751064
16 18 179.770632252372
17 19 155.328128326526
12 14 170.255954009539
13 15 154.37986746508
3 20 169.319920808567
2 1 179.893974736734
2 8 106.966262236392
2 4 105.034861252273
20 0 179.972256398547
1 16 96.3342827575925
1 12 83.8705076359403
20 9 121.503948383839
20 5 131.524014480785
0 17 91.840025047524
0 13 83.9854052230835
8 10 170.76029284268
9 11 170.643424023467
9 24 145.102749393081
10 23 177.418137437459
4 6 160.687925473419
5 7 141.428981878327
5 22 98.5179272835629
6 21 144.259073751064
16 18 179.770632252372
17 19 155.328128326526
12 14 170.255954009539
13 15 154.37986746508
3 20 169.282216885356
2 1 179.897952494931
2 8 106.972708747967
2 4 105.061270561359
20 0 179.958671664695
1 16 95.2857877453593
1 12 84.4416542828209
20 9 121.500974625533
20 5 131.519562371839
0 17 90.726987980248
0 13 84.9032208453296
8 10 170.73825697277
9 11 167.78607521217
9 24 168.70089938695
10 23 175.330505329264
4 6 160.681529683443
5 7 141.988635927773
5 22 100.665381252469
6 21 144.810278302868
16 18 179.691827914339
17 19 156.037112690289
12 14 171.174187455231
13 15 156.383938488073
3 20 169.282216885356
2 1 179.897952494931
2 8 106.972708747967
2 4 105.061270561359
20 0 179.958671664695
1 16 95.2857877453593
1 12 84.4416542828209
20 9 121.500974625533
20 5 131.519562371839
0 17 90.726987980248
0 13 84.9032208453296
8 10 170.73825697277
9 11 167.78607521217
9 24 168.70089938695
10 23 175.330505329264
4 6 160.681529683443
5 7 141.988635927773
5 22 100.665381252469
6 21 144.810278302868
16 18 179.691827914339
17 19 156.037112690289
12 14 171.174187455231
13 15 156.383938488073
3 20 169.282216885356
2 1 179.897952494931
2 8 106.972708747967
2 4 105.061270561359
20 0 179.958671664695
1 16 95.2857877453593
1 12 84.4416542828209
20 9 121.500974625533
20 5 131.519562371839
0 17 90.726987980248
0 13 84.9032208453296
8 10 170.73825697277
9 11 167.78607521217
9 24 168.70089938695
10 23 175.330505329264
4 6 160.681529683443
5 7 141.988635927773
5 22 100.665381252469
6 21 144.810278302868
16 18 179.691827914339
17 19 156.037112690289
12 14 171.174187455231
13 15 156.383938488073
3 20 169.191438055043
2 1 179.886325657696
2 8 107.030573417435
2 4 105.112481177054
20 0 179.917202192296
1 16 94.7215611071891
1 12 84.8350365934779
20 9 121.579921148118
20 5 131.497418842098
0 17 90.1353705207379
0 13 85.3267771713377
8 10 170.752567826274
9 11 164.714190710606
9 24 163.389163523963
10 23 172.008292646542
4 6 160.689234912564
5 7 138.951215036973
5 22 100.07462611337
6 21 140.978857926011
16 18 179.072495062738
17 19 155.020597557143
12 14 171.569521874964
13 15 156.88026492053
3 20 169.191438055043
2 1 179.886325657696
2 8 107.030573417435
2 4 105.112481177054
20 0 179.917202192296
1 16 94.7215611071891
1 12 84.8350365934779
20 9 121.579921148118
20 5 131.497418842098
0 17 90.1353705207379
0 13 85.3267771713377
8 10 170.752567826274
9 11 164.714190710606
9 24 163.389163523963
10 23 172.008292646542
4 6 160.689234912564
5 7 138.951215036973
5 22 100.07462611337
6 21 140.978857926011
16 18 179.072495062738
17 19 155.020597557143
12 14 171.569521874964
13 15 156.88026492053
3 20 169.108528278595
2 1 179.890111671048
2 8 107.082330551895
2 4 105.090708864371
20 0 179.913432506468
1 16 94.4084884098044
1 12 85.1413400107532
20 9 121.595251123053
20 5 131.464955751726
0 17 90.030083963228
0 13 85.4326602737222
8 10 170.514151355188
9 11 165.574879926701
9 24 163.253694942971
10 23 172.376514499808
4 6 160.749725279165
5 7 138.935334226503
5 22 99.3230924147418
6 21 139.819374466161
16 18 179.367603999286
17 19 155.014190495236
12 14 171.010606422788
13 15 156.372483735848
3 20 169.108528278595
2 1 179.890111671048
2 8 107.082330551895
2 4 105.090708864371
20 0 179.913432506468
1 16 94.4084884098044
1 12 85.1413400107532
20 9 121.595251123053
20 5 131.464955751726
0 17 90.030083963228
0 13 85.4326602737222
8 10 170.514151355188
9 11 165.574879926701
9 24 163.253694942971
10 23 172.376514499808
4 6 160.749725279165
5 7 138.935334226503
5 22 99.3230924147418
6 21 139.819374466161
16 18 179.367603999286
17 19 155.014190495236
12 14 171.010606422788
13 15 156.372483735848
3 20 168.952689506347
2 1 179.893028735648
2 8 106.990090196595
2 4 105.143670838755
20 0 179.910636505977
1 16 94.2342744417088
1 12 85.3215530684021
20 9 121.44004014407
20 5 131.532047404577
0 17 89.9386235055651
0 13 85.2314906282205
8 10 170.167955170013
9 11 163.311665266984
9 24 170.961530881275
10 23 168.903811845012
4 6 160.706067066846
5 7 137.852790098663
5 22 98.4888319349509
6 21 139.228391323558
16 18 179.467928962812
17 19 155.088516962571
12 14 170.321535335516
13 15 157.08888938361
3 20 168.952689506347
2 1 179.893028735648
2 8 106.990090196595
2 4 105.143670838755
20 0 179.910636505977
1 16 94.2342744417088
1 12 85.3215530684021
20 9 121.44004014407
20 5 131.532047404577
0 17 89.9386235055651
0 13 85.2314906282205
8 10 170.167955170013
9 11 163.311665266984
9 24 170.961530881275
10 23 168.903811845012
4 6 160.706067066846
5 7 137.852790098663
5 22 98.4888319349509
6 21 139.228391323558
16 18 179.467928962812
17 19 155.088516962571
12 14 170.321535335516
13 15 157.08888938361
3 20 168.790768902865
2 1 179.902414387071
2 8 107.053807409534
2 4 105.149009942668
20 0 179.919211308603
1 16 93.8454219787951
1 12 85.5952645771898
20 9 121.49992386603
20 5 131.542057825649
0 17 89.4967027078156
0 13 85.3463084681995
8 10 169.568269061511
9 11 158.329256823523
9 24 177.041532431264
10 23 163.765811561564
4 6 160.769315734468
5 7 137.417183861754
5 22 97.6596254988939
6 21 139.299018216845
16 18 179.445904460495
17 19 155.13248529102
12 14 169.921079523811
13 15 156.390845936657
3 20 168.790768902865
2 1 179.902414387071
2 8 107.053807409534
2 4 105.149009942668
20 0 179.919211308603
1 16 93.8454219787951
1 12 85.5952645771898
20 9 121.49992386603
20 5 131.542057825649
0 17 89.4967027078156
0 13 85.3463084681995
8 10 169.568269061511
9 11 158.329256823523
9 24 177.041532431264
10 23 163.765811561564
4 6 160.769315734468
5 7 137.417183861754
5 22 97.6596254988939
6 21 139.299018216845
16 18 179.445904460495
17 19 155.13248529102
12 14 169.921079523811
13 15 156.390845936657
3 20 168.790768902865
2 1 179.902414387071
2 8 107.053807409534
2 4 105.149009942668
20 0 179.919211308603
1 16 93.8454219787951
1 12 85.5952645771898
20 9 121.49992386603
20 5 131.542057825649
0 17 89.4967027078156
0 13 85.3463084681995
8 10 169.568269061511
9 11 158.329256823523
9 24 177.041532431264
10 23 163.765811561564
4 6 160.769315734468
5 7 137.417183861754
5 22 97.6596254988939
6 21 139.299018216845
16 18 179.445904460495
17 19 155.13248529102
12 14 169.921079523811
13 15 156.390845936657
3 20 168.608731077791
2 1 179.964621314753
2 8 107.096179533047
2 4 105.123743642256
20 0 179.922409872141
1 16 93.3971678646942
1 12 85.8909134646127
20 9 121.461145754433
20 5 131.514792836102
0 17 88.5336874954378
0 13 85.8649711017434
8 10 168.937872597195
9 11 151.975749305304
9 24 97.1565863648533
10 23 157.334251118926
4 6 160.826533504138
5 7 137.477491016497
5 22 98.8731335438135
6 21 139.872616970331
16 18 179.339937516154
17 19 155.502323761365
12 14 169.472115465508
13 15 156.068073422815
3 20 168.551629197417
2 1 179.969361911582
2 8 107.133689041335
2 4 105.156736397302
20 0 179.932024296712
1 16 92.7277395155034
1 12 86.4339225912384
20 9 121.491858589827
20 5 131.559292343778
0 17 87.9174445325761
0 13 87.6263795059549
8 10 168.564376925611
9 11 151.081857214578
9 24 99.0660330493728
10 23 151.859267828828
4 6 160.694740347971
5 7 138.932452214146
5 22 98.5437185142803
6 21 141.330552240115
16 18 179.460732080759
17 19 156.201663435141
12 14 172.041133496378
13 15 157.297043219196
3 20 168.551629197417
2 1 179.969361911582
2 8 107.133689041335
2 4 105.156736397302
20 0 179.932024296712
1 16 92.7277395155034
1 12 86.4339225912384
20 9 121.491858589827
20 5 131.559292343778
0 17 87.9174445325761
0 13 87.6263795059549
8 10 168.564376925611
9 11 151.081857214578
9 24 99.0660330493728
10 23 151.859267828828
4 6 160.694740347971
5 7 138.932452214146
5 22 98.5437185142803
6 21 141.330552240115
16 18 179.460732080759
17 19 156.201663435141
12 14 172.041133496378
13 15 157.297043219196
3 20 168.551629197417
2 1 179.969361911582
2 8 107.133689041335
2 4 105.156736397302
20 0 179.932024296712
1 16 92.7277395155034
1 12 86.4339225912384
20 9 121.491858589827
20 5 131.559292343778
0 17 87.9174445325761
0 13 87.6263795059549
8 10 168.564376925611
9 11 151.081857214578
9 24 99.0660330493728
10 23 151.859267828828
4 6 160.694740347971
5 7 138.932452214146
5 22 98.5437185142803
6 21 141.330552240115
16 18 179.460732080759
17 19 156.201663435141
12 14 172.041133496378
13 15 157.297043219196
3 20 168.446083497709
2 1 179.986566256731
2 8 107.029417268959
2 4 105.153685874807
20 0 179.926323142059
1 16 92.6525243241588
1 12 86.5299722697386
20 9 121.284174108171
20 5 131.512923550794
0 17 87.8590732261044
0 13 86.3878443915508
8 10 168.035320508133
9 11 144.608361714109
9 24 100.238815750412
10 23 141.316511379902
4 6 160.782491536958
5 7 138.48002719389
5 22 99.2723962865343
6 21 140.54698377524
16 18 179.858783641502
17 19 158.549197917458
12 14 169.014276235424
13 15 154.908534150836
3 20 168.289135079286
2 1 179.98042712287
2 8 107.013247680914
2 4 105.124235379588
20 0 179.883907055917
1 16 92.3959554345754
1 12 86.649552126908
20 9 121.080120699981
20 5 131.505096421007
0 17 87.5322082807792
0 13 87.6565078459006
8 10 167.92912279261
9 11 145.433743353629
9 24 101.578947971994
10 23 142.659987392893
4 6 160.479732388304
5 7 141.284958143846
5 22 99.1466083711381
6 21 144.864100835391
16 18 179.838390444723
17 19 159.669984861121
12 14 171.238982350585
13 15 155.076266812675
3 20 168.289135079286
2 1 179.98042712287
2 8 107.013247680914
2 4 105.124235379588
20 0 179.883907055917
1 16 92.3959554345754
1 12 86.649552126908
20 9 121.080120699981
20 5 131.505096421007
0 17 87.5322082807792
0 13 87.6565078459006
8 10 167.92912279261
9 11 145.433743353629
9 24 101.578947971994
10 23 142.659987392893
4 6 160.479732388304
5 7 141.284958143846
5 22 99.1466083711381
6 21 144.864100835391
16 18 179.838390444723
17 19 159.669984861121
12 14 171.238982350585
13 15 155.076266812675
3 20 168.289135079286
2 1 179.98042712287
2 8 107.013247680914
2 4 105.124235379588
20 0 179.883907055917
1 16 92.3959554345754
1 12 86.649552126908
20 9 121.080120699981
20 5 131.505096421007
0 17 87.5322082807792
0 13 87.6565078459006
8 10 167.92912279261
9 11 145.433743353629
9 24 101.578947971994
10 23 142.659987392893
4 6 160.479732388304
5 7 141.284958143846
5 22 99.1466083711381
6 21 144.864100835391
16 18 179.838390444723
17 19 159.669984861121
12 14 171.238982350585
13 15 155.076266812675
3 20 168.209153556009
2 1 179.981934760376
2 8 107.046491179798
2 4 105.116845042553
20 0 179.858398705167
1 16 92.4391578109704
1 12 86.7059096966609
20 9 121.049965796326
20 5 131.471400749176
0 17 87.4367821271326
0 13 87.7501264736174
8 10 167.578161101034
9 11 137.835596143092
9 24 105.122630220966
10 23 129.42307833108
4 6 160.50087110749
5 7 140.149826579844
5 22 104.544933475726
6 21 142.599285971064
16 18 179.956981100153
17 19 158.506666554346
12 14 171.011363126083
13 15 154.868250060977
3 20 168.159845353588
2 1 179.964669913814
2 8 107.033383523359
2 4 105.153146309184
20 0 179.859622007032
1 16 92.5946553448693
1 12 86.6268940626892
20 9 120.973562223056
20 5 131.492029443967
0 17 87.7270325638434
0 13 87.5631877044922
8 10 167.325622458078
9 11 127.560599067028
9 24 97.3840725405898
10 23 122.31325678964
4 6 160.493853306925
5 7 140.791064252693
5 22 102.122417541948
6 21 143.932694294327
16 18 179.652109237076
17 19 158.356895793065
12 14 170.625260910141
13 15 154.151889130652
3 20 168.129313294822
2 1 179.962667366157
2 8 107.109103805058
2 4 105.135627063869
20 0 179.883784716081
1 16 92.6511624040851
1 12 86.6276790473603
20 9 120.973874646725
20 5 131.498547147906
0 17 87.9794159498895
0 13 87.8153158909902
8 10 166.918146464569
9 11 121.847718275051
9 24 119.856028288171
10 23 114.832892843855
4 6 160.370850427885
5 7 142.433743470238
5 22 104.925400982263
6 21 146.067161634875
16 18 179.408934174411
17 19 158.266699792788
12 14 171.072701749592
13 15 154.179305678581
3 20 168.066256789156
2 1 179.896707234171
2 8 107.11515471026
2 4 105.070925763913
20 0 179.844576486593
1 16 92.8066052998367
1 12 86.6035889772967
20 9 120.884054021887
20 5 131.464241719798
0 17 87.8015936724077
0 13 88.0223941801798
8 10 166.494220092868
9 11 116.79653552192
9 24 101.209361063391
10 23 108.97751441329
4 6 160.360578089609
5 7 140.237440059131
5 22 101.881486235578
6 21 141.77747210354
16 18 179.681197784509
17 19 157.889899915512
12 14 171.072521499673
13 15 155.389840708657
3 20 168.066256789156
2 1 179.896707234171
2 8 107.11515471026
2 4 105.070925763913
20 0 179.844576486593
1 16 92.8066052998367
1 12 86.6035889772967
20 9 120.884054021887
20 5 131.464241719798
0 17 87.8015936724077
0 13 88.0223941801798
8 10 166.494220092868
9 11 116.79653552192
9 24 101.209361063391
10 23 108.97751441329
4 6 160.360578089609
5 7 140.237440059131
5 22 101.881486235578
6 21 141.77747210354
16 18 179.681197784509
17 19 157.889899915512
12 14 171.072521499673
13 15 155.389840708657
3 20 167.779293020193
2 1 179.843187633037
2 8 107.077247592606
2 4 104.959432102142
20 0 179.828501336835
1 16 92.9548983012513
1 12 86.5672404842531
20 9 120.961754773033
20 5 131.397749103649
0 17 87.4805755780966
0 13 89.6503551544595
8 10 164.114984895299
9 11 119.725728783993
9 24 104.027404510991
10 23 114.575730241873
4 6 160.373444217291
5 7 143.129321596889
5 22 103.761205712344
6 21 145.804659376812
16 18 179.715302854834
17 19 157.286529138588
12 14 174.013958240531
13 15 156.901910763484
3 20 167.778494935032
2 1 179.836215313945
2 8 107.255846464669
2 4 104.821446704974
20 0 179.86588833846
1 16 93.1688451432627
1 12 86.4344233242512
20 9 120.837465812071
20 5 131.374068866096
0 17 87.3439468055172
0 13 90.2426502016884
8 10 163.873453952555
9 11 113.807523509703
9 24 98.3725651903369
10 23 108.337877483466
4 6 160.447280401893
5 7 143.21929243588
5 22 108.072561660233
6 21 145.415691583476
16 18 179.367903386952
17 19 157.129429471117
12 14 175.0956206971
13 15 157.377855263419
3 20 167.778494935032
2 1 179.836215313945
2 8 107.255846464669
2 4 104.821446704974
20 0 179.86588833846
1 16 93.1688451432627
1 12 86.4344233242512
20 9 120.837465812071
20 5 131.374068866096
0 17 87.3439468055172
0 13 90.2426502016884
8 10 163.873453952555
9 11 113.807523509703
9 24 98.3725651903369
10 23 108.337877483466
4 6 160.447280401893
5 7 143.21929243588
5 22 108.072561660233
6 21 145.415691583476
16 18 179.367903386952
17 19 157.129429471117
12 14 175.0956206971
13 15 157.377855263419
3 20 168.042109653584
2 1 179.845860506856
2 8 107.331457158379
2 4 104.751921522443
20 0 179.889898816995
1 16 92.9847456224604
1 12 86.554693010873
20 9 120.91904458901
20 5 131.321512771784
0 17 86.9601147043332
0 13 90.4896853101936
8 10 163.37768816755
9 11 114.708811369567
9 24 84.5064128354697
10 23 118.906959029955
4 6 160.524782228668
5 7 143.98188678997
5 22 109.210402270941
6 21 147.165594272403
16 18 178.996177694558
17 19 156.039941645595
12 14 175.315484625439
13 15 158.227727926137
3 20 168.042109653584
2 1 179.845860506856
2 8 107.331457158379
2 4 104.751921522443
20 0 179.889898816995
1 16 92.9847456224604
1 12 86.554693010873
20 9 120.91904458901
20 5 131.321512771784
0 17 86.9601147043332
0 13 90.4896853101936
8 10 163.37768816755
9 11 114.708811369567
9 24 84.5064128354697
10 23 118.906959029955
4 6 160.524782228668
5 7 143.98188678997
5 22 109.210402270941
6 21 147.165594272403
16 18 178.996177694558
17 19 156.039941645595
12 14 175.315484625439
13 15 158.227727926137
3 20 167.937241061652
2 1 179.845034615223
2 8 107.338371383554
2 4 104.692281479524
20 0 179.898048919723
1 16 94.6775829728495
1 12 86.0997083228539
20 9 120.801761792548
20 5 131.292350638516
0 17 87.7652994409859
0 13 88.6553027316463
8 10 159.247662967707
9 11 135.350347560554
9 24 108.596359468201
10 23 124.47471999995
4 6 160.587075686432
5 7 144.79936856213
5 22 104.925181647839
6 21 147.527529806641
16 18 177.094693766058
17 19 154.592132801375
12 14 172.183196715204
13 15 156.311258361369
3 20 167.937241061652
2 1 179.845034615223
2 8 107.338371383554
2 4 104.692281479524
20 0 179.898048919723
1 16 94.6775829728495
1 12 86.0997083228539
20 9 120.801761792548
20 5 131.292350638516
0 17 87.7652994409859
0 13 88.6553027316463
8 10 159.247662967707
9 11 135.350347560554
9 24 108.596359468201
10 23 124.47471999995
4 6 160.587075686432
5 7 144.79936856213
5 22 104.925181647839
6 21 147.527529806641
16 18 177.094693766058
17 19 154.592132801375
12 14 172.183196715204
13 15 156.311258361369
3 20 167.629623894271
2 1 179.837096163273
2 8 107.358911242473
2 4 104.671391381825
20 0 179.908828438539
1 16 94.4716756695692
1 12 86.167164836379
20 9 120.753723891355
20 5 131.267944232228
0 17 87.4891132053398
0 13 88.3058801085197
8 10 155.807178493751
9 11 -1
9 24 107.877656599161
10 23 -1
4 6 160.64650346615
5 7 142.547596892067
5 22 104.884566685364
6 21 145.327798843141
16 18 177.019002966279
17 19 154.57101239534
12 14 171.300970328346
13 15 155.73906984709
3 20 167.645047900474
2 1 179.866342810891
2 8 107.58530008207
2 4 104.657026107707
20 0 179.913189862156
1 16 94.4056912853301
1 12 86.1966797895495
20 9 121.015949037188
20 5 131.246955724698
0 17 87.9884217563246
0 13 88.2876755559574
8 10 156.014164768732
9 11 -1
9 24 120.709212109636
10 23 -1
4 6 160.455909031663
5 7 143.82827735704
5 22 106.189192127803
6 21 145.163616020359
16 18 178.169630829478
17 19 155.98191914226
12 14 171.27356816777
13 15 154.867464031052
3 20 167.645047900474
2 1 179.866342810891
2 8 107.58530008207
2 4 104.657026107707
20 0 179.913189862156
1 16 94.4056912853301
1 12 86.1966797895495
20 9 121.015949037188
20 5 131.246955724698
0 17 87.9884217563246
0 13 88.2876755559574
8 10 156.014164768732
9 11 -1
9 24 120.709212109636
10 23 -1
4 6 160.455909031663
5 7 143.82827735704
5 22 106.189192127803
6 21 145.163616020359
16 18 178.169630829478
17 19 155.98191914226
12 14 171.27356816777
13 15 154.867464031052
3 20 167.804268205913
2 1 179.885786617467
2 8 107.827630383541
2 4 104.609408401623
20 0 179.928467775779
1 16 94.3790450503739
1 12 86.1575035965522
20 9 121.416985809321
20 5 131.223628814362
0 17 87.8840829434514
0 13 87.6819629602013
8 10 155.860233908562
9 11 -1
9 24 111.604525433875
10 23 -1
4 6 160.453177091962
5 7 135.016547697779
5 22 99.7249922714617
6 21 134.356376132658
16 18 177.96706524268
17 19 155.96808079838
12 14 169.963982160949
13 15 153.407599078952
3 20 -1
2 1 -1
2 8 -1
2 4 -1
20 0 -1
1 16 -1
1 12 -1
20 9 -1
20 5 -1
0 17 -1
0 13 -1
8 10 -1
9 11 -1
9 24 -1
10 23 -1
4 6 -1
5 7 -1
5 22 -1
6 21 -1
16 18 -1
17 19 -1
12 14 -1
13 15 -1
3 20 167.808369308911
2 1 179.856958668158
2 8 108.136711440385
2 4 104.497807683799
20 0 179.905137676518
1 16 95.5553589164187
1 12 85.3536482520997
20 9 121.627941360769
20 5 131.160146383097
0 17 88.5890975684373
0 13 86.9736109391995
8 10 155.966310595339
9 11 -1
9 24 123.257374635245
10 23 -1
4 6 160.639464647946
5 7 146.178053316339
5 22 100.800120388429
6 21 149.963746057719
16 18 177.563289498237
17 19 157.126713089503
12 14 169.743146048419
13 15 152.068321736769
3 20 167.908959955823
2 1 179.85436825982
2 8 108.246101384711
2 4 104.449639815988
20 0 179.939793683756
1 16 95.2197711636537
1 12 85.6084593746641
20 9 122.454865029589
20 5 131.088210070971
0 17 88.1457740496156
0 13 87.1547343892728
8 10 155.176758788249
9 11 -1
9 24 124.389498153217
10 23 -1
4 6 160.785548434609
5 7 145.454446194848
5 22 103.490815677329
6 21 149.045370707987
16 18 177.264923444959
17 19 156.865188646921
12 14 169.568819430599
13 15 151.966108739764
3 20 167.901869344165
2 1 179.870422181509
2 8 108.378001453303
2 4 104.423297716658
20 0 179.955237791569
1 16 94.4572196340529
1 12 85.8066473929722
20 9 122.623457316583
20 5 131.100271502939
0 17 87.3347557332989
0 13 86.7036547214488
8 10 156.437933429214
9 11 -1
9 24 110.669057100579
10 23 -1
4 6 160.865541124263
5 7 144.760047471734
5 22 103.193369463501
6 21 147.854302910007
16 18 177.211017750094
17 19 156.070068970173
12 14 168.162441831635
13 15 151.392765090569
3 20 167.901869344165
2 1 179.870422181509
2 8 108.378001453303
2 4 104.423297716658
20 0 179.955237791569
1 16 94.4572196340529
1 12 85.8066473929722
20 9 122.623457316583
20 5 131.100271502939
0 17 87.3347557332989
0 13 86.7036547214488
8 10 156.437933429214
9 11 -1
9 24 110.669057100579
10 23 -1
4 6 160.865541124263
5 7 144.760047471734
5 22 103.193369463501
6 21 147.854302910007
16 18 177.211017750094
17 19 156.070068970173
12 14 168.162441831635
13 15 151.392765090569
3 20 167.919976445005
2 1 179.87641876569
2 8 108.427352039858
2 4 104.357990718259
20 0 179.971195198155
1 16 94.0862581064427
1 12 86.8193283199709
20 9 122.849413365311
20 5 131.071446691191
0 17 86.9267914339201
0 13 87.9526535242021
8 10 154.66996977971
9 11 -1
9 24 120.914190389816
10 23 -1
4 6 160.880845994686
5 7 145.977335549625
5 22 106.912161090106
6 21 148.599846759729
16 18 177.203482567937
17 19 156.214408705764
12 14 168.428238729535
13 15 151.113965799219
3 20 167.772109934907
2 1 179.877946953688
2 8 108.501266278551
2 4 104.384037447315
20 0 179.985741085094
1 16 93.9921243122935
1 12 86.7732450420692
20 9 123.070328708863
20 5 131.113959336819
0 17 86.835241484029
0 13 88.2457143610198
8 10 154.665293159251
9 11 -1
9 24 123.467205511391
10 23 -1
4 6 160.844957381815
5 7 146.286903808386
5 22 104.014210556857
6 21 149.74904665378
16 18 177.024042300289
17 19 156.07079759996
12 14 169.08824031884
13 15 153.493281533829
3 20 167.772109934907
2 1 179.877946953688
2 8 108.501266278551
2 4 104.384037447315
20 0 179.985741085094
1 16 93.9921243122935
1 12 86.7732450420692
20 9 123.070328708863
20 5 131.113959336819
0 17 86.835241484029
0 13 88.2457143610198
8 10 154.665293159251
9 11 -1
9 24 123.467205511391
10 23 -1
4 6 160.844957381815
5 7 146.286903808386
5 22 104.014210556857
6 21 149.74904665378
16 18 177.024042300289
17 19 156.07079759996
12 14 169.08824031884
13 15 153.493281533829
3 20 167.772109934907
2 1 179.877946953688
2 8 108.501266278551
2 4 104.384037447315
20 0 179.985741085094
1 16 93.9921243122935
1 12 86.7732450420692
20 9 123.070328708863
20 5 131.113959336819
0 17 86.835241484029
0 13 88.2457143610198
8 10 154.665293159251
9 11 -1
9 24 123.467205511391
10 23 -1
4 6 160.844957381815
5 7 146.286903808386
5 22 104.014210556857
6 21 149.74904665378
16 18 177.024042300289
17 19 156.07079759996
12 14 169.08824031884
13 15 153.493281533829
3 20 167.862625147541
2 1 179.891337896601
2 8 108.749519776172
2 4 104.367577742694
20 0 179.984812183151
1 16 93.5736755080126
1 12 86.7833909913725
20 9 123.766195280942
20 5 131.176087014935
0 17 86.3299045609717
0 13 88.7876459652965
8 10 154.167425394549
9 11 -1
9 24 109.794998882768
10 23 -1
4 6 160.898119254528
5 7 145.757009063797
5 22 105.406156417731
6 21 149.589737355361
16 18 176.735917004578
17 19 154.211011567759
12 14 170.276547175821
13 15 153.324857381365
3 20 167.862625147541
2 1 179.891337896601
2 8 108.749519776172
2 4 104.367577742694
20 0 179.984812183151
1 16 93.5736755080126
1 12 86.7833909913725
20 9 123.766195280942
20 5 131.176087014935
0 17 86.3299045609717
0 13 88.7876459652965
8 10 154.167425394549
9 11 -1
9 24 109.794998882768
10 23 -1
4 6 160.898119254528
5 7 145.757009063797
5 22 105.406156417731
6 21 149.589737355361
16 18 176.735917004578
17 19 154.211011567759
12 14 170.276547175821
13 15 153.324857381365
3 20 168.178856749891
2 1 179.827165892495
2 8 108.82723319118
2 4 104.38003014913
20 0 179.963690986121
1 16 94.5450560876389
1 12 85.5101193873656
20 9 132.333350524029
20 5 131.210077573819
0 17 87.0477004857298
0 13 87.5115737887778
8 10 140.867885535817
9 11 -1
9 24 132.784938904491
10 23 -1
4 6 160.997675089927
5 7 145.949105841828
5 22 102.382814310459
6 21 149.073007225597
16 18 176.52738558612
17 19 153.994175453903
12 14 169.703084976228
13 15 152.666246180511
3 20 168.220068462201
2 1 179.834379133279
2 8 108.827504098572
2 4 104.388766073961
20 0 179.967484098721
1 16 94.6452272625809
1 12 85.4766661625297
20 9 123.592798209106
20 5 131.222950159982
0 17 87.1674510852473
0 13 87.5489496956873
8 10 153.880513281815
9 11 -1
9 24 118.268529543235
10 23 -1
4 6 161.068774929053
5 7 148.456186639369
5 22 104.432476482112
6 21 152.946141971512
16 18 176.526175995771
17 19 154.158071630875
12 14 169.987748418088
13 15 152.930954976154
3 20 168.150285731688
2 1 179.827755893432
2 8 108.835960681015
2 4 104.360451826849
20 0 179.991870538861
1 16 94.5007141497938
1 12 85.6675394190662
20 9 123.652557114824
20 5 131.211801441859
0 17 86.9186415739108
0 13 87.5657119540742
8 10 153.800828646309
9 11 -1
9 24 114.248052146655
10 23 -1
4 6 161.102746170969
5 7 147.738657328493
5 22 105.059943501072
6 21 151.91234476288
16 18 177.009797245125
17 19 156.604357858912
12 14 169.650965923122
13 15 152.774187277872
3 20 168.150285731688
2 1 179.827755893432
2 8 108.835960681015
2 4 104.360451826849
20 0 179.991870538861
1 16 94.5007141497938
1 12 85.6675394190662
20 9 123.652557114824
20 5 131.211801441859
0 17 86.9186415739108
0 13 87.5657119540742
8 10 153.800828646309
9 11 -1
9 24 114.248052146655
10 23 -1
4 6 161.102746170969
5 7 147.738657328493
5 22 105.059943501072
6 21 151.91234476288
16 18 177.009797245125
17 19 156.604357858912
12 14 169.650965923122
13 15 152.774187277872
3 20 168.150285731688
2 1 179.827755893432
2 8 108.835960681015
2 4 104.360451826849
20 0 179.991870538861
1 16 94.5007141497938
1 12 85.6675394190662
20 9 123.652557114824
20 5 131.211801441859
0 17 86.9186415739108
0 13 87.5657119540742
8 10 153.800828646309
9 11 -1
9 24 114.248052146655
10 23 -1
4 6 161.102746170969
5 7 147.738657328493
5 22 105.059943501072
6 21 151.91234476288
16 18 177.009797245125
17 19 156.604357858912
12 14 169.650965923122
13 15 152.774187277872
3 20 168.174210981178
2 1 179.830239131055
2 8 108.881121139083
2 4 104.343784800711
20 0 179.991938895829
1 16 95.4387640679597
1 12 84.3630391929951
20 9 123.770733278971
20 5 131.220670161156
0 17 87.8367233696734
0 13 86.3501492508369
8 10 154.031265951622
9 11 -1
9 24 120.599502861912
10 23 -1
4 6 161.124527553359
5 7 147.575971000602
5 22 105.867427125341
6 21 151.857195603444
16 18 177.100945581818
17 19 156.754598785989
12 14 169.776022815221
13 15 152.874380014321
3 20 168.174210981178
2 1 179.830239131055
2 8 108.881121139083
2 4 104.343784800711
20 0 179.991938895829
1 16 95.4387640679597
1 12 84.3630391929951
20 9 123.770733278971
20 5 131.220670161156
0 17 87.8367233696734
0 13 86.3501492508369
8 10 154.031265951622
9 11 -1
9 24 120.599502861912
10 23 -1
4 6 161.124527553359
5 7 147.575971000602
5 22 105.867427125341
6 21 151.857195603444
16 18 177.100945581818
17 19 156.754598785989
12 14 169.776022815221
13 15 152.874380014321
3 20 168.174210981178
2 1 179.830239131055
2 8 108.881121139083
2 4 104.343784800711
20 0 179.991938895829
1 16 95.4387640679597
1 12 84.3630391929951
20 9 123.770733278971
20 5 131.220670161156
0 17 87.8367233696734
0 13 86.3501492508369
8 10 154.031265951622
9 11 -1
9 24 120.599502861912
10 23 -1
4 6 161.124527553359
5 7 147.575971000602
5 22 105.867427125341
6 21 151.857195603444
16 18 177.100945581818
17 19 156.754598785989
12 14 169.776022815221
13 15 152.874380014321
3 20 168.174210981178
2 1 179.830239131055
2 8 108.881121139083
2 4 104.343784800711
20 0 179.991938895829
1 16 95.4387640679597
1 12 84.3630391929951
20 9 123.770733278971
20 5 131.220670161156
0 17 87.8367233696734
0 13 86.3501492508369
8 10 154.031265951622
9 11 -1
9 24 120.599502861912
10 23 -1
4 6 161.124527553359
5 7 147.575971000602
5 22 105.867427125341
6 21 151.857195603444
16 18 177.100945581818
17 19 156.754598785989
12 14 169.776022815221
13 15 152.874380014321
3 20 168.005556146795
2 1 179.828198946495
2 8 108.94604116047
2 4 104.313347180814
20 0 179.988938573169
1 16 96.2171237988463
1 12 83.4003457134231
20 9 123.823674304129
20 5 131.213892023707
0 17 88.4882548584083
0 13 85.5682748544425
8 10 154.310673620742
9 11 -1
9 24 114.349238666118
10 23 -1
4 6 161.157883199574
5 7 145.613645132842
5 22 105.783751100391
6 21 149.123110585764
16 18 176.887098772914
17 19 156.461717814764
12 14 170.115658781902
13 15 151.538376229388
3 20 168.005556146795
2 1 179.828198946495
2 8 108.94604116047
2 4 104.313347180814
20 0 179.988938573169
1 16 96.2171237988463
1 12 83.4003457134231
20 9 123.823674304129
20 5 131.213892023707
0 17 88.4882548584083
0 13 85.5682748544425
8 10 154.310673620742
9 11 -1
9 24 114.349238666118
10 23 -1
4 6 161.157883199574
5 7 145.613645132842
5 22 105.783751100391
6 21 149.123110585764
16 18 176.887098772914
17 19 156.461717814764
12 14 170.115658781902
13 15 151.538376229388
3 20 168.005556146795
2 1 179.828198946495
2 8 108.94604116047
2 4 104.313347180814
20 0 179.988938573169
1 16 96.2171237988463
1 12 83.4003457134231
20 9 123.823674304129
20 5 131.213892023707
0 17 88.4882548584083
0 13 85.5682748544425
8 10 154.310673620742
9 11 -1
9 24 114.349238666118
10 23 -1
4 6 161.157883199574
5 7 145.613645132842
5 22 105.783751100391
6 21 149.123110585764
16 18 176.887098772914
17 19 156.461717814764
12 14 170.115658781902
13 15 151.538376229388
3 20 168.005556146795
2 1 179.828198946495
2 8 108.94604116047
2 4 104.313347180814
20 0 179.988938573169
1 16 96.2171237988463
1 12 83.4003457134231
20 9 123.823674304129
20 5 131.213892023707
0 17 88.4882548584083
0 13 85.5682748544425
8 10 154.310673620742
9 11 -1
9 24 114.349238666118
10 23 -1
4 6 161.157883199574
5 7 145.613645132842
5 22 105.783751100391
6 21 149.123110585764
16 18 176.887098772914
17 19 156.461717814764
12 14 170.115658781902
13 15 151.538376229388
3 20 167.776451001902
2 1 179.830178139313
2 8 108.972856173616
2 4 104.303887670765
20 0 179.988846299173
1 16 96.4296168376611
1 12 83.2842033748415
20 9 123.876910590005
20 5 131.176921812263
0 17 88.648967085356
0 13 87.4063507426807
8 10 154.244341076223
9 11 -1
9 24 125.725012559757
10 23 -1
4 6 161.242361301532
5 7 145.729629691336
5 22 105.490843478357
6 21 149.277787281428
16 18 176.742183316304
17 19 157.495375618178
12 14 174.151203590371
13 15 153.652561934045
3 20 167.776451001902
2 1 179.830178139313
2 8 108.972856173616
2 4 104.303887670765
20 0 179.988846299173
1 16 96.4296168376611
1 12 83.2842033748415
20 9 123.876910590005
20 5 131.176921812263
0 17 88.648967085356
0 13 87.4063507426807
8 10 154.244341076223
9 11 -1
9 24 125.725012559757
10 23 -1
4 6 161.242361301532
5 7 145.729629691336
5 22 105.490843478357
6 21 149.277787281428
16 18 176.742183316304
17 19 157.495375618178
12 14 174.151203590371
13 15 153.652561934045
3 20 167.743645063954
2 1 179.853958464321
2 8 109.035435997272
2 4 104.337755224757
20 0 179.953785883448
1 16 96.2163783126418
1 12 83.4711060210326
20 9 123.977500183168
20 5 131.228251646771
0 17 88.6177499412573
0 13 87.8255907733845
8 10 154.122920434412
9 11 -1
9 24 121.592943525305
10 23 -1
4 6 161.207313541921
5 7 145.201453576439
5 22 105.094508048258
6 21 149.107299976994
16 18 176.718899639689
17 19 156.997134961402
12 14 174.87561926818
13 15 155.005271321402
3 20 167.620330791267
2 1 179.860101506447
2 8 109.088356315491
2 4 104.322800598589
20 0 179.957273223603
1 16 96.7044345432585
1 12 82.9817694374568
20 9 124.052770947007
20 5 131.202501646367
0 17 89.0588782758612
0 13 87.1682307673616
8 10 154.073981975543
9 11 -1
9 24 122.252601787477
10 23 -1
4 6 161.272900222663
5 7 144.4023506916
5 22 105.19394743127
6 21 148.239051203771
16 18 176.640855975426
17 19 156.863774406506
12 14 174.521240684933
13 15 153.994114980412
3 20 167.132991692244
2 1 179.914674686898
2 8 109.276479974668
2 4 104.361475511696
20 0 179.934096332154
1 16 96.3790919450284
1 12 83.2355364288005
20 9 124.17423280614
20 5 131.347374881163
0 17 88.7663008473401
0 13 86.3442869724905
8 10 154.131177646751
9 11 -1
9 24 123.831560166166
10 23 -1
4 6 161.36714007167
5 7 143.675137654058
5 22 102.467456452855
6 21 147.409007856837
16 18 176.719327018869
17 19 156.95319676319
12 14 172.206080494945
13 15 152.980712302095
3 20 167.141112923564
2 1 179.918813062883
2 8 109.296495114073
2 4 104.334933372357
20 0 179.929910306932
1 16 96.2203144650907
1 12 83.6210552457359
20 9 124.200937779942
20 5 131.313582253447
0 17 88.5694446747063
0 13 84.4193982113012
8 10 154.242472498471
9 11 -1
9 24 120.100113617463
10 23 -1
4 6 161.382155197614
5 7 144.222952478052
5 22 105.277409108162
6 21 147.90530720006
16 18 176.59127934581
17 19 156.842130996863
12 14 167.422127709436
13 15 150.569870582587
3 20 167.080176945124
2 1 179.925158019905
2 8 109.316802022271
2 4 104.299529653287
20 0 179.931188076301
1 16 96.822770541051
1 12 83.1894833439336
20 9 124.238826210884
20 5 131.275920925406
0 17 89.1428489936591
0 13 84.3398664802053
8 10 154.256700795985
9 11 -1
9 24 123.512179684921
10 23 -1
4 6 161.421973999842
5 7 143.300492283167
5 22 101.822169037343
6 21 146.929690848619
16 18 176.541964653808
17 19 155.853568941204
12 14 168.120508571798
13 15 151.577657671402
3 20 167.080176945124
2 1 179.925158019905
2 8 109.316802022271
2 4 104.299529653287
20 0 179.931188076301
1 16 96.822770541051
1 12 83.1894833439336
20 9 124.238826210884
20 5 131.275920925406
0 17 89.1428489936591
0 13 84.3398664802053
8 10 154.256700795985
9 11 -1
9 24 123.512179684921
10 23 -1
4 6 161.421973999842
5 7 143.300492283167
5 22 101.822169037343
6 21 146.929690848619
16 18 176.541964653808
17 19 155.853568941204
12 14 168.120508571798
13 15 151.577657671402
3 20 167.089581485106
2 1 179.936450961591
2 8 109.338430413448
2 4 104.299741214976
20 0 179.915063673957
1 16 96.8139804263001
1 12 83.1942229690079
20 9 124.293719442782
20 5 131.262359236966
0 17 89.2233812036656
0 13 84.2764557412348
8 10 154.30720055503
9 11 -1
9 24 113.367677995744
10 23 -1
4 6 161.43391922859
5 7 141.057019228837
5 22 105.205449711862
6 21 143.584265292876
16 18 176.543276250207
17 19 155.717577975009
12 14 167.930557605922
13 15 151.576739045159
