First JointType Second JointType  Angle   IsImportant?(%)
3 20 14.5146009500098 100
2 1 15.4567588475749 100
2 8 9.48168611636696 100
2 4 9.09277656148711 100
20 0 15.4632076578757 100
1 16 8.37930118825281 100
1 12 7.47344225174805 100
20 9 13.5065663290342 100
20 5 11.3574102021037 100
0 17 8.12371199283235 100
0 13 7.92119094985518 100
8 10 15.6442509858844 100
9 11 90.7269973373017 100
9 24 48.3862090196745 100
10 23 94.0001515271536 100
4 6 13.8653349248524 100
5 7 13.7428146422841 100
5 22 9.59800027607129 100
6 21 15.0382206814621 100
16 18 15.4437411069127 100
17 19 13.4609187698807 100
12 14 14.7555810594956 100
13 15 13.460214086572 100
3 20 14.5146009500098 100
2 1 15.4567588475749 100
2 8 9.48168611636696 100
2 4 9.09277656148711 100
20 0 15.4632076578757 100
1 16 8.37930118825281 100
1 12 7.47344225174805 100
20 9 13.5065663290342 100
20 5 11.3574102021037 100
0 17 8.12371199283235 100
0 13 7.92119094985518 100
8 10 15.6442509858844 100
9 11 90.7269973373017 100
9 24 48.3862090196745 100
10 23 94.0001515271536 100
4 6 13.8653349248524 100
5 7 13.7428146422841 100
5 22 9.59800027607129 100
6 21 15.0382206814621 100
16 18 15.4437411069127 100
17 19 13.4609187698807 100
12 14 14.7555810594956 100
13 15 13.460214086572 100
3 20 14.5088137100829 100
2 1 15.4570635934963 100
2 8 9.44313763173858 100
2 4 9.09159126305621 100
20 0 15.4585744465669 100
1 16 8.30321198098292 100
1 12 7.43814091581875 100
20 9 14.1252624252043 100
20 5 11.3519698529613 100
0 17 8.06930960574423 100
0 13 7.61103357472888 100
8 10 15.6993228234382 100
9 11 92.6520522312741 100
9 24 31.7171512706775 100
10 23 95.8664879773046 100
4 6 13.858955519135 100
5 7 13.6312708635495 100
5 22 9.70368736747679 100
6 21 14.4457112348328 100
16 18 15.4635415769833 100
17 19 13.4422958518364 100
12 14 14.7422506507024 100
13 15 13.3269117985563 100
3 20 14.5088137100829 100
2 1 15.4570635934963 100
2 8 9.44313763173858 100
2 4 9.09159126305621 100
20 0 15.4585744465669 100
1 16 8.30321198098292 100
1 12 7.43814091581875 100
20 9 14.1252624252043 100
20 5 11.3519698529613 100
0 17 8.06930960574423 100
0 13 7.61103357472888 100
8 10 15.6993228234382 100
9 11 92.6520522312741 100
9 24 31.7171512706775 100
10 23 95.8664879773046 100
4 6 13.858955519135 100
5 7 13.6312708635495 100
5 22 9.70368736747679 100
6 21 14.4457112348328 100
16 18 15.4635415769833 100
17 19 13.4422958518364 100
12 14 14.7422506507024 100
13 15 13.3269117985563 100
3 20 14.5117287252267 100
2 1 15.4572086890352 100
2 8 9.44509072736938 100
2 4 9.09152700143498 100
20 0 15.458328979843 100
1 16 8.30007077026821 100
1 12 7.44029726898734 100
20 9 13.8378063193029 100
20 5 11.3526030859684 100
0 17 8.0633073839662 100
0 13 7.59216172692393 100
8 10 15.6835164563541 100
9 11 92.1240321162986 100
9 24 37.0840398456318 100
10 23 95.2499363661757 100
4 6 13.8475994477392 100
5 7 13.4039106650672 100
5 22 10.5320995412526 100
6 21 13.9204148913736 100
16 18 15.4622754730436 100
17 19 13.4280431800537 100
12 14 14.7661773440597 100
13 15 13.324328331841 100
3 20 14.5117287252267 100
2 1 15.4572086890352 100
2 8 9.44509072736938 100
2 4 9.09152700143498 100
20 0 15.458328979843 100
1 16 8.30007077026821 100
1 12 7.44029726898734 100
20 9 13.8378063193029 100
20 5 11.3526030859684 100
0 17 8.0633073839662 100
0 13 7.59216172692393 100
8 10 15.6835164563541 100
9 11 92.1240321162986 100
9 24 37.0840398456318 100
10 23 95.2499363661757 100
4 6 13.8475994477392 100
5 7 13.4039106650672 100
5 22 10.5320995412526 100
6 21 13.9204148913736 100
16 18 15.4622754730436 100
17 19 13.4280431800537 100
12 14 14.7661773440597 100
13 15 13.324328331841 100
3 20 14.5137068917198 100
2 1 15.4575963714981 100
2 8 9.43168242314967 100
2 4 9.08951009811753 100
20 0 15.4571469808708 100
1 16 8.30286990508225 100
1 12 7.44068664555824 100
20 9 13.6652390028909 100
20 5 11.346248620752 100
0 17 8.09850345908336 100
0 13 7.60041561007634 100
8 10 15.6581922336016 100
9 11 92.1395248303014 100
9 24 29.2540436838607 100
10 23 95.0179202515711 100
4 6 13.8462868439797 100
5 7 13.9862014322356 100
5 22 9.68769950615182 100
6 21 14.8229004642467 100
16 18 15.5162113919937 100
17 19 13.4965350799242 100
12 14 14.7478584428717 100
13 15 13.3291404941791 100
3 20 14.5137068917198 100
2 1 15.4575963714981 100
2 8 9.43168242314967 100
2 4 9.08951009811753 100
20 0 15.4571469808708 100
1 16 8.30286990508225 100
1 12 7.44068664555824 100
20 9 13.6652390028909 100
20 5 11.346248620752 100
0 17 8.09850345908336 100
0 13 7.60041561007634 100
8 10 15.6581922336016 100
9 11 92.1395248303014 100
9 24 29.2540436838607 100
10 23 95.0179202515711 100
4 6 13.8462868439797 100
5 7 13.9862014322356 100
5 22 9.68769950615182 100
6 21 14.8229004642467 100
16 18 15.5162113919937 100
17 19 13.4965350799242 100
12 14 14.7478584428717 100
13 15 13.3291404941791 100
3 20 14.514859788252 100
2 1 15.4570047784349 100
2 8 9.41944668029744 100
2 4 9.09410141782388 100
20 0 15.4552352723686 100
1 16 8.24902734067926 100
1 12 7.81767214256921 100
20 9 13.631986288486 100
20 5 11.3480625966205 100
0 17 7.97749233202946 100
0 13 7.71892098339598 100
8 10 15.6554780052946 100
9 11 92.0215809967892 100
9 24 35.7583064991387 100
10 23 94.1736957861798 100
4 6 13.8419069256233 100
5 7 13.2501743623572 100
5 22 9.91907119795041 100
6 21 13.7406646024029 100
16 18 15.5367891564998 100
17 19 13.5295880498234 100
12 14 14.7219352944076 100
13 15 13.3241858297607 100
3 20 14.514859788252 100
2 1 15.4570047784349 100
2 8 9.41944668029744 100
2 4 9.09410141782388 100
20 0 15.4552352723686 100
1 16 8.24902734067926 100
1 12 7.81767214256921 100
20 9 13.631986288486 100
20 5 11.3480625966205 100
0 17 7.97749233202946 100
0 13 7.71892098339598 100
8 10 15.6554780052946 100
9 11 92.0215809967892 100
9 24 35.7583064991387 100
10 23 94.1736957861798 100
4 6 13.8419069256233 100
5 7 13.2501743623572 100
5 22 9.91907119795041 100
6 21 13.7406646024029 100
16 18 15.5367891564998 100
17 19 13.5295880498234 100
12 14 14.7219352944076 100
13 15 13.3241858297607 100
3 20 14.4599814844999 100
2 1 15.4010712940515 100
2 8 9.37892997054256 100
2 4 9.0609348386548 100
20 0 15.3985923724818 100
1 16 8.21853936034597 100
1 12 7.77235579361347 100
20 9 13.5243050937507 100
20 5 11.3058446043329 100
0 17 7.94814190630692 100
0 13 7.63765437336493 100
8 10 15.5942208599201 100
9 11 91.5365687507306 100
9 24 29.4975125620394 100
10 23 95.0405354591861 100
4 6 13.7935769465384 100
5 7 12.9815406944266 100
5 22 10.1119406521948 100
6 21 13.3744881320852 100
16 18 15.4930152439667 100
17 19 13.4873593476989 100
12 14 14.6500438637926 100
13 15 13.2917792051376 100
3 20 14.4999874500635 100
2 1 15.4575539423367 100
2 8 9.41740352855023 100
2 4 9.09437424528098 100
20 0 15.4566907180159 100
1 16 8.2489700970669 100
1 12 7.71330751896596 100
20 9 14.0808400308056 100
20 5 11.348860199832 100
0 17 7.98167395265728 100
0 13 7.63291462516062 100
8 10 15.6945908140778 100
9 11 92.8917425817415 100
9 24 40.2996915101219 100
10 23 96.0134752823747 100
4 6 13.8360195181704 100
5 7 13.5744199112532 100
5 22 10.4353961659124 100
6 21 14.2631210273406 100
16 18 15.5294357468438 100
17 19 13.4404673613278 100
12 14 14.7029816809213 100
13 15 13.3254556700361 100
3 20 14.4999874500635 100
2 1 15.4575539423367 100
2 8 9.41740352855023 100
2 4 9.09437424528098 100
20 0 15.4566907180159 100
1 16 8.2489700970669 100
1 12 7.71330751896596 100
20 9 14.0808400308056 100
20 5 11.348860199832 100
0 17 7.98167395265728 100
0 13 7.63291462516062 100
8 10 15.6945908140778 100
9 11 92.8917425817415 100
9 24 40.2996915101219 100
10 23 96.0134752823747 100
4 6 13.8360195181704 100
5 7 13.5744199112532 100
5 22 10.4353961659124 100
6 21 14.2631210273406 100
16 18 15.5294357468438 100
17 19 13.4404673613278 100
12 14 14.7029816809213 100
13 15 13.3254556700361 100
3 20 14.5470271018875 100
2 1 15.5146426845161 100
2 8 9.4503073800456 100
2 4 9.12749132354483 100
20 0 15.5130242174564 100
1 16 8.27895435491043 100
1 12 7.73815785252367 100
20 9 13.8624366506236 100
20 5 11.390663542609 100
0 17 8.00030734786248 100
0 13 7.67176340405824 100
8 10 15.7190955567377 100
9 11 92.8044369658794 100
9 24 30.480470648861 100
10 23 95.788814764672 100
4 6 13.8847972957009 100
5 7 13.7313520362251 100
5 22 9.62639008344707 100
6 21 14.0332980330891 100
16 18 15.5585768637185 100
17 19 13.4788938336586 100
12 14 14.761039579979 100
13 15 13.3733477024822 100
3 20 14.5470271018875 100
2 1 15.5146426845161 100
2 8 9.4503073800456 100
2 4 9.12749132354483 100
20 0 15.5130242174564 100
1 16 8.27895435491043 100
1 12 7.73815785252367 100
20 9 13.8624366506236 100
20 5 11.390663542609 100
0 17 8.00030734786248 100
0 13 7.67176340405824 100
8 10 15.7190955567377 100
9 11 92.8044369658794 100
9 24 30.480470648861 100
10 23 95.788814764672 100
4 6 13.8847972957009 100
5 7 13.7313520362251 100
5 22 9.62639008344707 100
6 21 14.0332980330891 100
16 18 15.5585768637185 100
17 19 13.4788938336586 100
12 14 14.761039579979 100
13 15 13.3733477024822 100
3 20 14.5470271018875 100
2 1 15.5146426845161 100
2 8 9.4503073800456 100
2 4 9.12749132354483 100
20 0 15.5130242174564 100
1 16 8.27895435491043 100
1 12 7.73815785252367 100
20 9 13.8624366506236 100
20 5 11.390663542609 100
0 17 8.00030734786248 100
0 13 7.67176340405824 100
8 10 15.7190955567377 100
9 11 92.8044369658794 100
9 24 30.480470648861 100
10 23 95.788814764672 100
4 6 13.8847972957009 100
5 7 13.7313520362251 100
5 22 9.62639008344707 100
6 21 14.0332980330891 100
16 18 15.5585768637185 100
17 19 13.4788938336586 100
12 14 14.761039579979 100
13 15 13.3733477024822 100
3 20 14.4884309901921 100
2 1 15.4583570088982 100
2 8 9.37620804761927 100
2 4 9.08943423842664 100
20 0 15.4555003358566 100
1 16 8.25528609691184 100
1 12 7.80533015175062 100
20 9 14.0352576119642 100
20 5 11.3422239930492 100
0 17 7.92820240262618 100
0 13 7.68850168077979 100
8 10 15.7222939902797 100
9 11 93.3731337809888 100
9 24 41.3684557091247 100
10 23 95.8090043374255 100
4 6 13.8389735991575 100
5 7 13.451426203054 100
5 22 10.1056302941901 100
6 21 13.6860640513058 100
16 18 15.4810169111801 100
17 19 13.4602597865795 100
12 14 14.7040700397027 100
13 15 13.3461795286907 100
3 20 14.4884309901921 100
2 1 15.4583570088982 100
2 8 9.37620804761927 100
2 4 9.08943423842664 100
20 0 15.4555003358566 100
1 16 8.25528609691184 100
1 12 7.80533015175062 100
20 9 14.0352576119642 100
20 5 11.3422239930492 100
0 17 7.92820240262618 100
0 13 7.68850168077979 100
8 10 15.7222939902797 100
9 11 93.3731337809888 100
9 24 41.3684557091247 100
10 23 95.8090043374255 100
4 6 13.8389735991575 100
5 7 13.451426203054 100
5 22 10.1056302941901 100
6 21 13.6860640513058 100
16 18 15.4810169111801 100
17 19 13.4602597865795 100
12 14 14.7040700397027 100
13 15 13.3461795286907 100
3 20 14.5178058310634 100
2 1 15.4586467602716 100
2 8 9.35723525336655 100
2 4 9.08755129584637 100
20 0 15.4550506900102 100
1 16 8.25562674220364 100
1 12 7.79080302788912 100
20 9 13.957650449338 100
20 5 11.3385871609947 100
0 17 7.93938336766819 100
0 13 7.68850275157801 100
8 10 15.7246587762198 100
9 11 92.3874370749541 100
9 24 35.4562200223496 100
10 23 95.8850054905817 100
4 6 13.8393555926587 100
5 7 13.5789404097666 100
5 22 10.5413965203068 100
6 21 14.1758823957456 100
16 18 15.4965449405027 100
17 19 13.4279464622682 100
12 14 14.7030469600958 100
13 15 13.3259107453424 100
3 20 14.5178058310634 100
2 1 15.4586467602716 100
2 8 9.35723525336655 100
2 4 9.08755129584637 100
20 0 15.4550506900102 100
1 16 8.25562674220364 100
1 12 7.79080302788912 100
20 9 13.957650449338 100
20 5 11.3385871609947 100
0 17 7.93938336766819 100
0 13 7.68850275157801 100
8 10 15.7246587762198 100
9 11 92.3874370749541 100
9 24 35.4562200223496 100
10 23 95.8850054905817 100
4 6 13.8393555926587 100
5 7 13.5789404097666 100
5 22 10.5413965203068 100
6 21 14.1758823957456 100
16 18 15.4965449405027 100
17 19 13.4279464622682 100
12 14 14.7030469600958 100
13 15 13.3259107453424 100
3 20 14.5103980656863 100
2 1 15.4601161022919 100
2 8 9.35328629382019 100
2 4 9.08177157416049 100
20 0 15.4588112662567 100
1 16 8.53013217365031 100
1 12 7.51740621172643 100
20 9 13.8674485164149 100
20 5 11.3325891731046 100
0 17 8.37882398002456 100
0 13 7.68874589619543 100
8 10 15.7051464653985 100
9 11 91.9613425464893 100
9 24 33.5474531235447 100
10 23 94.7392014957498 100
4 6 13.8380860617165 100
5 7 13.3591590963374 100
5 22 9.95734677690084 100
6 21 14.2131921724007 100
16 18 15.4299047046172 100
17 19 13.4528510432042 100
12 14 15.0820524147251 100
13 15 13.8251735743619 100
3 20 14.5103980656863 100
2 1 15.4601161022919 100
2 8 9.35328629382019 100
2 4 9.08177157416049 100
20 0 15.4588112662567 100
1 16 8.53013217365031 100
1 12 7.51740621172643 100
20 9 13.8674485164149 100
20 5 11.3325891731046 100
0 17 8.37882398002456 100
0 13 7.68874589619543 100
8 10 15.7051464653985 100
9 11 91.9613425464893 100
9 24 33.5474531235447 100
10 23 94.7392014957498 100
4 6 13.8380860617165 100
5 7 13.3591590963374 100
5 22 9.95734677690084 100
6 21 14.2131921724007 100
16 18 15.4299047046172 100
17 19 13.4528510432042 100
12 14 15.0820524147251 100
13 15 13.8251735743619 100
3 20 14.5038021111896 100
2 1 15.4602981764343 100
2 8 9.35818561112784 100
2 4 9.07502213410469 100
20 0 15.4591750149544 100
1 16 8.45360147175164 100
1 12 7.48112442594066 100
20 9 13.5118841597293 100
20 5 11.3244766111241 100
0 17 8.26318987346925 100
0 13 7.63315231172878 100
8 10 15.6442364226454 100
9 11 90.6605110883725 100
9 24 47.067911458055 100
10 23 94.1829863545884 100
4 6 13.8362071105808 100
5 7 12.9651620584876 100
5 22 9.60112881598379 100
6 21 13.4884268448956 100
16 18 15.427543115848 100
17 19 13.4525093623473 100
12 14 15.018499228956 100
13 15 13.8010124589621 100
3 20 14.5038021111896 100
2 1 15.4602981764343 100
2 8 9.35818561112784 100
2 4 9.07502213410469 100
20 0 15.4591750149544 100
1 16 8.45360147175164 100
1 12 7.48112442594066 100
20 9 13.5118841597293 100
20 5 11.3244766111241 100
0 17 8.26318987346925 100
0 13 7.63315231172878 100
8 10 15.6442364226454 100
9 11 90.6605110883725 100
9 24 47.067911458055 100
10 23 94.1829863545884 100
4 6 13.8362071105808 100
5 7 12.9651620584876 100
5 22 9.60112881598379 100
6 21 13.4884268448956 100
16 18 15.427543115848 100
17 19 13.4525093623473 100
12 14 15.018499228956 100
13 15 13.8010124589621 100
3 20 14.5812607059178 100
2 1 15.5178573081808 100
2 8 9.38590114770416 100
2 4 9.10774928636853 100
20 0 15.5166241422851 100
1 16 8.30981968887297 100
1 12 7.53467288761054 100
20 9 12.5274503498778 100
20 5 11.3635686857766 100
0 17 8.04070879845689 100
0 13 7.61522318825092 100
8 10 15.9098734161142 100
9 11 83.4716841932686 100
9 24 30.3205414946436 100
10 23 87.629489153695 100
4 6 13.8881605211566 100
5 7 13.2844035561928 100
5 22 9.54311232896242 100
6 21 13.5691435087446 100
16 18 15.4830455583074 100
17 19 13.5169510448514 100
12 14 14.784774827768 100
13 15 13.5581171951269 100
3 20 14.5812607059178 100
2 1 15.5178573081808 100
2 8 9.38590114770416 100
2 4 9.10774928636853 100
20 0 15.5166241422851 100
1 16 8.30981968887297 100
1 12 7.53467288761054 100
20 9 12.5274503498778 100
20 5 11.3635686857766 100
0 17 8.04070879845689 100
0 13 7.61522318825092 100
8 10 15.9098734161142 100
9 11 83.4716841932686 100
9 24 30.3205414946436 100
10 23 87.629489153695 100
4 6 13.8881605211566 100
5 7 13.2844035561928 100
5 22 9.54311232896242 100
6 21 13.5691435087446 100
16 18 15.4830455583074 100
17 19 13.5169510448514 100
12 14 14.784774827768 100
13 15 13.5581171951269 100
3 20 14.5812607059178 100
2 1 15.5178573081808 100
2 8 9.38590114770416 100
2 4 9.10774928636853 100
20 0 15.5166241422851 100
1 16 8.30981968887297 100
1 12 7.53467288761054 100
20 9 12.5274503498778 100
20 5 11.3635686857766 100
0 17 8.04070879845689 100
0 13 7.61522318825092 100
8 10 15.9098734161142 100
9 11 83.4716841932686 100
9 24 30.3205414946436 100
10 23 87.629489153695 100
4 6 13.8881605211566 100
5 7 13.2844035561928 100
5 22 9.54311232896242 100
6 21 13.5691435087446 100
16 18 15.4830455583074 100
17 19 13.5169510448514 100
12 14 14.784774827768 100
13 15 13.5581171951269 100
3 20 14.571074531179 100
2 1 15.5175087302809 100
2 8 9.33875359687922 100
2 4 9.107077111322 100
20 0 15.514507080125 100
1 16 8.33911099297321 100
1 12 7.51041359125556 100
20 9 11.498073424624 100
20 5 11.3661442103309 100
0 17 8.10033508345751 100
0 13 7.61722881837081 100
8 10 17.5692436676091 100
9 11 82.1627554035027 100
9 24 40.4107888054991 100
10 23 86.5974408319382 100
4 6 13.8990410538222 100
5 7 13.0999154705628 100
5 22 9.61134152777768 100
6 21 13.4176177396212 100
16 18 15.4626607814798 100
17 19 13.5764326457436 100
12 14 14.7781549467803 100
13 15 13.5106480920575 100
3 20 14.571074531179 100
2 1 15.5175087302809 100
2 8 9.33875359687922 100
2 4 9.107077111322 100
20 0 15.514507080125 100
1 16 8.33911099297321 100
1 12 7.51041359125556 100
20 9 11.498073424624 100
20 5 11.3661442103309 100
0 17 8.10033508345751 100
0 13 7.61722881837081 100
8 10 17.5692436676091 100
9 11 82.1627554035027 100
9 24 40.4107888054991 100
10 23 86.5974408319382 100
4 6 13.8990410538222 100
5 7 13.0999154705628 100
5 22 9.61134152777768 100
6 21 13.4176177396212 100
16 18 15.4626607814798 100
17 19 13.5764326457436 100
12 14 14.7781549467803 100
13 15 13.5106480920575 100
3 20 14.571074531179 100
2 1 15.5175087302809 100
2 8 9.33875359687922 100
2 4 9.107077111322 100
20 0 15.514507080125 100
1 16 8.33911099297321 100
1 12 7.51041359125556 100
20 9 11.498073424624 100
20 5 11.3661442103309 100
0 17 8.10033508345751 100
0 13 7.61722881837081 100
8 10 17.5692436676091 100
9 11 82.1627554035027 100
9 24 40.4107888054991 100
10 23 86.5974408319382 100
4 6 13.8990410538222 100
5 7 13.0999154705628 100
5 22 9.61134152777768 100
6 21 13.4176177396212 100
16 18 15.4626607814798 100
17 19 13.5764326457436 100
12 14 14.7781549467803 100
13 15 13.5106480920575 100
3 20 14.5257776995565 100
2 1 15.4610259440604 100
2 8 9.30415290707007 100
2 4 9.07523242809314 100
20 0 15.4530815696806 100
1 16 8.25356865695485 100
1 12 7.60515637720778 100
20 9 11.3764613974949 100
20 5 11.2851369404519 100
0 17 7.93564098563062 100
0 13 7.60521036461494 100
8 10 17.2944679581605 100
9 11 82.0440547665726 100
9 24 47.2302374462855 100
10 23 86.3145218577947 100
4 6 14.0780595844307 100
5 7 14.7589740547339 100
5 22 12.07699726057 100
6 21 15.238542640472 100
16 18 15.4381382972222 100
17 19 13.4336874356895 100
12 14 14.7223710381838 100
13 15 13.3766211183285 100
3 20 14.5257776995565 100
2 1 15.4610259440604 100
2 8 9.30415290707007 100
2 4 9.07523242809314 100
20 0 15.4530815696806 100
1 16 8.25356865695485 100
1 12 7.60515637720778 100
20 9 11.3764613974949 100
20 5 11.2851369404519 100
0 17 7.93564098563062 100
0 13 7.60521036461494 100
8 10 17.2944679581605 100
9 11 82.0440547665726 100
9 24 47.2302374462855 100
10 23 86.3145218577947 100
4 6 14.0780595844307 100
5 7 14.7589740547339 100
5 22 12.07699726057 100
6 21 15.238542640472 100
16 18 15.4381382972222 100
17 19 13.4336874356895 100
12 14 14.7223710381838 100
13 15 13.3766211183285 100
3 20 14.5231206224871 100
2 1 15.4607670683358 100
2 8 9.30081153317498 100
2 4 9.07749972851594 100
20 0 15.4528101069048 100
1 16 8.24969599077955 100
1 12 7.56361173544199 100
20 9 11.2978400138915 100
20 5 11.3011660879919 100
0 17 7.99742854844063 100
0 13 7.59125706653519 100
8 10 17.2341780029275 100
9 11 85.7709445241676 100
9 24 49.4432067093459 100
10 23 91.7861729956194 100
4 6 13.980917266149 100
5 7 13.4911414909263 100
5 22 13.0016420917602 100
6 21 13.614884586814 100
16 18 15.4487252125327 100
17 19 13.4648523828749 100
12 14 14.7197989397824 100
13 15 13.3239628591797 100
3 20 14.5231206224871 100
2 1 15.4607670683358 100
2 8 9.30081153317498 100
2 4 9.07749972851594 100
20 0 15.4528101069048 100
1 16 8.24969599077955 100
1 12 7.56361173544199 100
20 9 11.2978400138915 100
20 5 11.3011660879919 100
0 17 7.99742854844063 100
0 13 7.59125706653519 100
8 10 17.2341780029275 100
9 11 85.7709445241676 100
9 24 49.4432067093459 100
10 23 91.7861729956194 100
4 6 13.980917266149 100
5 7 13.4911414909263 100
5 22 13.0016420917602 100
6 21 13.614884586814 100
16 18 15.4487252125327 100
17 19 13.4648523828749 100
12 14 14.7197989397824 100
13 15 13.3239628591797 100
3 20 14.5248271711062 100
2 1 15.4595513555 100
2 8 9.29178286010498 100
2 4 9.07979780985512 100
20 0 15.4514049289588 100
1 16 8.25787960837785 100
1 12 7.62027519895276 100
20 9 11.2473732955292 100
20 5 11.3075984357307 100
0 17 7.94800325349449 100
0 13 7.58718951035333 100
8 10 17.2311922323906 100
9 11 85.7790922972575 100
9 24 42.2745434325139 100
10 23 90.5967636150073 100
4 6 13.9424941156252 100
5 7 13.025595635481 100
5 22 10.8833108937281 100
6 21 13.2249367173251 100
16 18 15.4723600832421 100
17 19 13.4690536365392 100
12 14 14.706898589859 100
13 15 13.3412960460222 100
3 20 14.5248271711062 100
2 1 15.4595513555 100
2 8 9.29178286010498 100
2 4 9.07979780985512 100
20 0 15.4514049289588 100
1 16 8.25787960837785 100
1 12 7.62027519895276 100
20 9 11.2473732955292 100
20 5 11.3075984357307 100
0 17 7.94800325349449 100
0 13 7.58718951035333 100
8 10 17.2311922323906 100
9 11 85.7790922972575 100
9 24 42.2745434325139 100
10 23 90.5967636150073 100
4 6 13.9424941156252 100
5 7 13.025595635481 100
5 22 10.8833108937281 100
6 21 13.2249367173251 100
16 18 15.4723600832421 100
17 19 13.4690536365392 100
12 14 14.706898589859 100
13 15 13.3412960460222 100
3 20 14.4988466604084 100
2 1 15.4035579026931 100
2 8 9.30185516794621 100
2 4 9.0466464973359 100
20 0 15.3954975872461 100
1 16 8.23727508030457 100
1 12 7.58202104027326 100
20 9 11.3623838856016 100
20 5 11.2664123358386 100
0 17 7.90601332105536 100
0 13 7.84770932403439 100
8 10 17.4042077514035 100
9 11 86.2347576754104 100
9 24 35.606653179906 100
10 23 90.6923935013652 100
4 6 13.8830270147955 100
5 7 13.0630992057548 100
5 22 9.65673335356194 100
6 21 13.7320041762276 100
16 18 15.4196770991547 100
17 19 13.4114333209829 100
12 14 15.2094103822127 100
13 15 13.4269998357063 100
3 20 14.5131184730004 100
2 1 15.4031351999214 100
2 8 9.30711409533769 100
2 4 9.04712824565397 100
20 0 15.3948362476125 100
1 16 8.23392340287831 100
1 12 7.51990185126752 100
20 9 11.4316674436333 100
20 5 11.2655931234273 100
0 17 8.18325653851801 100
0 13 7.7847905337218 100
8 10 17.4920249351165 100
9 11 86.6968628814444 100
9 24 44.9537131780518 100
10 23 91.436981039656 100
4 6 13.878934047164 100
5 7 12.7258751529236 100
5 22 10.0692731057902 100
6 21 13.1324666251393 100
16 18 15.4338247189273 100
17 19 13.4999413782268 100
12 14 15.2695637490617 100
13 15 13.4077557698841 100
3 20 14.5975615642098 100
2 1 15.4592207578942 100
2 8 9.3417557921369 100
2 4 9.08049705979582 100
20 0 15.4510169158084 100
1 16 8.35750413335432 100
1 12 7.50098818813265 100
20 9 11.5573121135742 100
20 5 11.3046445024321 100
0 17 8.40605315186229 100
0 13 7.84247051095392 100
8 10 17.9683305594387 100
9 11 87.0252550688539 100
9 24 40.6736777382916 100
10 23 91.1146289137954 100
4 6 13.9207496917951 100
5 7 13.2016653250357 100
5 22 9.96449880506545 100
6 21 13.511913785697 100
16 18 15.5486330977448 100
17 19 13.4884719967765 100
12 14 15.0601252120705 100
13 15 13.5076320879521 100
3 20 14.5975615642098 100
2 1 15.4592207578942 100
2 8 9.3417557921369 100
2 4 9.08049705979582 100
20 0 15.4510169158084 100
1 16 8.35750413335432 100
1 12 7.50098818813265 100
20 9 11.5573121135742 100
20 5 11.3046445024321 100
0 17 8.40605315186229 100
0 13 7.84247051095392 100
8 10 17.9683305594387 100
9 11 87.0252550688539 100
9 24 40.6736777382916 100
10 23 91.1146289137954 100
4 6 13.9207496917951 100
5 7 13.2016653250357 100
5 22 9.96449880506545 100
6 21 13.511913785697 100
16 18 15.5486330977448 100
17 19 13.4884719967765 100
12 14 15.0601252120705 100
13 15 13.5076320879521 100
3 20 14.6031803457497 100
2 1 15.4594203295354 100
2 8 9.33545262493887 100
2 4 9.07971893662725 100
20 0 15.4511832261294 100
1 16 8.39392099945252 100
1 12 7.46866489179982 100
20 9 11.5436957857677 100
20 5 11.3037703136409 100
0 17 8.46575468540893 100
0 13 7.5871723641049 100
8 10 17.8269007219142 100
9 11 87.5434714319621 100
9 24 42.9503817079047 100
10 23 91.8473804955776 100
4 6 13.9052125306493 100
5 7 13.456371616367 100
5 22 9.66988458855665 100
6 21 13.5732450442761 100
16 18 15.5450494944309 100
17 19 13.4686344044494 100
12 14 14.7962663956095 100
13 15 13.3739689838683 100
3 20 14.6031803457497 100
2 1 15.4594203295354 100
2 8 9.33545262493887 100
2 4 9.07971893662725 100
20 0 15.4511832261294 100
1 16 8.39392099945252 100
1 12 7.46866489179982 100
20 9 11.5436957857677 100
20 5 11.3037703136409 100
0 17 8.46575468540893 100
0 13 7.5871723641049 100
8 10 17.8269007219142 100
9 11 87.5434714319621 100
9 24 42.9503817079047 100
10 23 91.8473804955776 100
4 6 13.9052125306493 100
5 7 13.456371616367 100
5 22 9.66988458855665 100
6 21 13.5732450442761 100
16 18 15.5450494944309 100
17 19 13.4686344044494 100
12 14 14.7962663956095 100
13 15 13.3739689838683 100
3 20 14.6033259560937 100
2 1 15.4587549995691 100
2 8 9.29880531047411 100
2 4 9.07805154592558 100
20 0 15.4505008765154 100
1 16 8.42800091984534 100
1 12 7.44804558112046 100
20 9 11.3704143119968 100
20 5 11.3004683201778 100
0 17 8.53206258188276 100
0 13 7.58720395415315 100
8 10 17.5626800068941 100
9 11 87.7852047874425 100
9 24 41.9388253843251 100
10 23 92.8002379213342 100
4 6 13.8967777648945 100
5 7 13.4501849828404 100
5 22 9.74498074439794 100
6 21 13.6042001700311 100
16 18 15.5191987173892 100
17 19 13.6394914808134 100
12 14 14.8886105410359 100
13 15 13.4741720881319 100
3 20 14.6033259560937 100
2 1 15.4587549995691 100
2 8 9.29880531047411 100
2 4 9.07805154592558 100
20 0 15.4505008765154 100
1 16 8.42800091984534 100
1 12 7.44804558112046 100
20 9 11.3704143119968 100
20 5 11.3004683201778 100
0 17 8.53206258188276 100
0 13 7.58720395415315 100
8 10 17.5626800068941 100
9 11 87.7852047874425 100
9 24 41.9388253843251 100
10 23 92.8002379213342 100
4 6 13.8967777648945 100
5 7 13.4501849828404 100
5 22 9.74498074439794 100
6 21 13.6042001700311 100
16 18 15.5191987173892 100
17 19 13.6394914808134 100
12 14 14.8886105410359 100
13 15 13.4741720881319 100
3 20 14.5977098530677 100
2 1 15.4586348618269 100
2 8 9.29480048327687 100
2 4 9.07836170196455 100
20 0 15.45068453919 100
1 16 8.47032282787563 100
1 12 7.44021349527499 100
20 9 11.3561885219937 100
20 5 11.2983540153297 100
0 17 8.53708816933313 100
0 13 7.74581808721952 100
8 10 17.5206735884464 100
9 11 87.9939429586988 100
9 24 42.0847346206336 100
10 23 91.7683775928808 100
4 6 13.8892975689748 100
5 7 13.7674401351779 100
5 22 9.52185019723674 100
6 21 13.9322107433408 100
16 18 15.523502142964 100
17 19 13.5517456078101 100
12 14 14.7091924719274 100
13 15 13.3254234405263 100
3 20 14.5977098530677 100
2 1 15.4586348618269 100
2 8 9.29480048327687 100
2 4 9.07836170196455 100
20 0 15.45068453919 100
1 16 8.47032282787563 100
1 12 7.44021349527499 100
20 9 11.3561885219937 100
20 5 11.2983540153297 100
0 17 8.53708816933313 100
0 13 7.74581808721952 100
8 10 17.5206735884464 100
9 11 87.9939429586988 100
9 24 42.0847346206336 100
10 23 91.7683775928808 100
4 6 13.8892975689748 100
5 7 13.7674401351779 100
5 22 9.52185019723674 100
6 21 13.9322107433408 100
16 18 15.523502142964 100
17 19 13.5517456078101 100
12 14 14.7091924719274 100
13 15 13.3254234405263 100
3 20 14.6454058729451 100
2 1 15.5159438462059 100
2 8 9.32779352694687 100
2 4 9.1143563660045 100
20 0 15.5121002370212 100
1 16 8.55785911704499 100
1 12 7.46746909533632 100
20 9 11.4078350856683 100
20 5 11.3484896328685 100
0 17 8.57328919276213 100
0 13 7.69494621420305 100
8 10 17.5672422272796 100
9 11 90.1346853560646 100
9 24 28.2957960015796 100
10 23 95.3463153855442 100
4 6 13.9101085242427 100
5 7 12.7977133555301 100
5 22 9.54991158945266 100
6 21 13.2043366478642 100
16 18 15.5542849795221 100
17 19 13.6052196125254 100
12 14 14.7884026642942 100
13 15 13.3810634046188 100
3 20 14.6454058729451 100
2 1 15.5159438462059 100
2 8 9.32779352694687 100
2 4 9.1143563660045 100
20 0 15.5121002370212 100
1 16 8.55785911704499 100
1 12 7.46746909533632 100
20 9 11.4078350856683 100
20 5 11.3484896328685 100
0 17 8.57328919276213 100
0 13 7.69494621420305 100
8 10 17.5672422272796 100
9 11 90.1346853560646 100
9 24 28.2957960015796 100
10 23 95.3463153855442 100
4 6 13.9101085242427 100
5 7 12.7977133555301 100
5 22 9.54991158945266 100
6 21 13.2043366478642 100
16 18 15.5542849795221 100
17 19 13.6052196125254 100
12 14 14.7884026642942 100
13 15 13.3810634046188 100
3 20 14.6454058729451 100
2 1 15.5159438462059 100
2 8 9.32779352694687 100
2 4 9.1143563660045 100
20 0 15.5121002370212 100
1 16 8.55785911704499 100
1 12 7.46746909533632 100
20 9 11.4078350856683 100
20 5 11.3484896328685 100
0 17 8.57328919276213 100
0 13 7.69494621420305 100
8 10 17.5672422272796 100
9 11 90.1346853560646 100
9 24 28.2957960015796 100
10 23 95.3463153855442 100
4 6 13.9101085242427 100
5 7 12.7977133555301 100
5 22 9.54991158945266 100
6 21 13.2043366478642 100
16 18 15.5542849795221 100
17 19 13.6052196125254 100
12 14 14.7884026642942 100
13 15 13.3810634046188 100
3 20 14.6284284916342 100
2 1 15.512693608377 100
2 8 9.32828939752957 100
2 4 9.11016756724693 100
20 0 15.5183692297779 100
1 16 8.58946251062386 100
1 12 7.47545900889886 100
20 9 11.4262834238799 100
20 5 11.3528477036399 100
0 17 8.5500039614632 100
0 13 7.67949809808992 100
8 10 17.5895579094953 100
9 11 90.7618961400098 100
9 24 29.8711853689495 100
10 23 94.8769702746498 100
4 6 13.9027692235121 100
5 7 12.8375347035921 100
5 22 9.67435336643081 100
6 21 13.2866884708084 100
16 18 15.5405784036106 100
17 19 13.5637839506893 100
12 14 14.8197576446129 100
13 15 13.3888363255796 100
3 20 14.6284284916342 100
2 1 15.512693608377 100
2 8 9.32828939752957 100
2 4 9.11016756724693 100
20 0 15.5183692297779 100
1 16 8.58946251062386 100
1 12 7.47545900889886 100
20 9 11.4262834238799 100
20 5 11.3528477036399 100
0 17 8.5500039614632 100
0 13 7.67949809808992 100
8 10 17.5895579094953 100
9 11 90.7618961400098 100
9 24 29.8711853689495 100
10 23 94.8769702746498 100
4 6 13.9027692235121 100
5 7 12.8375347035921 100
5 22 9.67435336643081 100
6 21 13.2866884708084 100
16 18 15.5405784036106 100
17 19 13.5637839506893 100
12 14 14.8197576446129 100
13 15 13.3888363255796 100
3 20 14.6284284916342 100
2 1 15.512693608377 100
2 8 9.32828939752957 100
2 4 9.11016756724693 100
20 0 15.5183692297779 100
1 16 8.58946251062386 100
1 12 7.47545900889886 100
20 9 11.4262834238799 100
20 5 11.3528477036399 100
0 17 8.5500039614632 100
0 13 7.67949809808992 100
8 10 17.5895579094953 100
9 11 90.7618961400098 100
9 24 29.8711853689495 100
10 23 94.8769702746498 100
4 6 13.9027692235121 100
5 7 12.8375347035921 100
5 22 9.67435336643081 100
6 21 13.2866884708084 100
16 18 15.5405784036106 100
17 19 13.5637839506893 100
12 14 14.8197576446129 100
13 15 13.3888363255796 100
3 20 14.5330447731877 100
2 1 15.400604558405 100
2 8 9.25789286616153 100
2 4 9.0428747159362 100
20 0 15.4063942316995 100
1 16 8.54615043279178 100
1 12 7.42666169804798 100
20 9 11.3023227427756 100
20 5 11.2717238108996 100
0 17 8.51111459875568 100
0 13 7.58038199625789 100
8 10 17.4692490351467 100
9 11 90.2440213867275 100
9 24 28.8432572905687 100
10 23 94.9000282474616 100
4 6 13.7974732279808 100
5 7 12.6982062430401 100
5 22 9.45677119637415 100
6 21 13.1000901543525 100
16 18 15.4293745987379 100
17 19 13.4169158280653 100
12 14 14.8520716000363 100
13 15 13.3768240935949 100
3 20 14.6047257298884 100
2 1 15.4557343727136 100
2 8 9.29161274118471 100
2 4 9.07889382247655 100
20 0 15.4590776427181 100
1 16 8.32557896379673 100
1 12 7.43820047125268 100
20 9 11.3495397486155 100
20 5 11.3158467964689 100
0 17 8.21680787419791 100
0 13 7.60733605876357 100
8 10 17.5607539865878 100
9 11 90.9105992533179 100
9 24 28.7963386735176 100
10 23 95.7492663315204 100
4 6 13.8440175178479 100
5 7 12.7597820451253 100
5 22 9.51566651928574 100
6 21 13.1633427291381 100
16 18 15.4987089733911 100
17 19 13.4665567651104 100
12 14 14.8005002929504 100
13 15 13.4002077352816 100
3 20 14.6047257298884 100
2 1 15.4557343727136 100
2 8 9.29161274118471 100
2 4 9.07889382247655 100
20 0 15.4590776427181 100
1 16 8.32557896379673 100
1 12 7.43820047125268 100
20 9 11.3495397486155 100
20 5 11.3158467964689 100
0 17 8.21680787419791 100
0 13 7.60733605876357 100
8 10 17.5607539865878 100
9 11 90.9105992533179 100
9 24 28.7963386735176 100
10 23 95.7492663315204 100
4 6 13.8440175178479 100
5 7 12.7597820451253 100
5 22 9.51566651928574 100
6 21 13.1633427291381 100
16 18 15.4987089733911 100
17 19 13.4665567651104 100
12 14 14.8005002929504 100
13 15 13.4002077352816 100
3 20 14.5947432758486 100
2 1 15.4551204450375 100
2 8 9.29178528699457 100
2 4 9.07657681591639 100
20 0 15.4584233101415 100
1 16 8.34280636798919 100
1 12 7.44244073560112 100
20 9 11.3670258827951 100
20 5 11.3173951350041 100
0 17 8.24096354786014 100
0 13 7.60358657652117 100
8 10 17.627143184628 100
9 11 90.8221913183869 100
9 24 28.6002646215132 100
10 23 94.8891542666288 100
4 6 13.8416933764965 100
5 7 12.7560496884354 100
5 22 9.76873872166988 100
6 21 13.1811641341699 100
16 18 15.500748753657 100
17 19 13.4579062277633 100
12 14 14.8754795432514 100
13 15 13.452037212632 100
3 20 14.5947432758486 100
2 1 15.4551204450375 100
2 8 9.29178528699457 100
2 4 9.07657681591639 100
20 0 15.4584233101415 100
1 16 8.34280636798919 100
1 12 7.44244073560112 100
20 9 11.3670258827951 100
20 5 11.3173951350041 100
0 17 8.24096354786014 100
0 13 7.60358657652117 100
8 10 17.627143184628 100
9 11 90.8221913183869 100
9 24 28.6002646215132 100
10 23 94.8891542666288 100
4 6 13.8416933764965 100
5 7 12.7560496884354 100
5 22 9.76873872166988 100
6 21 13.1811641341699 100
16 18 15.500748753657 100
17 19 13.4579062277633 100
12 14 14.8754795432514 100
13 15 13.452037212632 100
3 20 14.5799042111519 100
2 1 15.4536010361831 100
2 8 9.29232274551646 100
2 4 9.07534589117426 100
20 0 15.4611371757383 100
1 16 8.38518089893073 100
1 12 7.4489286944944 100
20 9 11.3926859355227 100
20 5 11.322805714058 100
0 17 8.34377291790767 100
0 13 7.64748667756448 100
8 10 17.701341311552 100
9 11 91.1035061334485 100
9 24 28.8890492837211 100
10 23 95.5772152239772 100
4 6 13.8336212668015 100
5 7 12.7454202775965 100
5 22 9.56323205284224 100
6 21 13.2155926276297 100
16 18 15.5025061856392 100
17 19 13.5378495434238 100
12 14 14.771337845276 100
13 15 13.431680563297 100
3 20 14.5799042111519 100
2 1 15.4536010361831 100
2 8 9.29232274551646 100
2 4 9.07534589117426 100
20 0 15.4611371757383 100
1 16 8.38518089893073 100
1 12 7.4489286944944 100
20 9 11.3926859355227 100
20 5 11.322805714058 100
0 17 8.34377291790767 100
0 13 7.64748667756448 100
8 10 17.701341311552 100
9 11 91.1035061334485 100
9 24 28.8890492837211 100
10 23 95.5772152239772 100
4 6 13.8336212668015 100
5 7 12.7454202775965 100
5 22 9.56323205284224 100
6 21 13.2155926276297 100
16 18 15.5025061856392 100
17 19 13.5378495434238 100
12 14 14.771337845276 100
13 15 13.431680563297 100
3 20 14.526885062585 100
2 1 15.3972654733651 100
2 8 9.2585204312957 100
2 4 9.03811870235716 100
20 0 15.4068504069914 100
1 16 8.37662051974378 100
1 12 7.42757141662622 100
20 9 11.3599273889954 100
20 5 11.2797363521329 100
0 17 8.28841194976653 100
0 13 7.56546270481314 100
8 10 17.5898984352952 100
9 11 90.8066647894261 100
9 24 28.7146220139965 100
10 23 95.1833983261616 100
4 6 13.7799119879733 100
5 7 12.7111158214476 100
5 22 9.47865488680162 100
6 21 13.1576210304858 100
16 18 15.462438430526 100
17 19 13.5109148319515 100
12 14 14.9357225066951 100
13 15 13.4403798121831 100
3 20 14.5161576176732 100
2 1 15.3979420212094 100
2 8 9.25865932997162 100
2 4 9.04068645688387 100
20 0 15.4077635702301 100
1 16 8.42714994524882 100
1 12 7.43745518036206 100
20 9 11.3749066482659 100
20 5 11.2820610707436 100
0 17 8.3799354115707 100
0 13 7.95616658747205 100
8 10 17.6129888078364 100
9 11 90.7582215837756 100
9 24 28.6580200262853 100
10 23 95.32148816999 100
4 6 13.7786228641371 100
5 7 12.7173209562142 100
5 22 9.50132498887103 100
6 21 13.1793478817849 100
16 18 15.4384661849448 100
17 19 13.6244243907247 100
12 14 14.7107974718228 100
13 15 13.2762635767569 100
3 20 14.6991969588265 100
2 1 15.568206355842 100
2 8 9.36019001001492 100
2 4 9.13792657974266 100
20 0 15.5774874468202 100
1 16 8.53393791599072 100
1 12 7.52477800677962 100
20 9 11.4497779741974 100
20 5 11.405285609378 100
0 17 8.44220999269839 100
0 13 7.67905898691008 100
8 10 17.6991182231322 100
9 11 91.8628655624201 100
9 24 28.619210529911 100
10 23 96.8617228033198 100
4 6 13.9334520935834 100
5 7 12.874973169228 100
5 22 12.1965177794542 100
6 21 13.3270343980725 100
16 18 15.6621788116342 100
17 19 13.7516306873888 100
12 14 14.9808390022916 100
13 15 13.5441343811225 100
3 20 14.6991969588265 100
2 1 15.568206355842 100
2 8 9.36019001001492 100
2 4 9.13792657974266 100
20 0 15.5774874468202 100
1 16 8.53393791599072 100
1 12 7.52477800677962 100
20 9 11.4497779741974 100
20 5 11.405285609378 100
0 17 8.44220999269839 100
0 13 7.67905898691008 100
8 10 17.6991182231322 100
9 11 91.8628655624201 100
9 24 28.619210529911 100
10 23 96.8617228033198 100
4 6 13.9334520935834 100
5 7 12.874973169228 100
5 22 12.1965177794542 100
6 21 13.3270343980725 100
16 18 15.6621788116342 100
17 19 13.7516306873888 100
12 14 14.9808390022916 100
13 15 13.5441343811225 100
3 20 14.6991969588265 100
2 1 15.568206355842 100
2 8 9.36019001001492 100
2 4 9.13792657974266 100
20 0 15.5774874468202 100
1 16 8.53393791599072 100
1 12 7.52477800677962 100
20 9 11.4497779741974 100
20 5 11.405285609378 100
0 17 8.44220999269839 100
0 13 7.67905898691008 100
8 10 17.6991182231322 100
9 11 91.8628655624201 100
9 24 28.619210529911 100
10 23 96.8617228033198 100
4 6 13.9334520935834 100
5 7 12.874973169228 100
5 22 12.1965177794542 100
6 21 13.3270343980725 100
16 18 15.6621788116342 100
17 19 13.7516306873888 100
12 14 14.9808390022916 100
13 15 13.5441343811225 100
3 20 14.6991969588265 100
2 1 15.568206355842 100
2 8 9.36019001001492 100
2 4 9.13792657974266 100
20 0 15.5774874468202 100
1 16 8.53393791599072 100
1 12 7.52477800677962 100
20 9 11.4497779741974 100
20 5 11.405285609378 100
0 17 8.44220999269839 100
0 13 7.67905898691008 100
8 10 17.6991182231322 100
9 11 91.8628655624201 100
9 24 28.619210529911 100
10 23 96.8617228033198 100
4 6 13.9334520935834 100
5 7 12.874973169228 100
5 22 12.1965177794542 100
6 21 13.3270343980725 100
16 18 15.6621788116342 100
17 19 13.7516306873888 100
12 14 14.9808390022916 100
13 15 13.5441343811225 100
3 20 14.6465933927497 100
2 1 15.5113593001075 100
2 8 9.32587781510352 100
2 4 9.10020591919797 100
20 0 15.5191096290682 100
1 16 8.51248685915941 100
1 12 7.5022888461785 100
20 9 11.4069539344969 100
20 5 11.362920738683 100
0 17 8.40966489358339 100
0 13 7.80991737448187 100
8 10 17.6631850714388 100
9 11 91.3922126767448 100
9 24 28.4797568123716 100
10 23 96.3655185859666 100
4 6 13.8775966440245 100
5 7 12.9669215650731 100
5 22 9.68796790042251 100
6 21 13.5300706493695 100
16 18 15.5972153409714 100
17 19 13.6310843734316 100
12 14 14.7596387281728 100
13 15 13.4100337726616 100
3 20 14.6465933927497 100
2 1 15.5113593001075 100
2 8 9.32587781510352 100
2 4 9.10020591919797 100
20 0 15.5191096290682 100
1 16 8.51248685915941 100
1 12 7.5022888461785 100
20 9 11.4069539344969 100
20 5 11.362920738683 100
0 17 8.40966489358339 100
0 13 7.80991737448187 100
8 10 17.6631850714388 100
9 11 91.3922126767448 100
9 24 28.4797568123716 100
10 23 96.3655185859666 100
4 6 13.8775966440245 100
5 7 12.9669215650731 100
5 22 9.68796790042251 100
6 21 13.5300706493695 100
16 18 15.5972153409714 100
17 19 13.6310843734316 100
12 14 14.7596387281728 100
13 15 13.4100337726616 100
3 20 14.6465933927497 100
2 1 15.5113593001075 100
2 8 9.32587781510352 100
2 4 9.10020591919797 100
20 0 15.5191096290682 100
1 16 8.51248685915941 100
1 12 7.5022888461785 100
20 9 11.4069539344969 100
20 5 11.362920738683 100
0 17 8.40966489358339 100
0 13 7.80991737448187 100
8 10 17.6631850714388 100
9 11 91.3922126767448 100
9 24 28.4797568123716 100
10 23 96.3655185859666 100
4 6 13.8775966440245 100
5 7 12.9669215650731 100
5 22 9.68796790042251 100
6 21 13.5300706493695 100
16 18 15.5972153409714 100
17 19 13.6310843734316 100
12 14 14.7596387281728 100
13 15 13.4100337726616 100
3 20 14.5839402331287 100
2 1 15.4548845907462 100
2 8 9.29242112763365 100
2 4 9.06631292627582 100
20 0 15.4616372720355 100
1 16 8.52723948946245 100
1 12 7.48743743141243 100
20 9 11.3417835118876 100
20 5 11.3245576145415 100
0 17 8.41890938545363 100
0 13 7.74158789994996 100
8 10 17.5360157964427 100
9 11 90.6828430554482 100
9 24 29.201112003555 100
10 23 94.8631498122111 100
4 6 13.8227615940929 100
5 7 12.7933886431722 100
5 22 10.3981918152895 100
6 21 13.2121941308431 100
16 18 15.5175851414322 100
17 19 13.4324870791223 100
12 14 14.728982754514 100
13 15 13.3926044592191 100
3 20 14.5839402331287 100
2 1 15.4548845907462 100
2 8 9.29242112763365 100
2 4 9.06631292627582 100
20 0 15.4616372720355 100
1 16 8.52723948946245 100
1 12 7.48743743141243 100
20 9 11.3417835118876 100
20 5 11.3245576145415 100
0 17 8.41890938545363 100
0 13 7.74158789994996 100
8 10 17.5360157964427 100
9 11 90.6828430554482 100
9 24 29.201112003555 100
10 23 94.8631498122111 100
4 6 13.8227615940929 100
5 7 12.7933886431722 100
5 22 10.3981918152895 100
6 21 13.2121941308431 100
16 18 15.5175851414322 100
17 19 13.4324870791223 100
12 14 14.728982754514 100
13 15 13.3926044592191 100
3 20 14.6323551847172 100
2 1 15.5119385046204 100
2 8 9.32661028008672 100
2 4 9.10217584653561 100
20 0 15.5171794087698 100
1 16 8.35272544544346 100
1 12 7.47076958358861 100
20 9 11.3837932007796 100
20 5 11.365691267686 100
0 17 8.13235886999636 100
0 13 7.63991115273012 100
8 10 17.5903072177093 100
9 11 89.3499115107196 100
9 24 42.3405908194557 100
10 23 93.9663838115771 100
4 6 13.8730782168031 100
5 7 12.8031861121812 100
5 22 9.74941146902679 100
6 21 13.2173384631453 100
16 18 15.5632381493815 100
17 19 13.5194684216258 100
12 14 14.8679068811248 100
13 15 13.7948155156782 100
3 20 14.6323551847172 100
2 1 15.5119385046204 100
2 8 9.32661028008672 100
2 4 9.10217584653561 100
20 0 15.5171794087698 100
1 16 8.35272544544346 100
1 12 7.47076958358861 100
20 9 11.3837932007796 100
20 5 11.365691267686 100
0 17 8.13235886999636 100
0 13 7.63991115273012 100
8 10 17.5903072177093 100
9 11 89.3499115107196 100
9 24 42.3405908194557 100
10 23 93.9663838115771 100
4 6 13.8730782168031 100
5 7 12.8031861121812 100
5 22 9.74941146902679 100
6 21 13.2173384631453 100
16 18 15.5632381493815 100
17 19 13.5194684216258 100
12 14 14.8679068811248 100
13 15 13.7948155156782 100
3 20 14.6323551847172 100
2 1 15.5119385046204 100
2 8 9.32661028008672 100
2 4 9.10217584653561 100
20 0 15.5171794087698 100
1 16 8.35272544544346 100
1 12 7.47076958358861 100
20 9 11.3837932007796 100
20 5 11.365691267686 100
0 17 8.13235886999636 100
0 13 7.63991115273012 100
8 10 17.5903072177093 100
9 11 89.3499115107196 100
9 24 42.3405908194557 100
10 23 93.9663838115771 100
4 6 13.8730782168031 100
5 7 12.8031861121812 100
5 22 9.74941146902679 100
6 21 13.2173384631453 100
16 18 15.5632381493815 100
17 19 13.5194684216258 100
12 14 14.8679068811248 100
13 15 13.7948155156782 100
3 20 14.567009021158 100
2 1 15.4542388499633 100
2 8 9.29350299016397 100
2 4 9.07412319467876 100
20 0 15.456874277799 100
1 16 8.26575627355681 100
1 12 7.43892873332711 100
20 9 11.3321629836882 100
20 5 11.3220572193961 100
0 17 7.99363544544081 100
0 13 7.58948566281198 100
8 10 17.5324990551067 100
9 11 87.3096573966295 100
9 24 38.3724447214176 100
10 23 91.7138150962283 100
4 6 13.8228454499424 100
5 7 13.2474040451514 100
5 22 9.85955912467217 100
6 21 13.9317206834086 100
16 18 15.4318442974958 100
17 19 13.4279820476348 100
12 14 14.8675337695351 100
13 15 13.8755613740351 100
3 20 14.567009021158 100
2 1 15.4542388499633 100
2 8 9.29350299016397 100
2 4 9.07412319467876 100
20 0 15.456874277799 100
1 16 8.26575627355681 100
1 12 7.43892873332711 100
20 9 11.3321629836882 100
20 5 11.3220572193961 100
0 17 7.99363544544081 100
0 13 7.58948566281198 100
8 10 17.5324990551067 100
9 11 87.3096573966295 100
9 24 38.3724447214176 100
10 23 91.7138150962283 100
4 6 13.8228454499424 100
5 7 13.2474040451514 100
5 22 9.85955912467217 100
6 21 13.9317206834086 100
16 18 15.4318442974958 100
17 19 13.4279820476348 100
12 14 14.8675337695351 100
13 15 13.8755613740351 100
3 20 14.5566836847076 100
2 1 15.454557991231 100
2 8 9.29470145729536 100
2 4 9.07186510586321 100
20 0 15.456555369112 100
1 16 8.25118257767493 100
1 12 7.45001113278915 100
20 9 11.3302834075023 100
20 5 11.319090372585 100
0 17 7.97874982907248 100
0 13 7.58760162759749 100
8 10 17.4253217290285 100
9 11 87.7821430543159 100
9 24 38.2800027229537 100
10 23 91.9213520609722 100
4 6 13.8268558258254 100
5 7 13.2517798854022 100
5 22 10.092806632351 100
6 21 14.3603426654141 100
16 18 15.4642445169925 100
17 19 13.4279641644853 100
12 14 14.7942834573889 100
13 15 13.7415496027114 100
3 20 14.5566836847076 100
2 1 15.454557991231 100
2 8 9.29470145729536 100
2 4 9.07186510586321 100
20 0 15.456555369112 100
1 16 8.25118257767493 100
1 12 7.45001113278915 100
20 9 11.3302834075023 100
20 5 11.319090372585 100
0 17 7.97874982907248 100
0 13 7.58760162759749 100
8 10 17.4253217290285 100
9 11 87.7821430543159 100
9 24 38.2800027229537 100
10 23 91.9213520609722 100
4 6 13.8268558258254 100
5 7 13.2517798854022 100
5 22 10.092806632351 100
6 21 14.3603426654141 100
16 18 15.4642445169925 100
17 19 13.4279641644853 100
12 14 14.7942834573889 100
13 15 13.7415496027114 100
3 20 14.538554451998 100
2 1 15.4548045219673 100
2 8 9.29276932375096 100
2 4 9.07744932972393 100
20 0 15.4563194307407 100
1 16 8.24828449593747 100
1 12 7.46248637838101 100
20 9 11.3502695382436 100
20 5 11.3253251832989 100
0 17 7.96694229248483 100
0 13 7.592461639322 100
8 10 17.2744537344761 100
9 11 86.5528038186258 100
9 24 43.9061293052406 100
10 23 90.0058187055561 100
4 6 13.8239345335942 100
5 7 13.591191490469 100
5 22 10.4102423629799 100
6 21 14.6099250404247 100
16 18 15.4765442585045 100
17 19 13.4283623338408 100
12 14 14.7331131099145 100
13 15 13.9356889673524 100
3 20 14.538554451998 100
2 1 15.4548045219673 100
2 8 9.29276932375096 100
2 4 9.07744932972393 100
20 0 15.4563194307407 100
1 16 8.24828449593747 100
1 12 7.46248637838101 100
20 9 11.3502695382436 100
20 5 11.3253251832989 100
0 17 7.96694229248483 100
0 13 7.592461639322 100
8 10 17.2744537344761 100
9 11 86.5528038186258 100
9 24 43.9061293052406 100
10 23 90.0058187055561 100
4 6 13.8239345335942 100
5 7 13.591191490469 100
5 22 10.4102423629799 100
6 21 14.6099250404247 100
16 18 15.4765442585045 100
17 19 13.4283623338408 100
12 14 14.7331131099145 100
13 15 13.9356889673524 100
3 20 14.5747813244572 100
2 1 15.512319491904 100
2 8 9.32811138774876 100
2 4 9.11134346184854 100
20 0 15.5137679139698 100
1 16 8.28557266271307 100
1 12 7.51729994990714 100
20 9 11.3839305997778 100
20 5 11.3678542303525 100
0 17 7.95382716948834 100
0 13 7.61687515540325 100
8 10 17.0893444438971 100
9 11 84.3094686293794 100
9 24 48.9389466318796 100
10 23 87.6723410682066 100
4 6 13.8789578357798 100
5 7 13.8002788942007 100
5 22 10.8211057469077 100
6 21 14.6325453686773 100
16 18 15.5305731115669 100
17 19 13.4780745009561 100
12 14 14.7664897478501 100
13 15 13.796531326533 100
3 20 14.5747813244572 100
2 1 15.512319491904 100
2 8 9.32811138774876 100
2 4 9.11134346184854 100
20 0 15.5137679139698 100
1 16 8.28557266271307 100
1 12 7.51729994990714 100
20 9 11.3839305997778 100
20 5 11.3678542303525 100
0 17 7.95382716948834 100
0 13 7.61687515540325 100
8 10 17.0893444438971 100
9 11 84.3094686293794 100
9 24 48.9389466318796 100
10 23 87.6723410682066 100
4 6 13.8789578357798 100
5 7 13.8002788942007 100
5 22 10.8211057469077 100
6 21 14.6325453686773 100
16 18 15.5305731115669 100
17 19 13.4780745009561 100
12 14 14.7664897478501 100
13 15 13.796531326533 100
3 20 14.5747813244572 100
2 1 15.512319491904 100
2 8 9.32811138774876 100
2 4 9.11134346184854 100
20 0 15.5137679139698 100
1 16 8.28557266271307 100
1 12 7.51729994990714 100
20 9 11.3839305997778 100
20 5 11.3678542303525 100
0 17 7.95382716948834 100
0 13 7.61687515540325 100
8 10 17.0893444438971 100
9 11 84.3094686293794 100
9 24 48.9389466318796 100
10 23 87.6723410682066 100
4 6 13.8789578357798 100
5 7 13.8002788942007 100
5 22 10.8211057469077 100
6 21 14.6325453686773 100
16 18 15.5305731115669 100
17 19 13.4780745009561 100
12 14 14.7664897478501 100
13 15 13.796531326533 100
3 20 14.4518262622995 100
2 1 15.4049087708665 100
2 8 9.2613326716796 100
2 4 9.04237049484859 100
20 0 15.4012097651175 100
1 16 8.25625922033984 100
1 12 7.50323484503289 100
20 9 11.3062387349755 100
20 5 11.2825810891465 100
0 17 7.89041039478425 100
0 13 7.5678903252312 100
8 10 16.7251666529209 100
9 11 80.7879562348947 100
9 24 49.3151168737381 100
10 23 84.0537874202874 100
4 6 13.7821248585704 100
5 7 13.6773058733391 100
5 22 10.2194566820643 100
6 21 14.2868108291789 100
16 18 15.4048472529881 100
17 19 13.3894287153777 100
12 14 14.6491504645201 100
13 15 13.6201406814778 100
3 20 14.5528197445795 100
2 1 15.5181922460398 100
2 8 9.33029407938995 100
2 4 9.11219170004049 100
20 0 15.5148644806564 100
1 16 8.40867820362564 100
1 12 7.66319038597105 100
20 9 11.3849884732089 100
20 5 11.3695418464871 100
0 17 8.00697965860513 100
0 13 7.90912147095072 100
8 10 16.7143448942835 100
9 11 81.0000127455872 100
9 24 48.1023126069689 100
10 23 82.4319683058679 100
4 6 13.8739268943779 100
5 7 13.3012093872614 100
5 22 10.4256868344047 100
6 21 13.8693152916486 100
16 18 15.5324318141631 100
17 19 13.5336292107513 100
12 14 15.0004147113379 100
13 15 14.049938801822 100
3 20 14.5528197445795 100
2 1 15.5181922460398 100
2 8 9.33029407938995 100
2 4 9.11219170004049 100
20 0 15.5148644806564 100
1 16 8.40867820362564 100
1 12 7.66319038597105 100
20 9 11.3849884732089 100
20 5 11.3695418464871 100
0 17 8.00697965860513 100
0 13 7.90912147095072 100
8 10 16.7143448942835 100
9 11 81.0000127455872 100
9 24 48.1023126069689 100
10 23 82.4319683058679 100
4 6 13.8739268943779 100
5 7 13.3012093872614 100
5 22 10.4256868344047 100
6 21 13.8693152916486 100
16 18 15.5324318141631 100
17 19 13.5336292107513 100
12 14 15.0004147113379 100
13 15 14.049938801822 100
3 20 14.5528197445795 100
2 1 15.5181922460398 100
2 8 9.33029407938995 100
2 4 9.11219170004049 100
20 0 15.5148644806564 100
1 16 8.40867820362564 100
1 12 7.66319038597105 100
20 9 11.3849884732089 100
20 5 11.3695418464871 100
0 17 8.00697965860513 100
0 13 7.90912147095072 100
8 10 16.7143448942835 100
9 11 81.0000127455872 100
9 24 48.1023126069689 100
10 23 82.4319683058679 100
4 6 13.8739268943779 100
5 7 13.3012093872614 100
5 22 10.4256868344047 100
6 21 13.8693152916486 100
16 18 15.5324318141631 100
17 19 13.5336292107513 100
12 14 15.0004147113379 100
13 15 14.049938801822 100
3 20 14.4386158055078 100
2 1 15.4068763564311 100
2 8 9.25974630701506 100
2 4 9.04558708885739 100
20 0 15.4015419186339 100
1 16 8.36108959520754 100
1 12 7.62979709833717 100
20 9 11.3311882232028 100
20 5 11.2824054659477 100
0 17 7.95674260967025 100
0 13 7.61047231913367 100
8 10 16.4180904535554 100
9 11 77.9345765961136 100
9 24 46.805731247525 100
10 23 78.4670344405121 100
4 6 13.7789430822637 100
5 7 13.3361774980397 100
5 22 10.0736894294089 100
6 21 14.0304646038252 100
16 18 15.4742691440187 100
17 19 13.8502961848602 100
12 14 14.653277772035 100
13 15 13.4080739649761 100
3 20 14.533305986722 100
2 1 15.5191911168737 100
2 8 9.32727058580604 100
2 4 9.10866826248632 100
20 0 15.5108020571219 100
1 16 8.47392825899131 100
1 12 7.71532639905337 100
20 9 11.446583048445 100
20 5 11.3643241766187 100
0 17 8.0679709679509 100
0 13 7.9174046654615 100
8 10 16.5049106142302 100
9 11 78.7977467838265 100
9 24 46.0720612771214 100
10 23 79.4024308422402 100
4 6 13.861707571684 100
5 7 12.8539100385254 100
5 22 10.1922544051989 100
6 21 13.214358192644 100
16 18 15.5845592660312 100
17 19 14.2867660039404 100
12 14 14.8760658508508 100
13 15 13.5311312411955 100
3 20 14.533305986722 100
2 1 15.5191911168737 100
2 8 9.32727058580604 100
2 4 9.10866826248632 100
20 0 15.5108020571219 100
1 16 8.47392825899131 100
1 12 7.71532639905337 100
20 9 11.446583048445 100
20 5 11.3643241766187 100
0 17 8.0679709679509 100
0 13 7.9174046654615 100
8 10 16.5049106142302 100
9 11 78.7977467838265 100
9 24 46.0720612771214 100
10 23 79.4024308422402 100
4 6 13.861707571684 100
5 7 12.8539100385254 100
5 22 10.1922544051989 100
6 21 13.214358192644 100
16 18 15.5845592660312 100
17 19 14.2867660039404 100
12 14 14.8760658508508 100
13 15 13.5311312411955 100
3 20 14.533305986722 100
2 1 15.5191911168737 100
2 8 9.32727058580604 100
2 4 9.10866826248632 100
20 0 15.5108020571219 100
1 16 8.47392825899131 100
1 12 7.71532639905337 100
20 9 11.446583048445 100
20 5 11.3643241766187 100
0 17 8.0679709679509 100
0 13 7.9174046654615 100
8 10 16.5049106142302 100
9 11 78.7977467838265 100
9 24 46.0720612771214 100
10 23 79.4024308422402 100
4 6 13.861707571684 100
5 7 12.8539100385254 100
5 22 10.1922544051989 100
6 21 13.214358192644 100
16 18 15.5845592660312 100
17 19 14.2867660039404 100
12 14 14.8760658508508 100
13 15 13.5311312411955 100
3 20 14.4226565943906 100
2 1 15.4064584957066 100
2 8 9.26010589299036 100
2 4 9.04164339541224 100
20 0 15.3959177866573 100
1 16 8.40314540377462 100
1 12 7.67369003479377 100
20 9 11.3683897298983 100
20 5 11.2785840626975 100
0 17 8.02709987694901 100
0 13 7.88605934661833 100
8 10 16.2795794717673 100
9 11 75.8545827001285 100
9 24 42.9857322875725 100
10 23 76.270982788486 100
4 6 13.7619369340458 100
5 7 12.9228419854213 100
5 22 9.61962994297521 100
6 21 13.4312703041914 100
16 18 15.4893432240023 100
17 19 13.8393193313464 100
12 14 14.7406681478436 100
13 15 13.4024624940444 100
3 20 14.4198260009834 100
2 1 15.4049130937512 100
2 8 9.25982701222684 100
2 4 9.04552825195652 100
20 0 15.3960164249177 100
1 16 8.37197549907711 100
1 12 7.65350439755631 100
20 9 11.3815494827291 100
20 5 11.2804634699559 100
0 17 7.97638893109262 100
0 13 7.83470387790728 100
8 10 16.208127070129 100
9 11 73.7906524769725 100
9 24 49.1276335200944 100
10 23 75.8301633885686 100
4 6 13.7615870132298 100
5 7 12.8189090187242 100
5 22 9.47055880127919 100
6 21 13.2005791963997 100
16 18 15.4445496982734 100
17 19 13.8016467218238 100
12 14 14.7025223145215 100
13 15 13.3227853655581 100
3 20 14.4181581430177 100
2 1 15.404735094127 100
2 8 9.26169574156526 100
2 4 9.04363527736375 100
20 0 15.397984664787 100
1 16 8.36134131748136 100
1 12 7.65370115372459 100
20 9 11.3814946499289 100
20 5 11.2810651085937 100
0 17 7.94072101944931 100
0 13 7.90493680389983 100
8 10 16.1005829016459 100
9 11 73.248446748617 100
9 24 33.2284517118048 100
10 23 76.0894270683583 100
4 6 13.7560379418201 100
5 7 12.6984115920903 100
5 22 9.6983708880223 100
6 21 13.1101622835457 100
16 18 15.4130829292269 100
17 19 13.779700639167 100
12 14 14.7476564245678 100
13 15 13.3251296634353 100
3 20 14.4674327010953 100
2 1 15.455116194755 100
2 8 9.29561295577874 100
2 4 9.06985882015793 100
20 0 15.450893304098 100
1 16 8.36437013150058 100
1 12 7.67555820759202 100
20 9 11.4391247225062 100
20 5 11.3190261692012 100
0 17 7.99404656354312 100
0 13 7.99719778048905 100
8 10 16.0573121926004 100
9 11 73.4074740517957 100
9 24 46.1979714590427 100
10 23 77.0852941861422 100
4 6 13.8057362756864 100
5 7 12.9538177233932 100
5 22 9.52429250106422 100
6 21 13.6867465048171 100
16 18 15.5048467615519 100
17 19 13.7439993902963 100
12 14 14.8013611432651 100
13 15 13.5334408434694 100
3 20 14.4674327010953 100
2 1 15.455116194755 100
2 8 9.29561295577874 100
2 4 9.06985882015793 100
20 0 15.450893304098 100
1 16 8.36437013150058 100
1 12 7.67555820759202 100
20 9 11.4391247225062 100
20 5 11.3190261692012 100
0 17 7.99404656354312 100
0 13 7.99719778048905 100
8 10 16.0573121926004 100
9 11 73.4074740517957 100
9 24 46.1979714590427 100
10 23 77.0852941861422 100
4 6 13.8057362756864 100
5 7 12.9538177233932 100
5 22 9.52429250106422 100
6 21 13.6867465048171 100
16 18 15.5048467615519 100
17 19 13.7439993902963 100
12 14 14.8013611432651 100
13 15 13.5334408434694 100
3 20 14.4036820888213 100
2 1 15.3945860685317 100
2 8 9.26083360597356 100
2 4 9.02647966258313 100
20 0 15.3935373218539 100
1 16 8.31058074034944 100
1 12 7.63877512521029 100
20 9 11.3836279201453 100
20 5 11.2721816124766 100
0 17 8.01879122727651 100
0 13 8.62504691794523 100
8 10 15.6330071602609 100
9 11 73.1605615154314 100
9 24 43.8236736385961 100
10 23 76.1114919123754 100
4 6 13.7561435453198 100
5 7 12.7116442044478 100
5 22 9.50383832277271 100
6 21 13.1024412552789 100
16 18 15.4533474125034 100
17 19 13.5778864205268 100
12 14 15.371082634796 100
13 15 13.8312767866489 100
3 20 14.4561313741093 100
2 1 15.4501028661388 100
2 8 9.30085045290558 100
2 4 9.04828694574027 100
20 0 15.4526127456023 100
1 16 8.3115462005842 100
1 12 7.63528519380513 100
20 9 11.4477830131072 100
20 5 11.3112827630249 100
0 17 8.07478824024651 100
0 13 8.95897469212812 100
8 10 15.6726862286669 100
9 11 73.5096364206322 100
9 24 48.4930638041101 100
10 23 77.1907039623629 100
4 6 13.8094812536817 100
5 7 12.7624791867458 100
5 22 10.8941866613967 100
6 21 13.1484630259683 100
16 18 15.4642802537983 100
17 19 13.6012713144227 100
12 14 15.7913083784892 100
13 15 14.0237480949398 100
3 20 14.4561313741093 100
2 1 15.4501028661388 100
2 8 9.30085045290558 100
2 4 9.04828694574027 100
20 0 15.4526127456023 100
1 16 8.3115462005842 100
1 12 7.63528519380513 100
20 9 11.4477830131072 100
20 5 11.3112827630249 100
0 17 8.07478824024651 100
0 13 8.95897469212812 100
8 10 15.6726862286669 100
9 11 73.5096364206322 100
9 24 48.4930638041101 100
10 23 77.1907039623629 100
4 6 13.8094812536817 100
5 7 12.7624791867458 100
5 22 10.8941866613967 100
6 21 13.1484630259683 100
16 18 15.4642802537983 100
17 19 13.6012713144227 100
12 14 15.7913083784892 100
13 15 14.0237480949398 100
3 20 14.4662614818386 100
2 1 15.4508862280144 100
2 8 9.30455570683738 100
2 4 9.04351031111843 100
20 0 15.4545854040379 100
1 16 8.33643901097121 100
1 12 7.66355009134068 100
20 9 11.43274417144 100
20 5 11.3071037254392 100
0 17 8.16198918037287 100
0 13 9.09374160752427 100
8 10 15.649027940705 100
9 11 73.4658539533091 100
9 24 60.40561930023 100
10 23 76.1325978923506 100
4 6 13.8132953510966 100
5 7 12.8265215893545 100
5 22 11.5015182369859 100
6 21 13.2476682748664 100
16 18 15.4243866037546 100
17 19 13.4702623843445 100
12 14 15.8734686648039 100
13 15 14.313933784179 100
3 20 14.4662614818386 100
2 1 15.4508862280144 100
2 8 9.30455570683738 100
2 4 9.04351031111843 100
20 0 15.4545854040379 100
1 16 8.33643901097121 100
1 12 7.66355009134068 100
20 9 11.43274417144 100
20 5 11.3071037254392 100
0 17 8.16198918037287 100
0 13 9.09374160752427 100
8 10 15.649027940705 100
9 11 73.4658539533091 100
9 24 60.40561930023 100
10 23 76.1325978923506 100
4 6 13.8132953510966 100
5 7 12.8265215893545 100
5 22 11.5015182369859 100
6 21 13.2476682748664 100
16 18 15.4243866037546 100
17 19 13.4702623843445 100
12 14 15.8734686648039 100
13 15 14.313933784179 100
3 20 14.4616485085697 100
2 1 15.4508189132729 100
2 8 9.30492556902769 100
2 4 9.03984312249301 100
20 0 15.4552635483157 100
1 16 8.2629840963141 100
1 12 7.56628392705939 100
20 9 11.454544203305 100
20 5 11.304891149428 100
0 17 7.99950988199527 100
0 13 8.22098849359352 100
8 10 16.0655682995557 100
9 11 75.5051347471952 100
9 24 40.5581827534649 100
10 23 76.1699852953256 100
4 6 13.8166799784038 100
5 7 12.9455369876288 100
5 22 9.7336523261642 100
6 21 13.2972869173132 100
16 18 15.3620930303724 100
17 19 13.4336168343614 100
12 14 14.9719492532134 100
13 15 13.7265903979542 100
3 20 14.4616485085697 100
2 1 15.4508189132729 100
2 8 9.30492556902769 100
2 4 9.03984312249301 100
20 0 15.4552635483157 100
1 16 8.2629840963141 100
1 12 7.56628392705939 100
20 9 11.454544203305 100
20 5 11.304891149428 100
0 17 7.99950988199527 100
0 13 8.22098849359352 100
8 10 16.0655682995557 100
9 11 75.5051347471952 100
9 24 40.5581827534649 100
10 23 76.1699852953256 100
4 6 13.8166799784038 100
5 7 12.9455369876288 100
5 22 9.7336523261642 100
6 21 13.2972869173132 100
16 18 15.3620930303724 100
17 19 13.4336168343614 100
12 14 14.9719492532134 100
13 15 13.7265903979542 100
3 20 14.4001035110725 100
2 1 15.3940934829889 100
2 8 9.27227606429294 100
2 4 9.00584440025093 100
20 0 15.4000647044921 100
1 16 8.22319845784196 100
1 12 7.55152375979114 100
20 9 11.4222016867972 100
20 5 11.2620700302705 100
0 17 8.01719850123474 100
0 13 8.06262078498598 100
8 10 17.1286957877148 100
9 11 162.671029611778 100
9 24 40.9326037511499 100
10 23 167.69986420277 100
4 6 13.7700095235444 100
5 7 12.6979518919068 100
5 22 9.68922970436213 100
6 21 13.1019630965491 100
16 18 15.3087802530139 100
17 19 13.3854897673029 100
12 14 14.7758873141521 100
13 15 13.5501544845856 100
3 20 14.4528605715365 100
2 1 15.4525698835215 100
2 8 9.32153675808512 100
2 4 9.03786240623062 100
20 0 15.4565348735648 100
1 16 8.25110657577155 100
1 12 7.58479729911916 100
20 9 11.4156229700238 100
20 5 11.3015980282483 100
0 17 7.96851857814748 100
0 13 8.08563587075362 100
8 10 17.1056355859813 100
9 11 162.671029611778 100
9 24 32.8983946632268 100
10 23 167.69986420277 100
4 6 13.809884115938 100
5 7 12.8099432018307 100
5 22 10.0966745509287 100
6 21 13.1535880822527 100
16 18 15.3680384727821 100
17 19 13.4657581035928 100
12 14 14.8261291077571 100
13 15 13.4511789589265 100
3 20 14.4528605715365 100
2 1 15.4525698835215 100
2 8 9.32153675808512 100
2 4 9.03786240623062 100
20 0 15.4565348735648 100
1 16 8.25110657577155 100
1 12 7.58479729911916 100
20 9 11.4156229700238 100
20 5 11.3015980282483 100
0 17 7.96851857814748 100
0 13 8.08563587075362 100
8 10 17.1056355859813 100
9 11 162.671029611778 100
9 24 32.8983946632268 100
10 23 167.69986420277 100
4 6 13.809884115938 100
5 7 12.8099432018307 100
5 22 10.0966745509287 100
6 21 13.1535880822527 100
16 18 15.3680384727821 100
17 19 13.4657581035928 100
12 14 14.8261291077571 100
13 15 13.4511789589265 100
3 20 14.4044316589435 100
2 1 15.3980982263815 100
2 8 9.31033131204028 100
2 4 9.00261151908814 100
20 0 15.401724374283 100
1 16 8.22048354866069 100
1 12 7.54966837028886 100
20 9 11.3122084558252 100
20 5 11.2589610122361 100
0 17 7.9532646710511 100
0 13 7.86685414164492 100
8 10 17.1066698626559 100
9 11 162.671029611778 100
9 24 38.2980104673204 100
10 23 167.69986420277 100
4 6 13.7596296524578 100
5 7 14.7741081518083 100
5 22 9.92543935817318 100
6 21 17.2594114346103 100
16 18 15.3053261579172 100
17 19 13.415847156467 100
12 14 14.6607705939915 100
13 15 13.2807840558233 100
3 20 169.583777435938 100
2 1 180.905722853039 100
2 8 108.629590478099 100
2 4 105.936832254215 100
20 0 180.928168877542 100
1 16 95.883217464745 100
1 12 86.3513573255661 100
20 9 124.908894504648 100
20 5 132.414236924856 100
0 17 90.6382966206256 100
0 13 87.1541643862223 100
8 10 165.218366276659 100
9 11 162.671029611778 100
9 24 141.854258506288 100
10 23 167.69986420277 100
4 6 161.981927317336 100
5 7 144.619246813054 100
5 22 104.553667346142 100
6 21 147.665442874599 100
16 18 179.846098651618 100
17 19 157.11526990485 100
12 14 171.616844662791 100
13 15 155.160562887282 100
3 20 14.4045589090868 100
2 1 15.3957085501808 100
2 8 9.34830097559932 100
2 4 8.99787211513767 100
20 0 15.3997556036848 100
1 16 8.33230222456607 100
1 12 7.43807215591898 100
20 9 11.2852324999148 100
20 5 11.2548120282094 100
0 17 7.88752056330478 100
0 13 7.70048481149712 100
8 10 17.0630451674122 100
9 11 162.671029611778 100
9 24 31.5369998617157 100
10 23 167.69986420277 100
4 6 13.7695837814311 100
5 7 13.2120311518482 100
5 22 9.65017010593423 100
6 21 13.8276634274975 100
16 18 15.2995647816257 100
17 19 13.5514681447679 100
12 14 14.6534976364771 100
13 15 13.310871334981 100
3 20 14.4080478200719 100
2 1 15.3954964639574 100
2 8 9.36416457448488 100
2 4 8.99625660177123 100
20 0 15.4026928834657 100
1 16 8.28341938284902 100
1 12 7.46419348697135 100
20 9 11.2174604618326 100
20 5 11.2505447608791 100
0 17 7.92155273798251 100
0 13 7.7371517702366 100
8 10 17.4007540722675 100
9 11 162.671029611778 100
9 24 31.0369060557038 100
10 23 167.69986420277 100
4 6 13.7791593698918 100
5 7 13.0301291366309 100
5 22 9.4787168764695 100
6 21 13.5607520992249 100
16 18 15.3022024987539 100
17 19 13.5122332036265 100
12 14 14.6501221736317 100
13 15 13.3187373055898 100
3 20 14.4602662691407 100
2 1 15.452908477208 100
2 8 9.41915435571035 100
2 4 9.0282534107569 100
20 0 15.4601438297598 100
1 16 8.2526609204897 100
1 12 7.51777377714782 100
20 9 11.2519770470478 100
20 5 11.2922162490983 100
0 17 8.07667104133408 100
0 13 7.68140692884683 100
8 10 16.9373330068318 100
9 11 162.671029611778 100
9 24 39.0841654512528 100
10 23 167.69986420277 100
4 6 13.8352796406406 100
5 7 12.938637737198 100
5 22 9.49446340099127 100
6 21 13.3504809198681 100
16 18 15.3590538766015 100
17 19 13.47270056982 100
12 14 14.7527762724388 100
13 15 13.4260975969761 100
3 20 14.4602662691407 100
2 1 15.452908477208 100
2 8 9.41915435571035 100
2 4 9.0282534107569 100
20 0 15.4601438297598 100
1 16 8.2526609204897 100
1 12 7.51777377714782 100
20 9 11.2519770470478 100
20 5 11.2922162490983 100
0 17 8.07667104133408 100
0 13 7.68140692884683 100
8 10 16.9373330068318 100
9 11 162.671029611778 100
9 24 39.0841654512528 100
10 23 167.69986420277 100
4 6 13.8352796406406 100
5 7 12.938637737198 100
5 22 9.49446340099127 100
6 21 13.3504809198681 100
16 18 15.3590538766015 100
17 19 13.47270056982 100
12 14 14.7527762724388 100
13 15 13.4260975969761 100
3 20 14.4084728431538 100
2 1 15.3973157616626 100
2 8 9.39321517088776 100
2 4 8.99389952790247 100
20 0 15.4054216560633 100
1 16 8.21881407276312 100
1 12 7.7039988407596 100
20 9 11.2066585442594 100
20 5 11.2496166894824 100
0 17 8.14072233234737 100
0 13 7.94632307789049 100
8 10 17.6328817291755 100
9 11 162.671029611778 100
9 24 32.6734171882769 100
10 23 167.69986420277 100
4 6 13.7862427539943 100
5 7 13.1578096809671 100
5 22 10.3314424629859 100
6 21 13.452125289107 100
16 18 15.3034731463032 100
17 19 13.4363744407397 100
12 14 14.6795619008069 100
13 15 13.4147017333443 100
3 20 14.5089959463813 100
2 1 15.5102463052379 100
2 8 9.47495584890819 100
2 4 9.06036825899604 100
20 0 15.5195785283236 100
1 16 8.28073325042652 100
1 12 7.74784395889061 100
20 9 11.2888192518352 100
20 5 11.3344526417149 100
0 17 8.22416224367239 100
0 13 8.10074151643369 100
8 10 17.7642743080453 100
9 11 162.671029611778 100
9 24 31.6721579132191 100
10 23 167.69986420277 100
4 6 13.8844770644386 100
5 7 13.3396413625008 100
5 22 9.60413108712449 100
6 21 13.8610082532944 100
16 18 15.4207580134348 100
17 19 13.5222018670997 100
12 14 14.7589745802683 100
13 15 13.3808028915821 100
3 20 14.5089959463813 100
2 1 15.5102463052379 100
2 8 9.47495584890819 100
2 4 9.06036825899604 100
20 0 15.5195785283236 100
1 16 8.28073325042652 100
1 12 7.74784395889061 100
20 9 11.2888192518352 100
20 5 11.3344526417149 100
0 17 8.22416224367239 100
0 13 8.10074151643369 100
8 10 17.7642743080453 100
9 11 162.671029611778 100
9 24 31.6721579132191 100
10 23 167.69986420277 100
4 6 13.8844770644386 100
5 7 13.3396413625008 100
5 22 9.60413108712449 100
6 21 13.8610082532944 100
16 18 15.4207580134348 100
17 19 13.5222018670997 100
12 14 14.7589745802683 100
13 15 13.3808028915821 100
3 20 14.5089959463813 100
2 1 15.5102463052379 100
2 8 9.47495584890819 100
2 4 9.06036825899604 100
20 0 15.5195785283236 100
1 16 8.28073325042652 100
1 12 7.74784395889061 100
20 9 11.2888192518352 100
20 5 11.3344526417149 100
0 17 8.22416224367239 100
0 13 8.10074151643369 100
8 10 17.7642743080453 100
9 11 162.671029611778 100
9 24 31.6721579132191 100
10 23 167.69986420277 100
4 6 13.8844770644386 100
5 7 13.3396413625008 100
5 22 9.60413108712449 100
6 21 13.8610082532944 100
16 18 15.4207580134348 100
17 19 13.5222018670997 100
12 14 14.7589745802683 100
13 15 13.3808028915821 100
3 20 14.4588352881073 100
2 1 15.4546615560123 100
2 8 9.48771383041107 100
2 4 9.02686757526067 100
20 0 15.4627511761028 100
1 16 8.27117940063693 100
1 12 7.72225605196373 100
20 9 11.2764673063009 100
20 5 11.2968250308508 100
0 17 8.34213082543102 100
0 13 8.2732304532766 100
8 10 17.9395000559778 100
9 11 162.671029611778 100
9 24 39.6990458287178 100
10 23 167.69986420277 100
4 6 13.8378255043405 100
5 7 13.1493282902593 100
5 22 9.85399098014683 100
6 21 13.7620679071421 100
16 18 15.3770873177456 100
17 19 13.4502695462172 100
12 14 14.7302479443211 100
13 15 13.3270765325071 100
3 20 14.4588352881073 100
2 1 15.4546615560123 100
2 8 9.48771383041107 100
2 4 9.02686757526067 100
20 0 15.4627511761028 100
1 16 8.27117940063693 100
1 12 7.72225605196373 100
20 9 11.2764673063009 100
20 5 11.2968250308508 100
0 17 8.34213082543102 100
0 13 8.2732304532766 100
8 10 17.9395000559778 100
9 11 162.671029611778 100
9 24 39.6990458287178 100
10 23 167.69986420277 100
4 6 13.8378255043405 100
5 7 13.1493282902593 100
5 22 9.85399098014683 100
6 21 13.7620679071421 100
16 18 15.3770873177456 100
17 19 13.4502695462172 100
12 14 14.7302479443211 100
13 15 13.3270765325071 100
3 20 14.4208973224265 100
2 1 15.3932956450302 100
2 8 9.46935921590206 100
2 4 8.9943805027744 100
20 0 15.4047637257402 100
1 16 8.22609437258918 100
1 12 7.45308356343998 100
20 9 14.6332698508451 100
20 5 11.258045211462 100
0 17 8.1110080469287 100
0 13 7.82125805978446 100
8 10 27.0429174022848 100
9 11 162.671029611778 100
9 24 28.4921110703725 100
10 23 167.69986420277 100
4 6 13.7958263245387 100
5 7 13.150413356093 100
5 22 9.45675899295949 100
6 21 13.567947125207 100
16 18 15.3338347026992 100
17 19 13.4157471996821 100
12 14 14.6525371335194 100
13 15 13.280648200244 100
3 20 14.4233060540984 100
2 1 15.3938745487788 100
2 8 9.46941635903836 100
2 4 8.99458619654105 100
20 0 15.4050958294653 100
1 16 8.23110969136862 100
1 12 7.44959848688111 100
20 9 11.2242979552273 100
20 5 11.2589147593752 100
0 17 8.08326652978595 100
0 13 7.83096285006353 100
8 10 18.0171421305317 100
9 11 162.671029611778 100
9 24 34.1062453935979 100
10 23 167.69986420277 100
4 6 13.802142996873 100
5 7 14.0169222031221 100
5 22 9.59914106294427 100
6 21 15.0553023136414 100
16 18 15.3339158757269 100
17 19 13.4046145923549 100
12 14 14.6617527749705 100
13 15 13.2759112270078 100
3 20 14.5249340973758 100
2 1 15.5061161192154 100
2 8 9.54059091371594 100
2 4 9.0598411691953 100
20 0 15.5201284208635 100
1 16 8.28451755378491 100
1 12 7.52622391706369 100
20 9 11.3101242918817 100
20 5 11.3406392746972 100
0 17 8.20244128330357 100
0 13 7.89277239903613 100
8 10 18.189695634852 100
9 11 162.671029611778 100
9 24 36.8141112548792 100
10 23 167.69986420277 100
4 6 13.9064292828619 100
5 7 13.8280363244374 100
5 22 9.80093073134591 100
6 21 14.6787222862886 100
16 18 15.4212597959158 100
17 19 13.5768223161149 100
12 14 14.7587906618874 100
13 15 13.3753515640372 100
3 20 14.5249340973758 100
2 1 15.5061161192154 100
2 8 9.54059091371594 100
2 4 9.0598411691953 100
20 0 15.5201284208635 100
1 16 8.28451755378491 100
1 12 7.52622391706369 100
20 9 11.3101242918817 100
20 5 11.3406392746972 100
0 17 8.20244128330357 100
0 13 7.89277239903613 100
8 10 18.189695634852 100
9 11 162.671029611778 100
9 24 36.8141112548792 100
10 23 167.69986420277 100
4 6 13.9064292828619 100
5 7 13.8280363244374 100
5 22 9.80093073134591 100
6 21 14.6787222862886 100
16 18 15.4212597959158 100
17 19 13.5768223161149 100
12 14 14.7587906618874 100
13 15 13.3753515640372 100
3 20 14.5249340973758 100
2 1 15.5061161192154 100
2 8 9.54059091371594 100
2 4 9.0598411691953 100
20 0 15.5201284208635 100
1 16 8.28451755378491 100
1 12 7.52622391706369 100
20 9 11.3101242918817 100
20 5 11.3406392746972 100
0 17 8.20244128330357 100
0 13 7.89277239903613 100
8 10 18.189695634852 100
9 11 162.671029611778 100
9 24 36.8141112548792 100
10 23 167.69986420277 100
4 6 13.9064292828619 100
5 7 13.8280363244374 100
5 22 9.80093073134591 100
6 21 14.6787222862886 100
16 18 15.4212597959158 100
17 19 13.5768223161149 100
12 14 14.7587906618874 100
13 15 13.3753515640372 100
3 20 14.5799820534562 100
2 1 15.5636414255076 100
2 8 9.5856368335641 100
2 4 9.09299834137015 100
20 0 15.5775104914258 100
1 16 8.40567264687059 100
1 12 7.50184559479261 100
20 9 11.3600234057832 100
20 5 11.383169630135 100
0 17 8.04787389001031 100
0 13 7.69024856413113 100
8 10 18.1399546167581 100
9 11 162.671029611778 100
9 24 33.1987094529396 100
10 23 167.69986420277 100
4 6 13.959924191275 100
5 7 13.8172772712513 100
5 22 10.0638589684079 100
6 21 14.7085644713003 100
16 18 15.4752805271816 100
17 19 13.6462875964606 100
12 14 14.8162998889198 100
13 15 13.4231829725143 100
3 20 14.5799820534562 100
2 1 15.5636414255076 100
2 8 9.5856368335641 100
2 4 9.09299834137015 100
20 0 15.5775104914258 100
1 16 8.40567264687059 100
1 12 7.50184559479261 100
20 9 11.3600234057832 100
20 5 11.383169630135 100
0 17 8.04787389001031 100
0 13 7.69024856413113 100
8 10 18.1399546167581 100
9 11 162.671029611778 100
9 24 33.1987094529396 100
10 23 167.69986420277 100
4 6 13.959924191275 100
5 7 13.8172772712513 100
5 22 10.0638589684079 100
6 21 14.7085644713003 100
16 18 15.4752805271816 100
17 19 13.6462875964606 100
12 14 14.8162998889198 100
13 15 13.4231829725143 100
3 20 14.5799820534562 100
2 1 15.5636414255076 100
2 8 9.5856368335641 100
2 4 9.09299834137015 100
20 0 15.5775104914258 100
1 16 8.40567264687059 100
1 12 7.50184559479261 100
20 9 11.3600234057832 100
20 5 11.383169630135 100
0 17 8.04787389001031 100
0 13 7.69024856413113 100
8 10 18.1399546167581 100
9 11 162.671029611778 100
9 24 33.1987094529396 100
10 23 167.69986420277 100
4 6 13.959924191275 100
5 7 13.8172772712513 100
5 22 10.0638589684079 100
6 21 14.7085644713003 100
16 18 15.4752805271816 100
17 19 13.6462875964606 100
12 14 14.8162998889198 100
13 15 13.4231829725143 100
3 20 14.5799820534562 100
2 1 15.5636414255076 100
2 8 9.5856368335641 100
2 4 9.09299834137015 100
20 0 15.5775104914258 100
1 16 8.40567264687059 100
1 12 7.50184559479261 100
20 9 11.3600234057832 100
20 5 11.383169630135 100
0 17 8.04787389001031 100
0 13 7.69024856413113 100
8 10 18.1399546167581 100
9 11 162.671029611778 100
9 24 33.1987094529396 100
10 23 167.69986420277 100
4 6 13.959924191275 100
5 7 13.8172772712513 100
5 22 10.0638589684079 100
6 21 14.7085644713003 100
16 18 15.4752805271816 100
17 19 13.6462875964606 100
12 14 14.8162998889198 100
13 15 13.4231829725143 100
3 20 14.5713171627167 100
2 1 15.5634760880834 100
2 8 9.60005545415321 100
2 4 9.0924660888767 100
20 0 15.5772400066957 100
1 16 8.56077804715123 100
1 12 7.61215865948556 100
20 9 11.3640548124351 100
20 5 11.3827062367083 100
0 17 7.9802903192218 100
0 13 7.64337410205192 100
8 10 18.0011624309406 100
9 11 162.671029611778 100
9 24 36.8846063357623 100
10 23 167.69986420277 100
4 6 13.9631837839897 100
5 7 13.2112935489539 100
5 22 10.0374993516864 100
6 21 13.731198244002 100
16 18 15.4831662513533 100
17 19 13.6102706597994 100
12 14 14.8297829142352 100
13 15 13.5077818145383 100
3 20 14.5713171627167 100
2 1 15.5634760880834 100
2 8 9.60005545415321 100
2 4 9.0924660888767 100
20 0 15.5772400066957 100
1 16 8.56077804715123 100
1 12 7.61215865948556 100
20 9 11.3640548124351 100
20 5 11.3827062367083 100
0 17 7.9802903192218 100
0 13 7.64337410205192 100
8 10 18.0011624309406 100
9 11 162.671029611778 100
9 24 36.8846063357623 100
10 23 167.69986420277 100
4 6 13.9631837839897 100
5 7 13.2112935489539 100
5 22 10.0374993516864 100
6 21 13.731198244002 100
16 18 15.4831662513533 100
17 19 13.6102706597994 100
12 14 14.8297829142352 100
13 15 13.5077818145383 100
3 20 14.5713171627167 100
2 1 15.5634760880834 100
2 8 9.60005545415321 100
2 4 9.0924660888767 100
20 0 15.5772400066957 100
1 16 8.56077804715123 100
1 12 7.61215865948556 100
20 9 11.3640548124351 100
20 5 11.3827062367083 100
0 17 7.9802903192218 100
0 13 7.64337410205192 100
8 10 18.0011624309406 100
9 11 162.671029611778 100
9 24 36.8846063357623 100
10 23 167.69986420277 100
4 6 13.9631837839897 100
5 7 13.2112935489539 100
5 22 10.0374993516864 100
6 21 13.731198244002 100
16 18 15.4831662513533 100
17 19 13.6102706597994 100
12 14 14.8297829142352 100
13 15 13.5077818145383 100
3 20 14.5713171627167 100
2 1 15.5634760880834 100
2 8 9.60005545415321 100
2 4 9.0924660888767 100
20 0 15.5772400066957 100
1 16 8.56077804715123 100
1 12 7.61215865948556 100
20 9 11.3640548124351 100
20 5 11.3827062367083 100
0 17 7.9802903192218 100
0 13 7.64337410205192 100
8 10 18.0011624309406 100
9 11 162.671029611778 100
9 24 36.8846063357623 100
10 23 167.69986420277 100
4 6 13.9631837839897 100
5 7 13.2112935489539 100
5 22 10.0374993516864 100
6 21 13.731198244002 100
16 18 15.4831662513533 100
17 19 13.6102706597994 100
12 14 14.8297829142352 100
13 15 13.5077818145383 100
3 20 14.4560718575447 100
2 1 15.4496156283497 100
2 8 9.53576096166063 100
2 4 9.02571072146641 100
20 0 15.4631112469718 100
1 16 8.55211085886579 100
1 12 7.57788781977599 100
20 9 11.2850774022522 100
20 5 11.2968786406701 100
0 17 7.91356226658382 100
0 13 7.82323772660904 100
8 10 17.9016879183417 100
9 11 162.671029611778 100
9 24 30.6019666069175 100
10 23 167.69986420277 100
4 6 13.869443666201 100
5 7 13.1425625870569 100
5 22 9.87748825868904 100
6 21 13.6725299917935 100
16 18 15.3767526807831 100
17 19 13.6647807388414 100
12 14 15.4695190963901 100
13 15 13.3384033406683 100
3 20 14.4560718575447 100
2 1 15.4496156283497 100
2 8 9.53576096166063 100
2 4 9.02571072146641 100
20 0 15.4631112469718 100
1 16 8.55211085886579 100
1 12 7.57788781977599 100
20 9 11.2850774022522 100
20 5 11.2968786406701 100
0 17 7.91356226658382 100
0 13 7.82323772660904 100
8 10 17.9016879183417 100
9 11 162.671029611778 100
9 24 30.6019666069175 100
10 23 167.69986420277 100
4 6 13.869443666201 100
5 7 13.1425625870569 100
5 22 9.87748825868904 100
6 21 13.6725299917935 100
16 18 15.3767526807831 100
17 19 13.6647807388414 100
12 14 15.4695190963901 100
13 15 13.3384033406683 100
3 20 14.4026877013191 100
2 1 15.3954629524494 100
2 8 9.51546627266786 100
2 4 8.99350580268984 100
20 0 15.4039008926528 100
1 16 8.4670347400327 100
1 12 7.51676999556075 100
20 9 11.2528549879577 100
20 5 11.2592771669091 100
0 17 7.88617964280018 100
0 13 7.90795745952739 100
8 10 17.8962989838396 100
9 11 162.671029611778 100
9 24 32.3307439381895 100
10 23 167.69986420277 100
4 6 13.8155015470798 100
5 7 12.9755224514703 100
5 22 9.73797217759739 100
6 21 13.5769485441592 100
16 18 15.3221903933956 100
17 19 13.531406206457 100
12 14 15.6547611437897 100
13 15 13.4220369911351 100
3 20 14.3999329498521 100
2 1 15.3959664513617 100
2 8 9.52788050534303 100
2 4 8.99324428749667 100
20 0 15.4042039485039 100
1 16 8.5980650779666 100
1 12 7.6142503596101 100
20 9 11.2599826430641 100
20 5 11.2575403538149 100
0 17 7.87876400275384 100
0 13 7.74004795878748 100
8 10 17.9204950161055 100
9 11 162.671029611778 100
9 24 32.0080889801126 100
10 23 167.69986420277 100
4 6 13.8223090269153 100
5 7 12.8345445224566 100
5 22 9.76256144601054 100
6 21 13.3744688590322 100
16 18 15.3266456322802 100
17 19 13.5120345839171 100
12 14 15.5328910092826 100
13 15 13.3103921712373 100
3 20 14.3994531936851 100
2 1 15.4005470379288 100
2 8 9.57426644113 100
2 4 8.99397195895977 100
20 0 15.4022046464943 100
1 16 8.50781017102397 100
1 12 7.55987309580554 100
20 9 11.2725424215076 100
20 5 11.2680797887591 100
0 17 7.88090623208222 100
0 13 7.60555181681492 100
8 10 17.8922265405275 100
9 11 162.671029611778 100
9 24 31.2792058691656 100
10 23 167.69986420277 100
4 6 13.8326330519259 100
5 7 12.7488128022683 100
5 22 9.45382494224291 100
6 21 13.2317535630643 100
16 18 15.3221670945734 100
17 19 13.524880613123 100
12 14 14.9219615424479 100
13 15 13.2756142261838 100
3 20 14.3993250704147 100
2 1 15.4009022812865 100
2 8 9.57940740414055 100
2 4 8.99345453962421 100
20 0 15.4018472662376 100
1 16 8.46798627318838 100
1 12 7.49309037912872 100
20 9 11.2754787092954 100
20 5 11.265454469977 100
0 17 7.88850078826002 100
0 13 7.63886379265861 100
8 10 17.83762105218 100
9 11 162.671029611778 100
9 24 33.0982248313849 100
10 23 167.69986420277 100
4 6 13.8343369751284 100
5 7 12.8095851360558 100
5 22 9.78393785965114 100
6 21 13.3110042935238 100
16 18 15.3296829761701 100
17 19 13.5090131659291 100
12 14 14.7792644752093 100
13 15 13.5039796217914 100
3 20 14.4528595867708 100
2 1 15.4575565679776 100
2 8 9.61958043812559 100
2 4 9.02564822617741 100
20 0 15.4580655506681 100
1 16 8.66517498175918 100
1 12 7.59670827382864 100
20 9 11.3208447399971 100
20 5 11.3036780282871 100
0 17 7.90887755905652 100
0 13 7.67860965081093 100
8 10 17.8956356463461 100
9 11 162.671029611778 100
9 24 31.5360245975291 100
10 23 167.69986420277 100
4 6 13.8893493008244 100
5 7 12.7671152955717 100
5 22 9.52996967455245 100
6 21 13.2206401664213 100
16 18 15.3887214719179 100
17 19 13.4566907534518 100
12 14 14.7563312441413 100
13 15 13.4044331017314 100
3 20 14.4528595867708 100
2 1 15.4575565679776 100
2 8 9.61958043812559 100
2 4 9.02564822617741 100
20 0 15.4580655506681 100
1 16 8.66517498175918 100
1 12 7.59670827382864 100
20 9 11.3208447399971 100
20 5 11.3036780282871 100
0 17 7.90887755905652 100
0 13 7.67860965081093 100
8 10 17.8956356463461 100
9 11 162.671029611778 100
9 24 31.5360245975291 100
10 23 167.69986420277 100
4 6 13.8893493008244 100
5 7 12.7671152955717 100
5 22 9.52996967455245 100
6 21 13.2206401664213 100
16 18 15.3887214719179 100
17 19 13.4566907534518 100
12 14 14.7563312441413 100
13 15 13.4044331017314 100
3 20 14.400216263513 100
2 1 15.4024288074106 100
2 8 9.59030613290287 100
2 4 8.99289011820409 100
20 0 15.4005889144294 100
1 16 8.63102255894219 100
1 12 7.56816832448002 100
20 9 11.286169088347 100
20 5 11.2616685800178 100
0 17 7.88236487095528 100
0 13 7.66078806197377 100
8 10 17.8061082441727 100
9 11 162.671029611778 100
9 24 37.117839632718 100
10 23 167.69986420277 100
4 6 13.8403353576645 100
5 7 12.7850621146918 100
5 22 9.7654675331179 100
6 21 13.2482077675388 100
16 18 15.3327771996689 100
17 19 13.3996182399994 100
12 14 14.7203104285667 100
13 15 13.3558789729269 100
