Z           X            Y     Timestamp     Body id     Joint type ColorPointX ColorPointY  DepthPointX DepthPointY  WidthOfDisplay  HeightOfDisplay
1.880101 0.02823735 -0.1701867 63657509663786 72057594037931357 11 1013.429 626.9635 258.762 238.479 512 424 
1.880296 0.02799926 -0.1738975 63657509663859 72057594037931357 11 1013.296 629.0487 258.7151 239.2001 512 424 
1.880296 0.02799926 -0.1738975 63657509663859 72057594037931357 11 1013.296 629.0487 258.7151 239.2001 512 424 
1.881959 0.0277226 -0.1729788 63657509663924 72057594037931357 11 1013.097 628.4442 258.6563 238.9909 512 424 
1.876553 0.008703194 -0.1845829 63657509663983 72057594037931357 11 1002.476 635.3146 254.9556 241.3584 512 424 
1.875606 0.008501919 -0.1810379 63657509664042 72057594037931357 11 1002.373 633.3615 254.9171 240.6825 512 424 
1.876031 0.009210163 -0.1785248 63657509664062 72057594037931357 11 1002.762 631.9155 255.0551 240.1825 512 424 
1.876031 0.009210163 -0.1785248 63657509664062 72057594037931357 11 1002.762 631.9155 255.0551 240.1825 512 424 
1.877 0.008002544 -0.1824164 63657509664138 72057594037931357 11 1002.067 634.0656 254.8183 240.9259 512 424 
1.876282 0.007937243 -0.1813607 63657509664232 72057594037931357 11 1002.041 633.5079 254.8062 240.7329 512 424 
1.876282 0.007937243 -0.1813607 63657509664232 72057594037931357 11 1002.041 633.5079 254.8062 240.7329 512 424 
1.876282 0.007937243 -0.1813607 63657509664232 72057594037931357 11 1002.041 633.5079 254.8062 240.7329 512 424 
1.885091 0.02678196 -0.1719651 63657509664429 72057594037931357 11 1012.489 627.7126 258.4644 238.7373 512 424 
1.885091 0.02678196 -0.1719651 63657509664429 72057594037931357 11 1012.489 627.7126 258.4644 238.7373 512 424 
1.88624 0.02701487 -0.1726588 63657509664582 72057594037931357 11 1012.594 628.0438 258.5065 238.8519 512 424 
1.885296 0.02706666 -0.1734309 63657509664664 72057594037931357 11 1012.647 628.527 258.5192 239.0192 512 424 
1.877528 0.007652788 -0.1860269 63657509664757 72057594037931357 11 1001.866 636.0781 254.7496 241.6221 512 424 
1.877528 0.007652788 -0.1860269 63657509664757 72057594037931357 11 1001.866 636.0781 254.7496 241.6221 512 424 
1.877528 0.007652788 -0.1860269 63657509664757 72057594037931357 11 1001.866 636.0781 254.7496 241.6221 512 424 
1.877282 0.007860964 -0.1861219 63657509664877 72057594037931357 11 1001.988 636.1453 254.7905 241.6455 512 424 
1.877282 0.007860964 -0.1861219 63657509664877 72057594037931357 11 1001.988 636.1453 254.7905 241.6455 512 424 
1.877282 0.007860964 -0.1861219 63657509664877 72057594037931357 11 1001.988 636.1453 254.7905 241.6455 512 424 
1.877282 0.007860964 -0.1861219 63657509664877 72057594037931357 11 1001.988 636.1453 254.7905 241.6455 512 424 
1.878096 0.008201341 -0.1829864 63657509665020 72057594037931357 11 1002.16 634.3272 254.8562 241.0165 512 424 
1.878096 0.008201341 -0.1829864 63657509665020 72057594037931357 11 1002.16 634.3272 254.8562 241.0165 512 424 
1.878096 0.008201341 -0.1829864 63657509665020 72057594037931357 11 1002.16 634.3272 254.8562 241.0165 512 424 
1.878096 0.008201341 -0.1829864 63657509665020 72057594037931357 11 1002.16 634.3272 254.8562 241.0165 512 424 
1.877592 0.008213372 -0.1830397 63657509665171 72057594037931357 11 1002.177 634.3851 254.859 241.0365 512 424 
1.877592 0.008213372 -0.1830397 63657509665171 72057594037931357 11 1002.177 634.3851 254.859 241.0365 512 424 
1.876523 0.008107199 -0.182772 63657509665285 72057594037931357 11 1002.136 634.2927 254.8392 241.0045 512 424 
1.877342 0.008095421 -0.1832667 63657509665363 72057594037931357 11 1002.115 634.5274 254.8362 241.0857 512 424 
1.875759 0.008068883 -0.1828162 63657509665470 72057594037931357 11 1002.128 634.36 254.8323 241.0278 512 424 
1.87684 0.008161757 -0.182724 63657509665573 72057594037931357 11 1002.161 634.2482 254.8496 240.9891 512 424 
1.876092 0.008143917 -0.1829532 63657509665648 72057594037931357 11 1002.165 634.419 254.8467 241.0482 512 424 
1.876092 0.008143917 -0.1829532 63657509665648 72057594037931357 11 1002.165 634.419 254.8467 241.0482 512 424 
1.875532 0.008355728 -0.1823042 63657509665765 72057594037931357 11 1002.294 634.0824 254.8886 240.9319 512 424 
1.875532 0.008355728 -0.1823042 63657509665765 72057594037931357 11 1002.294 634.0824 254.8886 240.9319 512 424 
