Z           X            Y     Timestamp     Body id     Joint type ColorPointX ColorPointY  DepthPointX DepthPointY  WidthOfDisplay  HeightOfDisplay
1.794549 0.1069772 -0.1225755 63653958655691 72057594037929230 11 1062.197 603.2613 275.1127 230.3327 512 424 
1.676923 -0.1427042 -0.1332987 63653958655691 72057594037929230 13 910.609 615.5129 222.0387 234.4466 512 424 
1.610153 -0.1368591 -0.4741873 63653958655691 72057594037929230 14 912.836 843.7026 221.9314 313.8169 512 424 
1.793224 0.1071122 -0.1202383 63653958655767 72057594037929230 11 1062.343 601.9308 275.1562 229.873 512 424 
1.673864 -0.1414759 -0.1301727 63653958655767 72057594037929230 13 911.2786 613.684 222.2517 233.814 512 424 
1.610141 -0.136741 -0.4716026 63653958655767 72057594037929230 14 912.9084 841.9999 221.9594 313.2223 512 424 
1.793224 0.1071122 -0.1202383 63653958655767 72057594037929230 11 1062.343 601.9308 275.1562 229.873 512 424 
1.673864 -0.1414759 -0.1301727 63653958655767 72057594037929230 13 911.2786 613.684 222.2517 233.814 512 424 
1.610141 -0.136741 -0.4716026 63653958655767 72057594037929230 14 912.9084 841.9999 221.9594 313.2223 512 424 
1.673636 -0.1418702 -0.134608 63653958656009 72057594037929230 13 911.0302 616.5079 222.1599 234.791 512 424 
1.762309 0.1006234 -0.1537374 63653958656024 72057594037929230 11 1060.157 623.3674 274.1951 237.2813 512 424 
1.669058 -0.1400559 -0.1218918 63653958656024 72057594037929230 13 912.0036 608.6553 222.4765 232.0745 512 424 
1.532767 -0.09581918 -0.4403148 63653958656024 72057594037929230 14 938.4612 835.9813 230.2239 311.1213 512 424 
1.762309 0.1006234 -0.1537374 63653958656024 72057594037929230 11 1060.157 623.3674 274.1951 237.2813 512 424 
1.669058 -0.1400559 -0.1218918 63653958656024 72057594037929230 13 912.0036 608.6553 222.4765 232.0745 512 424 
1.532767 -0.09581918 -0.4403148 63653958656024 72057594037929230 14 938.4612 835.9813 230.2239 311.1213 512 424 
1.762309 0.1006234 -0.1537374 63653958656024 72057594037929230 11 1060.157 623.3674 274.1951 237.2813 512 424 
1.669058 -0.1400559 -0.1218918 63653958656024 72057594037929230 13 912.0036 608.6553 222.4765 232.0745 512 424 
1.532767 -0.09581918 -0.4403148 63653958656024 72057594037929230 14 938.4612 835.9813 230.2239 311.1213 512 424 
1.667873 -0.1397228 -0.1273274 63653958656152 72057594037929230 13 912.1884 612.1683 222.5267 233.2899 512 424 
1.530918 -0.09509471 -0.4454062 63653958656152 72057594037929230 14 938.9398 839.8811 230.3685 312.4833 512 424 
1.792402 0.1071352 -0.1198804 63653958656289 72057594037929230 11 1062.4 601.7513 275.1709 229.811 512 424 
1.670595 -0.1406127 -0.1332222 63653958656289 72057594037929230 13 911.7247 615.7816 222.38 234.54 512 424 
1.792402 0.1071352 -0.1198804 63653958656289 72057594037929230 11 1062.4 601.7513 275.1709 229.811 512 424 
1.670595 -0.1406127 -0.1332222 63653958656289 72057594037929230 13 911.7247 615.7816 222.38 234.54 512 424 
1.793779 0.10621 -0.1192126 63653958656371 72057594037929230 11 1061.777 601.3032 274.9648 229.6555 512 424 
1.673409 -0.1423993 -0.1354165 63653958656371 72057594037929230 13 910.6884 617.0331 222.0394 234.9726 512 424 
1.595504 -0.1347381 -0.4741973 63653958656371 72057594037929230 14 913.7482 846.5803 222.132 314.8217 512 424 
1.791798 0.1062045 -0.1206511 63653958656445 72057594037929230 11 1061.88 602.2333 274.9879 229.977 512 424 
1.673627 -0.142627 -0.1358765 63653958656445 72057594037929230 13 910.5521 617.3138 221.9934 235.0697 512 424 
1.595376 -0.1346816 -0.4745777 63653958656445 72057594037929230 14 913.7825 846.8589 222.1424 314.919 512 424 
1.791798 0.1062045 -0.1206511 63653958656445 72057594037929230 11 1061.88 602.2333 274.9879 229.977 512 424 
1.673627 -0.142627 -0.1358765 63653958656445 72057594037929230 13 910.5521 617.3138 221.9934 235.0697 512 424 
1.595376 -0.1346816 -0.4745777 63653958656445 72057594037929230 14 913.7825 846.8589 222.1424 314.919 512 424 
1.791798 0.1062045 -0.1206511 63653958656445 72057594037929230 11 1061.88 602.2333 274.9879 229.977 512 424 
1.673627 -0.142627 -0.1358765 63653958656445 72057594037929230 13 910.5521 617.3138 221.9934 235.0697 512 424 
1.595376 -0.1346816 -0.4745777 63653958656445 72057594037929230 14 913.7825 846.8589 222.1424 314.919 512 424 
1.794902 0.1068239 -0.1197424 63653958656547 72057594037929230 11 1062.082 601.5715 275.0767 229.7486 512 424 
1.668352 -0.1411851 -0.1308428 63653958656547 72057594037929230 13 911.2805 614.3831 222.2129 234.0558 512 424 
1.595233 -0.1343418 -0.4706181 63653958656547 72057594037929230 14 913.996 844.2503 222.2198 314.0081 512 424 
1.794902 0.1068239 -0.1197424 63653958656547 72057594037929230 11 1062.082 601.5715 275.0767 229.7486 512 424 
1.668352 -0.1411851 -0.1308428 63653958656547 72057594037929230 13 911.2805 614.3831 222.2129 234.0558 512 424 
1.595233 -0.1343418 -0.4706181 63653958656547 72057594037929230 14 913.996 844.2503 222.2198 314.0081 512 424 
1.794902 0.1068239 -0.1197424 63653958656547 72057594037929230 11 1062.082 601.5715 275.0767 229.7486 512 424 
1.668352 -0.1411851 -0.1308428 63653958656547 72057594037929230 13 911.2805 614.3831 222.2129 234.0558 512 424 
1.595233 -0.1343418 -0.4706181 63653958656547 72057594037929230 14 913.996 844.2503 222.2198 314.0081 512 424 
1.793647 0.1068416 -0.1202679 63653958656706 72057594037929230 11 1062.16 601.9319 275.0957 229.8732 512 424 
1.662953 -0.1404055 -0.1223715 63653958656706 72057594037929230 13 911.5786 609.2472 222.286 232.279 512 424 
1.595542 -0.1344316 -0.4632506 63653958656706 72057594037929230 14 913.9319 839.2856 222.2083 312.2744 512 424 
1.793647 0.1068416 -0.1202679 63653958656706 72057594037929230 11 1062.16 601.9319 275.0957 229.8732 512 424 
1.662953 -0.1404055 -0.1223715 63653958656706 72057594037929230 13 911.5786 609.2472 222.286 232.279 512 424 
1.595542 -0.1344316 -0.4632506 63653958656706 72057594037929230 14 913.9319 839.2856 222.2083 312.2744 512 424 
1.793647 0.1068416 -0.1202679 63653958656706 72057594037929230 11 1062.16 601.9319 275.0957 229.8732 512 424 
1.662953 -0.1404055 -0.1223715 63653958656706 72057594037929230 13 911.5786 609.2472 222.286 232.279 512 424 
1.595542 -0.1344316 -0.4632506 63653958656706 72057594037929230 14 913.9319 839.2856 222.2083 312.2744 512 424 
1.667767 -0.1430772 -0.1292228 63653958656804 72057594037929230 13 910.0518 613.3845 221.7858 233.7097 512 424 
1.595296 -0.134766 -0.4691007 63653958656804 72057594037929230 14 913.7126 843.2281 222.1237 313.6511 512 424 
1.667656 -0.1432632 -0.1286981 63653958656860 72057594037929230 13 909.9283 613.0563 221.7428 233.5961 512 424 
1.595376 -0.1348476 -0.4686123 63653958656860 72057594037929230 14 913.66 842.8875 222.1066 313.5322 512 424 
1.667656 -0.1432632 -0.1286981 63653958656860 72057594037929230 13 909.9283 613.0563 221.7428 233.5961 512 424 
1.595376 -0.1348476 -0.4686123 63653958656860 72057594037929230 14 913.66 842.8875 222.1066 313.5322 512 424 
1.793968 0.1084028 -0.1199028 63653958656940 72057594037929230 11 1063.068 601.7008 275.411 229.7943 512 424 
1.666804 -0.1436124 -0.1263973 63653958656940 72057594037929230 13 909.6714 611.6342 221.6503 233.1039 512 424 
1.595593 -0.1349541 -0.4665186 63653958656940 72057594037929230 14 913.5923 841.4517 222.0871 313.0307 512 424 
1.793968 0.1084028 -0.1199028 63653958656940 72057594037929230 11 1063.068 601.7008 275.411 229.7943 512 424 
1.666804 -0.1436124 -0.1263973 63653958656940 72057594037929230 13 909.6714 611.6342 221.6503 233.1039 512 424 
1.595593 -0.1349541 -0.4665186 63653958656940 72057594037929230 14 913.5923 841.4517 222.0871 313.0307 512 424 
1.669418 -0.146479 -0.1307853 63653958657015 72057594037929230 13 907.9464 614.3011 221.0682 234.026 512 424 
1.595253 -0.1353357 -0.4702538 63653958657015 72057594037929230 14 913.3342 844.0051 221.9906 313.9225 512 424 
1.669418 -0.146479 -0.1307853 63653958657015 72057594037929230 13 907.9464 614.3011 221.0682 234.026 512 424 
1.595253 -0.1353357 -0.4702538 63653958657015 72057594037929230 14 913.3342 844.0051 221.9906 313.9225 512 424 
1.66166 -0.1461198 -0.1157099 63653958657106 72057594037929230 13 907.8666 605.0626 221.0004 230.8296 512 424 
1.66166 -0.1461198 -0.1157099 63653958657106 72057594037929230 13 907.8666 605.0626 221.0004 230.8296 512 424 
1.785129 0.104572 -0.1259133 63653958657185 72057594037929230 11 1061.271 605.6319 274.7344 231.1508 512 424 
1.785129 0.104572 -0.1259133 63653958657185 72057594037929230 11 1061.271 605.6319 274.7344 231.1508 512 424 
1.785129 0.104572 -0.1259133 63653958657185 72057594037929230 11 1061.271 605.6319 274.7344 231.1508 512 424 
1.488754 -0.08635248 -0.5290893 63653958657321 72057594037929230 14 944.5502 908.3585 231.8577 336.3906 512 424 
1.78362 0.1070112 -0.1318324 63653958657369 72057594037929230 11 1062.816 609.2147 275.2552 232.391 512 424 
1.598405 -0.08329108 -0.2037481 63653958657369 72057594037929230 13 947.4802 666.3438 234.1322 252.0661 512 424 
1.489072 -0.08780354 -0.5250118 63653958657369 72057594037929230 14 943.5114 905.3685 231.5036 335.3475 512 424 
1.488893 -0.08829753 -0.5240259 63653958657443 72057594037929230 14 943.1539 904.7101 231.3788 335.1177 512 424 
1.488893 -0.08829753 -0.5240259 63653958657443 72057594037929230 14 943.1539 904.7101 231.3788 335.1177 512 424 
1.771816 0.1058279 -0.1441333 63653958657533 72057594037929230 11 1062.765 617.1089 275.1588 235.12 512 424 
1.48874 -0.08894412 -0.5231059 63653958657533 72057594037929230 14 942.6882 904.0923 231.2165 334.9021 512 424 
1.771816 0.1058279 -0.1441333 63653958657533 72057594037929230 11 1062.765 617.1089 275.1588 235.12 512 424 
1.48874 -0.08894412 -0.5231059 63653958657533 72057594037929230 14 942.6882 904.0923 231.2165 334.9021 512 424 
1.794626 0.1078545 -0.1191773 63653958657732 72057594037929230 11 1062.707 601.2465 275.2907 229.6369 512 424 
1.794626 0.1078545 -0.1191773 63653958657732 72057594037929230 11 1062.707 601.2465 275.2907 229.6369 512 424 
1.794502 0.1094742 -0.1188503 63653958657808 72057594037929230 11 1063.673 601.0554 275.6233 229.572 512 424 
1.551042 -0.02844559 -0.5142041 63653958657808 72057594037929230 18 985.102 882.9216 246.4927 327.5268 512 424 
1.792032 0.1067366 -0.1211718 63653958657872 72057594037929230 11 1062.185 602.5317 275.094 230.0805 512 424 
1.792032 0.1067366 -0.1211718 63653958657872 72057594037929230 11 1062.185 602.5317 275.094 230.0805 512 424 
1.794033 0.1081873 -0.1214244 63653958657941 72057594037929230 11 1062.94 602.5991 275.3663 230.1046 512 424 
1.489013 -0.08638486 -0.5325646 63653958657941 72057594037929230 14 944.5382 910.7741 231.8527 337.233 512 424 
1.794771 0.1079214 -0.1209387 63653958658006 72057594037929230 11 1062.742 602.2826 275.3028 229.9951 512 424 
1.489299 -0.08643471 -0.5324803 63653958658006 72057594037929230 14 944.5068 910.6411 231.8445 337.1866 512 424 
1.794771 0.1079214 -0.1209387 63653958658006 72057594037929230 11 1062.742 602.2826 275.3028 229.9951 512 424 
1.489299 -0.08643471 -0.5324803 63653958658006 72057594037929230 14 944.5068 910.6411 231.8445 337.1866 512 424 
1.795069 0.1077003 -0.1222367 63653958658068 72057594037929230 11 1062.597 603.0389 275.2541 230.2563 512 424 
1.792949 0.1077406 -0.1213342 63653958658117 72057594037929230 11 1062.732 602.5897 275.2883 230.1011 512 424 
1.792949 0.1077406 -0.1213342 63653958658117 72057594037929230 11 1062.732 602.5897 275.2883 230.1011 512 424 
1.792949 0.1077406 -0.1213342 63653958658117 72057594037929230 11 1062.732 602.5897 275.2883 230.1011 512 424 
1.794565 0.1114694 -0.1212819 63653958658239 72057594037929230 11 1064.856 602.4885 276.0308 230.0686 512 424 
1.791739 0.1091144 -0.1230427 63653958658297 72057594037929230 11 1063.615 603.6483 275.5847 230.468 512 424 
1.48949 -0.08529168 -0.534677 63653958658297 72057594037929230 14 945.3295 912.1591 232.1299 337.7161 512 424 
1.791522 0.1087334 -0.123538 63653958658360 72057594037929230 11 1063.402 603.9513 275.5095 230.5725 512 424 
1.551463 -0.02877338 -0.513953 63653958658360 72057594037929230 18 984.8721 882.6543 246.4166 327.4334 512 424 
1.791522 0.1087334 -0.123538 63653958658360 72057594037929230 11 1063.402 603.9513 275.5095 230.5725 512 424 
1.551463 -0.02877338 -0.513953 63653958658360 72057594037929230 18 984.8721 882.6543 246.4166 327.4334 512 424 
1.789083 0.1086024 -0.1239803 63653958658509 72057594037929230 11 1063.456 604.3136 275.5131 230.6977 512 424 
1.789083 0.1086024 -0.1239803 63653958658509 72057594037929230 11 1063.456 604.3136 275.5131 230.6977 512 424 
1.789083 0.1086024 -0.1239803 63653958658509 72057594037929230 11 1063.456 604.3136 275.5131 230.6977 512 424 
1.790682 0.1085402 -0.123091 63653958658617 72057594037929230 11 1063.331 603.7208 275.4803 230.4927 512 424 
1.790682 0.1085402 -0.123091 63653958658617 72057594037929230 11 1063.331 603.7208 275.4803 230.4927 512 424 
1.789285 0.1088443 -0.1228404 63653958658692 72057594037929230 11 1063.587 603.6284 275.56 230.4611 512 424 
1.551462 -0.02878708 -0.5137652 63653958658692 72057594037929230 18 984.8624 882.526 246.4134 327.3886 512 424 
1.789285 0.1088443 -0.1228404 63653958658692 72057594037929230 11 1063.587 603.6284 275.56 230.4611 512 424 
1.551462 -0.02878708 -0.5137652 63653958658692 72057594037929230 18 984.8624 882.526 246.4134 327.3886 512 424 
1.790555 0.1096151 -0.1211161 63653958658852 72057594037929230 11 1063.973 602.5533 275.7018 230.0899 512 424 
1.790235 0.1087991 -0.1223247 63653958658924 72057594037929230 11 1063.508 603.2841 275.5388 230.342 512 424 
1.79351 0.1075177 -0.1227908 63653958659007 72057594037929230 11 1062.573 603.4298 275.236 230.3913 512 424 
1.492638 -0.09009966 -0.5383521 63653958659007 72057594037929230 14 941.9612 913.9769 230.9855 338.349 512 424 
1.79351 0.1075177 -0.1227908 63653958659007 72057594037929230 11 1062.573 603.4298 275.236 230.3913 512 424 
1.492638 -0.09009966 -0.5383521 63653958659007 72057594037929230 14 941.9612 913.9769 230.9855 338.349 512 424 
1.790601 0.1085051 -0.1220186 63653958659190 72057594037929230 11 1063.313 603.0883 275.474 230.2741 512 424 
1.492185 -0.08946063 -0.5387654 63653958659190 72057594037929230 14 942.4094 914.3873 231.1366 338.4922 512 424 
1.790601 0.1085051 -0.1220186 63653958659190 72057594037929230 11 1063.313 603.0883 275.474 230.2741 512 424 
1.492185 -0.08946063 -0.5387654 63653958659190 72057594037929230 14 942.4094 914.3873 231.1366 338.4922 512 424 
1.792147 0.1099929 -0.1224951 63653958659344 72057594037929230 11 1064.114 603.306 275.7594 230.3503 512 424 
1.491146 -0.08965816 -0.5378382 63653958659344 72057594037929230 14 942.2494 913.9938 231.0725 338.355 512 424 
1.791391 0.1096326 -0.124775 63653958659419 72057594037929230 11 1063.945 604.6883 275.6954 230.8278 512 424 
1.791391 0.1096326 -0.124775 63653958659419 72057594037929230 11 1063.945 604.6883 275.6954 230.8278 512 424 
1.791391 0.1096326 -0.124775 63653958659419 72057594037929230 11 1063.945 604.6883 275.6954 230.8278 512 424 
1.791981 0.1098791 -0.1251103 63653958659538 72057594037929230 11 1064.06 604.8624 275.7386 230.8881 512 424 
1.551289 -0.02952111 -0.514087 63653958659538 72057594037929230 18 984.3622 882.7863 246.2381 327.4793 512 424 
1.791981 0.1098791 -0.1251103 63653958659538 72057594037929230 11 1064.06 604.8624 275.7386 230.8881 512 424 
1.551289 -0.02952111 -0.514087 63653958659538 72057594037929230 18 984.3622 882.7863 246.2381 327.4793 512 424 
1.792263 0.110311 -0.1260991 63653958659614 72057594037929230 11 1064.303 605.4357 275.8236 231.0866 512 424 
1.792263 0.110311 -0.1260991 63653958659614 72057594037929230 11 1064.303 605.4357 275.8236 231.0866 512 424 
1.792096 0.1099884 -0.1232825 63653958659698 72057594037929230 11 1064.115 603.7746 275.7592 230.5122 512 424 
1.792096 0.1099884 -0.1232825 63653958659698 72057594037929230 11 1064.115 603.7746 275.7592 230.5122 512 424 
1.792096 0.1099884 -0.1232825 63653958659698 72057594037929230 11 1064.115 603.7746 275.7592 230.5122 512 424 
1.790722 0.11017 -0.1226588 63653958659793 72057594037929230 11 1064.296 603.4604 275.8137 230.4038 512 424 
1.491524 -0.08889388 -0.5275066 63653958659793 72057594037929230 14 942.7789 906.5316 231.2693 335.753 512 424 
1.618901 -0.003039428 -0.1945994 63653958659793 72057594037929230 17 1000.393 658.5122 252.5661 249.3847 512 424 
1.790722 0.11017 -0.1226588 63653958659793 72057594037929230 11 1064.296 603.4604 275.8137 230.4038 512 424 
1.491524 -0.08889388 -0.5275066 63653958659793 72057594037929230 14 942.7789 906.5316 231.2693 335.753 512 424 
1.618901 -0.003039428 -0.1945994 63653958659793 72057594037929230 17 1000.393 658.5122 252.5661 249.3847 512 424 
1.789696 0.1101362 -0.1263104 63653958659870 72057594037929230 11 1064.338 605.6683 275.8202 231.167 512 424 
1.492067 -0.08826435 -0.5288036 63653958659870 72057594037929230 14 943.2388 907.3179 231.4327 336.0273 512 424 
1.790768 0.1100502 -0.1245986 63653958659952 72057594037929230 11 1064.226 604.6088 275.7888 230.8006 512 424 
1.492015 -0.08872162 -0.5272418 63653958659952 72057594037929230 14 942.9092 906.2189 231.3192 335.6439 512 424 
1.790768 0.1100502 -0.1245986 63653958659952 72057594037929230 11 1064.226 604.6088 275.7888 230.8006 512 424 
1.492015 -0.08872162 -0.5272418 63653958659952 72057594037929230 14 942.9092 906.2189 231.3192 335.6439 512 424 
1.790018 0.1092273 -0.1237392 63653958660034 72057594037929230 11 1063.776 604.1312 275.6295 230.635 512 424 
1.492135 -0.0892139 -0.5259957 63653958660034 72057594037929230 14 942.558 905.3013 231.1995 335.3239 512 424 
1.790018 0.1092273 -0.1237392 63653958660034 72057594037929230 11 1063.776 604.1312 275.6295 230.635 512 424 
1.492135 -0.0892139 -0.5259957 63653958660034 72057594037929230 14 942.558 905.3013 231.1995 335.3239 512 424 
1.790018 0.1092273 -0.1237392 63653958660034 72057594037929230 11 1063.776 604.1312 275.6295 230.635 512 424 
1.492135 -0.0892139 -0.5259957 63653958660034 72057594037929230 14 942.558 905.3013 231.1995 335.3239 512 424 
1.790047 0.1089596 -0.1235044 63653958660154 72057594037929230 11 1063.615 603.9912 275.5742 230.5865 512 424 
1.790047 0.1089596 -0.1235044 63653958660154 72057594037929230 11 1063.615 603.9912 275.5742 230.5865 512 424 
1.790047 0.1089596 -0.1235044 63653958660154 72057594037929230 11 1063.615 603.9912 275.5742 230.5865 512 424 
1.749434 0.1028456 -0.1547051 63653958660273 72057594037929230 11 1062.193 624.6317 274.8158 237.7206 512 424 
1.491237 -0.09093082 -0.524838 63653958660273 72057594037929230 14 941.3176 904.7036 230.7617 335.1151 512 424 
1.749434 0.1028456 -0.1547051 63653958660273 72057594037929230 11 1062.193 624.6317 274.8158 237.7206 512 424 
1.491237 -0.09093082 -0.524838 63653958660273 72057594037929230 14 941.3176 904.7036 230.7617 335.1151 512 424 
1.773267 0.1069057 -0.1336154 63653958660348 72057594037929230 11 1063.314 610.7396 275.3622 232.9185 512 424 
1.490916 -0.09049246 -0.5271188 63653958660348 72057594037929230 14 941.6291 906.4101 230.8648 335.7103 512 424 
1.773267 0.1069057 -0.1336154 63653958660348 72057594037929230 11 1063.314 610.7396 275.3622 232.9185 512 424 
1.490916 -0.09049246 -0.5271188 63653958660348 72057594037929230 14 941.6291 906.4101 230.8648 335.7103 512 424 
1.773267 0.1069057 -0.1336154 63653958660348 72057594037929230 11 1063.314 610.7396 275.3622 232.9185 512 424 
1.490916 -0.09049246 -0.5271188 63653958660348 72057594037929230 14 941.6291 906.4101 230.8648 335.7103 512 424 
1.773026 0.1061212 -0.1339176 63653958660455 72057594037929230 11 1062.857 610.9326 275.2029 232.9847 512 424 
1.490697 -0.09131811 -0.5252601 63653958660455 72057594037929230 14 941.033 905.1407 230.6575 335.2675 512 424 
1.618979 -0.003351115 -0.1945867 63653958660455 72057594037929230 17 1000.186 658.4983 252.4956 249.3797 512 424 
1.773026 0.1061212 -0.1339176 63653958660455 72057594037929230 11 1062.857 610.9326 275.2029 232.9847 512 424 
1.490697 -0.09131811 -0.5252601 63653958660455 72057594037929230 14 941.033 905.1407 230.6575 335.2675 512 424 
1.618979 -0.003351115 -0.1945867 63653958660455 72057594037929230 17 1000.186 658.4983 252.4956 249.3797 512 424 
1.773026 0.1061212 -0.1339176 63653958660455 72057594037929230 11 1062.857 610.9326 275.2029 232.9847 512 424 
1.490697 -0.09131811 -0.5252601 63653958660455 72057594037929230 14 941.033 905.1407 230.6575 335.2675 512 424 
1.618979 -0.003351115 -0.1945867 63653958660455 72057594037929230 17 1000.186 658.4983 252.4956 249.3797 512 424 
1.784752 0.1073654 -0.1284821 63653958660643 72057594037929230 11 1062.96 607.1716 275.3135 231.6849 512 424 
1.490503 -0.09236648 -0.5214277 63653958660643 72057594037929230 14 940.2745 902.4572 230.396 334.3312 512 424 
1.785 0.1065091 -0.1263842 63653958660722 72057594037929230 11 1062.433 605.9144 275.1341 231.2498 512 424 
1.490412 -0.09283594 -0.5205976 63653958660722 72057594037929230 14 939.9366 901.8884 230.2785 334.1328 512 424 
1.787528 0.1077679 -0.1244259 63653958660791 72057594037929230 11 1063.044 604.6433 275.3612 230.8112 512 424 
1.490222 -0.09294651 -0.5198672 63653958660791 72057594037929230 14 939.8527 901.415 230.2484 333.9676 512 424 
1.787528 0.1077679 -0.1244259 63653958660791 72057594037929230 11 1063.044 604.6433 275.3612 230.8112 512 424 
1.490222 -0.09294651 -0.5198672 63653958660791 72057594037929230 14 939.8527 901.415 230.2484 333.9676 512 424 
1.787528 0.1077679 -0.1244259 63653958660791 72057594037929230 11 1063.044 604.6433 275.3612 230.8112 512 424 
1.490222 -0.09294651 -0.5198672 63653958660791 72057594037929230 14 939.8527 901.415 230.2484 333.9676 512 424 
1.791356 0.1087821 -0.1224388 63653958660891 72057594037929230 11 1063.438 603.3065 275.5214 230.3497 512 424 
1.490361 -0.09147906 -0.5232809 63653958660891 72057594037929230 14 940.9083 903.8136 230.613 334.8045 512 424 
1.791356 0.1087821 -0.1224388 63653958660891 72057594037929230 11 1063.438 603.3065 275.5214 230.3497 512 424 
1.490361 -0.09147906 -0.5232809 63653958660891 72057594037929230 14 940.9083 903.8136 230.613 334.8045 512 424 
1.792497 0.1106266 -0.1227473 63653958661058 72057594037929230 11 1064.471 603.4403 275.8848 230.3971 512 424 
1.618828 -0.003429187 -0.1935898 63653958661058 72057594037929230 17 1000.136 657.8567 252.4778 249.1574 512 424 
1.792497 0.1106266 -0.1227473 63653958661058 72057594037929230 11 1064.471 603.4403 275.8848 230.3971 512 424 
1.618828 -0.003429187 -0.1935898 63653958661058 72057594037929230 17 1000.136 657.8567 252.4778 249.1574 512 424 
1.793211 0.1101672 -0.1220202 63653958661171 72057594037929230 11 1064.159 602.9816 275.7816 230.2382 512 424 
1.481404 -0.08843277 -0.5454682 63653958661171 72057594037929230 14 942.9789 921.9915 231.2297 341.1427 512 424 
1.793265 0.1107666 -0.1226492 63653958661218 72057594037929230 11 1064.512 603.351 275.9037 230.3663 512 424 
1.480559 -0.08877359 -0.5438396 63653958661218 72057594037929230 14 942.7172 921.0457 231.1324 340.813 512 424 
1.793265 0.1107666 -0.1226492 63653958661218 72057594037929230 11 1064.512 603.351 275.9037 230.3663 512 424 
1.480559 -0.08877359 -0.5438396 63653958661218 72057594037929230 14 942.7172 921.0457 231.1324 340.813 512 424 
1.793265 0.1107666 -0.1226492 63653958661218 72057594037929230 11 1064.512 603.351 275.9037 230.3663 512 424 
1.480559 -0.08877359 -0.5438396 63653958661218 72057594037929230 14 942.7172 921.0457 231.1324 340.813 512 424 
1.748461 0.0988555 -0.1539489 63653958661314 72057594037929230 11 1059.818 624.2308 273.9903 237.5792 512 424 
1.479833 -0.08921161 -0.5428643 63653958661314 72057594037929230 14 942.3886 920.5371 231.0125 340.6357 512 424 
1.748461 0.0988555 -0.1539489 63653958661314 72057594037929230 11 1059.818 624.2308 273.9903 237.5792 512 424 
1.479833 -0.08921161 -0.5428643 63653958661314 72057594037929230 14 942.3886 920.5371 231.0125 340.6357 512 424 
1.748461 0.0988555 -0.1539489 63653958661314 72057594037929230 11 1059.818 624.2308 273.9903 237.5792 512 424 
1.479833 -0.08921161 -0.5428643 63653958661314 72057594037929230 14 942.3886 920.5371 231.0125 340.6357 512 424 
1.74739 0.0974976 -0.1547301 63653958661418 72057594037929230 11 1059.05 624.7647 273.718 237.763 512 424 
1.479532 -0.08935047 -0.5423979 63653958661418 72057594037929230 14 942.2829 920.2816 230.9734 340.5466 512 424 
1.619186 -0.003526237 -0.1943033 63653958661418 72057594037929230 17 1000.067 658.2965 252.456 249.3097 512 424 
1.792154 0.111289 -0.1229113 63653958661492 72057594037929230 11 1064.883 603.5503 276.0247 230.4356 512 424 
1.479035 -0.08804818 -0.5468367 63653958661492 72057594037929230 14 943.219 923.6025 231.29 341.7041 512 424 
1.794578 0.1102189 -0.1244432 63653958661564 72057594037929230 11 1064.12 604.3602 275.7754 230.7147 512 424 
1.478701 -0.08858503 -0.5456298 63653958661564 72057594037929230 14 942.8254 922.824 231.1513 341.4327 512 424 
1.757566 0.1028053 -0.1558811 63653958661670 72057594037929230 11 1061.732 624.9084 274.7076 237.816 512 424 
1.478422 -0.08904397 -0.5443773 63653958661670 72057594037929230 14 942.4884 921.9974 231.0327 341.1446 512 424 
1.757566 0.1028053 -0.1558811 63653958661670 72057594037929230 11 1061.732 624.9084 274.7076 237.816 512 424 
1.478422 -0.08904397 -0.5443773 63653958661670 72057594037929230 14 942.4884 921.9974 231.0327 341.1446 512 424 
1.757566 0.1028053 -0.1558811 63653958661670 72057594037929230 11 1061.732 624.9084 274.7076 237.816 512 424 
1.478422 -0.08904397 -0.5443773 63653958661670 72057594037929230 14 942.4884 921.9974 231.0327 341.1446 512 424 
1.757566 0.1028053 -0.1558811 63653958661670 72057594037929230 11 1061.732 624.9084 274.7076 237.816 512 424 
1.478422 -0.08904397 -0.5443773 63653958661670 72057594037929230 14 942.4884 921.9974 231.0327 341.1446 512 424 
1.756364 0.1018033 -0.1554743 63653958661788 72057594037929230 11 1061.189 624.7285 274.5129 237.7531 512 424 
1.478265 -0.08817156 -0.5485647 63653958661788 72057594037929230 14 943.1213 925.0505 231.2474 342.2085 512 424 
1.6192 -0.003689668 -0.1941392 63653958661788 72057594037929230 17 999.9588 658.1881 252.419 249.2721 512 424 
1.477815 -0.08900169 -0.5451743 63653958661880 72057594037929230 14 942.5102 922.7319 231.034 341.4005 512 424 
1.619164 -0.003637538 -0.1940947 63653958661880 72057594037929230 17 999.9937 658.1616 252.4308 249.2629 512 424 
1.477815 -0.08900169 -0.5451743 63653958661880 72057594037929230 14 942.5102 922.7319 231.034 341.4005 512 424 
1.619164 -0.003637538 -0.1940947 63653958661880 72057594037929230 17 999.9937 658.1616 252.4308 249.2629 512 424 
1.477815 -0.08900169 -0.5451743 63653958661880 72057594037929230 14 942.5102 922.7319 231.034 341.4005 512 424 
1.619164 -0.003637538 -0.1940947 63653958661880 72057594037929230 17 999.9937 658.1616 252.4308 249.2629 512 424 
1.792056 0.1082439 -0.1228578 63653958661987 72057594037929230 11 1063.081 603.5272 275.4025 230.4256 512 424 
1.477863 -0.089802 -0.5429618 63653958661987 72057594037929230 14 941.9312 921.1279 230.8353 340.8415 512 424 
1.598551 -0.08311636 -0.2020095 63653958662052 72057594037929230 13 947.5944 665.177 234.1745 251.6617 512 424 
1.477878 -0.08993358 -0.5423053 63653958662052 72057594037929230 14 941.8356 920.652 230.8028 340.6756 512 424 
1.598551 -0.08311636 -0.2020095 63653958662052 72057594037929230 13 947.5944 665.177 234.1745 251.6617 512 424 
1.477878 -0.08993358 -0.5423053 63653958662052 72057594037929230 14 941.8356 920.652 230.8028 340.6756 512 424 
1.791761 0.1092773 -0.1227172 63653958662133 72057594037929230 11 1063.71 603.4543 275.6178 230.401 512 424 
1.59841 -0.08297673 -0.2016494 63653958662133 72057594037929230 13 947.6848 664.9496 234.2049 251.5829 512 424 
1.477889 -0.09016196 -0.5418041 63653958662133 72057594037929230 14 941.6705 920.2886 230.746 340.5489 512 424 
1.791761 0.1092773 -0.1227172 63653958662133 72057594037929230 11 1063.71 603.4543 275.6178 230.401 512 424 
1.59841 -0.08297673 -0.2016494 63653958662133 72057594037929230 13 947.6848 664.9496 234.2049 251.5829 512 424 
1.477889 -0.09016196 -0.5418041 63653958662133 72057594037929230 14 941.6705 920.2886 230.746 340.5489 512 424 
1.791761 0.1092773 -0.1227172 63653958662133 72057594037929230 11 1063.71 603.4543 275.6178 230.401 512 424 
1.59841 -0.08297673 -0.2016494 63653958662133 72057594037929230 13 947.6848 664.9496 234.2049 251.5829 512 424 
1.477889 -0.09016196 -0.5418041 63653958662133 72057594037929230 14 941.6705 920.2886 230.746 340.5489 512 424 
1.750874 0.09952765 -0.1544953 63653958662319 72057594037929230 11 1060.099 624.4325 274.1026 237.6494 512 424 
1.598445 -0.08293852 -0.2016795 63653958662319 72057594037929230 13 947.7107 664.9666 234.2141 251.5888 512 424 
1.47784 -0.09030725 -0.5412037 63653958662319 72057594037929230 14 941.564 919.8698 230.7091 340.4029 512 424 
1.792832 0.1100349 -0.1210174 63653958662399 72057594037929230 11 1064.099 602.4032 275.7592 230.0382 512 424 
1.598591 -0.08319016 -0.202159 63653958662399 72057594037929230 13 947.5463 665.2731 234.158 251.6949 512 424 
1.477857 -0.09052078 -0.5405859 63653958662399 72057594037929230 14 941.4094 919.4208 230.6562 340.2464 512 424 
1.790177 0.1073176 -0.1235342 63653958662471 72057594037929230 11 1062.633 604.006 275.2361 230.5905 512 424 
1.598904 -0.08375351 -0.2029103 63653958662471 72057594037929230 13 947.1773 665.7462 234.0322 251.8588 512 424 
1.477804 -0.09051643 -0.5403905 63653958662471 72057594037929230 14 941.4113 919.2943 230.6564 340.2023 512 424 
1.790177 0.1073176 -0.1235342 63653958662471 72057594037929230 11 1062.633 604.006 275.2361 230.5905 512 424 
1.598904 -0.08375351 -0.2029103 63653958662471 72057594037929230 13 947.1773 665.7462 234.0322 251.8588 512 424 
1.477804 -0.09051643 -0.5403905 63653958662471 72057594037929230 14 941.4113 919.2943 230.6564 340.2023 512 424 
1.791253 0.107963 -0.1227663 63653958662572 72057594037929230 11 1062.957 603.506 275.3549 230.4181 512 424 
1.598976 -0.08374198 -0.2030351 63653958662572 72057594037929230 13 947.1862 665.8229 234.0357 251.8854 512 424 
1.477833 -0.08881128 -0.5462661 63653958662572 72057594037929230 14 942.6495 923.5125 231.0816 341.6725 512 424 
1.791253 0.107963 -0.1227663 63653958662572 72057594037929230 11 1062.957 603.506 275.3549 230.4181 512 424 
1.598976 -0.08374198 -0.2030351 63653958662572 72057594037929230 13 947.1862 665.8229 234.0357 251.8854 512 424 
1.477833 -0.08881128 -0.5462661 63653958662572 72057594037929230 14 942.6495 923.5125 231.0816 341.6725 512 424 
1.599068 -0.08376282 -0.2031177 63653958662670 72057594037929230 13 947.1736 665.8701 234.032 251.9017 512 424 
1.477867 -0.08960103 -0.5441576 63653958662670 72057594037929230 14 942.0781 921.9872 230.8853 341.141 512 424 
1.599068 -0.08376282 -0.2031177 63653958662670 72057594037929230 13 947.1736 665.8701 234.032 251.9017 512 424 
1.477867 -0.08960103 -0.5441576 63653958662670 72057594037929230 14 942.0781 921.9872 230.8853 341.141 512 424 
1.599136 -0.08365436 -0.2033194 63653958662821 72057594037929230 13 947.2469 665.9979 234.0576 251.9461 512 424 
1.477799 -0.08975548 -0.5429564 63653958662821 72057594037929230 14 941.9636 921.141 230.8459 340.846 512 424 
1.761931 0.1032374 -0.1527277 63653958662899 72057594037929230 11 1061.753 622.7749 274.7438 237.0782 512 424 
1.599186 -0.08369498 -0.2034378 63653958662899 72057594037929230 13 947.2208 666.0723 234.0489 251.9719 512 424 
1.477694 -0.08964937 -0.5420595 63653958662899 72057594037929230 14 942.0361 920.5231 230.871 340.6308 512 424 
1.759646 0.09932031 -0.152574 63653958662970 72057594037929230 11 1059.508 622.8074 273.9549 237.0868 512 424 
1.599313 -0.08373372 -0.2036632 63653958662970 72057594037929230 13 947.1971 666.2112 234.0415 252.02 512 424 
1.478024 -0.08850166 -0.5458369 63653958662970 72057594037929230 14 942.8745 923.1524 231.1619 341.5472 512 424 
1.759646 0.09932031 -0.152574 63653958662970 72057594037929230 11 1059.508 622.8074 273.9549 237.0868 512 424 
1.599313 -0.08373372 -0.2036632 63653958662970 72057594037929230 13 947.1971 666.2112 234.0415 252.02 512 424 
1.478024 -0.08850166 -0.5458369 63653958662970 72057594037929230 14 942.8745 923.1524 231.1619 341.5472 512 424 
1.760721 0.1020109 -0.149984 63653958663062 72057594037929230 11 1061.072 621.1856 274.5026 236.5277 512 424 
1.599358 -0.08369355 -0.2037775 63653958663062 72057594037929230 13 947.2246 666.2833 234.0512 252.045 512 424 
1.478018 -0.08908792 -0.5443612 63653958663062 72057594037929230 14 942.45 922.0931 231.0157 341.1779 512 424 
1.754355 0.1009163 -0.1511671 63653958663140 72057594037929230 11 1060.751 622.2308 274.351 236.8887 512 424 
1.599402 -0.08377762 -0.2038432 63653958663140 72057594037929