  X                    Y                  Z                   JointType
0.00239721296296291 0.000802999999999984 0.03238574074074      0
0.00340820925925933 0.00611163703703715 0.0337657962962967      1
0.00397144074074068 0.0125429388888889 0.034779648148149      2
0.00567689444444436 0.0139680203703704 0.0321930370370367      3
0.00740847037037029 0.0102114555555555 0.034618537037038      4
0.00769511111111132 0.00636400185185182 0.0355395925925932      5
0.00795591481481495 0.00257086851851851 0.0343887592592595      6
0.00830199259259262 0.00148647777777783 0.0327541666666658      7
0.000975165370370377 0.0118689518518519 0.0356349814814827      8
0.000392280555555562 0.0175996666666667 0.0493792962962953      9
0.0291014972222222 0.029893072962963 0.0510849074074071      10
0.01806037 0.00377391071428571 0.0737218928571426      11
0.00595384074074073 0.00196465925925926 0.0570667777777778      12
0.00378695740740753 0.00207886851851846 0.0358213148148137      13
0.00465850740740764 0.00817719259259264 0.0381440185185191      14
0.0256459111111112 0.00210153333333307 0.00190646296296215      15
0.000790077037036999 0.00213008888888887 0.000602148148148851      16
0.00277733240740741 0.0176114314814814 0.0268578888888888      17
0.00185003499999999 0.00976116296296309 0.0390447037037038      18
0.00362426907407407 0.0134775574074076 0.0442210000000003      19
0.00388478888888888 0.0109915 0.0345916481481487      20
0.00926362037037037 0.00112639185185184 0.0327373148148149      21
0.00844072407407392 0.0071186798148148 0.0376775185185187      22
0.0373988429629629 0.0176764284444444 0.035598814814815      23
0.0324947629022222 0.019872562037037 0.0126461851851856      24
0.00232481296296291 0.00103319999999998 0.0321537407407402      0
0.00332540925925931 0.00599583703703716 0.0334737962962965      1
0.00386714074074068 0.012513538888889 0.034307648148149      2
0.00463319444444438 0.0141868203703703 0.0310450370370365      3
0.00730177037037033 0.0101740555555555 0.0343725370370378      4
0.00770151111111128 0.00627120185185182 0.0346785925925932      5
0.00795721481481493 0.0022752685185185 0.0343867592592597      6
0.00658249259259264 0.000230577777777838 0.0321861666666659      7
0.000851575370370374 0.0116433518518518 0.0351899814814827      8
0.000325599444444439 0.0181724666666667 0.0484012962962954      9
0.0289376872222222 0.029351272962963 0.0516219074074071      10
0.01888567 0.0023725507142857 0.0724428928571426      11
0.00592494074074074 0.00210765925925926 0.0569227777777777      12
0.00616965740740755 0.00287996851851846 0.0371133148148139      13
0.00468860740740762 0.00810269259259266 0.0382270185185192      14
0.000960511111111173 0.0277833666666669 0.0877565370370381      15
0.001065337037037 0.00219398888888887 0.000499148148148665      16
0.0031298124074074 0.0194688314814814 0.025063888888889      17
0.00137785499999998 0.00701446296296315 0.0401937037037041      18
0.00322361907407408 0.0107896574074076 0.0453530000000004      19
0.00377758888888888 0.0109548 0.0341846481481487      20
0.00783912037037038 0.000883611851851845 0.0303033148148151      21
0.00918032407407393 0.0109539798148148 0.0167975185185187      22
0.0391718429629629 0.0135372124444444 0.038699814814815      23
0.0552905329022222 0.00925953203703703 0.0550971851851856      24
0.00232481296296291 0.00103319999999998 0.0321537407407402      0
0.00332540925925931 0.00599583703703716 0.0334737962962965      1
0.00386714074074068 0.012513538888889 0.034307648148149      2
0.00463319444444438 0.0141868203703703 0.0310450370370365      3
0.00730177037037033 0.0101740555555555 0.0343725370370378      4
0.00770151111111128 0.00627120185185182 0.0346785925925932      5
0.00795721481481493 0.0022752685185185 0.0343867592592597      6
0.00658249259259264 0.000230577777777838 0.0321861666666659      7
0.000851575370370374 0.0116433518518518 0.0351899814814827      8
0.000325599444444439 0.0181724666666667 0.0484012962962954      9
0.0289376872222222 0.029351272962963 0.0516219074074071      10
0.01888567 0.0023725507142857 0.0724428928571426      11
0.00592494074074074 0.00210765925925926 0.0569227777777777      12
0.00616965740740755 0.00287996851851846 0.0371133148148139      13
0.00468860740740762 0.00810269259259266 0.0382270185185192      14
0.000960511111111173 0.0277833666666669 0.0877565370370381      15
0.001065337037037 0.00219398888888887 0.000499148148148665      16
0.0031298124074074 0.0194688314814814 0.025063888888889      17
0.00137785499999998 0.00701446296296315 0.0401937037037041      18
0.00322361907407408 0.0107896574074076 0.0453530000000004      19
0.00377758888888888 0.0109548 0.0341846481481487      20
0.00783912037037038 0.000883611851851845 0.0303033148148151      21
0.00918032407407393 0.0109539798148148 0.0167975185185187      22
0.0391718429629629 0.0135372124444444 0.038699814814815      23
0.0552905329022222 0.00925953203703703 0.0550971851851856      24
0.00232481296296291 0.00103319999999998 0.0321537407407402      0
0.00332540925925931 0.00599583703703716 0.0334737962962965      1
0.00386714074074068 0.012513538888889 0.034307648148149      2
0.00463319444444438 0.0141868203703703 0.0310450370370365      3
0.00730177037037033 0.0101740555555555 0.0343725370370378      4
0.00770151111111128 0.00627120185185182 0.0346785925925932      5
0.00795721481481493 0.0022752685185185 0.0343867592592597      6
0.00658249259259264 0.000230577777777838 0.0321861666666659      7
0.000851575370370374 0.0116433518518518 0.0351899814814827      8
0.000325599444444439 0.0181724666666667 0.0484012962962954      9
0.0289376872222222 0.029351272962963 0.0516219074074071      10
0.01888567 0.0023725507142857 0.0724428928571426      11
0.00592494074074074 0.00210765925925926 0.0569227777777777      12
0.00616965740740755 0.00287996851851846 0.0371133148148139      13
0.00468860740740762 0.00810269259259266 0.0382270185185192      14
0.000960511111111173 0.0277833666666669 0.0877565370370381      15
0.001065337037037 0.00219398888888887 0.000499148148148665      16
0.0031298124074074 0.0194688314814814 0.025063888888889      17
0.00137785499999998 0.00701446296296315 0.0401937037037041      18
0.00322361907407408 0.0107896574074076 0.0453530000000004      19
0.00377758888888888 0.0109548 0.0341846481481487      20
0.00783912037037038 0.000883611851851845 0.0303033148148151      21
0.00918032407407393 0.0109539798148148 0.0167975185185187      22
0.0391718429629629 0.0135372124444444 0.038699814814815      23
0.0552905329022222 0.00925953203703703 0.0550971851851856      24
0.00233051296296291 0.00108159999999997 0.0320497407407401      0
0.00332220925925933 0.00596763703703712 0.0333687962962967      1
0.0038600407407407 0.0125052388888889 0.0341956481481491      2
0.00404979444444437 0.0149293203703703 0.0321010370370367      3
0.00716077037037033 0.0101679555555555 0.0342385370370379      4
0.0076636111111113 0.00614030185185177 0.0341905925925932      5
0.00794291481481491 0.00203616851851851 0.0343637592592596      6
0.00687539259259262 0.000780177777777835 0.0313901666666658      7
0.000847005370370375 0.0116426518518519 0.0351929814814826      8
0.000381889444444439 0.0182256666666667 0.0483172962962954      9
0.0290749872222222 0.028810472962963 0.0513599074074071      10
0.02017955 0.0025463807142857 0.0733588928571425      11
0.00593894074074075 0.00212585925925926 0.0568787777777777      12
0.00640905740740755 0.00308196851851847 0.0373143148148141      13
0.00473680740740762 0.00804539259259263 0.0382810185185192      14
0.000959511111111144 0.0277282666666669 0.0878105370370381      15
0.001082337037037 0.00222668888888887 0.000580148148148663      16
0.00318107240740741 0.0197326314814814 0.0248868888888891      17
0.00134167499999999 0.00603906296296308 0.0401027037037038      18
0.00313918907407407 0.00982935740740765 0.0452590000000006      19
0.00376948888888889 0.0109443 0.0340746481481486      20
0.00868212037037036 9.17814814815898E-06 0.033511314814815      21
0.0068473240740739 0.0013580201851852 0.0342285185185187      22
0.0391704729629629 0.0135395024444444 0.038699814814815      23
0.0408189329022222 0.017380872037037 0.0431641851851856      24
0.00232761296296291 0.00110299999999998 0.0320407407407401      0
0.00331190925925931 0.00595573703703717 0.0333427962962967      1
0.00383834074074069 0.0125082388888889 0.0341306481481491      2
0.00392559444444437 0.0143341203703704 0.0307300370370367      3
0.00701347037037031 0.0101623555555554 0.0341135370370378      4
0.00764511111111132 0.00607700185185178 0.0340615925925931      5
0.00783811481481494 0.00197086851851852 0.0342057592592595      6
0.00611749259259259 0.000443277777777834 0.0306741666666659      7
0.000869945370370374 0.0114662518518519 0.0349559814814828      8
0.000497039444444437 0.0182857666666667 0.0482232962962954      9
0.0305747072222222 0.035375672962963 0.0474569074074072      10
0.02107579 0.00665658071428571 0.0721008928571425      11
0.00594914074074074 0.00215065925925927 0.0569097777777778      12
0.00709665740740756 0.00321776851851846 0.038232314814814      13
0.00473190740740764 0.00807429259259262 0.0383170185185189      14
0.0648722111111112 0.0214882666666669 0.00453346296296209      15
0.001103797037037 0.00224118888888887 0.000605148148148826      16
0.0034460424074074 0.0186607314814814 0.0251628888888891      17
0.00111994499999998 0.00647246296296311 0.0407827037037038      18
0.00295659907407407 0.0102613574074076 0.0459390000000006      19
0.00374988888888889 0.0109441 0.0340216481481486      20
0.00750402037037035 0.00301280814814816 0.0357143148148149      21
0.00268352407407391 0.0064834798148148 0.0398165185185186      22
0.0426107429629629 0.0145690924444444 0.0336348148148149      23
0.0578175329022222 0.00855181203703703 0.0542991851851855      24
0.00232181296296291 0.00114539999999998 0.03204274074074      0
0.00330060925925932 0.00593223703703716 0.0333127962962967      1
0.00381594074074068 0.0125006388888889 0.0340326481481492      2
0.00351459444444438 0.0145608203703703 0.0311400370370367      3
0.00685597037037028 0.0101401555555555 0.033954537037038      4
0.00752991111111129 0.00595720185185178 0.0334965925925932      5
0.00778601481481495 0.00176736851851853 0.0340147592592597      6
0.00591809259259263 0.000786377777777833 0.0296661666666658      7
0.000811215370370374 0.0113955518518518 0.0348599814814827      8
0.000639289444444437 0.0190012666666667 0.0477592962962954      9
0.0306833472222222 0.032659672962963 0.0474199074074071      10
0.02091526 0.0136639207142857 0.0675008928571426      11
0.00591994074074073 0.00220645925925926 0.0568197777777777      12
0.00750795740740756 0.00387446851851847 0.0388053148148138      13
0.00473490740740762 0.00811239259259267 0.0383550185185189      14
0.000968711111111187 0.0278013666666669 0.0878865370370381      15
0.001099667037037 0.00231408888888887 0.000417148148148749      16
0.00346706240740741 0.0185972314814814 0.025149888888889      17
0.00126504499999999 0.0142984629629631 0.0394807037037039      18
0.00307548907407407 0.0179722574074076 0.0446680000000006      19
0.0037292888888889 0.0109330000000001 0.0339456481481486      20
0.00535262037037038 0.00359539814814816 0.0327163148148151      21
0.00896992407407393 0.0153244201851852 0.00131551851851874      22
0.0384745129629629 0.0184833494444444 0.0234618148148149      23
0.0396093229022222 0.022461692037037 0.0346041851851855      24
0.00232181296296291 0.00114539999999998 0.03204274074074      0
0.00330060925925932 0.00593223703703716 0.0333127962962967      1
0.00381594074074068 0.0125006388888889 0.0340326481481492      2
0.00351459444444438 0.0145608203703703 0.0311400370370367      3
0.00685597037037028 0.0101401555555555 0.033954537037038      4
0.00752991111111129 0.00595720185185178 0.0334965925925932      5
0.00778601481481495 0.00176736851851853 0.0340147592592597      6
0.00591809259259263 0.000786377777777833 0.0296661666666658      7
0.000811215370370374 0.0113955518518518 0.0348599814814827      8
0.000639289444444437 0.0190012666666667 0.0477592962962954      9
0.0306833472222222 0.032659672962963 0.0474199074074071      10
0.02091526 0.0136639207142857 0.0675008928571426      11
0.00591994074074073 0.00220645925925926 0.0568197777777777      12
0.00750795740740756 0.00387446851851847 0.0388053148148138      13
0.00473490740740762 0.00811239259259267 0.0383550185185189      14
0.000968711111111187 0.0278013666666669 0.0878865370370381      15
0.001099667037037 0.00231408888888887 0.000417148148148749      16
0.00346706240740741 0.0185972314814814 0.025149888888889      17
0.00126504499999999 0.0142984629629631 0.0394807037037039      18
0.00307548907407407 0.0179722574074076 0.0446680000000006      19
0.0037292888888889 0.0109330000000001 0.0339456481481486      20
0.00535262037037038 0.00359539814814816 0.0327163148148151      21
0.00896992407407393 0.0153244201851852 0.00131551851851874      22
0.0384745129629629 0.0184833494444444 0.0234618148148149      23
0.0396093229022222 0.022461692037037 0.0346041851851855      24
0.00232181296296291 0.00114539999999998 0.03204274074074      0
0.00330060925925932 0.00593223703703716 0.0333127962962967      1
0.00381594074074068 0.0125006388888889 0.0340326481481492      2
0.00351459444444438 0.0145608203703703 0.0311400370370367      3
0.00685597037037028 0.0101401555555555 0.033954537037038      4
0.00752991111111129 0.00595720185185178 0.0334965925925932      5
0.00778601481481495 0.00176736851851853 0.0340147592592597      6
0.00591809259259263 0.000786377777777833 0.0296661666666658      7
0.000811215370370374 0.0113955518518518 0.0348599814814827      8
0.000639289444444437 0.0190012666666667 0.0477592962962954      9
0.0306833472222222 0.032659672962963 0.0474199074074071      10
0.02091526 0.0136639207142857 0.0675008928571426      11
0.00591994074074073 0.00220645925925926 0.0568197777777777      12
0.00750795740740756 0.00387446851851847 0.0388053148148138      13
0.00473490740740762 0.00811239259259267 0.0383550185185189      14
0.000968711111111187 0.0278013666666669 0.0878865370370381      15
0.001099667037037 0.00231408888888887 0.000417148148148749      16
0.00346706240740741 0.0185972314814814 0.025149888888889      17
0.00126504499999999 0.0142984629629631 0.0394807037037039      18
0.00307548907407407 0.0179722574074076 0.0446680000000006      19
0.0037292888888889 0.0109330000000001 0.0339456481481486      20
0.00535262037037038 0.00359539814814816 0.0327163148148151      21
0.00896992407407393 0.0153244201851852 0.00131551851851874      22
0.0384745129629629 0.0184833494444444 0.0234618148148149      23
0.0396093229022222 0.022461692037037 0.0346041851851855      24
0.00239331296296291 0.00116779999999998 0.0319547407407401      0
0.00331360925925933 0.00590313703703715 0.0331987962962967      1
0.00378434074074069 0.0124666388888889 0.0338606481481492      2
0.00317949444444438 0.0149962203703704 0.0318180370370367      3
0.00664287037037031 0.0101338555555555 0.0338055370370378      4
0.00746821111111129 0.00575040185185177 0.0332465925925931      5
0.00736591481481491 0.00173686851851851 0.0328697592592595      6
0.0050058925925926 0.00055847777777783 0.0301391666666657      7
0.000765935370370376 0.0113694518518519 0.0348349814814828      8
0.000878799444444439 0.0191902666666667 0.0476122962962953      9
0.0272324572222222 0.025210172962963 0.048278907407407      10
0.01839356 0.00126792071428571 0.0734168928571426      11
0.00598334074074075 0.00220485925925926 0.0567737777777777      12
0.00664925740740752 0.00419256851851846 0.0392063148148138      13
0.00475910740740765 0.00823469259259269 0.0385990185185192      14
0.000947411111111185 0.027927366666667 0.0881315370370381      15
0.00104931703703699 0.00232358888888888 0.000499148148148665      16
0.0033957824074074 0.0194887314814814 0.0250378888888889      17
0.00151238499999999 0.0162794629629631 0.0385927037037042      18
0.00327301907407407 0.0199259574074075 0.0437890000000003      19
0.00370628888888888 0.0109044 0.0337896481481486      20
0.00408622037037037 0.000742871851851845 0.0304593148148149      21
0.00388232407407391 4.19201851852014E-05 0.0329755185185185      22
0.0415556029629629 0.00665793244444444 0.043533814814815      23
0.0503026229022222 0.000813032037037031 0.0518971851851855      24
0.00239331296296291 0.00116779999999998 0.0319547407407401      0
0.00331360925925933 0.00590313703703715 0.0331987962962967      1
0.00378434074074069 0.0124666388888889 0.0338606481481492      2
0.00317949444444438 0.0149962203703704 0.0318180370370367      3
0.00664287037037031 0.0101338555555555 0.0338055370370378      4
0.00746821111111129 0.00575040185185177 0.0332465925925931      5
0.00736591481481491 0.00173686851851851 0.0328697592592595      6
0.0050058925925926 0.00055847777777783 0.0301391666666657      7
0.000765935370370376 0.0113694518518519 0.0348349814814828      8
0.000878799444444439 0.0191902666666667 0.0476122962962953      9
0.0272324572222222 0.025210172962963 0.048278907407407      10
0.01839356 0.00126792071428571 0.0734168928571426      11
0.00598334074074075 0.00220485925925926 0.0567737777777777      12
0.00664925740740752 0.00419256851851846 0.0392063148148138      13
0.00475910740740765 0.00823469259259269 0.0385990185185192      14
0.000947411111111185 0.027927366666667 0.0881315370370381      15
0.00104931703703699 0.00232358888888888 0.000499148148148665      16
0.0033957824074074 0.0194887314814814 0.0250378888888889      17
0.00151238499999999 0.0162794629629631 0.0385927037037042      18
0.00327301907407407 0.0199259574074075 0.0437890000000003      19
0.00370628888888888 0.0109044 0.0337896481481486      20
0.00408622037037037 0.000742871851851845 0.0304593148148149      21
0.00388232407407391 4.19201851852014E-05 0.0329755185185185      22
0.0415556029629629 0.00665793244444444 0.043533814814815      23
0.0503026229022222 0.000813032037037031 0.0518971851851855      24
0.0018612129629629 0.000128999999999976 0.0323387407407401      0
0.00317170925925933 0.00611303703703714 0.0332337962962967      1
0.00376774074074068 0.0124459388888889 0.0338146481481492      2
0.00322259444444437 0.0148750203703704 0.0316350370370366      3
0.00659477037037032 0.0101236555555555 0.0337855370370379      4
0.0074453111111113 0.0057225018518518 0.0331945925925932      5
0.00717271481481491 0.00173816851851852 0.0326177592592596      6
0.00485419259259262 0.00128017777777784 0.0307691666666658      7
0.000733935370370375 0.0112375518518518 0.0347339814814827      8
0.000789079444444438 0.0195619666666667 0.0474332962962953      9
0.0299811172222222 0.038028892962963 0.0425499074074069      10
0.01772681 0.00928496071428571 0.0689138928571427      11
0.00037745925925925 0.00388644074074074 0.0164997777777778      12
0.00598995740740754 0.00390146851851847 0.0392403148148137      13
0.00468360740740764 0.0081713925925927 0.0387810185185189      14
0.000893411111111186 0.0278816666666669 0.0883225370370382      15
0.000850237037037002 0.00494911111111113 0.0497228518518513      16
0.0034570024074074 0.0197669314814814 0.0248598888888889      17
0.00126835499999998 0.00896366296296308 0.0389547037037041      18
0.00305207907407407 0.0127345574074076 0.0441340000000006      19
0.0036818888888889 0.0109127 0.0337646481481486      20
0.00407422037037036 0.00077817185185184 0.0306833148148149      21
0.00464992407407394 0.000858620185185205 0.0326565185185186      22
0.0359569029629629 0.0161031724444444 0.0329488148148149      23
0.0518393329022222 0.000452972037037022 0.0531911851851856      24
0.0018612129629629 0.000128999999999976 0.0323387407407401      0
0.00317170925925933 0.00611303703703714 0.0332337962962967      1
0.00376774074074068 0.0124459388888889 0.0338146481481492      2
0.00322259444444437 0.0148750203703704 0.0316350370370366      3
0.00659477037037032 0.0101236555555555 0.0337855370370379      4
0.0074453111111113 0.0057225018518518 0.0331945925925932      5
0.00717271481481491 0.00173816851851852 0.0326177592592596      6
0.00485419259259262 0.00128017777777784 0.0307691666666658      7
0.000733935370370375 0.0112375518518518 0.0347339814814827      8
0.000789079444444438 0.0195619666666667 0.0474332962962953      9
0.0299811172222222 0.038028892962963 0.0425499074074069      10
0.01772681 0.00928496071428571 0.0689138928571427      11
0.00037745925925925 0.00388644074074074 0.0164997777777778      12
0.00598995740740754 0.00390146851851847 0.0392403148148137      13
0.00468360740740764 0.0081713925925927 0.0387810185185189      14
0.000893411111111186 0.0278816666666669 0.0883225370370382      15
0.000850237037037002 0.00494911111111113 0.0497228518518513      16
0.0034570024074074 0.0197669314814814 0.0248598888888889      17
0.00126835499999998 0.00896366296296308 0.0389547037037041      18
0.00305207907407407 0.0127345574074076 0.0441340000000006      19
0.0036818888888889 0.0109127 0.0337646481481486      20
0.00407422037037036 0.00077817185185184 0.0306833148148149      21
0.00464992407407394 0.000858620185185205 0.0326565185185186      22
0.0359569029629629 0.0161031724444444 0.0329488148148149      23
0.0518393329022222 0.000452972037037022 0.0531911851851856      24
0.0018612129629629 0.000128999999999976 0.0323387407407401      0
0.00317170925925933 0.00611303703703714 0.0332337962962967      1
0.00376774074074068 0.0124459388888889 0.0338146481481492      2
0.00322259444444437 0.0148750203703704 0.0316350370370366      3
0.00659477037037032 0.0101236555555555 0.0337855370370379      4
0.0074453111111113 0.0057225018518518 0.0331945925925932      5
0.00717271481481491 0.00173816851851852 0.0326177592592596      6
0.00485419259259262 0.00128017777777784 0.0307691666666658      7
0.000733935370370375 0.0112375518518518 0.0347339814814827      8
0.000789079444444438 0.0195619666666667 0.0474332962962953      9
0.0299811172222222 0.038028892962963 0.0425499074074069      10
0.01772681 0.00928496071428571 0.0689138928571427      11
0.00037745925925925 0.00388644074074074 0.0164997777777778      12
0.00598995740740754 0.00390146851851847 0.0392403148148137      13
0.00468360740740764 0.0081713925925927 0.0387810185185189      14
0.000893411111111186 0.0278816666666669 0.0883225370370382      15
0.000850237037037002 0.00494911111111113 0.0497228518518513      16
0.0034570024074074 0.0197669314814814 0.0248598888888889      17
0.00126835499999998 0.00896366296296308 0.0389547037037041      18
0.00305207907407407 0.0127345574074076 0.0441340000000006      19
0.0036818888888889 0.0109127 0.0337646481481486      20
0.00407422037037036 0.00077817185185184 0.0306833148148149      21
0.00464992407407394 0.000858620185185205 0.0326565185185186      22
0.0359569029629629 0.0161031724444444 0.0329488148148149      23
0.0518393329022222 0.000452972037037022 0.0531911851851856      24
0.0021324129629629 0.000313299999999975 0.03223674074074      0
0.00320330925925932 0.00609293703703712 0.0332047962962967      1
0.00374544074074068 0.0124558388888889 0.0337916481481491      2
0.00290259444444438 0.0149730203703704 0.0320130370370366      3
0.00657807037037028 0.0101670555555554 0.0338355370370378      4
0.00730791111111129 0.0055602018518518 0.0331675925925932      5
0.00700381481481493 0.00166156851851851 0.0322127592592596      6
0.0045022925925926 0.00142617777777783 0.0306601666666659      7
0.000712755370370376 0.0109726518518518 0.0344029814814828      8
0.000838459444444439 0.0199651666666667 0.0468842962962954      9
0.0296819172222222 0.035976872962963 0.042322907407407      10
0.0115258 0.0172884707142857 0.0607398928571425      11
0.00720134074074075 0.00150635925925927 0.0477457777777777      12
0.00549655740740751 0.00404906851851847 0.039166314814814      13
0.00467810740740765 0.00817259259259262 0.0387930185185188      14
0.0458465111111112 0.00689886666666695 0.00130946296296219      15
0.001355782962963 0.00358478888888887 4.88518518513281E-05      16
0.0033135724074074 0.0284744685185186 0.0422818888888887      17
0.00126367499999999 0.00884376296296313 0.038880703703704      18
0.00317869907407407 0.0126141574074076 0.0440530000000003      19
0.0036722888888889 0.0109170000000001 0.0337456481481486      20
0.00379462037037037 0.00405100814814816 0.0349183148148149      21
0.00225342407407392 0.0022952798148148 0.0371975185185187      22
0.0303569229629629 0.0204092064444444 0.0205308148148149      23
0.0492335729022222 0.010823742037037 0.0490261851851856      24
0.00196291296296292 0.00060880000000002 0.0325697407407402      0
0.00307490925925932 0.00640513703703716 0.0333117962962965      1
0.0036901407407407 0.0124777388888889 0.0337976481481492      2
0.00209369444444438 0.0156478203703704 0.0337820370370368      3
0.0063760703703703 0.0102286555555554 0.0339635370370379      4
0.00696411111111128 0.00531220185185177 0.0332565925925932      5
0.00670901481481495 0.0014653685185185 0.0321207592592596      6
0.00475939259259262 0.00178407777777784 0.0332911666666658      7
0.000741885370370374 0.0107335518518519 0.0341249814814828      8
0.000313429444444437 0.0151360666666667 0.0448462962962954      9
0.0276533872222222 0.024487972962963 0.023873907407407      10
0.00365214999999999 0.0163152907142857 0.0577098928571427      11
0.00198714074074074 0.00417754074074074 0.0223817777777777      12
0.00722655740740752 0.00406896851851846 0.0380493148148138      13
0.00471730740740761 0.0085516925925927 0.0391330185185188      14
0.0116494888888888 0.00142066666666696 0.0307825370370378      15
0.000317667037036992 0.00585761111111113 0.0473248518518512      16
8.39759259259332E-06 0.0196108685185186 0.0438898888888888      17
0.00115109499999999 0.00953046296296312 0.0390067037037038      18
0.00319643907407408 0.0133046574074076 0.0441810000000005      19
0.00361198888888889 0.0109662 0.0337596481481486      20
0.00432442037037034 0.000803121851851843 0.031850314814815      21
0.0041233240740739 0.0015115201851852 0.0349735185185187      22
0.0119180129629629 0.0207524134444444 0.0175928148148148      23
0.0246702329022222 0.00574121203703702 0.0421101851851855      24
0.0018619129629629 0.000976800000000014 0.0326647407407401      0
0.00302580925925933 0.00652643703703715 0.0333487962962966      1
0.00368264074074071 0.0124757388888889 0.0337986481481491      2
0.00192919444444437 0.0156625203703704 0.0341490370370368      3
0.00631707037037033 0.0102230555555555 0.0339705370370378      4
0.00688911111111129 0.00521260185185179 0.033336592592593      5
0.00665561481481491 0.00139566851851852 0.0320907592592596      6
0.0045890925925926 0.00198817777777784 0.0318281666666658      7
0.000719685370370374 0.0107295518518519 0.0341479814814827      8
0.000408460555555563 0.0131052666666667 0.0439832962962954      9
0.00101721722222224 0.00197067296296299 0.025747907407407      10
0.01081576 0.00581356071428571 0.0610498928571426      11
0.00168314074074075 0.00400294074074074 0.0199417777777777      12
0.00602445740740754 0.00434286851851848 0.0374863148148137      13
0.00471050740740764 0.00866859259259267 0.039150018518519      14
0.0377524111111112 0.00318606666666688 0.000750537037037979      15
0.000237787037037002 0.00578981111111113 0.0474178518518513      16
0.000149897592592596 0.0192974685185186 0.0433968888888887      17
0.00127647499999999 0.00914056296296312 0.0390517037037039      18
0.00331215907407408 0.0129244574074076 0.0442280000000004      19
0.00359708888888888 0.0109775000000001 0.0337646481481486      20
0.00323762037037034 0.00103196185185184 0.031303314814815      21
0.00223682407407394 0.0016843798148148 0.0377465185185186      22
0.00477855296296294 0.0134778024444444 0.0299418148148149      23
0.0147457829022222 0.010502712037037 0.0392911851851856      24
0.0018619129629629 0.000976800000000014 0.0326647407407401      0
0.00302580925925933 0.00652643703703715 0.0333487962962966      1
0.00368264074074071 0.0124757388888889 0.0337986481481491      2
0.00192919444444437 0.0156625203703704 0.0341490370370368      3
0.00631707037037033 0.0102230555555555 0.0339705370370378      4
0.00688911111111129 0.00521260185185179 0.033336592592593      5
0.00665561481481491 0.00139566851851852 0.0320907592592596      6
0.0045890925925926 0.00198817777777784 0.0318281666666658      7
0.000719685370370374 0.0107295518518519 0.0341479814814827      8
0.000408460555555563 0.0131052666666667 0.0439832962962954      9
0.00101721722222224 0.00197067296296299 0.025747907407407      10
0.01081576 0.00581356071428571 0.0610498928571426      11
0.00168314074074075 0.00400294074074074 0.0199417777777777      12
0.00602445740740754 0.00434286851851848 0.0374863148148137      13
0.00471050740740764 0.00866859259259267 0.039150018518519      14
0.0377524111111112 0.00318606666666688 0.000750537037037979      15
0.000237787037037002 0.00578981111111113 0.0474178518518513      16
0.000149897592592596 0.0192974685185186 0.0433968888888887      17
0.00127647499999999 0.00914056296296312 0.0390517037037039      18
0.00331215907407408 0.0129244574074076 0.0442280000000004      19
0.00359708888888888 0.0109775000000001 0.0337646481481486      20
0.00323762037037034 0.00103196185185184 0.031303314814815      21
0.00223682407407394 0.0016843798148148 0.0377465185185186      22
0.00477855296296294 0.0134778024444444 0.0299418148148149      23
0.0147457829022222 0.010502712037037 0.0392911851851856      24
0.0018619129629629 0.000976800000000014 0.0326647407407401      0
0.00302580925925933 0.00652643703703715 0.0333487962962966      1
0.00368264074074071 0.0124757388888889 0.0337986481481491      2
0.00192919444444437 0.0156625203703704 0.0341490370370368      3
0.00631707037037033 0.0102230555555555 0.0339705370370378      4
0.00688911111111129 0.00521260185185179 0.033336592592593      5
0.00665561481481491 0.00139566851851852 0.0320907592592596      6
0.0045890925925926 0.00198817777777784 0.0318281666666658      7
0.000719685370370374 0.0107295518518519 0.0341479814814827      8
0.000408460555555563 0.0131052666666667 0.0439832962962954      9
0.00101721722222224 0.00197067296296299 0.025747907407407      10
0.01081576 0.00581356071428571 0.0610498928571426      11
0.00168314074074075 0.00400294074074074 0.0199417777777777      12
0.00602445740740754 0.00434286851851848 0.0374863148148137      13
0.00471050740740764 0.00866859259259267 0.039150018518519      14
0.0377524111111112 0.00318606666666688 0.000750537037037979      15
0.000237787037037002 0.00578981111111113 0.0474178518518513      16
0.000149897592592596 0.0192974685185186 0.0433968888888887      17
0.00127647499999999 0.00914056296296312 0.0390517037037039      18
0.00331215907407408 0.0129244574074076 0.0442280000000004      19
0.00359708888888888 0.0109775000000001 0.0337646481481486      20
0.00323762037037034 0.00103196185185184 0.031303314814815      21
0.00223682407407394 0.0016843798148148 0.0377465185185186      22
0.00477855296296294 0.0134778024444444 0.0299418148148149      23
0.0147457829022222 0.010502712037037 0.0392911851851856      24
0.0025349129629629 0.00177050000000002 0.03342974074074      0
0.00315520925925933 0.00680723703703712 0.0336007962962968      1
0.0036526407407407 0.0124917388888889 0.0338146481481492      2
0.00211539444444436 0.0156105203703704 0.0340020370370366      3
0.00629977037037033 0.0102663555555554 0.0340375370370378      4
0.00684781111111132 0.00522460185185181 0.0334545925925931      5
0.00662341481481493 0.00142926851851852 0.0321267592592596      6
0.00536289259259259 0.000729377777777832 0.0351331666666659      7
0.000706605370370376 0.0107516518518519 0.0341709814814828      8
0.000198170555555561 0.0124289666666667 0.0414702962962954      9
0.000171922777777757 0.001068572962963 0.028780907407407      10
0.01870243 0.0029870007142857 0.0611938928571425      11
0.00209834074074075 0.00417054074074075 0.0196217777777778      12
0.00565045740740755 0.00461886851851848 0.0374903148148138      13
0.00480660740740763 0.00859809259259259 0.039287018518519      14
0.00126771111111118 0.0283478666666669 0.088842537037038      15
0.000818212962963 0.00559571111111112 0.0480258518518513      16
0.000131647592592599 0.0192686685185186 0.0433628888888888      17
0.00144836499999999 0.00831046296296312 0.0391137037037042      18
0.00348141907407407 0.0121355574074076 0.0443040000000003      19
0.00357698888888888 0.0110279000000001 0.0338076481481486      20
0.00460042037037034 0.000964108148148159 0.036317314814815      21
0.00453982407407394 0.0012302201851852 0.0366985185185187      22
0.00872147703703707 0.00663165755555555 0.0337918148148149      23
0.00822280290222224 0.00145112203703703 0.0398661851851856      24
0.0025568129629629 0.00154990000000002 0.0335927407407401      0
0.00314600925925931 0.00678253703703713 0.0336627962962965      1
0.00362694074074069 0.0125064388888889 0.033829648148149      2
0.00211069444444437 0.0155991203703704 0.0340010370370367      3
0.00624397037037033 0.0103004555555555 0.0341065370370379      4
0.00679731111111131 0.00536700185185179 0.033598592592593      5
0.00660561481481492 0.00150336851851851 0.0325697592592595      6
0.00505399259259259 0.00064147777777783 0.0357991666666657      7
0.000683885370370375 0.0107277518518518 0.0341809814814826      8
0.000608340555555562 0.0076027666666667 0.0378702962962953      9
0.00410811277777776 0.00399882703703699 0.0318189074074071      10
0.05764906 0.0817083107142857 1.94728089285714      11
0.00565664074074074 0.000702159259259261 0.0519187777777779      12
0.00545755740740755 0.00467936851851847 0.0373573148148139      13
0.00480670740740763 0.00860149259259269 0.0392890185185188      14
0.00498168888888884 0.00176893333333306 0.0231155370370382      15
0.000595727037037003 0.00128608888888887 0.0104068518518512      16
0.000150377592592593 0.0192566685185186 0.0430438888888891      17
0.00139465499999999 0.00801366296296313 0.0395587037037037      18
0.00344584907407407 0.0118501574074076 0.0447500000000005      19
0.0035543888888889 0.0110391000000001 0.0338306481481487      20
0.00452392037037036 0.000175388148148159 0.0363813148148149      21
0.000233424074073896 0.0022725201851852 0.0456145185185186      22
0.0150598570370371 0.0116621675555556 0.0433248148148149      23
0.00296919709777776 0.00436990796296298 0.0365031851851856      24
0.00168801296296289 0.00232720000000002 0.0350797407407402      0
0.00290450925925934 0.00703433703703715 0.0341457962962965      1
0.00362404074074069 0.012504038888889 0.0338366481481491      2
0.00218519444444437 0.0154809203703704 0.0340270370370366      3
0.00618067037037029 0.0104003555555554 0.0342225370370379      4
0.00667231111111133 0.0056509018518518 0.034008592592593      5
0.00656941481481493 0.0018069685185185 0.0329177592592595      6
0.0059440925925926 4.77777777826982E-07 0.0366731666666658      7
0.000659945370370375 0.0107100518518518 0.0342049814814827      8
0.000416760555555562 0.00520386666666672 0.0345162962962953      9
0.00813596277777776 0.006579027037037 0.0332249074074071      10
0.03193041 0.0043342792857143 0.0671158928571425      11
0.000166859259259244 0.00276874074074074 0.0279207777777777      12
0.00536615740740753 0.00457066851851848 0.0373663148148138      13
0.00480730740740765 0.00865409259259264 0.0392950185185188      14
0.00643348888888884 0.00259243333333314 0.0199355370370382      15
0.000954227037037 0.00489911111111113 0.0559578518518513      16
9.24375925926008E-05 0.0193993685185186 0.0431838888888891      17
0.00155652499999999 0.00802636296296311 0.0398897037037038      18
0.00360947907407407 0.0119150574074076 0.0451130000000006      19
0.00352618888888889 0.0110607 0.0338886481481486      20
0.00614072037037033 0.00192387814814816 0.0388163148148151      21
0.00427742407407394 0.00259852018518521 0.0380485185185186      22
0.0111405070370371 0.000632102444444445 0.045690814814815      23
0.0179114274577778 0.00132511796296297 0.0294021851851856      24
0.00168801296296289 0.00232720000000002 0.0350797407407402      0
0.00290450925925934 0.00703433703703715 0.0341457962962965      1
0.00362404074074069 0.012504038888889 0.0338366481481491      2
0.00218519444444437 0.0154809203703704 0.0340270370370366      3
0.00618067037037029 0.0104003555555554 0.0342225370370379      4
0.00667231111111133 0.0056509018518518 0.034008592592593      5
0.00656941481481493 0.0018069685185185 0.0329177592592595      6
0.0059440925925926 4.77777777826982E-07 0.0366731666666658      7
0.000659945370370375 0.0107100518518518 0.0342049814814827      8
0.000416760555555562 0.00520386666666672 0.0345162962962953      9
0.00813596277777776 0.006579027037037 0.0332249074074071      10
0.03193041 0.0043342792857143 0.0671158928571425      11
0.000166859259259244 0.00276874074074074 0.0279207777777777      12
0.00536615740740753 0.00457066851851848 0.0373663148148138      13
0.00480730740740765 0.00865409259259264 0.0392950185185188      14
0.00643348888888884 0.00259243333333314 0.0199355370370382      15
0.000954227037037 0.00489911111111113 0.0559578518518513      16
9.24375925926008E-05 0.0193993685185186 0.0431838888888891      17
0.00155652499999999 0.00802636296296311 0.0398897037037038      18
0.00360947907407407 0.0119150574074076 0.0451130000000006      19
0.00352618888888889 0.0110607 0.0338886481481486      20
0.00614072037037033 0.00192387814814816 0.0388163148148151      21
0.00427742407407394 0.00259852018518521 0.0380485185185186      22
0.0111405070370371 0.000632102444444445 0.045690814814815      23
0.0179114274577778 0.00132511796296297 0.0294021851851856      24
0.00182581296296291 0.00387740000000002 0.0376387407407401      0
0.00267320925925932 0.00822043703703712 0.0359137962962965      1
0.0032945407407407 0.0129052388888889 0.0344146481481491      2
0.00239149444444436 0.0155607203703704 0.0344870370370367      3
0.00572137037037029 0.0105508555555555 0.0344505370370378      4
0.00634921111111131 0.00559550185185181 0.0350025925925932      5
0.0066089148148149 0.0018513685185185 0.0336507592592596      6
0.00658749259259261 0.00259227777777783 0.0352711666666659      7
0.000428755370370376 0.0108697518518519 0.0344149814814827      8
0.00148384055555556 0.0012252333333333 0.0315422962962952      9
0.0198634327777778 0.012502827037037 0.0321669074074071      10
0.05764906 0.0817083107142857 1.94728089285714      11
0.000832740740740745 0.00417044074074074 0.0230507777777778      12
0.00567845740740752 0.00461916851851846 0.0370793148148141      13
0.00500650740740766 0.00896569259259261 0.0394510185185188      14
0.0137061888888889 0.00195206666666692 0.030720537037038      15
0.000248272962963009 0.00469391111111113 0.0560208518518512      16
0.00483431240740741 0.0189349314814814 0.0260798888888889      17
0.000939134999999994 0.0135607629629631 0.0393657037037038      18
0.00296675907407407 0.0174363574074076 0.0446530000000003      19
0.00316518888888889 0.0117003 0.0347756481481487      20
0.00609412037037033 0.00137398185185184 0.032236314814815      21
0.00997402407407394 0.0136216501851852 0.0150975185185187      22
0.0188773470370371 0.00456890755555555 0.0436898148148148      23
0.0262119270977778 0.000778922037037028 0.0296641851851855      24
0.00182581296296291 0.00387740000000002 0.0376387407407401      0
0.00267320925925932 0.00822043703703712 0.0359137962962965      1
0.0032945407407407 0.0129052388888889 0.0344146481481491      2
0.00239149444444436 0.0155607203703704 0.0344870370370367      3
0.00572137037037029 0.0105508555555555 0.0344505370370378      4
0.00634921111111131 0.00559550185185181 0.0350025925925932      5
0.0066089148148149 0.0018513685185185 0.0336507592592596      6
0.00658749259259261 0.00259227777777783 0.0352711666666659      7
0.000428755370370376 0.0108697518518519 0.0344149814814827      8
0.00148384055555556 0.0012252333333333 0.0315422962962952      9
0.0198634327777778 0.012502827037037 0.0321669074074071      10
0.05764906 0.0817083107142857 1.94728089285714      11
0.000832740740740745 0.00417044074074074 0.0230507777777778      12
0.00567845740740752 0.00461916851851846 0.0370793148148141      13
0.00500650740740766 0.00896569259259261 0.0394510185185188      14
0.0137061888888889 0.00195206666666692 0.030720537037038      15
0.000248272962963009 0.00469391111111113 0.0560208518518512      16
0.00483431240740741 0.0189349314814814 0.0260798888888889      17
0.000939134999999994 0.0135607629629631 0.0393657037037038      18
0.00296675907407407 0.0174363574074076 0.0446530000000003      19
0.00316518888888889 0.0117003 0.0347756481481487      20
0.00609412037037033 0.00137398185185184 0.032236314814815      21
0.00997402407407394 0.0136216501851852 0.0150975185185187      22
0.0188773470370371 0.00456890755555555 0.0436898148148148      23
0.0262119270977778 0.000778922037037028 0.0296641851851855      24
0.0017876129629629 0.00402410000000002 0.0378387407407401      0
0.00260160925925931 0.00837553703703714 0.0361367962962966      1
0.00320214074074068 0.012992338888889 0.034566648148149      2
0.00241169444444436 0.0157378203703704 0.0348260370370366      3
0.0056635703703703 0.0106103555555555 0.0345305370370379      4
0.00634471111111129 0.00558110185185179 0.0354275925925931      5
0.00663321481481494 0.00188386851851852 0.0338877592592597      6
0.00657559259259261 0.00305067777777783 0.0367281666666659      7
0.000345805370370374 0.0108655518518519 0.0346169814814827      8
0.00186010055555556 0.000582033333333287 0.0321492962962953      9
0.0200929027777778 0.011762127037037 0.0320829074074072      10
0.05764906 0.0817083107142857 1.94728089285714      11
0.00083194074074075 0.00430244074074074 0.0225857777777778      12
0.00495485740740753 0.00464866851851847 0.0371333148148141      13
0.00501450740740761 0.00982769259259264 0.0397130185185191      14
0.00808538888888882 0.00280623333333307 0.0141345370370378      15
0.000306392962963004 0.00469061111111113 0.0560148518518513      16
0.000484837592592602 0.0162094685185186 0.041981888888889      17
0.00146017499999999 0.0119384629629631 0.0393937037037038      18
0.00343802907407408 0.0158398574074076 0.0446780000000007      19
0.00307148888888889 0.0118173 0.0349576481481486      20
0.00710362037037038 0.00147081185185184 0.037014314814815      21
0.00593782407407389 0.0015583201851852 0.0407915185185186      22
0.0317797170370371 0.0200219675555556 0.0473578148148148      23
0.0292512070977778 0.017565997962963 0.0304021851851857      24
0.0017876129629629 0.00402410000000002 0.0378387407407401      0
0.00260160925925931 0.00837553703703714 0.0361367962962966      1
0.00320214074074068 0.012992338888889 0.034566648148149      2
0.00241169444444436 0.0157378203703704 0.0348260370370366      3
0.0056635703703703 0.0106103555555555 0.0345305370370379      4
0.00634471111111129 0.00558110185185179 0.0354275925925931      5
0.00663321481481494 0.00188386851851852 0.0338877592592597      6
0.00657559259259261 0.00305067777777783 0.0367281666666659      7
0.000345805370370374 0.0108655518518519 0.0346169814814827      8
0.00186010055555556 0.000582033333333287 0.0321492962962953      9
0.0200929027777778 0.011762127037037 0.0320829074074072      10
0.05764906 0.0817083107142857 1.94728089285714      11
0.00083194074074075 0.00430244074074074 0.0225857777777778      12
0.00495485740740753 0.00464866851851847 0.0371333148148141      13
0.00501450740740761 0.00982769259259264 0.0397130185185191      14
0.00808538888888882 0.00280623333333307 0.0141345370370378      15
0.000306392962963004 0.00469061111111113 0.0560148518518513      16
0.000484837592592602 0.0162094685185186 0.041981888888889      17
0.00146017499999999 0.0119384629629631 0.0393937037037038      18
0.00343802907407408 0.0158398574074076 0.0446780000000007      19
0.00307148888888889 0.0118173 0.0349576481481486      20
0.00710362037037038 0.00147081185185184 0.037014314814815      21
0.00593782407407389 0.0015583201851852 0.0407915185185186      22
0.0317797170370371 0.0200219675555556 0.0473578148148148      23
0.0292512070977778 0.017565997962963 0.0304021851851857      24
0.0017876129629629 0.00402410000000002 0.0378387407407401      0
0.00260160925925931 0.00837553703703714 0.0361367962962966      1
0.00320214074074068 0.012992338888889 0.034566648148149      2
0.00241169444444436 0.0157378203703704 0.0348260370370366      3
0.0056635703703703 0.0106103555555555 0.0345305370370379      4
0.00634471111111129 0.00558110185185179 0.0354275925925931      5
0.00663321481481494 0.00188386851851852 0.0338877592592597      6
0.00657559259259261 0.00305067777777783 0.0367281666666659      7
0.000345805370370374 0.0108655518518519 0.0346169814814827      8
0.00186010055555556 0.000582033333333287 0.0321492962962953      9
0.0200929027777778 0.011762127037037 0.0320829074074072      10
0.05764906 0.0817083107142857 1.94728089285714      11
0.00083194074074075 0.00430244074074074 0.0225857777777778      12
0.00495485740740753 0.00464866851851847 0.0371333148148141      13
0.00501450740740761 0.00982769259259264 0.0397130185185191      14
0.00808538888888882 0.00280623333333307 0.0141345370370378      15
0.000306392962963004 0.00469061111111113 0.0560148518518513      16
0.000484837592592602 0.0162094685185186 0.041981888888889      17
0.00146017499999999 0.0119384629629631 0.0393937037037038      18
0.00343802907407408 0.0158398574074076 0.0446780000000007      19
0.00307148888888889 0.0118173 0.0349576481481486      20
0.00710362037037038 0.00147081185185184 0.037014314814815      21
0.00593782407407389 0.0015583201851852 0.0407915185185186      22
0.0317797170370371 0.0200219675555556 0.0473578148148148      23
0.0292512070977778 0.017565997962963 0.0304021851851857      24
0.00184101296296291 0.00423610000000002 0.03813174074074      0
0.00260800925925933 0.00852293703703716 0.0363457962962968      1
0.00317804074074068 0.0130375388888889 0.0346426481481492      2
0.00252419444444438 0.0158971203703704 0.0355700370370367      3
0.00563607037037028 0.0106526555555555 0.0345695370370378      4
0.00631491111111132 0.00567010185185179 0.0355505925925932      5
0.00666251481481495 0.0019442685185185 0.0341607592592597      6
0.00683649259259261 0.00248137777777784 0.0369381666666657      7
0.000304125370370376 0.0108527518518519 0.0346979814814827      8
0.00147142055555556 0.000703633333333287 0.0305182962962953      9
0.0194781627777778 0.012218327037037 0.0324969074074071      10
0.05764906 0.0817083107142857 1.94728089285714      11
0.000916840740740749 0.00439984074074073 0.0222837777777778      12
0.00450505740740753 0.00420716851851846 0.0368383148148137      13
0.00501590740740765 0.00985409259259262 0.0397070185185191      14
0.00140181111111115 0.0297231666666669 0.0893545370370381      15
0.000479572962962999 0.00475111111111112 0.0560698518518512      16
0.0003139375925926 0.0179565685185186 0.043516888888889      17
0.00151795499999999 0.0119592629629631 0.0393087037037039      18
0.00347726907407407 0.0158675574074076 0.0446000000000004      19
0.0030494888888889 0.011893 0.0350696481481487      20
0.00691562037037036 0.00145258185185184 0.0361253148148151      21
0.00287782407407394 0.00152297981481479 0.0456685185185186      22
0.0305046270370371 0.0203259075555556 0.0455418148148148      23
0.0272819320977778 0.00691725796296297 0.0300141851851856      24
0.0019362129629629 0.00430640000000002 0.0382457407407402      0
0.00262700925925932 0.00862643703703714 0.0365097962962966      1
0.0031013407407407 0.0131359388888889 0.034817648148149      2
0.00242579444444438 0.0162488203703703 0.0362010370370367      3
0.00559297037037032 0.0107607555555554 0.0346855370370378      4
0.00625301111111132 0.00595720185185178 0.035722592592593      5
0.00669321481481494 0.0022144685185185 0.0344427592592595      6
0.00660169259259263 0.00295437777777784 0.0365481666666658      7
0.000155275370370377 0.0105327518518519 0.0341099814814827      8
0.00127950055555556 0.000896333333333277 0.0294292962962954      9
0.0194051927777778 0.012608027037037 0.032626907407407      10
0.03976965 0.0091294492857143 0.0638788928571425      11
0.00114204074074076 0.00454264074074075 0.0219097777777777      12
0.00416605740740755 0.00374056851851848 0.0367033148148139      13
0.00501830740740766 0.00985509259259265 0.0397050185185188      14
0.00287678888888881 0.00451083333333313 0.00307453703703819      15
0.000736572962963006 0.00463881111111113 0.0559968518518512      16
5.45224074074008E-05 0.0190236685185186 0.0442768888888887      17
0.00205919499999999 0.0153660629629631 0.039344703703704      18
0.00425175907407407 0.0192226574074076 0.0446370000000003      19
0.00299538888888889 0.0120038 0.0352516481481486      20
0.00741842037037033 0.00206100185185185 0.035313314814815      21
0.00594152407407395 0.0039129201851852 0.0378735185185186      22
0.0188060270370371 0.00206306755555555 0.038189814814815      23
0.0288759570977778 0.00450844796296297 0.0303011851851855      24
0.0019362129629629 0.00430640000000002 0.0382457407407402      0
0.00262700925925932 0.00862643703703714 0.0365097962962966      1
0.0031013407407407 0.0131359388888889 0.034817648148149      2
0.00242579444444438 0.0162488203703703 0.0362010370370367      3
0.00559297037037032 0.0107607555555554 0.0346855370370378      4
0.00625301111111132 0.00595720185185178 0.035722592592593      5
0.00669321481481494 0.0022144685185185 0.0344427592592595      6
0.00660169259259263 0.00295437777777784 0.0365481666666658      7
0.000155275370370377 0.0105327518518519 0.0341099814814827      8
0.00127950055555556 0.000896333333333277 0.0294292962962954      9
0.0194051927777778 0.012608027037037 0.032626907407407      10
0.03976965 0.0091294492857143 0.0638788928571425      11
0.00114204074074076 0.00454264074074075 0.0219097777777777      12
0.00416605740740755 0.00374056851851848 0.0367033148148139      13
0.00501830740740766 0.00985509259259265 0.0397050185185188      14
0.00287678888888881 0.00451083333333313 0.00307453703703819      15
0.000736572962963006 0.00463881111111113 0.0559968518518512      16
5.45224074074008E-05 0.0190236685185186 0.0442768888888887      17
0.00205919499999999 0.0153660629629631 0.039344703703704      18
0.00425175907407407 0.0192226574074076 0.0446370000000003      19
0.00299538888888889 0.0120038 0.0352516481481486      20
0.00741842037037033 0.00206100185185185 0.035313314814815      21
0.00594152407407395 0.0039129201851852 0.0378735185185186      22
0.0188060270370371 0.00206306755555555 0.038189814814815      23
0.0288759570977778 0.00450844796296297 0.0303011851851855      24
0.0019362129629629 0.00430640000000002 0.0382457407407402      0
0.00262700925925932 0.00862643703703714 0.0365097962962966      1
0.0031013407407407 0.0131359388888889 0.034817648148149      2
0.00242579444444438 0.0162488203703703 0.0362010370370367      3
0.00559297037037032 0.0107607555555554 0.0346855370370378      4
0.00625301111111132 0.00595720185185178 0.035722592592593      5
0.00669321481481494 0.0022144685185185 0.0344427592592595      6
0.00660169259259263 0.00295437777777784 0.0365481666666658      7
0.000155275370370377 0.0105327518518519 0.0341099814814827      8
0.00127950055555556 0.000896333333333277 0.0294292962962954      9
0.0194051927777778 0.012608027037037 0.032626907407407      10
0.03976965 0.0091294492857143 0.0638788928571425      11
0.00114204074074076 0.00454264074074075 0.0219097777777777      12
0.00416605740740755 0.00374056851851848 0.0367033148148139      13
0.00501830740740766 0.00985509259259265 0.0397050185185188      14
0.00287678888888881 0.00451083333333313 0.00307453703703819      15
0.000736572962963006 0.00463881111111113 0.0559968518518512      16
5.45224074074008E-05 0.0190236685185186 0.0442768888888887      17
0.00205919499999999 0.0153660629629631 0.039344703703704      18
0.00425175907407407 0.0192226574074076 0.0446370000000003      19
0.00299538888888889 0.0120038 0.0352516481481486      20
0.00741842037037033 0.00206100185185185 0.035313314814815      21
0.00594152407407395 0.0039129201851852 0.0378735185185186      22
0.0188060270370371 0.00206306755555555 0.038189814814815      23
0.0288759570977778 0.00450844796296297 0.0303011851851855      24
0.0019362129629629 0.00430640000000002 0.0382457407407402      0
0.00262700925925932 0.00862643703703714 0.0365097962962966      1
0.0031013407407407 0.0131359388888889 0.034817648148149      2
0.00242579444444438 0.0162488203703703 0.0362010370370367      3
0.00559297037037032 0.0107607555555554 0.0346855370370378      4
0.00625301111111132 0.00595720185185178 0.035722592592593      5
0.00669321481481494 0.0022144685185185 0.0344427592592595      6
0.00660169259259263 0.00295437777777784 0.0365481666666658      7
0.000155275370370377 0.0105327518518519 0.0341099814814827      8
0.00127950055555556 0.000896333333333277 0.0294292962962954      9
0.0194051927777778 0.012608027037037 0.032626907407407      10
0.03976965 0.0091294492857143 0.0638788928571425      11
0.00114204074074076 0.00454264074074075 0.0219097777777777      12
0.00416605740740755 0.00374056851851848 0.0367033148148139      13
0.00501830740740766 0.00985509259259265 0.0397050185185188      14
0.00287678888888881 0.00451083333333313 0.00307453703703819      15
0.000736572962963006 0.00463881111111113 0.0559968518518512      16
5.45224074074008E-05 0.0190236685185186 0.0442768888888887      17
0.00205919499999999 0.0153660629629631 0.039344703703704      18
0.00425175907407407 0.0192226574074076 0.0446370000000003      19
0.00299538888888889 0.0120038 0.0352516481481486      20
0.00741842037037033 0.00206100185185185 0.035313314814815      21
0.00594152407407395 0.0039129201851852 0.0378735185185186      22
0.0188060270370371 0.00206306755555555 0.038189814814815      23
0.0288759570977778 0.00450844796296297 0.0303011851851855      24
0.0019362129629629 0.00430640000000002 0.0382457407407402      0
0.00262700925925932 0.00862643703703714 0.0365097962962966      1
0.0031013407407407 0.0131359388888889 0.034817648148149      2
0.00242579444444438 0.0162488203703703 0.0362010370370367      3
0.00559297037037032 0.0107607555555554 0.0346855370370378      4
0.00625301111111132 0.00595720185185178 0.035722592592593      5
0.00669321481481494 0.0022144685185185 0.0344427592592595      6
0.00660169259259263 0.00295437777777784 0.0365481666666658      7
0.000155275370370377 0.0105327518518519 0.0341099814814827      8
0.00127950055555556 0.000896333333333277 0.0294292962962954      9
0.0194051927777778 0.012608027037037 0.032626907407407      10
0.03976965 0.0091294492857143 0.0638788928571425      11
0.00114204074074076 0.00454264074074075 0.0219097777777777      12
0.00416605740740755 0.00374056851851848 0.0367033148148139      13
0.00501830740740766 0.00985509259259265 0.0397050185185188      14
0.00287678888888881 0.00451083333333313 0.00307453703703819      15
0.000736572962963006 0.00463881111111113 0.0559968518518512      16
5.45224074074008E-05 0.0190236685185186 0.0442768888888887      17
0.00205919499999999 0.0153660629629631 0.039344703703704      18
0.00425175907407407 0.0192226574074076 0.0446370000000003      19
0.00299538888888889 0.0120038 0.0352516481481486      20
0.00741842037037033 0.00206100185185185 0.035313314814815      21
0.00594152407407395 0.0039129201851852 0.0378735185185186      22
0.0188060270370371 0.00206306755555555 0.038189814814815      23
0.0288759570977778 0.00450844796296297 0.0303011851851855      24
0.0026430129629629 0.00375140000000002 0.03871174074074      0
0.00276570925925931 0.00882903703703714 0.0371227962962966      1
0.00294534074074068 0.0135047388888889 0.0354056481481491      2
0.00276349444444438 0.0164615203703704 0.0368440370370366      3
0.00553457037037031 0.0108375555555554 0.034969537037038      4
0.0063857111111113 0.00623290185185177 0.0364545925925932      5
0.00687571481481492 0.00251536851851852 0.0350887592592597      6
0.00703759259259262 0.00270847777777783 0.0361221666666658      7
0.000134004629629626 0.0110051518518518 0.0345569814814828      8
0.00115724055555556 0.0020051333333333 0.0259222962962953      9
0.0187988427777778 0.014495427037037 0.0333249074074071      10
0.05764906 0.0817083107142857 1.94728089285714      11
0.00267224074074074 0.00270064074074074 0.0246897777777777      12
0.00298365740740753 0.00355276851851846 0.0364793148148137      13
0.00494230740740764 0.0100225925925926 0.0396790185185192      14
0.0136911888888888 0.000210466666666909 0.0231835370370379      15
0.002264142962963 0.00291531111111112 0.0546328518518513      16
0.0017921324074074 0.0183039685185186 0.0440618888888888      17
0.00209135499999999 0.0118632629629631 0.0398677037037039      18
0.00423155907407408 0.0157696574074077 0.0451480000000006      19
0.0028979888888889 0.012355 0.0358466481481488      20
0.00597862037037034 0.00156123185185184 0.035715314814815      21
0.0112422240740739 0.0097864001851852 0.00959751851851864      22
0.0188255470370371 0.00463345755555555 0.0396898148148148      23
0.0294745570977778 0.00725868796296297 0.0301401851851857      24
0.00220311296296291 0.00401270000000002 0.0388857407407401      0
0.00265050925925933 0.00892243703703716 0.0371937962962967      1
0.0029420407407407 0.013519438888889 0.0354136481481491      2
0.00275359444444437 0.0164451203703704 0.0368700370370367      3
0.00554517037037033 0.0109180555555555 0.0350465370370379      4
0.00639421111111133 0.00630800185185182 0.036567592592593      5
0.00687751481481491 0.00260386851851852 0.0351397592592595      6
0.0077315925925926 0.00244237777777784 0.0365601666666657      7
0.000150994629629624 0.0110398518518519 0.0346399814814826      8
0.00113268055555556 0.00189873333333329 0.0258882962962954      9
0.0187220227777778 0.014219627037037 0.0323689074074069      10
0.03841035 0.0132582492857143 0.0645508928571426      11
0.00190094074074074 0.00297784074074074 0.0237507777777777      12
0.00293145740740752 0.00354696851851846 0.036481314814814      13
0.00492240740740763 0.0101159925925927 0.039560018518519      14
0.0357085111111112 0.00349296666666687 0.00054746296296182      15
0.001987422962963 0.00322431111111113 0.0546948518518513      16
0.0034706524074074 0.0236416314814814 0.0216428888888891      17
0.00223705499999999 0.0110387629629631 0.0398227037037038      18
0.00437084907407408 0.0149618574074076 0.0451040000000003      19
0.0028796888888889 0.012387 0.0358676481481486      20
0.00853012037037038 0.00150225185185184 0.0384573148148151      21
0.00375622407407394 0.0050357798148148 0.0461355185185186      22
0.0303658570370371 0.0254939475555556 0.0398728148148149      23
0.0291748070977778 0.00824080796296298 0.0300801851851855      24
0.00239411296296291 0.00433920000000002 0.0390607407407402      0
0.00269200925925933 0.00910993703703716 0.0373407962962966      1
0.00288294074074069 0.0136182388888889 0.0355196481481492      2
0.00281359444444437 0.0164655203703704 0.0367800370370366      3
0.00554147037037028 0.0109197555555555 0.0350545370370379      4
0.00647861111111131 0.0065178018518518 0.036718592592593      5
0.0068695148148149 0.00280236851851851 0.0352967592592597      6
0.00796469259259264 0.00262027777777783 0.0367721666666658      7
0.000167264629629627 0.0111387518518519 0.0347059814814827      8
0.00110492055555556 0.00186283333333326 0.0258212962962954      9
0.0186257627777778 0.014164727037037 0.032178907407407      10
0.05764906 0.0817083107142857 1.94728089285714      11
0.00215824074074075 0.00353544074074073 0.0232087777777779      12
0.00290425740740752 0.00344366851851846 0.0364383148148137      13
0.00504420740740763 0.0103271925925926 0.0396990185185189      14
0.0143493888888888 0.00283456666666693 0.0295915370370379      15
0.00221584296296301 0.00344751111111112 0.0547518518518513      16
0.00183320240740741 0.0200691685185186 0.044942888888889      17
0.00211234499999999 0.0104012629629631 0.0402717037037039      18
0.00422680907407408 0.0143378574074076 0.0455540000000005      19
0.00284038888888888 0.0125124000000001 0.0359886481481486      20
0.00812582037037035 0.00146177185185185 0.036568314814815      21
0.00769372407407393 1.16201851852044E-05 0.0420065185185186      22
0.0303844970370371 0.0254136575555556 0.042872814814815      23
0.0291033170977778 0.012587897962963 0.0298961851851856      24
0.00300911296296291 0.00465860000000001 0.03927074074074      0
0.00285040925925933 0.00924553703703712 0.0374607962962967      1
0.0028544407407407 0.0136629388888889 0.0355696481481491      2
0.00285229444444438 0.0164933203703703 0.0367990370370366      3
0.00555657037037033 0.0109560555555555 0.035088537037038      4
0.00659261111111131 0.00663850185185177 0.0369285925925931      5
0.00699561481481492 0.00296076851851851 0.0353487592592596      6
0.00860949259259264 0.00231887777777784 0.0371331666666659      7
0.000163874629629624 0.0112675518518518 0.0348919814814828      8
0.00106822055555556 0.0016057333333333 0.0258462962962953      9
0.0188357427777778 0.013883427037037 0.032133907407407      10
0.05764906 0.0817083107142857 1.94728089285714      11
0.00287504074074074 0.00402764074074075 0.0225337777777777      12
0.00288195740740754 0.00315766851851845 0.0364473148148137      13
0.00507490740740763 0.0104674925925926 0.0398010185185189      14
0.0150162888888888 0.00349916666666694 0.0307695370370382      15
0.002968122962963 0.00368591111111112 0.0549458518518513      16
0.0018310324074074 0.0202175685185186 0.0453198888888888      17
0.00214921499999998 0.0104342629629631 0.040246703703704      18
0.00420843907407407 0.0143766574074076 0.0455350000000005      19
0.00284048888888888 0.0125737 0.0360506481481486      20
0.00826542037037037 0.00147407185185185 0.037235314814815      21
0.0117334240740739 0.0125310798148148 0.0128615185185186      22
0.0135954970370371 0.00727503755555555 0.0371908148148148      23
0.0286837570977778 0.00403835203703702 0.0281181851851855      24
0.00329391296296291 0.00482870000000002 0.03929474074074      0
0.00294740925925932 0.00933253703703713 0.0375407962962966      1
0.0028312407407407 0.0137057388888889 0.035678648148149      2
0.00288739444444436 0.0164567203703704 0.0368030370370367      3
0.0055556703703703 0.0109635555555555 0.0351115370370378      4
0.00666691111111128 0.00674280185185178 0.0369655925925931      5
0.00719681481481493 0.00301996851851852 0.0356357592592595      6
0.00856109259259263 0.00282497777777783 0.0366481666666658      7
0.000172844629629625 0.0112799518518518 0.0349809814814828      8
0.00118851055555556 0.00097523333333327 0.0254012962962953      9
0.0164705027777778 0.012814827037037 0.0283859074074071      10
0.05764906 0.0817083107142857 1.94728089285714      11
0.00331184074074076 0.00433994074074075 0.0220137777777778      12
0.00290285740740753 0.00271026851851847 0.0364583148148139      13
0.00507170740740764 0.0104739925925926 0.0397970185185188      14
0.00845588888888882 0.0028108333333331 0.0105275370370381      15
0.003271712962963 0.00380171111111112 0.0548768518518512      16
0.0043348224074074 0.0238321314814814 0.0252998888888891      17
0.00231036499999999 0.0100453629629631 0.0401787037037038      18
0.00434600907407408 0.0139907574074076 0.0454660000000007      19
0.0028450888888889 0.0126294 0.0361536481481486      20
0.00781222037037033 0.00210031185185185 0.037213314814815      21
0.00593482407407392 0.0033367798148148 0.0457765185185186      22
0.0187091070370371 0.000863747555555554 0.0304398148148148      23
0.0248841160977778 0.000361317962962973 0.0278361851851856      24
0.00329391296296291 0.00482870000000002 0.03929474074074      0
0.00294740925925932 0.00933253703703713 0.0375407962962966      1
0.0028312407407407 0.0137057388888889 0.035678648148149      2
0.00288739444444436 0.0164567203703704 0.0368030370370367      3
0.0055556703703703 0.0109635555555555 0.0351115370370378      4
0.00666691111111128 0.00674280185185178 0.0369655925925931      5
0.00719681481481493 0.00301996851851852 0.0356357592592595      6
0.00856109259259263 0.00282497777777783 0.0366481666666658      7
0.000172844629629625 0.0112799518518518 0.0349809814814828      8
0.00118851055555556 0.00097523333333327 0.0254012962962953      9
0.0164705027777778 0.012814827037037 0.0283859074074071      10
0.05764906 0.0817083107142857 1.94728089285714      11
0.00331184074074076 0.00433994074074075 0.0220137777777778      12
0.00290285740740753 0.00271026851851847 0.0364583148148139      13
0.00507170740740764 0.0104739925925926 0.0397970185185188      14
0.00845588888888882 0.0028108333333331 0.0105275370370381      15
0.003271712962963 0.00380171111111112 0.0548768518518512      16
0.0043348224074074 0.0238321314814814 0.0252998888888891      17
0.00231036499999999 0.0100453629629631 0.0401787037037038      18
0.00434600907407408 0.0139907574074076 0.0454660000000007      19
0.0028450888888889 0.0126294 0.0361536481481486      20
0.00781222037037033 0.00210031185185185 0.037213314814815      21
0.00593482407407392 0.0033367798148148 0.0457765185185186      22
0.0187091070370371 0.000863747555555554 0.0304398148148148      23
0.0248841160977778 0.000361317962962973 0.0278361851851856      24
0.00329391296296291 0.00482870000000002 0.03929474074074      0
0.00294740925925932 0.00933253703703713 0.0375407962962966      1
0.0028312407407407 0.0137057388888889 0.035678648148149      2
0.00288739444444436 0.0164567203703704 0.0368030370370367      3
0.0055556703703703 0.0109635555555555 0.0351115370370378      4
0.00666691111111128 0.00674280185185178 0.0369655925925931      5
0.00719681481481493 0.00301996851851852 0.0356357592592595      6
0.00856109259259263 0.00282497777777783 0.0366481666666658      7
0.000172844629629625 0.0112799518518518 0.0349809814814828      8
0.00118851055555556 0.00097523333333327 0.0254012962962953      9
0.0164705027777778 0.012814827037037 0.0283859074074071      10
0.05764906 0.0817083107142857 1.94728089285714      11
0.00331184074074076 0.00433994074074075 0.0220137777777778      12
0.00290285740740753 0.00271026851851847 0.0364583148148139      13
0.00507170740740764 0.0104739925925926 0.0397970185185188      14
0.00845588888888882 0.0028108333333331 0.0105275370370381      15
0.003271712962963 0.00380171111111112 0.0548768518518512      16
0.0043348224074074 0.0238321314814814 0.0252998888888891      17
0.00231036499999999 0.0100453629629631 0.0401787037037038      18
0.00434600907407408 0.0139907574074076 0.0454660000000007      19
0.0028450888888889 0.0126294 0.0361536481481486      20
0.00781222037037033 0.00210031185185185 0.037213314814815      21
0.00593482407407392 0.0033367798148148 0.0457765185185186      22
0.0187091070370371 0.000863747555555554 0.0304398148148148      23
0.0248841160977778 0.000361317962962973 0.0278361851851856      24
0.0044343129629629 0.00376140000000003 0.0389727407407401      0
0.00324950925925932 0.00912433703703713 0.0375297962962966      1
0.00283644074074069 0.013729938888889 0.0357116481481492      2
0.00299449444444436 0.0165173203703703 0.0368860370370367      3
0.00555487037037028 0.0109628555555554 0.0351115370370378      4
0.00671981111111131 0.00709250185185178 0.0370215925925932      5
0.00738061481481495 0.00337006851851851 0.0357417592592597      6
0.00841789259259262 0.00271737777777784 0.0354721666666658      7
0.000183314629629627 0.0112974518518518 0.0350309814814826      8
0.00118858055555556 0.000977133333333269 0.0253992962962954      9
0.0165682627777778 0.012857727037037 0.028664907407407      10
0.05764906 0.0817083107142857 1.94728089285714      11
0.0113048407407408 0.00082085925925926 0.0538147777777778      12
0.00292275740740755 0.00272906851851845 0.0364893148148138      13
0.00507150740740764 0.0105747925925926 0.0398800185185189      14
0.00493308888888883 0.00356053333333306 0.00546653703703814      15
0.006286442962963 0.00203538888888888 0.00853185185185112      16
0.00430090240740739 0.0238122314814814 0.0252458888888891      17
0.002570305 0.00937006296296311 0.040335703703704      18
0.00459103907407407 0.0133153574074076 0.0456140000000005      19
0.00287348888888889 0.0126327000000001 0.0361776481481486      20
0.00782082037037035 0.00143253185185184 0.0351233148148149      21
0.00544072407407392 0.0018161798148148 0.0449265185185186      22
0.0152322770370371 0.00390496755555556 0.0308568148148149      23
0.0265027880977778 0.00138364796296297 0.0272191851851855      24
0.0044614129629629 0.00395650000000002 0.0392797407407401      0
0.00329430925925933 0.00924243703703714 0.0377297962962966      1
0.00283234074074068 0.013810938888889 0.0358206481481491      2
0.00309719444444437 0.0165567203703704 0.0369330370370367      3
0.0055613703703703 0.0109604555555555 0.0351185370370379      4
0.00681471111111132 0.00745250185185181 0.0371625925925931      5
0.00751571481481494 0.00372516851851851 0.0359157592592596      6
0.0090442925925926 0.00272737777777783 0.0369691666666658      7
0.000200604629629626 0.0113511518518519 0.0351609814814828      8
0.00102313055555556 0.000860933333333258 0.0255192962962953      9
0.0161636127777778 0.012550727037037 0.027539907407407      10
0.05764906 0.0817083107142857 1.94728089285714      11
0.00691294074074075 0.00334864074074075 0.0337577777777778      12
0.00287535740740752 0.00280146851851845 0.036815314814814      13
0.00507110740740763 0.0106017925925926 0.0401270185185192      14
0.00454458888888881 0.00359173333333307 0.00524353703703806      15
0.005178352962963 0.00433521111111113 0.0532248518518512      16
9.81775925926048E-05 0.0187263685185186 0.0486598888888889      17
0.00241368499999998 0.00819676296296312 0.0405117037037042      18
0.00439198907407407 0.0121663574074076 0.0457930000000006      19
0.00288318888888889 0.0127286000000001 0.0363146481481487      20
0.00909632037037034 0.00105437185185184 0.0361113148148149      21
0.0093297240740739 0.0044890201851852 0.0443865185185186      22
0.0161213870370371 0.00225751755555555 0.029120814814815      23
0.0246995700977778 0.00573313203703703 0.0270731851851855      24
0.0044614129629629 0.00395650000000002 0.0392797407407401      0
0.00329430925925933 0.00924243703703714 0.0377297962962966      1
0.00283234074074068 0.013810938888889 0.0358206481481491      2
0.00309719444444437 0.0165567203703704 0.0369330370370367      3
0.0055613703703703 0.0109604555555555 0.0351185370370379      4
0.00681471111111132 0.00745250185185181 0.0371625925925931      5
0.00751571481481494 0.00372516851851851 0.0359157592592596      6
0.0090442925925926 0.00272737777777783 0.0369691666666658      7
0.000200604629629626 0.0113511518518519 0.0351609814814828      8
0.00102313055555556 0.000860933333333258 0.0255192962962953      9
0.0161636127777778 0.012550727037037 0.027539907407407      10
0.05764906 0.0817083107142857 1.94728089285714      11
0.00691294074074075 0.00334864074074075 0.0337577777777778      12
0.00287535740740752 0.00280146851851845 0.036815314814814      13
0.00507110740740763 0.0106017925925926 0.0401270185185192      14
0.00454458888888881 0.00359173333333307 0.00524353703703806      15
0.005178352962963 0.00433521111111113 0.0532248518518512      16
9.81775925926048E-05 0.0187263685185186 0.0486598888888889      17
0.00241368499999998 0.00819676296296312 0.0405117037037042      18
0.00439198907407407 0.0121663574074076 0.0457930000000006      19
0.00288318888888889 0.0127286000000001 0.0363146481481487      20
0.00909632037037034 0.00105437185185184 0.0361113148148149      21
0.0093297240740739 0.0044890201851852 0.0443865185185186      22
0.0161213870370371 0.00225751755555555 0.029120814814815      23
0.0246995700977778 0.00573313203703703 0.0270731851851855      24
0.00490601296296289 0.00323970000000003 0.03916774074074      0
0.00342260925925933 0.00907973703703713 0.0377387962962967      1
0.00282224074074069 0.013830138888889 0.0358466481481492      2
0.00316319444444438 0.0163477203703704 0.0366400370370366      3
0.00557227037037028 0.0109715555555555 0.0351095370370378      4
0.00691051111111129 0.00745120185185177 0.0372335925925931      5
0.00777731481481492 0.0037422685185185 0.0359797592592597      6
0.0098222925925926 0.00336997777777784 0.0348131666666658      7
0.000193294629629626 0.0113790518518518 0.0352319814814828      8
0.000676350555555563 0.000776933333333285 0.0258792962962953      9
0.0156633627777778 0.012423627037037 0.0275759074074071      10
0.05764906 0.0817083107142857 1.94728089285714      11
0.00954724074074073 4.75407407407452E-05 0.0517207777777777      12
0.00277525740740753 0.00285516851851847 0.0371003148148139      13
0.00507880740740763 0.0105741925925926 0.0401680185185191      14
0.00454498888888882 0.00369103333333309 0.00452853703703804      15
0.004572062962963 0.00247608888888888 0.0092408518518512      16
3.92407407401318E-07 0.0188746685185186 0.0486298888888888      17
0.00231097499999999 0.00819576296296309 0.0403147037037042      18
0.00426598907407408 0.0121604574074076 0.0455940000000004      19
0.00288818888888889 0.0127283 0.0363306481481487      20
0.00905112037037037 0.00104959185185184 0.0359113148148149      21
0.00746162407407391 0.000562879814814801 0.0407585185185186      22
0.0334421770370371 0.0211165075555556 0.0381918148148148      23
0.0246852320977778 0.00745108796296297 0.0267441851851855      24
0.00490601296296289 0.00323970000000003 0.03916774074074      0
0.00342260925925933 0.00907973703703713 0.0377387962962967      1
0.00282224074074069 0.013830138888889 0.0358466481481492      2
0.00316319444444438 0.0163477203703704 0.0366400370370366      3
0.00557227037037028 0.0109715555555555 0.0351095370370378      4
0.00691051111111129 0.00745120185185177 0.0372335925925931      5
0.00777731481481492 0.0037422685185185 0.0359797592592597      6
0.0098222925925926 0.00336997777777784 0.0348131666666658      7
0.000193294629629626 0.0113790518518518 0.0352319814814828      8
0.000676350555555563 0.000776933333333285 0.0258792962962953      9
0.0156633627777778 0.012423627037037 0.0275759074074071      10
0.05764906 0.0817083107142857 1.94728089285714      11
0.00954724074074073 4.75407407407452E-05 0.0517207777777777      12
0.00277525740740753 0.00285516851851847 0.0371003148148139      13
0.00507880740740763 0.0105741925925926 0.0401680185185191      14
0.00454498888888882 0.00369103333333309 0.00452853703703804      15
0.004572062962963 0.00247608888888888 0.0092408518518512      16
3.92407407401318E-07 0.0188746685185186 0.0486298888888888      17
0.00231097499999999 0.00819576296296309 0.0403147037037042      18
0.00426598907407408 0.0121604574074076 0.0455940000000004      19
0.00288818888888889 0.0127283 0.0363306481481487      20
0.00905112037037037 0.00104959185185184 0.0359113148148149      21
0.00746162407407391 0.000562879814814801 0.0407585185185186      22
0.0334421770370371 0.0211165075555556 0.0381918148148148      23
0.0246852320977778 0.00745108796296297 0.0267441851851855      24
0.00475901296296291 0.00347960000000001 0.03951374074074      0
0.00340860925925932 0.00913593703703713 0.0378857962962966      1
0.0028185407407407 0.0138364388888889 0.0358906481481491      2
0.00321439444444438 0.0163309203703703 0.0366480370370366      3
0.00561827037037033 0.0110092555555554 0.0351275370370379      4
0.00711681111111129 0.00777310185185182 0.0372675925925932      5
0.00806421481481495 0.0041072685185185 0.0358577592592597      6
0.0110447925925926 0.00318947777777784 0.0357571666666658      7
0.000189474629629625 0.0113610518518519 0.0352499814814826      8
0.000602760555555561 0.000711433333333289 0.0262452962962954      9
0.0151622327777778 0.012254927037037 0.027120907407407      10
0.05764906 0.0817083107142857 1.94728089285714      11
0.00542264074074075 0.00302784074074074 0.0338427777777777      12
0.00361485740740752 0.00293926851851847 0.037415314814814      13
0.00501880740740762 0.0104190925925927 0.0402440185185191      14
0.00140931111111114 0.0302890666666669 0.0899025370370379      15
0.004086382962963 0.00454601111111112 0.0545478518518512      16
0.000399722407407405 0.0193782685185186 0.0490528888888888      17
0.002455955 0.00839636296296309 0.0400897037037038      18
0.00440418907407407 0.0123670574074076 0.0453770000000007      19
0.0028854888888889 0.0127447000000001 0.0363996481481486      20
0.0102575203703704 0.00144573185185184 0.0360093148148151      21
0.0115649240740739 0.0160468101851852 0.0361645185185187      22
0.0135226770370371 0.00735525755555556 0.0321908148148149      23
0.0223581700977778 0.00133839796296298 0.0269541851851856      24
0.00475901296296291 0.00347960000000001 0.03951374074074      0
0.00340860925925932 0.00913593703703713 0.0378857962962966      1
0.0028185407407407 0.0138364388888889 0.0358906481481491      2
0.00321439444444438 0.0163309203703703 0.0366480370370366      3
0.00561827037037033 0.0110092555555554 0.0351275370370379      4
0.00711681111111129 0.00777310185185182 0.0372675925925932      5
0.00806421481481495 0.0041072685185185 0.0358577592592597      6
0.0110447925925926 0.00318947777777784 0.0357571666666658      7
0.000189474629629625 0.0113610518518519 0.0352499814814826      8
0.000602760555555561 0.000711433333333289 0.0262452962962954      9
0.0151622327777778 0.012254927037037 0.027120907407407      10
0.05764906 0.0817083107142857 1.94728089285714      11
0.00542264074074075 0.00302784074074074 0.0338427777777777      12
0.00361485740740752 0.00293926851851847 0.037415314814814      13
0.00501880740740762 0.0104190925925927 0.0402440185185191      14
0.00140931111111114 0.0302890666666669 0.0899025370370379      15
0.004086382962963 0.00454601111111112 0.0545478518518512      16
0.000399722407407405 0.0193782685185186 0.0490528888888888      17
0.002455955 0.00839636296296309 0.0400897037037038      18
0.00440418907407407 0.0123670574074076 0.0453770000000007      19
0.0028854888888889 0.0127447000000001 0.0363996481481486      20
0.0102575203703704 0.00144573185185184 0.0360093148148151      21
0.0115649240740739 0.0160468101851852 0.0361645185185187      22
0.0135226770370371 0.00735525755555556 0.0321908148148149      23
0.0223581700977778 0.00133839796296298 0.0269541851851856      24
0.00475901296296291 0.00347960000000001 0.03951374074074      0
0.00340860925925932 0.00913593703703713 0.0378857962962966      1
0.0028185407407407 0.0138364388888889 0.0358906481481491      2
0.00321439444444438 0.0163309203703703 0.0366480370370366      3
0.00561827037037033 0.0110092555555554 0.0351275370370379      4
0.00711681111111129 0.00777310185185182 0.0372675925925932      5
0.00806421481481495 0.0041072685185185 0.0358577592592597      6
0.0110447925925926 0.00318947777777784 0.0357571666666658      7
0.000189474629629625 0.0113610518518519 0.0352499814814826      8
0.000602760555555561 0.000711433333333289 0.0262452962962954      9
0.0151622327777778 0.012254927037037 0.027120907407407      10
0.05764906 0.0817083107142857 1.94728089285714      11
0.00542264074074075 0.00302784074074074 0.0338427777777777      12
0.00361485740740752 0.00293926851851847 0.037415314814814      13
0.00501880740740762 0.0104190925925927 0.0402440185185191      14
0.00140931111111114 0.0302890666666669 0.0899025370370379      15
0.004086382962963 0.00454601111111112 0.0545478518518512      16
0.000399722407407405 0.0193782685185186 0.0490528888888888      17
0.002455955 0.00839636296296309 0.0400897037037038      18
0.00440418907407407 0.0123670574074076 0.0453770000000007      19
0.0028854888888889 0.0127447000000001 0.0363996481481486      20
0.0102575203703704 0.00144573185185184 0.0360093148148151      21
0.0115649240740739 0.0160468101851852 0.0361645185185187      22
0.0135226770370371 0.00735525755555556 0.0321908148148149      23
0.0223581700977778 0.00133839796296298 0.0269541851851856      24
0.00490491296296292 0.00367060000000002 0.03973174074074      0
0.00345960925925931 0.00917133703703715 0.0379437962962967      1
0.0028158407407407 0.0138361388888889 0.0358906481481491      2
0.00324009444444437 0.0162339203703704 0.0365260370370366      3
0.00562347037037031 0.0110066555555555 0.0351215370370379      4
0.00737701111111128 0.0078419018518518 0.0371465925925931      5
0.00852291481481493 0.00426856851851851 0.0354177592592595      6
0.0113871925925926 0.00340027777777784 0.0353821666666658      7
0.000174254629629625 0.0113507518518519 0.0352459814814827      8
0.000512020555555562 0.000715033333333281 0.0264272962962953      9
0.0147467027777778 0.012126127037037 0.0263099074074071      10
0.05764906 0.0817083107142857 1.94728089285714      11
0.00561024074074074 0.00366734074074074 0.0302207777777777      12
0.00358995740740753 0.00298146851851847 0.037606314814814      13
0.00483230740740764 0.0101131925925927 0.040548018518519      14
0.00122111111111117 0.0299959666666669 0.0902095370370382      15
0.00432790296296301 0.00454711111111113 0.0547578518518512      16
0.000423522407407395 0.0194402685185186 0.0490558888888888      17
0.00258563499999999 0.00841456296296311 0.039925703703704      18
0.0149472709259259 0.0207951425925924 0.0455889999999997      19
0.0028864888888889 0.0127469 0.0364036481481487      20
0.0113278203703703 0.00158260185185184 0.037108314814815      21
0.00938042407407391 0.00295282018518521 0.0401065185185185      22
0.0145055470370371 0.00324091755555556 0.0285908148148148      23
0.0252302610977778 0.000719142037037032 0.0268981851851855      24
0.00568761296296291 0.00277380000000002 0.03949774074074      0
0.00372970925925933 0.00892803703703715 0.0379097962962966      1
0.0028194407407407 0.0138425388888889 0.0358966481481491      2
0.00357589444444437 0.0153746203703704 0.0354480370370367      3
0.00569597037037028 0.0110748555555554 0.0351225370370378      4
0.0075824111111113 0.00778280185185182 0.0371145925925931      5
0.00883001481481493 0.00422846851851852 0.0353487592592596      6
0.0112707925925926 0.00368837777777783 0.0352921666666659      7
0.000168134629629627 0.0113375518518518 0.0353459814814827      8
0.000358320555555562 0.000513933333333272 0.0269112962962954      9
0.0139263927777778 0.011699827037037 0.0249519074074069      10
0.05764906 0.0817083107142857 1.94728089285714      11
0.0109575407407407 0.000188940740740745 0.0527017777777778      12
0.00304945740740753 0.00318156851851847 0.0379323148148139      13
0.00473290740740762 0.0100543925925927 0.0407370185185192      14
0.00109511111111116 0.0299310666666669 0.0903945370370378      15
0.006455002962963 0.00449188888888888 0.00716185185185125      16
0.0004317924074074 0.0200759685185186 0.0491738888888889      17
0.00252848499999998 0.0084701629629631 0.0397937037037037      18
0.0150875709259259 0.0207123425925924 0.0453059999999996      19
0.00291118888888889 0.0127394000000001 0.0364106481481485      20
0.0125341203703703 0.00206444185185185 0.0356063148148149      21
0.0096482240740739 0.0033505201851852 0.0396065185185186      22
0.0166105370370371 0.00321985755555555 0.0297908148148149      23
0.0253655620977778 0.00224924796296297 0.0272501851851856      24
0.00568761296296291 0.00277380000000002 0.03949774074074      0
0.00372970925925933 0.00892803703703715 0.0379097962962966      1
0.0028194407407407 0.0138425388888889 0.0358966481481491      2
0.00357589444444437 0.0153746203703704 0.0354480370370367      3
0.00569597037037028 0.0110748555555554 0.0351225370370378      4
0.0075824111111113 0.00778280185185182 0.0371145925925931      5
0.00883001481481493 0.00422846851851852 0.0353487592592596      6
0.0112707925925926 0.00368837777777783 0.0352921666666659      7
0.000168134629629627 0.0113375518518518 0.0353459814814827      8
0.000358320555555562 0.000513933333333272 0.0269112962962954      9
0.0139263927777778 0.011699827037037 0.0249519074074069      10
0.05764906 0.0817083107142857 1.94728089285714      11
0.0109575407407407 0.000188940740740745 0.0527017777777778      12
0.00304945740740753 0.00318156851851847 0.0379323148148139      13
0.00473290740740762 0.0100543925925927 0.0407370185185192      14
0.00109511111111116 0.0299310666666669 0.0903945370370378      15
0.006455002962963 0.00449188888888888 0.00716185185185125      16
0.0004317924074074 0.0200759685185186 0.0491738888888889      17
0.00252848499999998 0.0084701629629631 0.0397937037037037      18
0.0150875709259259 0.0207123425925924 0.0453059999999996      19
0.00291118888888889 0.0127394000000001 0.0364106481481485      20
0.0125341203703703 0.00206444185185185 0.0356063148148149      21
0.0096482240740739 0.0033505201851852 0.0396065185185186      22
0.0166105370370371 0.003219