   X       Y         Z      JointType
17.73501 -3.40233 16.66667 0
17.75178 -0.005672455 16.66667 1
17.77567 3.714553 16.66667 2
17.77359 5.493933 16.66667 3
15.93734 2.876255 16.66667 4
15.22577 -0.2113754 16.66667 5
14.80581 -2.668191 16.66667 6
14.71873 -3.467291 16.66667 7
19.24684 1.909311 16.66667 8
20.58845 0.1284889 16.875 9
20.54616 -2.545656 16.875 10
19.77903 -3.233929 17.5 11
17.23965 -3.406126 16.66667 12
16.92385 -6.824881 16.66667 13
17.63783 -9.513011 17.5 14
17.60683 -10.68699 18 15
18.63544 -3.421782 16.66667 16
18.75033 -7.515523 16.66667 17
19.54257 -9.767238 18 18
19.5236 -10.65269 18 19
17.77905 3.133305 16.66667 20
14.67272 -4.329185 16.66667 21
14.65827 -3.456393 16.66667 22
19.94992 -4.658339 16.66667 23
19.83645 -3.74243 16.66667 24
17.74166 -3.40941 16.66667 0
17.76355 0.3432732 16.66667 1
17.78416 4.029847 16.66667 2
17.77143 5.622899 16.66667 3
15.74866 2.545081 16.66667 4
15.15687 -0.4810761 16.66667 5
14.74945 -2.959172 16.66667 6
14.70017 -3.528706 16.66667 7
19.73285 2.508049 16.66667 8
20.65927 -0.2053963 16.875 9
20.63906 -2.824237 16.875 10
19.85014 -3.39613 17.5 11
16.84086 -3.399085 16.66667 12
16.86048 -7.246549 16.66667 13
17.6211 -10.13438 17.5 14
17.60688 -10.68682 18 15
18.64339 -3.420621 16.66667 16
18.77775 -7.518683 16.66667 17
19.54232 -9.768255 18 18
19.52318 -10.65374 18 19
17.77895 3.115057 16.66667 20
14.643 -4.339532 16.66667 21
14.63856 -3.430534 16.66667 22
20.0169 -4.642207 16.66667 23
19.89709 -3.784615 16.66667 24
17.754 -3.413838 16.66667 0
17.76453 0.3376305 16.66667 1
17.77 4.01858 16.66667 2
17.76847 5.611818 16.66667 3
15.75008 2.54497 16.66667 4
15.14623 -0.4615677 16.66667 5
14.72685 -2.927751 16.66667 6
14.64909 -3.486052 16.66667 7
19.73922 2.507273 16.66667 8
20.69027 0.11688 17.14286 9
20.7687 -2.379764 17.14286 10
20.56187 -3.029283 17.14286 11
16.85003 -3.403264 16.66667 12
16.9604 -7.246706 16.66667 13
17.62222 -10.13385 17.5 14
17.60697 -10.68738 18 15
18.65905 -3.425177 16.66667 16
18.81446 -7.520831 16.66667 17
19.53541 -9.784579 18 18
19.52346 -10.65278 18 19
17.76908 3.105615 16.66667 20
14.58403 -4.329642 16.66667 21
14.5796 -3.521895 16.66667 22
20.0563 -4.632698 16.66667 23
19.89042 -3.729424 16.66667 24
17.83181 -3.43573 16.66667 0
17.81281 0.3119278 16.66667 1
17.79679 3.983064 16.66667 2
17.81941 5.563898 16.66667 3
15.80396 2.533268 16.66667 4
15.21239 -0.4507095 16.66667 5
14.80109 -2.945041 16.66667 6
14.75619 -3.464413 16.66667 7
19.79597 2.484135 16.66667 8
20.3073 -0.424662 16.66667 9
20.40567 -2.914308 16.66667 10
20.29089 -3.601418 16.66667 11
16.92339 -3.427994 16.66667 12
16.97518 -7.30399 16.66667 13
17.62175 -10.12398 17.5 14
17.60308 -10.70952 18 15
18.73657 -3.439787 16.66667 16
18.90122 -7.510913 16.66667 17
19.34026 -10.15193 17.5 18
19.51852 -10.65193 18 19
17.80062 3.07314 16.66667 20
14.67506 -4.322499 16.66667 21
14.70978 -3.494756 16.66667 22
20.36015 -4.578067 16.66667 23
20.08726 -3.639182 16.66667 24
17.83485 -3.437482 16.66667 0
17.81543 0.3109596 16.66667 1
17.79957 3.983112 16.66667 2
17.82095 5.563487 16.66667 3
15.8039 2.532661 16.66667 4
15.21339 -0.4509788 16.66667 5
14.80163 -2.946484 16.66667 6
14.77481 -3.47231 16.66667 7
19.79653 2.483679 16.66667 8
20.30748 -0.423172 16.66667 9
20.41325 -2.913496 16.66667 10
20.31317 -3.593181 16.66667 11
16.92763 -3.432211 16.66667 12
16.979 -7.308652 16.66667 13
17.62297 -10.11894 17.5 14
17.60175 -10.70384 18 15
18.73981 -3.441425 16.66667 16
18.90754 -7.501337 16.66667 17
19.32535 -10.18638 17.5 18
19.51663 -10.66149 18 19
17.80328 3.072937 16.66667 20
14.70219 -4.343962 16.66667 21
14.69194 -3.583316 16.66667 22
20.38739 -4.575819 16.66667 23
20.08942 -3.629372 16.66667 24
17.83528 -3.43759 16.66667 0
17.81602 0.311087 16.66667 1
17.8004 3.983611 16.66667 2
17.82136 5.563635 16.66667 3
15.80487 2.532277 16.66667 4
15.21435 -0.4502716 16.66667 5
14.80455 -2.946559 16.66667 6
14.78048 -3.471581 16.66667 7
19.79841 2.483482 16.66667 8
20.30882 -0.4231216 16.66667 9
20.41505 -2.913628 16.66667 10
20.31481 -3.593178 16.66667 11
16.92813 -3.43222 16.66667 12
16.9775 -7.311171 16.66667 13
17.61847 -10.11819 17.5 14
17.61209 -10.6681 18 15
18.74021 -3.441608 16.66667 16
18.90833 -7.501637 16.66667 17
19.32694 -10.18942 17.5 18
19.51709 -10.66528 18 19
17.80404 3.073325 16.66667 20
14.70724 -4.343483 16.66667 21
14.71077 -3.575592 16.66667 22
20.38637 -4.575874 16.66667 23
20.094 -3.635153 16.66667 24
17.85622 -3.440265 16.66667 0
17.83323 0.3068825 16.66667 1
17.81186 3.979728 16.66667 2
17.83457 5.560238 16.66667 3
15.82492 2.520212 16.66667 4
15.25185 -0.4564835 16.66667 5
14.88886 -2.968475 16.66667 6
14.89028 -3.475328 16.66667 7
19.82585 2.481843 16.66667 8
20.31898 -0.4173737 16.66667 9
20.45881 -2.891295 16.66667 10
20.36272 -3.599278 16.66667 11
16.94908 -3.439583 16.66667 12
17.02428 -7.403735 16.66667 13
17.61702 -10.11913 17.5 14
17.59243 -10.65625 18 15
18.76246 -3.440492 16.66667 16
18.97451 -7.466376 16.66667 17
19.35486 -10.13513 17.5 18
19.51721 -10.65543 18 19
17.81704 3.069144 16.66667 20
14.83243 -4.36053 16.66667 21
14.78134 -3.54687 16.66667 22
20.45178 -4.587607 16.66667 23
20.17345 -3.674522 16.66667 24
17.8682 -3.44308 16.66667 0
17.84666 0.3042038 16.66667 1
17.82442 3.977473 16.66667 2
17.84978 5.553177 16.66667 3
15.84005 2.512092 16.66667 4
15.26612 -0.4720848 16.66667 5
14.89028 -2.967534 16.66667 6
14.87262 -3.497215 16.66667 7
19.84034 2.476514 16.66667 8
20.32995 -0.4195786 16.66667 9
20.47806 -2.892273 16.66667 10
20.39417 -3.600862 16.66667 11
16.96115 -3.442697 16.66667 12
17.03444 -7.411769 16.66667 13
17.61654 -10.11888 17.5 14
17.59052 -10.65951 18 15
18.77434 -3.442934 16.66667 16
18.98348 -7.489141 16.66667 17
19.35967 -10.11964 17.5 18
19.51768 -10.6572 18 19
17.83002 3.066643 16.66667 20
14.8084 -4.39086 16.66667 21
14.7862 -3.523612 16.66667 22
20.48313 -4.601762 16.66667 23
20.1975 -3.644626 16.66667 24
17.86264 -3.432518 16.66667 0
17.83855 0.3099434 16.66667 1
17.8127 3.979265 16.66667 2
17.84803 5.554397 16.66667 3
15.83824 2.516521 16.66667 4
15.258 -0.4671639 16.66667 5
14.88923 -2.953026 16.66667 6
14.84966 -3.475446 16.66667 7
19.82679 2.482133 16.66667 8
20.33751 -0.4129654 16.66667 9
20.52843 -2.877013 16.66667 10
20.45452 -3.556509 16.66667 11
16.95507 -3.433562 16.66667 12
16.97124 -7.340179 16.66667 13
17.52434 -10.07807 17.5 14
17.48433 -10.67747 18 15
18.7688 -3.43093 16.66667 16
19.08339 -7.402597 16.66667 17
19.38432 -10.09693 17.5 18
19.52034 -10.70072 18 19
17.81926 3.069327 16.66667 20
14.80681 -4.369737 16.66667 21
14.791 -3.464413 16.66667 22
20.55972 -4.556654 16.66667 23
20.27927 -3.625156 16.66667 24
17.88347 -3.419838 16.66667 0
17.86364 0.3133858 16.66667 1
17.84035 3.973608 16.66667 2
17.87124 5.546558 16.66667 3
15.86922 2.504136 16.66667 4
15.29093 -0.4618851 16.66667 5
14.91912 -2.965209 16.66667 6
14.90667 -3.507907 16.66667 7
19.84137 2.482288 16.66667 8
20.36749 -0.4120796 16.66667 9
20.58759 -2.874602 16.66667 10
20.52287 -3.562369 16.66667 11
16.97968 -3.423789 16.66667 12
16.97528 -7.314644 16.66667 13
17.50623 -10.06593 17.5 14
17.48427 -10.67783 18 15
18.78484 -3.415166 16.66667 16
18.9937 -7.373582 16.66667 17
19.38561 -10.0927 17.5 18
19.51978 -10.69986 18 19
17.84635 3.066018 16.66667 20
14.89253 -4.396677 16.66667 21
14.86453 -3.524208 16.66667 22
20.57661 -4.565639 16.66667 23
20.36511 -3.630118 16.66667 24
17.87315 -3.418706 16.66667 0
17.85331 0.3141991 16.66667 1
17.83118 3.974233 16.66667 2
17.8671 5.54506 16.66667 3
15.86406 2.502462 16.66667 4
15.2679 -0.4539345 16.66667 5
14.88614 -2.95733 16.66667 6
14.87891 -3.524138 16.66667 7
19.828 2.483397 16.66667 8
20.3603 -0.4195244 16.66667 9
20.59141 -2.881651 16.66667 10
20.52532 -3.563638 16.66667 11
16.97025 -3.422565 16.66667 12
16.9564 -7.336114 16.66667 13
17.48488 -10.10095 17.5 14
17.4872 -10.65902 18 15
18.77321 -3.414153 16.66667 16
18.99635 -7.392059 16.66667 17
19.36385 -10.18137 17.5 18
19.53508 -10.72626 18 19
17.83684 3.066684 16.66667 20
14.86692 -4.401549 16.66667 21
14.8272 -3.576907 16.66667 22
20.60613 -4.552003 16.66667 23
19.9659 -2.878209 15 24
17.88279 -3.416196 16.66667 0
17.86269 0.3132583 16.66667 1
17.84018 3.970947 16.66667 2
17.87389 5.542741 16.66667 3
15.86824 2.502094 16.66667 4
15.29187 -0.4703606 16.66667 5
14.92266 -2.985657 16.66667 6
14.93841 -3.537006 16.66667 7
19.83714 2.482985 16.66667 8
20.37571 -0.414566 16.66667 9
20.60347 -2.873834 16.66667 10
20.54356 -3.559306 16.66667 11
16.97972 -3.42054 16.66667 12
16.94163 -7.333328 16.66667 13
17.48488 -10.10095 17.5 14
17.4872 -10.65902 18 15
18.78286 -3.411269 16.66667 16
19.00982 -7.382548 16.66667 17
19.36385 -10.18137 17.5 18
19.53508 -10.72626 18 19
17.84594 3.063891 16.66667 20
14.92491 -4.39769 16.66667 21
14.92483 -3.536609 16.66667 22
20.6154 -4.541093 16.66667 23
20.34084 -3.610352 16.66667 24
17.88515 -3.411873 16.66667 0
17.86466 0.3136673 16.66667 1
17.842 3.965992 16.66667 2
17.87069 5.536099 16.66667 3
15.87631 2.494567 16.66667 4
15.29817 -0.473729 16.66667 5
14.92997 -2.993124 16.66667 6
14.93763 -3.554317 16.66667 7
19.84054 2.474967 16.66667 8
20.37688 -0.4230927 16.66667 9
20.60278 -2.874158 16.66667 10
20.555 -3.577126 16.66667 11
16.98268 -3.418594 16.66667 12
16.93018 -7.335312 16.66667 13
17.49093 -10.06917 17.5 14
17.44489 -10.70794 18 15
18.78554 -3.404712 16.66667 16
19.02717 -7.366531 16.66667 17
19.40704 -10.17685 17.5 18
19.56382 -10.71834 18 19
17.84778 3.060487 16.66667 20
14.95585 -4.460574 16.66667 21
14.85307 -3.549759 16.66667 22
20.62471 -4.546759 16.66667 23
20.38184 -3.729036 16.66667 24
17.89811 -3.412019 16.66667 0
17.88345 0.314241 16.66667 1
17.86771 3.965748 16.66667 2
17.88617 5.5321 16.66667 3
15.88574 2.49149 16.66667 4
15.32743 -0.4857987 16.66667 5
14.96415 -2.996916 16.66667 6
14.97906 -3.544662 16.66667 7
19.85607 2.471373 16.66667 8
20.39918 -0.4268707 16.66667 9
20.63222 -2.876909 16.66667 10
20.57547 -3.596982 16.66667 11
16.99616 -3.417744 16.66667 12
16.9394 -7.341673 16.66667 13
17.47239 -10.06951 17.5 14
17.41766 -10.7001 18 15
18.79847 -3.405855 16.66667 16
19.04029 -7.370646 16.66667 17
19.41219 -10.18252 17.5 18
19.56564 -10.71409 18 19
17.87172 3.060618 16.66667 20
14.9619 -4.462947 16.66667 21
14.9156 -3.585948 16.66667 22
20.64458 -4.570901 16.66667 23
20.41183 -3.721849 16.66667 24
17.90119 -3.407248 16.66667 0
17.88353 0.3160019 16.66667 1
17.86535 3.96081 16.66667 2
17.88805 5.526988 16.66667 3
15.89161 2.487488 16.66667 4
15.33799 -0.4754395 16.66667 5
14.97964 -2.992558 16.66667 6
15.01309 -3.533553 16.66667 7
19.85762 2.470471 16.66667 8
20.4012 -0.4322754 16.66667 9
20.65305 -2.888823 16.66667 10
20.6008 -3.606969 16.66667 11
16.99978 -3.413882 16.66667 12
16.92735 -7.344069 16.66667 13
17.47057 -10.0628 17.5 14
17.41922 -10.69992 18 15
18.80054 -3.400224 16.66667 16
19.09983 -7.356483 16.66667 17
19.41561 -10.18493 17.5 18
19.56651 -10.71467 18 19
17.86992 3.057671 16.66667 20
14.96818 -4.415732 16.66667 21
14.9678 -3.543234 16.66667 22
20.66702 -4.57706 16.66667 23
20.42695 -3.653024 16.66667 24
17.90494 -3.40717 16.66667 0
17.88721 0.3159927 16.66667 1
17.86854 3.96041 16.66667 2
17.88981 5.526116 16.66667 3
15.90411 2.490115 16.66667 4
15.35041 -0.4641868 16.66667 5
14.91446 -2.897704 16.66667 6
14.89095 -3.415396 16.66667 7
19.85699 2.472104 16.66667 8
20.40477 -0.4344131 16.66667 9
20.66397 -2.890565 16.66667 10
20.61879 -3.624478 16.66667 11
17.00347 -3.413339 16.66667 12
16.93495 -7.345587 16.66667 13
17.46759 -10.06164 17.5 14
17.41912 -10.6993 18 15
18.80437 -3.40063 16.66667 16
19.10086 -7.357031 16.66667 17
19.41852 -10.18191 17.5 18
19.56713 -10.71332 18 19
17.87323 3.057396 16.66667 20
14.7874 -4.28354 16.66667 21
14.83205 -3.460225 16.66667 22
20.68295 -4.588156 16.66667 23
20.44148 -3.660709 16.66667 24
17.89229 -3.403519 16.66667 0
17.87794 0.3162987 16.66667 1
17.86248 3.95651 16.66667 2
17.88331 5.519602 16.66667 3
15.90016 2.486865 16.66667 4
15.34626 -0.4597679 16.66667 5
14.9117 -2.893111 16.66667 6
14.86422 -3.424895 16.66667 7
19.85045 2.467905 16.66667 8
20.39367 -0.4435783 16.66667 9
20.66053 -2.896059 16.66667 10
20.61245 -3.67663 16.66667 11
16.99122 -3.409256 16.66667 12
16.92166 -7.327716 16.66667 13
17.46297 -10.07583 17.5 14
17.41879 -10.69996 18 15
18.79113 -3.397697 16.66667 16
19.0605 -7.361913 16.66667 17
19.41864 -10.18188 17.5 18
19.56247 -10.71461 18 19
17.86639 3.054595 16.66667 20
14.77953 -4.308836 16.66667 21
14.82075 -3.376827 16.66667 22
20.68405 -4.618001 16.66667 23
20.44756 -3.704437 16.66667 24
17.89391 -3.404527 16.66667 0
17.87953 0.3156235 16.66667 1
17.86398 3.956199 16.66667 2
17.88537 5.519895 16.66667 3
15.90377 2.485721 16.66667 4
15.35412 -0.4628616 16.66667 5
14.93364 -2.897604 16.66667 6
14.88595 -3.425824 16.66667 7
19.85229 2.466811 16.66667 8
20.39592 -0.4455437 16.66667 9
20.68143 -2.930426 16.66667 10
20.64094 -3.688013 16.66667 11
16.9928 -3.410056 16.66667 12
16.9243 -7.335031 16.66667 13
17.45691 -10.06894 17.5 14
17.41713 -10.69323 18 15
18.79277 -3.398918 16.66667 16
19.06234 -7.376862 16.66667 17
19.42075 -10.18631 17.5 18
19.56368 -10.71422 18 19
17.86789 3.054209 16.66667 20
14.79629 -4.309756 16.66667 21
14.84076 -3.320235 16.66667 22
20.7056 -4.629668 16.66667 23
20.48695 -3.697945 16.66667 24
17.86956 -3.404561 16.66667 0
17.86352 0.313697 16.66667 1
17.85421 3.953082 16.66667 2
17.87845 5.514351 16.66667 3
15.90202 2.486475 16.66667 4
15.3314 -0.4731453 16.66667 5
14.89299 -2.883272 16.66667 6
14.80252 -3.4216 16.66667 7
19.84491 2.458486 16.66667 8
20.38461 -0.4549652 16.66667 9
20.68909 -2.962625 16.66667 10
20.66337 -3.685959 16.66667 11
16.97034 -3.408165 16.66667 12
16.90874 -7.336736 16.66667 13
17.45378 -10.03336 17.5 14
17.4154 -10.69445 18 15
18.76588 -3.401329 16.66667 16
19.04063 -7.379442 16.66667 17
19.45009 -10.18537 17.5 18
19.59711 -10.72766 18 19
17.85676 3.051324 16.66667 20
14.72877 -4.301872 16.66667 21
14.76872 -3.381537 16.66667 22
20.73264 -4.630696 16.66667 23
20.51289 -3.728703 16.66667 24
17.84599 -3.402936 16.66667 0
17.84158 0.3125572 16.66667 1
17.83557 3.949095 16.66667 2
17.868 5.508441 16.66667 3
15.88314 2.490409 16.66667 4
15.27379 -0.4474975 16.66667 5
14.76751 -2.777156 16.66667 6
14.65129 -3.270525 16.66667 7
19.83666 2.454521 16.66667 8
20.36466 -0.449173 16.66667 9
20.67834 -2.937816 16.66667 10
20.6682 -3.698186 16.66667 11
16.94698 -3.404703 16.66667 12
16.89057 -7.32397 16.66667 13
17.45265 -10.03425 17.5 14
17.41977 -10.69819 18 15
18.74205 -3.401477 16.66667 16
19.0111 -7.387465 16.66667 17
19.44703 -10.18626 17.5 18
19.5959 -10.7302 18 19
17.83707 3.048148 16.66667 20
14.56617 -4.095798 16.66667 21
14.58992 -3.288682 16.66667 22
20.74114 -4.646468 16.66667 23
20.53667 -3.729434 16.66667 24
17.8488 -3.404866 16.66667 0
17.84335 0.3100952 16.66667 1
17.83681 3.947086 16.66667 2
17.86646 5.506339 16.66667 3
15.88652 2.485371 16.66667 4
15.26956 -0.4454033 16.66667 5
14.73072 -2.774602 16.66667 6
14.62055 -3.289508 16.66667 7
19.83858 2.452896 16.66667 8
20.38054 -0.4569321 16.66667 9
20.71165 -2.925693 16.66667 10
20.69563 -3.709085 16.66667 11
16.95057 -3.405873 16.66667 12
16.8936 -7.323451 16.66667 13
17.45585 -10.03594 17.5 14
17.41748 -10.69548 18 15
18.74434 -3.404097 16.66667 16
19.01128 -7.39997 16.66667 17
19.45339 -10.18028 17.5 18
19.6003 -10.72493 18 19
17.83835 3.045964 16.66667 20
14.53183 -4.087448 16.66667 21
14.54757 -3.284921 16.66667 22
20.77669 -4.642251 16.66667 23
20.51726 -3.755487 16.66667 24
17.84462 -3.40359 16.66667 0
17.83864 0.3109177 16.66667 1
17.8313 3.947837 16.66667 2
17.86224 5.505412 16.66667 3
15.8764 2.487052 16.66667 4
15.18522 -0.393914 16.66667 5
14.6001 -2.490215 16.66667 6
14.50132 -2.920406 16.66667 7
19.8146 2.453592 16.66667 8
20.37465 -0.4521202 16.66667 9
20.71082 -2.920907 16.66667 10
20.69541 -3.710327 16.66667 11
16.94578 -3.404631 16.66667 12
16.88474 -7.31667 16.66667 13
17.45593 -10.03599 17.5 14
17.41806 -10.69541 18 15
18.74061 -3.402786 16.66667 16
18.996 -7.38504 16.66667 17
19.45402 -10.181 17.5 18
19.60036 -10.72558 18 19
17.83307 3.046679 16.66667 20
14.41461 -3.610898 16.66667 21
14.42556 -3.029082 16.66667 22
20.77354 -4.639609 16.66667 23
20.50942 -3.778008 16.66667 24
17.84369 -3.402997 16.66667 0
17.83726 0.3116608 16.66667 1
17.82931 3.948784 16.66667 2
17.86386 5.503632 16.66667 3
15.87404 2.488419 16.66667 4
15.1766 -0.3878708 16.66667 5
14.5767 -2.474582 16.66667 6
14.47276 -2.91026 16.66667 7
19.81278 2.452566 16.66667 8
20.37265 -0.4583344 16.66667 9
20.71833 -2.934422 16.66667 10
20.71357 -3.726068 16.66667 11
16.94508 -3.404099 16.66667 12
16.88437 -7.321925 16.66667 13
17.45143 -10.0359 17.5 14
17.42031 -10.6918 18 15
18.73938 -3.401965 16.66667 16
18.9734 -7.375786 16.66667 17
19.45539 -10.18349 17.5 18
19.60121 -10.72648 18 19
17.83126 3.047539 16.66667 20
14.37665 -3.610545 16.66667 21
14.3836 -3.03806 16.66667 22
20.79001 -4.640256 16.66667 23
20.55383 -3.773758 16.66667 24
17.84802 -3.402745 16.66667 0
17.84123 0.310437 16.66667 1
17.83253 3.947185 16.66667 2
17.86637 5.501867 16.66667 3
15.87687 2.488487 16.66667 4
15.16884 -0.3821396 16.66667 5
14.57239 -2.398148 16.66667 6
14.48161 -2.838463 16.66667 7
19.81691 2.450658 16.66667 8
20.38378 -0.4632309 16.66667 9
20.75409 -2.942873 16.66667 10
20.76098 -3.726321 16.66667 11
16.94956 -3.403049 16.66667 12
16.88256 -7.321428 16.66667 13
17.45216 -10.03767 17.5 14
17.41963 -10.69104 18 15
18.74348 -3.402483 16.66667 16
19.05043 -7.38188 16.66667 17
19.4654 -10.18181 17.5 18
19.60296 -10.72674 18 19
17.8347 3.045895 16.66667 20
14.41372 -3.495978 16.66667 21
14.41736 -2.859471 16.66667 22
20.83818 -4.640649 16.66667 23
20.6036 -3.755666 16.66667 24
17.84701 -3.402936 16.66667 0
17.84001 0.3099464 16.66667 1
17.83065 3.945543 16.66667 2
17.86922 5.498231 16.66667 3
15.87485 2.488248 16.66667 4
15.16602 -0.3786911 16.66667 5
14.5727 -2.39088 16.66667 6
14.47612 -2.839845 16.66667 7
19.82017 2.447127 16.66667 8
20.38221 -0.4735909 16.66667 9
20.76771 -2.933641 16.66667 10
20.78825 -3.739594 16.66667 11
16.94839 -3.402765 16.66667 12
16.8818 -7.266664 16.66667 13
17.45521 -10.03991 17.5 14
17.42009 -10.69596 18 15
18.74257 -3.403297 16.66667 16
19.0199 -7.326587 16.66667 17
19.47067 -10.18051 17.5 18
19.59754 -10.72551 18 19
17.83301 3.044612 16.66667 20
14.39004 -3.532948 16.66667 21
14.39098 -2.845908 16.66667 22
20.86265 -4.654991 16.66667 23
20.67984 -3.823416 16.66667 24
17.84796 -3.40361 16.66667 0
17.84239 0.3101173 16.66667 1
17.83393 3.945668 16.66667 2
17.87527 5.497821 16.66667 3
15.87587 2.488793 16.66667 4
15.16033 -0.3750679 16.66667 5
14.57232 -2.379423 16.66667 6
14.48295 -2.830829 16.66667 7
19.81771 2.444541 16.66667 8
20.38534 -0.482663 16.66667 9
20.77463 -2.938927 16.66667 10
20.79249 -3.74886 16.66667 11
16.94877 -3.403365 16.66667 12
16.88006 -7.258522 16.66667 13
17.45334 -10.03808 17.5 14
17.40726 -10.71622 18 15
18.74367 -3.404149 16.66667 16
19.01561 -7.322952 16.66667 17
19.47143 -10.18154 17.5 18
19.59768 -10.72481 18 19
17.83601 3.044753 16.66667 20
14.39728 -3.49184 16.66667 21
14.42322 -2.775901 16.66667 22
20.85973 -4.671953 16.66667 23
20.64001 -3.758894 16.66667 24
17.84669 -3.405907 16.66667 0
17.84179 0.308992 16.66667 1
17.83429 3.944991 16.66667 2
17.87609 5.49669 16.66667 3
15.8749 2.486764 16.66667 4
15.16014 -0.3753647 16.66667 5
14.57006 -2.395684 16.66667 6
14.47311 -2.855765 16.66667 7
19.81713 2.442065 16.66667 8
20.38591 -0.4870979 16.66667 9
20.77569 -2.958726 16.66667 10
20.78827 -3.752226 16.66667 11
16.94728 -3.40499 16.66667 12
16.88087 -7.262274 16.66667 13
17.45316 -10.03825 17.5 14
17.40721 -10.71647 18 15
18.7427 -3.407181 16.66667 16
18.99857 -7.327617 16.66667 17
19.47148 -10.18132 17.5 18
19.5976 -10.72452 18 19
17.83607 3.043986 16.66667 20
14.3671 -3.5226 16.66667 21
14.41686 -2.807433 16.66667 22
20.85347 -4.676254 16.66667 23
20.6463 -3.691753 16.66667 24
17.846 -3.406343 16.66667 0
17.84105 0.3092026 16.66667 1
17.83331 3.945687 16.66667 2
17.87609 5.497064 16.66667 3
15.87377 2.484476 16.66667 4
15.16181 -0.3740967 16.66667 5
14.5706 -2.394035 16.66667 6
14.48168 -2.860684 16.66667 7
19.81662 2.440115 16.66667 8
20.38636 -0.4901589 16.66667 9
20.78191 -2.965805 16.66667 10
20.80398 -3.769563 16.66667 11
16.94666 -3.405048 16.66667 12
16.88355 -7.296854 16.66667 13
17.45308 -10.03835 17.5 14
17.40962 -10.7046 18 15
18.74205 -3.407898 16.66667 16
18.99421 -7.298234 16.66667 17
19.47134 -10.17985 17.5 18
19.59529 -10.72276 18 19
17.83515 3.044569 16.66667 20
14.36426 -3.537413 16.66667 21
14.41979 -2.828389 16.66667 22
20.85838 -4.685027 16.66667 23
20.66489 -3.650743 16.66667 24
17.84464 -3.407825 16.66667 0
17.84003 0.3077492 16.66667 1
17.83218 3.944794 16.66667 2
17.87729 5.496919 16.66667 3
15.87241 2.486362 16.66667 4
15.16595 -0.3771049 16.66667 5
14.56112 -2.525218 16.66667 6
14.44861 -3.01645 16.66667 7
19.81629 2.439289 16.66667 8
20.38662 -0.4960526 16.66667 9
20.78539 -2.961342 16.66667 10
20.80333 -3.76319 16.66667 11
16.94512 -3.406245 16.66667 12
16.88277 -7.300836 16.66667 13
17.45564 -10.04187 17.5 14
17.41004 -10.70269 18 15
18.74081 -3.40959 16.66667 16
18.99913 -7.317386 16.66667 17
19.46869 -10.18164 17.5 18
19.59555 -10.72365 18 19
17.83403 3.043473 16.66667 20
14.29251 -3.699554 16.66667 21
14.37167 -3.021483 16.66667 22
20.85625 -4.684111 16.66667 23
20.64797 -3.734604 16.66667 24
17.84168 -3.40889 16.66667 0
17.83814 0.3069313 16.66667 1
17.83146 3.939039 16.66667 2
17.87396 5.492513 16.66667 3
15.87664 2.483601 16.66667 4
15.1657 -0.3780602 16.66667 5
14.57123 -2.527713 16.66667 6
14.45977 -2.98873 16.66667 7
19.82092 2.435478 16.66667 8
20.38391 -0.5000839 16.66667 9
20.79004 -2.964995 16.66667 10
20.80891 -3.773067 16.66667 11
16.9421 -3.406689 16.66667 12
16.88342 -7.247203 16.66667 13
17.45747 -10.04325 17.5 14
17.40786 -10.68989 18 15
18.73792 -3.411249 16.66667 16
18.93626 -7.325784 16.66667 17
19.45975 -10.19285 17.5 18
19.59973 -10.73174 18 19
17.83294 3.039548 16.66667 20
14.30455 -3.722932 16.66667 21
14.37433 -3.01866 16.66667 22
20.85597 -4.693377 16.66667 23
20.6652 -3.670537 16.66667 24
17.83866 -3.410146 16.66667 0
17.8329 0.3061401 16.66667 1
17.8247 3.939186 16.66667 2
17.87225 5.490502 16.66667 3
15.88057 2.485035 16.66667 4
15.16871 -0.3899689 16.66667 5
14.56417 -2.650056 16.66667 6
14.45572 -3.167197 16.66667 7
19.82434 2.433211 16.66667 8
20.38161 -0.5043877 16.66667 9
20.78435 -2.945632 16.66667 10
20.8109 -3.774947 16.66667 11
16.93895 -3.407703 16.66667 12
16.88063 -7.251465 16.66667 13
17.45667 -10.04278 17.5 14
17.40782 -10.68874 18 15
18.73461 -3.412035 16.66667 16
18.93096 -7.375328 16.66667 17
19.45968 -10.19411 17.5 18
19.60007 -10.73149 18 19
17.82644 3.039368 16.66667 20
14.30536 -3.942383 16.66667 21
14.36292 -3.181441 16.66667 22
20.86678 -4.688817 16.66667 23
20.69834 -3.692729 16.66667 24
17.83389 -3.413261 16.66667 0
17.82832 0.304052 16.66667 1
17.82108 3.938526 16.66667 2
17.87106 5.489627 16.66667 3
15.87975 2.485111 16.66667 4
15.16718 -0.3922356 16.66667 5
14.57179 -2.6619 16.66667 6
14.46053 -3.177055 16.66667 7
19.82412 2.432824 16.66667 8
20.37861 -0.5134193 16.66667 9
20.78469 -2.954352 16.66667 10
20.80892 -3.778957 16.66667 11
16.9331 -3.410915 16.66667 12
16.87691 -7.282867 16.66667 13
17.45439 -10.04223 17.5 14
17.40672 -10.68718 18 15
18.73067 -3.414946 16.66667 16
18.93122 -7.371161 16.66667 17
19.45161 -10.19695 17.5 18
19.60147 -10.733 18 19
17.82254 3.03835 16.66667 20
14.30047 -3.959752 16.66667 21
14.42417 -3.084373 16.66667 22
20.86429 -4.696311 16.66667 23
20.67371 -3.725087 16.66667 24
17.82396 -3.421416 16.66667 0
17.81926 0.2989311 16.66667 1
17.81387 3.938428 16.66667 2
17.86912 5.490623 16.66667 3
15.87853 2.485233 16.66667 4
15.15587 -0.3968132 16.66667 5
14.5764 -2.693799 16.66667 6
14.4698 -3.199834 16.66667 7
19.82486 2.429109 16.66667 8
20.37364 -0.5226105 16.66667 9
20.78766 -2.956294 16.66667 10
20.81146 -3.787941 16.66667 11
16.9224 -3.419926 16.66667 12
16.87047 -7.316926 16.66667 13
17.4461 -10.04702 17.5 14
17.4065 -10.6874 18 15
18.72127 -3.422061 16.66667 16
18.91152 -7.405298 16.66667 17
19.42511 -10.24086 17.5 18
19.59937 -10.72908 18 19
17.81478 3.036772 16.66667 20
14.28602 -3.974034 16.66667 21
14.40279 -3.149265 16.66667 22
20.86583 -4.713527 16.66667 23
20.66608 -3.750029 16.66667 24
17.82417 -3.421359 16.66667 0
17.81977 0.2988472 16.66667 1
17.81501 3.937871 16.66667 2
17.86889 5.49038 16.66667 3
15.87913 2.484346 16.66667 4
15.15868 -0.3995186 16.66667 5
14.5785 -2.694475 16.66667 6
14.46688 -3.201378 16.66667 7
19.82591 2.428281 16.66667 8
20.3743 -0.5245072 16.66667 9
20.79213 -2.962811 16.66667 10
20.81729 -3.790553 16.66667 11
16.92261 -3.419876 16.66667 12
16.87506 -7.324815 16.66667 13
17.44557 -10.04788 17.5 14
17.4069 -10.68857 18 15
18.72154 -3.422076 16.66667 16
18.91255 -7.406366 16.66667 17
19.42504 -10.2447 17.5 18
19.59526 -10.73071 18 19
17.81575 3.036364 16.66667 20
14.28061 -3.964195 16.66667 21
14.39492 -3.186867 16.66667 22
20.86953 -4.712674 16.66667 23
20.67113 -3.72587 16.66667 24
17.82328 -3.422812 16.66667 0
17.81934 0.297152 16.66667 1
17.81543 3.936024 16.66667 2
17.8697 5.488024 16.66667 3
15.88094 2.48419 16.66667 4
15.15902 -0.4013664 16.66667 5
14.57633 -2.692443 16.66667 6
14.4571 -3.199912 16.66667 7
19.82776 2.425344 16.66667 8
20.3759 -0.527578 16.66667 9
20.80697 -3.003725 16.66667 10
20.81952 -3.799202 16.66667 11
16.92137 -3.420383 16.66667 12
16.8728 -7.318162 16.66667 13
17.45367 -10.04998 17.5 14
17.41815 -10.68625 18 15
18.72087 -3.424979 16.66667 16
18.91561 -7.411222 16.66667 17
19.42296 -10.24773 17.5 18
19.5951 -10.73143 18 19
17.81596 3.034516 16.66667 20
14.28046 -3.980145 16.66667 21
14.39515 -3.247466 16.66667 22
20.87068 -4.711311 16.66667 23
20.68562 -3.751804 16.66667 24
17.82343 -3.423096 16.66667 0
17.81957 0.2970703 16.66667 1
17.81547 3.935873 16.66667 2
17.8704 5.487754 16.66667 3
15.88143 2.483559 16.66667 4
15.19069 -0.4385338 16.66667 5
14.66007 -2.828683 16.66667 6
14.52453 -3.40607 16.66667 7
19.82899 2.423901 16.66667 8
20.37586 -0.527684 16.66667 9
20.80719 -3.016122 16.66667 10
20.82395 -3.804394 16.66667 11
16.92154 -3.420769 16.66667 12
16.87158 -7.316577 16.66667 13
17.4529 -10.05009 17.5 14
17.41943 -10.68653 18 15
18.72103 -3.425247 16.66667 16
18.91469 -7.416222 16.66667 17
19.41891 -10.24873 17.5 18
19.59717 -10.72989 18 19
17.81613 3.03441 16.66667 20
14.34571 -4.30948 16.66667 21
14.37752 -3.437993 16.66667 22
20.88379 -4.70903 16.66667 23
20.68137 -3.728781 16.66667 24
17.82379 -3.423871 16.66667 0
17.82084 0.2957657 16.66667 1
17.8173 3.933672 16.66667 2
17.87182 5.48578 16.66667 3
15.88707 2.483196 16.66667 4
15.19563 -0.4465668 16.66667 5
14.67389 -2.904912 16.66667 6
14.56816 -3.470779 16.66667 7
19.83226 2.421152 16.66667 8
20.37632 -0.5304024 16.66667 9
20.79456 -2.97001 16.66667 10
20.8306 -3.798703 16.66667 11
16.92237 -3.421696 16.66667 12
16.87255 -7.319287 16.66667 13
17.45253 -10.05062 17.5 14
17.41594 -10.69162 18 15
18.72101 -3.425844 16.66667 16
18.91435 -7.418187 16.66667 17
19.41669 -10.24543 17.5 18
19.59503 -10.72841 18 19
17.81788 3.032507 16.66667 20
14.41779 -4.404739 16.66667 21
14.41414 -3.553093 16.66667 22
20.89782 -4.703238 16.66667 23
20.69038 -3.802155 16.66667 24
17.8231 -3.424023 16.66667 0
17.82034 0.2956108 16.66667 1
17.81694 3.933376 16.66667 2
17.87147 5.485508 16.66667 3
15.88776 2.482833 16.66667 4
15.19826 -0.4552742 16.66667 5
14.68014 -2.923329 16.66667 6
14.61541 -3.49323 16.66667 7
19.83043 2.421342 16.66667 8
20.37597 -0.530619 16.66667 9
20.79248 -2.988117 16.66667 10
20.82987 -3.790775 16.66667 11
16.92157 -3.421602 16.66667 12
16.8726 -7.320099 16.66667 13
17.45236 -10.05079 17.5 14
17.41586 -10.69183 18 15
18.72044 -3.426335 16.66667 16
18.91391 -7.418114 16.66667 17
19.41689 -10.24592 17.5 18
19.59566 -10.72898 18 19
17.81752 3.032256 16.66667 20
14.51883 -4.427791 16.66667 21
14.44587 -3.518195 16.66667 22
20.90155 -4.704987 16.66667 23
20.68541 -3.793175 16.66667 24
17.82305 -3.424905 16.66667 0
17.82054 0.2945648 16.66667 1
17.81726 3.932096 16.66667 2
17.87242 5.484258 16.66667 3
15.88982 2.482346 16.66667 4
15.20009 -0.4648712 16.66667 5
14.68355 -2.927335 16.66667 6
14.63291 -3.498058 16.66667 7
19.83309 2.418856 16.66667 8
20.37622 -0.533754 16.66667 9
20.79149 -2.973843 16.66667 10
20.82734 -3.798145 16.66667 11
16.92127 -3.422034 16.66667 12
16.87428 -7.318846 16.66667 13
17.45309 -10.05169 17.5 14
17.41215 -10.70045 18 15
18.72055 -3.427884 16.66667 16
18.91384 -7.417233 16.66667 17
19.4162 -10.24471 17.5 18
19.59556 -10.72669 18 19
17.81784 3.031026 16.66667 20
14.52849 -4.441714 16.66667 21
14.41384 -3.51844 16.66667 22
20.88604 -4.708632 16.66667 23
20.70491 -3.899654 16.66667 24
17.82327 -3.425139 16.66667 0
17.82089 0.2944557 16.66667 1
17.81799 3.931695 16.66667 2
17.87358 5.482241 16.66667 3
15.88975 2.481761 16.66667 4
15.20052 -0.4645645 16.66667 5
14.68412 -2.926825 16.66667 6
14.62404 -3.497624 16.66667 7
19.83786 2.418706 16.66667 8
20.37564 -0.5353516 16.66667 9
20.79781 -2.988449 16.66667 10
20.82575 -3.802571 16.66667 11
16.92165 -3.422267 16.66667 12
16.8761 -7.329301 16.66667 13
17.45198 -10.05143 17.5 14
17.41264 -10.69756 18 15
18.72061 -3.428108 16.66667 16
18.91453 -7.417288 16.66667 17
19.41928 -10.23632 17.5 18
19.59837 -10.72175 18 19
17.81848 3.030734 16.66667 20
14.54053 -4.440897 16.66667 21
14.40655 -3.51907 16.66667 22
20.87891 -4.71456 16.66667 23
20.77736 -4.01591 16.66667 24
17.84974 -3.462318 16.66667 0
17.85155 0.2835526 16.66667 1
17.85266 3.954995 16.66667 2
17.93631 5.513173 16.66667 3
15.90287 2.488711 16.66667 4
15.21156 -0.4960793 16.66667 5
14.71401 -2.975868 16.66667 6
14.66 -3.550987 16.66667 7
19.88913 2.424809 16.66667 8
20.43005 -0.5745575 16.66667 9
20.85347 -3.034834 16.66667 10
20.90023 -3.874881 16.66667 11
16.94138 -3.463016 16.66667 12
16.88407 -7.337648 16.66667 13
17.45773 -10.06034 17.5 14
17.41034 -10.69772 18 15
18.75334 -3.461941 16.66667 16
19.04213 -7.399077 16.66667 17
19.62757 -9.882223 18 18
19.59842 -10.72211 18 19
17.85218 3.044734 16.66667 20
14.59665 -4.509627 16.66667 21
14.45233 -3.538466 16.66667 22
20.94932 -4.77878 16.66667 23
20.86353 -4.071477 16.66667 24
17.85801 -3.474216 16.66667 0
17.86546 0.2762474 16.66667 1
17.8723 3.953447 16.66667 2
17.95088 5.51238 16.66667 3
15.90838 2.485729 16.66667 4
15.22095 -0.5075241 16.66667 5
14.734 -2.984113 16.66667 6
14.68607 -3.564786 16.66667 7
19.89793 2.419961 16.66667 8
20.44977 -0.5868996 16.66667 9
20.87359 -3.039432 16.66667 10
20.92402 -3.869488 16.66667 11
16.94846 -3.474301 16.66667 12
16.89132 -7.343309 16.66667 13
17.46388 -10.06604 17.5 14
17.41895 -10.69936 18 15
18.76268 -3.473876 16.66667 16
19.03737 -7.426071 16.66667 17
19.62922 -9.881163 18 18
19.59945 -10.72206 18 19
17.8703 3.041634 16.66667 20
14.61891 -4.522491 16.66667 21
14.50314 -3.535609 16.66667 22
20.9885 -4.773331 16.66667 23
20.87156 -3.911508 16.66667 24
17.88373 -3.505434 16.66667 0
17.89539 0.2646088 16.66667 1
17.90588 3.961791 16.66667 2
17.99965 5.522155 16.66667 3
15.93196 2.483302 16.66667 4
15.24425 -0.5239403 16.66667 5
14.782 -3.028282 16.66667 6
14.73402 -3.59778 16.66667 7
19.93965 2.418711 16.66667 8
20.50792 -0.6017936 16.66667 9
20.95086 -3.05806 16.66667 10
21.00502 -3.890836 16.66667 11
16.97048 -3.505118 16.66667 12
16.91459 -7.358772 16.66667 13
17.47506 -10.06778 17.5 14
17.41902 -10.69933 18 15
18.79214 -3.505515 16.66667 16
19.10028 -7.480123 16.66667 17
19.62955 -9.881552 18 18
19.59947 -10.72256 18 19
17.90303 3.04491 16.66667 20
14.65105 -4.559064 16.66667 21
14.53311 -3.579349 16.66667 22
21.07557 -4.788225 16.66667 23
20.92539 -3.982011 16.66667 24
17.94171 -3.555187 16.66667 0
17.97002 0.2484535 16.66667 1
17.99722 3.979218 16.66667 2
18.09739 5.552129 16.66667 3
15.99586 2.484803 16.66667 4
15.28926 -0.525753 16.66667 5
14.8461 -3.060101 16.66667 6
14.80672 -3.667113 16.66667 7
20.0383 2.422499 16.66667 8
20.62574 -0.6076935 16.66667 9
21.10953 -3.07018 16.66667 10
21.19674 -3.921156 16.66667 11
17.02012 -3.552713 16.66667 12
16.95411 -7.377348 16.66667 13
17.50052 -10.086 17.5 14
17.42173 -10.70958 18 15
18.85824 -3.557741 16.66667 16
19.18012 -7.574615 16.66667 17
19.629 -9.881001 18 18
19.59474 -10.7222 18 19
17.99014 3.053825 16.66667 20
14.77519 -4.627162 16.66667 21
14.64451 -3.684029 16.66667 22
21.27746 -4.819533 16.66667 23
21.14197 -3.991339 16.66667 24
17.94134 -3.555894 16.66667 0
17.96995 0.2480713 16.66667 1
17.99719 3.97892 16.66667 2
18.09846 5.551975 16.66667 3
15.99458 2.484696 16.66667 4
15.28968 -0.52705 16.66667 5
14.84508 -3.061948 16.66667 6
14.79448 -3.668491 16.66667 7
20.04046 2.421754 16.66667 8
20.62395 -0.6087204 16.66667 9
21.11057 -3.070187 16.66667 10
21.19564 -3.925957 16.66667 11
17.01967 -3.553177 16.66667 12
16.95802 -7.380567 16.66667 13
17.50047 -10.08599 17.5 14
17.42994 -10.70461 18 15
18.85782 -3.558658 16.66667 16
19.17959 -7.574248 16.66667 17
19.62956 -9.878227 18 18
19.59522 -10.72189 18 19
17.99011 3.053533 16.66667 20
14.76494 -4.626076 16.66667 21
14.60747 -3.726326 16.66667 22
21.27322 -4.829185 16.66667 23
21.1011 -4.001572 16.66667 24
17.94044 -3.556587 16.66667 0
17.96979 0.2480247 16.66667 1
17.99765 3.979558 16.66667 2
18.09936 5.551332 16.66667 3
15.99326 2.48431 16.66667 4
15.29069 -0.5290268 16.66667 5
14.84704 -3.064418 16.66667 6
14.79389 -3.667914 16.66667 7
20.03922 2.421389 16.66667 8
20.62335 -0.6110886 16.66667 9
21.11287 -3.071506 16.66667 10
21.20497 -3.928795 16.66667 11
17.01865 -3.553523 16.66667 12
16.95873 -7.382057 16.66667 13
17.50006 -10.08697 17.5 14
17.43361 -10.71055 18 15
18.85721 -3.560028 16.66667 16
19.17645 -7.577867 16.66667 17
19.62737 -9.889231 18 18
19.59436 -10.72494 18 19
17.99044 3.053936 16.66667 20
14.76168 -4.620436 16.66667 21
14.59852 -3.768874 16.66667 22
21.28005 -4.830591 16.66667 23
21.12809 -4.031953 16.66667 24
18.01123 -3.587111 16.66667 0
18.04724 0.2517769 16.66667 1
18.08196 4.018692 16.66667 2
18.18458 5.589565 16.66667 3
16.07045 2.495801 16.66667 4
15.33681 -0.5518287 16.66667 5
14.90612 -3.1112 16.66667 6
14.87226 -3.701073 16.66667 7
20.12979 2.437344 16.66667 8
20.72969 -0.6091377 16.66667 9
21.25917 -3.064149 16.66667 10
21.37267 -3.90289 16.66667 11
17.08274 -3.583766 16.66667 12
17.00618 -7.450084 16.66667 13
17.59915 -9.729869 18 14
17.43241 -10.71314 18 15
18.93462 -3.590863 16.66667 16
19.00355 -7.185794 16.875 17
19.62739 -9.889211 18 18
19.59438 -10.72468 18 19
18.07299 3.084026 16.66667 20
14.85132 -4.675416 16.66667 21
14.68421 -3.776846 16.66667 22
21.47425 -4.814398 16.66667 23
21.3151 -4.043373 16.66667 24
18.01027 -3.587357 16.66667 0
18.04706 0.2516357 16.66667 1
18.08227 4.018563 16.66667 2
18.18533 5.590199 16.66667 3
16.06864 2.496512 16.66667 4
15.33449 -0.552475 16.66667 5
14.9002 -3.112729 16.66667 6
14.86852 -3.699052 16.66667 7
20.12942 2.43773 16.66667 8
20.72931 -0.6111847 16.66667 9
21.26087 -3.06467 16.66667 10
21.37301 -3.9043 16.66667 11
17.08162 -3.583937 16.66667 12
17.0078 -7.413177 16.66667 13
17.59388 -9.727776 18 14
17.43144 -10.71112 18 15
18.93377 -3.59111 16.66667 16
19.00273 -7.190468 16.875 17
19.67236 -9.792526 18 18
19.60129 -10.69677 18 19
18.07319 3.0839 16.66667 20
14.84849 -4.680844 16.66667 21
14.69579 -3.817534 16.66667 22
21.47138 -4.816657 16.66667 23
21.36505 -4.086508 16.66667 24
18.15148 -3.610963 16.66667 0
18.18703 0.264785 16.66667 1
18.22248 4.075027 16.66667 2
18.32965 5.667521 16.66667 3
16.19983 2.547694 16.66667 4
15.46634 -0.5550743 16.66667 5
15.05827 -3.157507 16.66667 6
15.03568 -3.769737 16.66667 7
20.26877 2.473678 16.66667 8
20.91314 -0.5922012 16.66667 9
21.50976 -3.048494 16.66667 10
21.66593 -3.88232 16.66667 11
17.20762 -3.608168 16.66667 12
17.13217 -7.550043 16.66667 13
17.59705 -9.727823 18 14
17.43431 -10.70211 18 15
19.08918 -3.613794 16.66667 16
19.03266 -7.18662 16.875 17
19.62264 -9.884018 18 18
19.59516 -10.72523 18 19
18.21319 3.128852 16.66667 20
15.02645 -4.770386 16.66667 21
14.87342 -3.798372 16.66667 22
21.79181 -4.79605 16.66667 23
21.61653 -3.933028 16.66667 24
18.21351 -3.61787 16.66667 0
18.25915 0.2782707 16.66667 1
18.30609 4.117413 16.66667 2
18.41375 5.728138 16.66667 3
16.28006 2.588952 16.66667 4
15.57936 -0.522477 16.66667 5
15.18976 -3.14348 16.66667 6
15.18295 -3.808345 16.66667 7
20.36057 2.501372 16.66667 8
21.03419 -0.5625092 16.66667 9
21.67939 -3.024576 16.66667 10
21.87148 -3.815373 16.66667 11
17.26496 -3.615241 16.66667 12
16.93645 -7.077859 16.875 13
17.59766 -9.730611 18 14
17.43267 -10.70438 18 15
19.15523 -3.620635 16.66667 16
19.00884 -7.194174 16.875 17
19.62295 -9.88418 18 18
19.59548 -10.72539 18 19
18.2938 3.163158 16.66667 20
15.18474 -4.815013 16.66667 21
15.03615 -3.828215 16.66667 22
22.03687 -4.740633 16.66667 23
21.8283 -3.799385 16.66667 24
18.30409 -3.595558 16.66667 0
18.38519 0.3272591 16.66667 1
18.47265 4.21882 16.66667 2
18.60104 5.860107 16.66667 3
16.43467 2.663482 16.66667 4
15.77175 -0.4943627 16.66667 5
15.54399 -3.157112 16.66667 6
15.60635 -3.845581 16.66667 7
20.56394 2.567943 16.66667 8
21.28865 -0.4992424 16.66667 9
22.02019 -2.943356 16.66667 10
22.02939 -3.584123 16.66667 11
17.34779 -3.584798 16.66667 12
16.93697 -7.07828 16.875 13
17.59761 -9.731176 18 14
17.43334 -10.70466 18 15
19.25237 -3.606197 16.66667 16
19.00862 -7.195271 16.875 17
19.62288 -9.884442 18 18
19.59473 -10.72562 18 19
18.44985 3.248963 16.66667 20
15.68311 -4.877774 16.66667 21
15.48893 -3.637572 16.66667 22
20.86324 -4.525015 16.875 23
21.97169 -3.574001 16.66667 24
18.30276 -3.598665 16.66667 0
18.38467 0.323217 16.66667 1
18.4728 4.21605 16.66667 2
18.60804 5.859136 16.66667 3
16.43676 2.660741 16.66667 4
15.76634 -0.4970352 16.66667 5
15.53323 -3.154466 16.66667 6
15.58912 -3.845294 16.66667 7
20.56371 2.5677 16.66667 8
21.28681 -0.5028732 16.66667 9
22.02366 -2.929991 16.66667 10
22.02155 -3.595998 16.66667 11
17.34658 -3.587703 16.66667 12
16.93783 -7.07973 16.875 13
17.59778 -9.732588 18 14
17.42748 -10.71601 18 15
19.25102 -3.609482 16.66667 16
18.99985 -7.195128 16.875 17
19.62069 -9.882113 18 18
19.59357 -10.73004 18 19
18.44985 3.245659 16.66667 20
15.67183 -4.883624 16.66667 21
15.46141 -3.750731 16.66667 22
20.8567 -4.525763 16.875 23
22.00891 -3.678754 16.66667 24
18.30238 -3.598967 16.66667 0
18.38375 0.3230118 16.66667 1
18.47107 4.215909 16.66667 2
18.60751 5.858507 16.66667 3
16.43636 2.660429 16.66667 4
15.7662 -0.4978905 16.66667 5
15.53341 -3.154629 16.66667 6
15.59101 -3.846532 16.66667 7
20.55986 2.568425 16.66667 8
21.28459 -0.5032356 16.66667 9
22.02299 -2.930086 16.66667 10
22.02107 -3.595973 16.66667 11
17.34602 -3.587807 16.66667 12
16.93731 -7.081648 16.875 13
17.59773 -9.732645 18 14
17.42747 -10.71603 18 15
19.25073 -3.610408 16.66667 16
19.02425 -7.18941 16.875 17
19.62067 -9.882245 18 18
19.59363 -10.73012 18 19
18.44835 3.245506 16.66667 20
15.67369 -4.884999 16.66667 21
15.46128 -3.759543 16.66667 22
20.85669 -4.529637 16.875 23
22.0102 -3.68579 16.66667 24
18.30105 -3.601668 16.66667 0
18.38244 0.3211304 16.66667 1
18.46976 4.214526 16.66667 2
18.60737 5.857058 16.66667 3
16.4364 2.659531 16.66667 4
15.76308 -0.4997177 16.66667 5
15.53049 -3.15862 16.66667 6
15.58033 -3.845799 16.66667 7
20.5587 2.568359 16.66667 8
21.28124 -0.5063103 16.66667 9
22.02089 -2.932529 16.66667 10
22.01299 -3.600854 16.66667 11
17.34423 -3.589877 16.66667 12
16.93747 -7.077734 16.875 13
17.59655 -9.730165 18 14
17.43173 -10.71098 18 15
19.2499 -3.614232 16.66667 16
19.02582 -7.192183 16.875 17
19.62371 -9.872194 18 18
19.5955 -10.72536 18 19
18.44706 3.244038 16.66667 20
15.66901 -4.882158 16.66667 21
15.43657 -3.558469 16.66667 22
20.85056 -4.528261 16.875 23
21.96269 -3.618118 16.66667 24
18.42873 -3.76365 16.66667 0
18.54658 0.2200859 16.66667 1
18.67653 4.200911 16.66667 2
18.85227 5.867854 16.66667 3
16.59589 2.606068 16.66667 4
16.09485 -0.6350899 16.66667 5
16.06573 -3.369579 16.66667 6
16.21037 -3.964035 16.66667 7
20.81789 2.526196 16.66667 8
21.60843 -0.5581383 16.66667 9
20.82447 -2.843022 16.875 10
20.79704 -3.631547 16.875 11
17.44689 -3.739006 16.66667 12
16.93645 -7.079985 16.875 13
17.59322 -9.730039 18 14
17.43323 -10.70971 18 15
19.40285 -3.788281 16.66667 16
19.02535 -7.19381 16.875 17
19.6256 -9.868858 18 18
19.59475 -10.72467 18 19
18.64264 3.205956 16.66667 20
16.39524 -4.999269 16.66667 21
16.17968 -3.838826 16.66667 22
20.84895 -4.528784 16.875 23
20.6955 -3.743227 16.875 24
18.84426 -3.547368 16.875 0
18.96712 0.4757034 16.875 1
19.10595 4.533317 16.875 2
19.29811 6.251827 16.875 3
17.00202 2.9185 16.875 4
16.56099 -0.4157478 16.875 5
16.66498 -3.191104 16.875 6
16.85619 -3.758788 16.875 7
21.2781 2.828655 16.875 8
22.13867 -0.330085 16.875 9
21.33159 -2.512845 17.14286 10
21.32315 -3.34111 17.14286 11
17.85514 -3.516608 16.875 12
17.38869 -6.777521 17.14286 13
17.59261 -9.729625 18 14
17.43342 -10.70271 18 15
19.82784 -3.577916 16.875 16
19.45175 -6.938086 17.14286 17
19.62902 -9.875697 18 18
19.5929 -10.72674 18 19
19.06951 3.516141 16.875 20
17.08764 -4.823169 16.875 21
16.87155 -3.668831 16.875 22
21.37567 -4.242633 17.14286 23
21.29289 -3.483911 17.14286 24
18.84374 -3.549257 16.875 0
18.96662 0.4745163 16.875 1
19.10567 4.533027 16.875 2
19.29768 6.252007 16.875 3
17.00193 2.918027 16.875 4
16.55989 -0.416674 16.875 5
16.66615 -3.191341 16.875 6
16.86722 -3.749132 16.875 7
21.27642 2.827222 16.875 8
22.13797 -0.3332268 16.875 9
21.32666 -2.515104 17.14286 10
21.31821 -3.343889 17.14286 11
17.85433 -3.518501 16.875 12
17.39157 -6.782539 17.14286 13
17.59189 -9.728915 18 14
17.44025 -10.6962 18 15
19.82764 -3.579747 16.875 16
19.45015 -6.938348 17.14286 17
19.63151 -9.868731 18 18
19.59644 -10.72226 18 19
19.06916 3.515636 16.875 20
17.08878 -4.823651 16.875 21
16.9021 -3.62845 16.875 22
21.36833 -4.246271 17.14286 23
21.27938 -3.490488 17.14286 24
18.94708 -3.777319 16.875 0
19.20572 0.3221474 16.875 1
19.50474 4.521551 16.875 2
19.7342 6.288926 16.875 3
17.3465 2.86304 16.875 4
16.93408 -0.5710121 16.875 5
15.23467 -2.437816 17.14286 6
15.21392 -2.917056 17.14286 7
21.64003 2.677229 16.875 8
20.8727 -0.05644531 17.14286 9
21.32711 -2.515371 17.14286 10
21.32003 -3.344746 17.14286 11
17.91441 -3.703461 16.875 12
17.39272 -6.778247 17.14286 13
17.59128 -9.728726 18 14
17.43167 -10.70677 18 15
19.97573 -3.848349 16.875 16
19.45047 -6.937848 17.14286 17
19.63155 -9.869136 18 18
19.59303 -10.72186 18 19
19.42708 3.463181 16.875 20
15.17167 -3.884711 17.14286 21
15.1794 -2.883923 17.14286 22
21.36291 -4.248591 17.14286 23
21.2815 -3.484737 17.14286 24
18.94417 -3.781232 16.875 0
19.20275 0.3194145 16.875 1
19.5019 4.520232 16.875 2
19.73071 6.28969 16.875 3
17.34389 2.861858 16.875 4
16.93264 -0.5730995 16.875 5
15.2334 -2.436485 17.14286 6
15.2227 -2.919838 17.14286 7
21.63424 2.677406 16.875 8
20.86844 -0.06141128 17.14286 9
21.32168 -2.52124 17.14286 10
21.31265 -3.345074 17.14286 11
17.91116 -3.707603 16.875 12
17.39264 -6.784959 17.14286 13
17.52011 -10.04119 17.5 14
17.43435 -10.71039 18 15
19.97332 -3.852074 16.875 16
19.45382 -6.94173 17.14286 17
19.63147 -9.866861 18 18
19.59467 -10.72105 18 19
19.42421 3.461506 16.875 20
15.179 -3.890212 17.14286 21
15.13696 -2.812239 17.14286 22
21.36213 -4.248622 17.14286 23
21.32628 -3.448016 17.14286 24
18.26319 -2.902824 17.14286 0
18.72165 -0.6989952 16.875 1
18.93204 3.352123 16.875 2
19.11768 5.117814 16.875 3
16.90712 1.843136 16.875 4
15.63461 0.06594773 17.14286 5
16.70086 -3.612593 16.875 6
15.22753 -2.919301 17.14286 7
21.25768 1.604959 16.875 8
20.86871 -0.06224365 17.14286 9
21.32101 -2.522677 17.14286 10
21.30962 -3.344016 17.14286 11
17.35198 -2.894222 17.14286 12
17.38969 -6.785693 17.14286 13
17.51859 -10.03891 17.5 14
17.43533 -10.70152 18 15
19.17327 -2.912465 17.14286 16
19.4546 -6.941649 17.14286 17
19.6742 -9.787016 18 18
19.60464 -10.69826 18 19
18.87756 2.333548 16.875 20
16.82393 -4.864141 16.875 21
16.79166 -3.77728 16.875 22
21.36431 -4.249259 17.14286 23
21.40399 -3.301695 17.14286 24
18.26205 -2.905473 17.14286 0
18.25098 0.8888985 17.14286 1
18.98616 3.212917 16.875 2
19.14098 5.038247 16.875 3
16.85844 1.771574 16.875 4
15.63405 0.06438065 17.14286 5
16.36245 -2.898761 16.875 6
16.53246 -3.104005 16.875 7
21.46009 1.421691 16.875 8
20.86743 -0.06384201 17.14286 9
21.31878 -2.526379 17.14286 10
21.30967 -3.344545 17.14286 11
17.35048 -2.896956 17.14286 12
17.38817 -6.786351 17.14286 13
17.51776 -10.03549 17.5 14
17.43955 -10.70131 18 15
19.17256 -2.915009 17.14286 16
19.45442 -6.941779 17.14286 17
19.63002 -9.886775 18 18
19.59462 -10.72548 18 19
18.92538 2.179269 16.875 20
16.59281 -3.627937 16.875 21
16.28512 -3.052953 16.875 22
21.35784 -4.252623 17.14286 23
21.35186 -3.449144 17.14286 24
18.26153 -2.905308 17.14286 0
18.25074 0.8887542 17.14286 1
18.98619 3.212079 16.875 2
19.14157 5.037396 16.875 3
16.85702 1.771001 16.875 4
15.63423 0.06369705 17.14286 5
16.36409 -2.899536 16.875 6
16.53347 -3.103732 16.875 7
21.45958 1.421055 16.875 8
20.8663 -0.06443176 17.14286 9
21.31745 -2.526863 17.14286 10
21.29966 -3.344833 17.14286 11
17.35022 -2.897231 17.14286 12
17.38809 -6.787138 17.14286 13
17.51748 -10.0357 17.5 14
17.43789 -10.70379 18 15
19.17151 -2.913686 17.14286 16
19.45738 -6.941168 17.14286 17
19.62977 -9.887873 18 18
19.59416 -10.72664 18 19
18.92536 2.178681 16.875 20
16.59374 -3.630641 16.875 21
16.28386 -3.096282 16.875 22
21.35456 -4.262965 17.14286 23
21.35329 -3.439096 17.14286 24
18.26113 -2.906312 17.14286 0
18.25028 0.8879402 17.14286 1
18.98571 3.211492 16.875 2
19.14144 5.037133 16.875 3
16.85696 1.770735 16.875 4
15.63409 0.06379852 17.14286 5
16.36412 -2.899216 16.875 6
16.53637 -3.103432 16.875 7
21.45929 1.420286 16.875 8
20.86602 -0.06528778 17.14286 9
21.31574 -2.527924 17.14286 10
21.29234 -3.342244 17.14286 11
17.34966 -2.898007 17.14286 12
17.38848 -6.787329 17.14286 13
17.51736 -10.03582 17.5 14
17.43787 -10.70393 18 15
19.17157 -2.915366 17.14286 16
19.4588 -6.938844 17.14286 17
19.62988 -9.887308 18 18
19.59458 -10.72604 18 19
18.9249 2.178061 16.875 20
16.59924 -3.63644 16.875 21
16.28588 -3.122992 16.875 22
21.33291 -4.255168 17.14286 23
21.34172 -3.441826 17.14286 24
18.26191 -2.908586 17.14286 0
18.24943 0.8870705 17.14286 1
18.98388 3.211587 16.875 2
19.1419 5.036918 16.875 3
16.8549 1.769683 16.875 4
15.63285 0.06373825 17.14286 5
16.36521 -2.898282 16.875 6
16.53615 -3.100096 16.875 7
21.45693 1.419724 16.875 8
20.86476 -0.06684189 17.14286 9
21.31218 -2.529166 17.14286 10
21.28698 -3.344487 17.14286 11
17.34961 -2.899825 17.14286 12
17.38685 -6.786767 17.14286 13
17.51374 -10.03404 17.5 14
17.44276 -10.70183 18 15
19.17329 -2.918352 17.14286 16
19.45815 -6.941977 17.14286 17
19.62773 -9.880766 18 18
19.59131 -10.72459 18 19
18.92329 2.177996 16.875 20
16.60306 -3.635739 16.875 21
16.25618 -3.064764 16.875 22
21.33533 -4.263124 17.14286 23
21.35367 -3.507779 17.14286 24
18.25828 -2.909555 17.14286 0
18.24682 0.887246 17.14286 1
18.98228 3.21199 16.875 2
19.13862 5.038362 16.875 3
16.8472 1.773702 16.875 4
15.63113 0.06295624 17.14286 5
16.36131 -2.898564 16.875 6
16.52839 -3.101857 16.875 7
21.45424 1.420129 16.875 8
20.86194 -0.06613998 17.14286 9
21.30797 -2.530985 17.14286 10
21.2835 -3.357399 17.14286 11
17.34575 -2.900981 17.14286 12
17.38691 -6.786595 17.14286 13
17.513 -10.03354 17.5 14
17.44269 -10.7013 18 15
19.16993 -2.919144 17.14286 16
19.45444 -6.942583 17.14286 17
19.62777 -9.880623 18 18
19.59125 -10.72423 18 19
18.92147 2.178403 16.875 20
16.59225 -3.637978 16.875 21
16.28457 -3.08531 16.875 22
21.32617 -4.271307 17.14286 23
21.33813 -3.53367 17.14286 24
